      IKPOINT        IBAND        SPIN_X        SPIN_Y        SPIN_Z        
      1.0000000      1.0000000       0.0000000000000000       0.0000000000000000       0.9999994551095194
      2.0000000      1.0000000       0.0000000000000000       0.0000000000000000       1.0000000870013894
      3.0000000      1.0000000       0.0000000000000000       0.0000000000000000       1.0000003964403081
      4.0000000      1.0000000       0.0000000000000000       0.0000000000000000       1.0000002234550527
      5.0000000      1.0000000       0.0000000000000000       0.0000000000000000       1.0000000771014286
      6.0000000      1.0000000       0.0000000000000000       0.0000000000000000       1.0000004019639548
      7.0000000      1.0000000       0.0000000000000000       0.0000000000000000       0.9999996155571974
      8.0000000      1.0000000       0.0000000000000000       0.0000000000000000       1.0000000960344164
      9.0000000      1.0000000       0.0000000000000000       0.0000000000000000       0.9999993330480145
     10.0000000      1.0000000       0.0000000000000000       0.0000000000000000       1.0000002703092772
     11.0000000      1.0000000       0.0000000000000000       0.0000000000000000       1.0000002323736246
     12.0000000      1.0000000       0.0000000000000000       0.0000000000000000       0.9999998647258523
     13.0000000      1.0000000       0.0000000000000000       0.0000000000000000       1.0000000101079174
     14.0000000      1.0000000       0.0000000000000000       0.0000000000000000       1.0000001969964951
     15.0000000      1.0000000       0.0000000000000000       0.0000000000000000       1.0000001713442044
     16.0000000      1.0000000       0.0000000000000000       0.0000000000000000       0.9999997521244880
     17.0000000      1.0000000       0.0000000000000000       0.0000000000000000       1.0000001846811739
     18.0000000      1.0000000       0.0000000000000000       0.0000000000000000       1.0000001156517346
     19.0000000      1.0000000       0.0000000000000000       0.0000000000000000       0.9999999631046567
     20.0000000      1.0000000       0.0000000000000000       0.0000000000000000       0.9999999871084631
     21.0000000      1.0000000       0.0000000000000000       0.0000000000000000       0.9999995994672866
     22.0000000      1.0000000       0.0000000000000000       0.0000000000000000       1.0000000929130408
     23.0000000      1.0000000       0.0000000000000000       0.0000000000000000       1.0000000034889514
     24.0000000      1.0000000       0.0000000000000000       0.0000000000000000       0.9999997542815723
     25.0000000      1.0000000       0.0000000000000000       0.0000000000000000       0.9999996925933701
     26.0000000      1.0000000       0.0000000000000000       0.0000000000000000       1.0000003211302906
     27.0000000      1.0000000       0.0000000000000000       0.0000000000000000       0.9999995988409509
     28.0000000      1.0000000       0.0000000000000000       0.0000000000000000       0.9999998997618909
     29.0000000      1.0000000       0.0000000000000000       0.0000000000000000       0.9999998810739898
     30.0000000      1.0000000       0.0000000000000000       0.0000000000000000       0.9999997697388197
     31.0000000      1.0000000       0.0000000000000000       0.0000000000000000       1.0000000718645363
     32.0000000      1.0000000       0.0000000000000000       0.0000000000000000       0.9999993691102481
     33.0000000      1.0000000       0.0000000000000000       0.0000000000000000       0.9999996042374216
     34.0000000      1.0000000       0.0000000000000000       0.0000000000000000       1.0000001108633465
     35.0000000      1.0000000       0.0000000000000000       0.0000000000000000       0.9999999264412081
     36.0000000      1.0000000       0.0000000000000000       0.0000000000000000       1.0000006659677545
     37.0000000      1.0000000       0.0000000000000000       0.0000000000000000       0.9999999778751775
     38.0000000      1.0000000       0.0000000000000000       0.0000000000000000       1.0000001705588344
     39.0000000      1.0000000       0.0000000000000000       0.0000000000000000       1.0000000806697087
     40.0000000      1.0000000       0.0000000000000000       0.0000000000000000       0.9999997285309455
     41.0000000      1.0000000       0.0000000000000000       0.0000000000000000       1.0000005000040604
     42.0000000      1.0000000       0.0000000000000000       0.0000000000000000       1.0000002459989052
     43.0000000      1.0000000       0.0000000000000000       0.0000000000000000       1.0000000366190391
     44.0000000      1.0000000       0.0000000000000000       0.0000000000000000       0.9999999190058745
     45.0000000      1.0000000       0.0000000000000000       0.0000000000000000       0.9999996759664405
     46.0000000      1.0000000       0.0000000000000000       0.0000000000000000       0.9999998151238418
     47.0000000      1.0000000       0.0000000000000000       0.0000000000000000       0.9999999293781200
     48.0000000      1.0000000       0.0000000000000000       0.0000000000000000       1.0000001323631167
     49.0000000      1.0000000       0.0000000000000000       0.0000000000000000       1.0000001153053490
     50.0000000      1.0000000       0.0000000000000000       0.0000000000000000       0.9999999865368991
     51.0000000      1.0000000       0.0000000000000000       0.0000000000000000       1.0000005284332127
     52.0000000      1.0000000       0.0000000000000000       0.0000000000000000       1.0000009178528735
     53.0000000      1.0000000       0.0000000000000000       0.0000000000000000       1.0000010046117584
     54.0000000      1.0000000       0.0000000000000000       0.0000000000000000       0.9999991359601252
     55.0000000      1.0000000       0.0000000000000000       0.0000000000000000       0.9999984660535021
     56.0000000      1.0000000       0.0000000000000000       0.0000000000000000       1.0000017904586151
     57.0000000      1.0000000       0.0000000000000000       0.0000000000000000       1.0000019503697730
     58.0000000      1.0000000       0.0000000000000000       0.0000000000000000       1.0000013860838550
     59.0000000      1.0000000       0.0000000000000000       0.0000000000000000       0.9999989503850419
     60.0000000      1.0000000       0.0000000000000000       0.0000000000000000       1.0000010377333386
     61.0000000      1.0000000       0.0000000000000000       0.0000000000000000       1.0000010007150895
     62.0000000      1.0000000       0.0000000000000000       0.0000000000000000       1.0000017674045767
     63.0000000      1.0000000       0.0000000000000000       0.0000000000000000       1.0000004262778817
     64.0000000      1.0000000       0.0000000000000000       0.0000000000000000       1.0000002941013693
     65.0000000      1.0000000       0.0000000000000000       0.0000000000000000       0.9999984282048425
     66.0000000      1.0000000       0.0000000000000000       0.0000000000000000       0.9999974681447239
     67.0000000      1.0000000       0.0000000000000000       0.0000000000000000       1.0000005048795542
     68.0000000      1.0000000       0.0000000000000000       0.0000000000000000       0.9999999725763855
     69.0000000      1.0000000       0.0000000000000000       0.0000000000000000       0.9999983226395134
     70.0000000      1.0000000       0.0000000000000000       0.0000000000000000       1.0000022750160003
     71.0000000      1.0000000       0.0000000000000000       0.0000000000000000       1.0000004564920606
     72.0000000      1.0000000       0.0000000000000000       0.0000000000000000       0.9999992066854876
     73.0000000      1.0000000       0.0000000000000000       0.0000000000000000       1.0000018646430959
     74.0000000      1.0000000       0.0000000000000000       0.0000000000000000       0.9999997576489777
     75.0000000      1.0000000       0.0000000000000000       0.0000000000000000       1.0000006754613886
     76.0000000      1.0000000       0.0000000000000000       0.0000000000000000       1.0000015395255448
     77.0000000      1.0000000       0.0000000000000000       0.0000000000000000       1.0000003356697802
     78.0000000      1.0000000       0.0000000000000000       0.0000000000000000       0.9999982417486019
     79.0000000      1.0000000       0.0000000000000000       0.0000000000000000       1.0000016514147745
     80.0000000      1.0000000       0.0000000000000000       0.0000000000000000       0.9999987511214534
     81.0000000      1.0000000       0.0000000000000000       0.0000000000000000       1.0000006170055862
     82.0000000      1.0000000       0.0000000000000000       0.0000000000000000       0.9999996894151915
     83.0000000      1.0000000       0.0000000000000000       0.0000000000000000       1.0000017221128743
     84.0000000      1.0000000       0.0000000000000000       0.0000000000000000       0.9999997704873976
     85.0000000      1.0000000       0.0000000000000000       0.0000000000000000       0.9999987838658247
     86.0000000      1.0000000       0.0000000000000000       0.0000000000000000       1.0000011089187364
     87.0000000      1.0000000       0.0000000000000000       0.0000000000000000       0.9999984272312352
     88.0000000      1.0000000       0.0000000000000000       0.0000000000000000       1.0000011444129253
     89.0000000      1.0000000       0.0000000000000000       0.0000000000000000       1.0000009236521052
     90.0000000      1.0000000       0.0000000000000000       0.0000000000000000       0.9999998444690549
     91.0000000      1.0000000       0.0000000000000000       0.0000000000000000       1.0000023230486688
     92.0000000      1.0000000       0.0000000000000000       0.0000000000000000       1.0000004663890201
     93.0000000      1.0000000       0.0000000000000000       0.0000000000000000       0.9999999689320762
     94.0000000      1.0000000       0.0000000000000000       0.0000000000000000       1.0000007399094990
     95.0000000      1.0000000       0.0000000000000000       0.0000000000000000       1.0000001951985102
     96.0000000      1.0000000       0.0000000000000000       0.0000000000000000       0.9999981419385546
     97.0000000      1.0000000       0.0000000000000000       0.0000000000000000       0.9999992113333653
     98.0000000      1.0000000       0.0000000000000000       0.0000000000000000       0.9999995456471410
     99.0000000      1.0000000       0.0000000000000000       0.0000000000000000       0.9999994627385659
    100.0000000      1.0000000       0.0000000000000000       0.0000000000000000       0.9999997301932705
    101.0000000      1.0000000       0.0000000000000000       0.0000000000000000       0.9999998769480333
    102.0000000      1.0000000       0.0000000000000000       0.0000000000000000       0.9999978837277956
    103.0000000      1.0000000       0.0000000000000000       0.0000000000000000       1.0000012524542408
    104.0000000      1.0000000       0.0000000000000000       0.0000000000000000       1.0000003662460739
    105.0000000      1.0000000       0.0000000000000000       0.0000000000000000       0.9999999137427490
    106.0000000      1.0000000       0.0000000000000000       0.0000000000000000       0.9999983151475580
    107.0000000      1.0000000       0.0000000000000000       0.0000000000000000       0.9999984694677910
    108.0000000      1.0000000       0.0000000000000000       0.0000000000000000       0.9999995612567317
    109.0000000      1.0000000       0.0000000000000000       0.0000000000000000       0.9999993845464000
    110.0000000      1.0000000       0.0000000000000000       0.0000000000000000       1.0000016851580895
    111.0000000      1.0000000       0.0000000000000000       0.0000000000000000       0.9999991974021464
    112.0000000      1.0000000       0.0000000000000000       0.0000000000000000       0.9999985750107766
    113.0000000      1.0000000       0.0000000000000000       0.0000000000000000       1.0000018320766584
    114.0000000      1.0000000       0.0000000000000000       0.0000000000000000       1.0000008722583804
    115.0000000      1.0000000       0.0000000000000000       0.0000000000000000       0.9999987049660994
    116.0000000      1.0000000       0.0000000000000000       0.0000000000000000       1.0000001426840579
    117.0000000      1.0000000       0.0000000000000000       0.0000000000000000       1.0000007066279868
    118.0000000      1.0000000       0.0000000000000000       0.0000000000000000       0.9999994420649148
    119.0000000      1.0000000       0.0000000000000000       0.0000000000000000       0.9999991363002996
    120.0000000      1.0000000       0.0000000000000000       0.0000000000000000       1.0000013430618064
    121.0000000      1.0000000       0.0000000000000000       0.0000000000000000       1.0000012641515252
    122.0000000      1.0000000       0.0000000000000000       0.0000000000000000       1.0000000589380686
    123.0000000      1.0000000       0.0000000000000000       0.0000000000000000       1.0000010354623889
    124.0000000      1.0000000       0.0000000000000000       0.0000000000000000       0.9999996332126738
    125.0000000      1.0000000       0.0000000000000000       0.0000000000000000       1.0000014668034616
    126.0000000      1.0000000       0.0000000000000000       0.0000000000000000       0.9999999609327997
    127.0000000      1.0000000       0.0000000000000000       0.0000000000000000       0.9999982427261166
    128.0000000      1.0000000       0.0000000000000000       0.0000000000000000       0.9999983116141677
    129.0000000      1.0000000       0.0000000000000000       0.0000000000000000       0.9999979056562681
    130.0000000      1.0000000       0.0000000000000000       0.0000000000000000       1.0000001881032059
    131.0000000      1.0000000       0.0000000000000000       0.0000000000000000       1.0000006673834376
    132.0000000      1.0000000       0.0000000000000000       0.0000000000000000       1.0000015665655360
    133.0000000      1.0000000       0.0000000000000000       0.0000000000000000       0.9999976264097085
    134.0000000      1.0000000       0.0000000000000000       0.0000000000000000       1.0000025597698914
    135.0000000      1.0000000       0.0000000000000000       0.0000000000000000       0.9999991576786582
    136.0000000      1.0000000       0.0000000000000000       0.0000000000000000       1.0000017016732607
    137.0000000      1.0000000       0.0000000000000000       0.0000000000000000       0.9999992142923281
    138.0000000      1.0000000       0.0000000000000000       0.0000000000000000       0.9999991840044939
    139.0000000      1.0000000       0.0000000000000000       0.0000000000000000       1.0000000409588172
    140.0000000      1.0000000       0.0000000000000000       0.0000000000000000       1.0000003027637410
    141.0000000      1.0000000       0.0000000000000000       0.0000000000000000       1.0000000769743349
    142.0000000      1.0000000       0.0000000000000000       0.0000000000000000       1.0000003394433910
    143.0000000      1.0000000       0.0000000000000000       0.0000000000000000       0.9999999560197507
    144.0000000      1.0000000       0.0000000000000000       0.0000000000000000       0.9999998883083753
    145.0000000      1.0000000       0.0000000000000000       0.0000000000000000       1.0000001277337931
    146.0000000      1.0000000       0.0000000000000000       0.0000000000000000       1.0000003534212527
    147.0000000      1.0000000       0.0000000000000000       0.0000000000000000       0.9999996515681917
    148.0000000      1.0000000       0.0000000000000000       0.0000000000000000       1.0000000302011574
    149.0000000      1.0000000       0.0000000000000000       0.0000000000000000       0.9999998673789131
    150.0000000      1.0000000       0.0000000000000000       0.0000000000000000       1.0000000569567835
    151.0000000      1.0000000       0.0000000000000000       0.0000000000000000       0.9999998185672724
    152.0000000      1.0000000       0.0000000000000000       0.0000000000000000       0.9999996857180308
    153.0000000      1.0000000       0.0000000000000000       0.0000000000000000       1.0000006478651460
    154.0000000      1.0000000       0.0000000000000000       0.0000000000000000       1.0000000923276979
    155.0000000      1.0000000       0.0000000000000000       0.0000000000000000       0.9999998966057501
    156.0000000      1.0000000       0.0000000000000000       0.0000000000000000       1.0000001244208860
    157.0000000      1.0000000       0.0000000000000000       0.0000000000000000       0.9999996772750525
    158.0000000      1.0000000       0.0000000000000000       0.0000000000000000       0.9999999555041605
    159.0000000      1.0000000       0.0000000000000000       0.0000000000000000       1.0000001861258867
    160.0000000      1.0000000       0.0000000000000000       0.0000000000000000       1.0000005407150687
    161.0000000      1.0000000       0.0000000000000000       0.0000000000000000       1.0000001200595916
    162.0000000      1.0000000       0.0000000000000000       0.0000000000000000       0.9999996841529297
    163.0000000      1.0000000       0.0000000000000000       0.0000000000000000       1.0000000052199320
    164.0000000      1.0000000       0.0000000000000000       0.0000000000000000       1.0000003233209829
    165.0000000      1.0000000       0.0000000000000000       0.0000000000000000       0.9999999668866992
    166.0000000      1.0000000       0.0000000000000000       0.0000000000000000       1.0000001206764664
    167.0000000      1.0000000       0.0000000000000000       0.0000000000000000       0.9999997441377367
    168.0000000      1.0000000       0.0000000000000000       0.0000000000000000       1.0000002218277166
    169.0000000      1.0000000       0.0000000000000000       0.0000000000000000       1.0000003323950302
    170.0000000      1.0000000       0.0000000000000000       0.0000000000000000       1.0000001866037407
    171.0000000      1.0000000       0.0000000000000000       0.0000000000000000       0.9999999783117751
    172.0000000      1.0000000       0.0000000000000000       0.0000000000000000       1.0000003046640793
    173.0000000      1.0000000       0.0000000000000000       0.0000000000000000       1.0000005938300722
    174.0000000      1.0000000       0.0000000000000000       0.0000000000000000       0.9999997711935924
    175.0000000      1.0000000       0.0000000000000000       0.0000000000000000       0.9999996474508362
    176.0000000      1.0000000       0.0000000000000000       0.0000000000000000       0.9999998974164228
    177.0000000      1.0000000       0.0000000000000000       0.0000000000000000       0.9999996474575443
    178.0000000      1.0000000       0.0000000000000000       0.0000000000000000       0.9999997711935924
    179.0000000      1.0000000       0.0000000000000000       0.0000000000000000       1.0000005933837814
    180.0000000      1.0000000       0.0000000000000000       0.0000000000000000       1.0000003046847801
    181.0000000      1.0000000       0.0000000000000000       0.0000000000000000       0.9999999785177663
    182.0000000      1.0000000       0.0000000000000000       0.0000000000000000       1.0000001865639980
    183.0000000      1.0000000       0.0000000000000000       0.0000000000000000       1.0000003324022138
    184.0000000      1.0000000       0.0000000000000000       0.0000000000000000       1.0000002121159521
    185.0000000      1.0000000       0.0000000000000000       0.0000000000000000       0.9999997441736569
    186.0000000      1.0000000       0.0000000000000000       0.0000000000000000       1.0000001207402058
    187.0000000      1.0000000       0.0000000000000000       0.0000000000000000       0.9999999669032393
    188.0000000      1.0000000       0.0000000000000000       0.0000000000000000       1.0000003256044692
    189.0000000      1.0000000       0.0000000000000000       0.0000000000000000       1.0000000066982735
    190.0000000      1.0000000       0.0000000000000000       0.0000000000000000       0.9999996841548853
    191.0000000      1.0000000       0.0000000000000000       0.0000000000000000       1.0000001200141255
    192.0000000      1.0000000       0.0000000000000000       0.0000000000000000       1.0000005407272754
    193.0000000      1.0000000       0.0000000000000000       0.0000000000000000       1.0000001860870991
    194.0000000      1.0000000       0.0000000000000000       0.0000000000000000       0.9999999573238552
    195.0000000      1.0000000       0.0000000000000000       0.0000000000000000       0.9999996772697113
    196.0000000      1.0000000       0.0000000000000000       0.0000000000000000       1.0000001244288426
    197.0000000      1.0000000       0.0000000000000000       0.0000000000000000       0.9999998953465218
    198.0000000      1.0000000       0.0000000000000000       0.0000000000000000       1.0000000929329458
    199.0000000      1.0000000       0.0000000000000000       0.0000000000000000       1.0000006478171510
    200.0000000      1.0000000       0.0000000000000000       0.0000000000000000       0.9999996569531392
