141 (index of k points)
0.05411671208257428505872255 0.09359835095014748529429482 0
18 (number of bands)
52 (number of orbitals)
1 (band)
-1.4603984384662724860248773e+00 (Ry)
0.0000000000000000000000000e+00 (Occupations)
-2.9039089842719068013110473e-01 1.8423899122993384058766253e-01 2.0748013530627912315296157e-02 -1.3163593732907485911454160e-02 -1.5025181197572520683458443e-15 -7.0250839932112133538731690e-16 1.8841574540602507026321177e-02 2.2605949755076543139509226e-02 2.5184669632561967889117227e-02 4.3795340547345060211448242e-02 
1.2415305134068859226550690e-15 1.1356832596854729247571528e-16 5.3652835046634345106397745e-03 1.5761285039976910549164302e-02 1.6905256411744479239089856e-02 2.2422052608120232597421762e-02 -8.9241451237636326698776656e-03 5.6619391031495075461421607e-03 5.6311192326533198720333175e-16 9.3188164796538845894846571e-17 
-4.8031604536690798823954112e-16 -3.0864520779038336861212010e-16 -2.3200596691963712436823641e-03 -5.8161991807299182055679410e-03 -3.5947971858203559003541727e-03 -1.9150126739069378567492663e-03 -3.3122569093714249177651254e-01 -9.2522545587507512565572654e-02 2.3665587442336287471444933e-02 6.6106154358855501174119240e-03 
-2.0933755781012178313978189e-15 6.7084008409233945781874542e-16 -4.1920203859381541255935133e-03 2.9128351490985131266864272e-02 -1.5694447441584782887424865e-02 4.8020659696253305270818856e-02 1.0526539758117421418152297e-15 -5.9397135132698732125433748e-16 -8.1228420143563909855410898e-03 1.4533540890184097615911440e-02 
-5.3510078965499086045554122e-03 2.7566335483680804580020052e-02 -1.0179059384811700583739480e-02 -2.8433555244221104391089128e-03 -5.7525724488764220266424438e-17 -1.3619499891465143030016707e-16 3.3230557735560155295640190e-16 -8.9669564648835959946475972e-16 2.7698553913960005656846874e-03 -5.6159372226986109533086733e-03 
-9.8225706167610980085180827e-04 -3.9528485188771488381687114e-03 -3.3230188907845731316470506e-01 -9.2823227783939421531300695e-02 2.2939382308263565196648770e-02 6.4077342824014546507349621e-03 6.2259688890827258289528324e-17 -7.6035811040102369181224715e-17 -1.2713228739220074070548350e-02 2.6990166032249574001866677e-02 
-1.0912400196834107224397314e-02 4.9775135954158812590097938e-02 -1.4649629317445890743656626e-16 -2.0114282229133330907829907e-16 2.3663848950509352997428891e-04 1.6731120353638051501121708e-02 -1.0102038697939283440341285e-02 2.6001384732927419057846308e-02 -1.0184877956704113666219769e-02 -2.8449832668353612456779711e-03 
-1.6119965063760037680217468e-16 -6.8192322389388858076823020e-16 -7.4431409527735995589738056e-17 -3.4197454395791882006396413e-16 -6.8525268362270089217425095e-04 6.2398049913542424568801970e-03 -2.6637002562845814128411615e-03 2.9583388398859268922369559e-03 -1.5337226314738663934811314e-01 -3.0905929204340504279358015e-01 
1.0587568220217107028968684e-02 2.1334894386929183218715167e-02 2.8254624993079265176315719e-16 3.1314477725629890042648697e-15 -2.8564412679975420550348986e-02 8.6121760126174271010590644e-03 -4.4291955680200625899978206e-02 2.5196573166487098299759495e-02 -8.9423809369981647551725853e-16 -1.2500039493966536179296460e-15 
-1.2275303458326560293589758e-02 1.1371161377305172637819375e-02 -2.6082377798102841098826232e-02 9.8910445495563499573865585e-03 -4.7007789703340536330289368e-03 -9.4725047296648889200154642e-03 -1.9377036453577751880068648e-16 1.1228902550875013817962924e-15 2.0910448126519402064777643e-15 7.5924219197301753254008097e-16 
-5.0956023347051831312581882e-03 3.6660025118748452641059821e-03 -3.9808375685171154198527255e-03 0.0000000000000000000000000e+00 
2 (band)
-1.0879579344084080450016927e+00 (Ry)
0.0000000000000000000000000e+00 (Occupations)
7.1313971531096739808752716e-02 -3.7516216297381255184717475e-01 -3.5557614381480084908560002e-03 1.8705836416145857348247716e-02 1.5575384327523366341520456e-15 -9.4301483840461069306353455e-16 -7.2035062911661368323379406e-02 9.3752632932448176639184112e-02 -7.9098638398840098728825865e-02 -7.7158875932849618761721899e-02 
-7.5784747959904807232002593e-16 8.1802079710079347027156365e-16 -1.9453238514125760494355433e-02 3.1139639806413321743150391e-02 -1.8896078444635228121839532e-02 -2.3734320434724634485412764e-02 1.9632892959489962186880874e-03 -1.0328308818580551886601171e-02 -2.8638389427345843579585215e-16 -1.4964749500848894543869714e-15 
-7.4124085533302772327204256e-17 -6.5289482732290907235779250e-17 -3.5760834934463400780479958e-03 -5.8366979581180589153888150e-03 -4.2467736380328267864481262e-03 8.1505021833902652206305106e-03 -3.2651818112474362276742568e-01 1.9803587669333316823028213e-01 1.6280414345246685403623133e-02 -9.8742019515627305059624064e-03 
-1.9592821506112379920798552e-15 1.1677039610667542174794893e-15 1.1787264936302285778246812e-01 -9.2002718759580347229753983e-03 -4.4128995059251885368922785e-03 1.1041110926769123756763236e-01 4.2337267031874548778905771e-16 -4.0302226994754151383672271e-16 3.6158019471439442615867677e-02 -6.3799125279440094260507976e-03 
-4.9940929873189127130572729e-03 2.9923883142367421750229539e-02 -8.9891262110594963297138804e-03 5.4519792619907928021838472e-03 -1.2399949734338840602877987e-15 8.1700133619278521938041431e-16 -1.6321523523293944585175332e-16 9.6935965649393462659453598e-16 -1.9446449685411940078161308e-03 6.5630611876417166428154815e-03 
8.8986497419203808290077973e-03 -2.2977826147665830758270999e-03 3.2605439270085750935734836e-01 -1.9775385816291141116707308e-01 -1.6557529272981881540705018e-02 1.0042234750909616314284989e-02 7.1330810761539939910586674e-16 1.8591291680298996132494808e-15 6.2500055492806100287950244e-02 -1.0012050450166556925246653e-01 
-9.9796894071590327990328717e-02 -4.7074847364605675037463328e-02 -9.6698109231790505525864636e-17 -5.4619643157103161180447392e-16 2.2430205929866286335139236e-02 -2.9207504381233137524809251e-02 -2.8935003651911671285201777e-02 -9.4377604288979378976964796e-03 8.9647110244394367928322254e-03 -5.4371460603454407900514411e-03 
-1.1310514626544550616837187e-15 -1.3596828652413252858797604e-15 -6.6210358614494408577988173e-17 -1.7274522175855759183692188e-15 6.7011625079805969135149368e-03 1.3060817071875348294174302e-03 -6.1330166132745195239905911e-03 6.8114050032121210842550596e-03 -3.6513272991508960441109366e-01 -1.0998247570688489405110744e-01 
1.8541984394060739838039353e-02 5.5850755722754476251257216e-03 1.4238361538772118884898064e-15 1.1325213270890656584205541e-17 -1.1622473487225165600378318e-01 2.0547101064358429950429397e-02 3.1793727022569204243573893e-02 1.0566276658669057630923760e-01 -4.0129062588801499650403739e-17 3.3578301455458538303492161e-15 
-3.6714143040378739712981115e-02 2.8747436487473196700670464e-03 1.2347673714099420202994217e-02 2.7817992596509754504863210e-02 -1.0039149483979183802295765e-02 -3.0239177686517235317531505e-03 -1.0340320869621719704658654e-15 6.8645602195690885008453192e-16 -4.1768092091103150458326881e-15 7.4156420137379948871485333e-16 
-3.5133450704205523851264559e-03 -5.8538734868798340815754244e-03 9.1656495076189222620532959e-03 0.0000000000000000000000000e+00 
3 (band)
-1.0325744664459346466856005e+00 (Ry)
0.0000000000000000000000000e+00 (Occupations)
-3.1548113783736508874966376e-01 1.0420505776326977054324630e-01 1.5159428842681399451919333e-02 -5.0072378804874029256666290e-03 1.0367669955596422145912191e-15 2.9720515177604571881906280e-16 -1.9014338207875292052762006e-01 4.7165625730945556770556948e-02 9.9188699367526986239163023e-02 -5.9811712181198684046279368e-02 
-6.6896902788114216894375750e-18 5.6558788121519148602656630e-16 -4.2158279569778744910735213e-02 6.4758896168465446274709052e-03 1.9255508058907230828360468e-02 -1.9243888648612178515762139e-02 -1.0130836158111562739225775e-02 3.3462649744728234502133546e-03 3.5436316009578415815750709e-16 8.7188572176267541193810305e-16 
5.2622682258050794298597646e-16 -5.0281369674549211819678980e-16 -1.9099344134854909227350106e-03 -7.8435307496335718302482576e-03 -2.5191792107702795644463833e-03 -4.0465572653267528613341142e-03 2.8853753453505087689379138e-01 1.6472138160858607047742908e-01 -1.3864740735038766361597595e-02 -7.9151549813163829538709138e-03 
7.7852717757433916192150345e-16 7.5231169162459906371798776e-16 1.6228164725702504123105996e-01 1.0974410673235883428855431e-01 -1.1081895896496270215170199e-01 -3.3689721432359237551779074e-02 5.0669167296482953404974027e-16 -1.4335705611947935308950426e-16 3.3021919032961803697201475e-02 2.6996491364509836441420987e-02 
-2.7185446054602789567322674e-02 -1.4329562934908349203233513e-03 9.2656120422984610679462136e-03 5.2895901564778361608754054e-03 1.0094886978695671336151637e-15 -1.8022009180517331732389381e-16 -2.6268702959276340338189154e-17 -6.2673849776164265828526996e-16 -4.5508837173014737853549150e-03 6.6677043632610843992836180e-03 
-1.3215181795134083031495464e-03 4.5797903116581734767054357e-03 2.8769088177936524841626920e-01 1.6423886289395167592530811e-01 -1.4006931452651069647252768e-02 -7.9963689520251342995882382e-03 7.3976020487165842164320583e-16 2.4086167189459783695917521e-15 -1.7580928100146425707706044e-01 -8.2070717194547421202699411e-02 
8.3470118626603945211073210e-02 7.9296054089886658378105722e-02 2.4952823642092327477313135e-17 -2.6804872615278780261548059e-18 -4.0882213484449828055922183e-02 -1.5881467154509568140419162e-02 1.6227307106890603849436161e-02 2.2162207511480885163690502e-02 9.2682830261723476994450976e-03 5.2911352984734835377955697e-03 
1.6051171756165352800503226e-16 4.3620865172029894159336360e-16 -3.5653755158716104263285348e-16 -8.1337755783527600332805022e-16 3.5435927149538581915066970e-03 -7.3974985180704638798587780e-03 3.2252866965795344567080605e-03 -3.5820437685272110868439643e-03 -7.0449513094122853673617612e-02 -3.2369324004137534078751059e-01 
3.4300063281515217813999463e-03 1.5759793835108292653357509e-02 -2.2163862066564181822414294e-15 2.5094111190656286536577818e-15 5.6648942009217648219099317e-02 1.8556778620309180571901209e-01 3.0760411785622108690740895e-03 -1.1508980349463358849870787e-01 -1.0388095581707539256240120e-15 -2.5014688515801761630067551e-16 
1.5553310164716687216679425e-02 4.1008181150692490923859168e-02 5.6115419870555738324213735e-03 -2.6888650658798377013347647e-02 -2.2696120241202859084406196e-03 -1.0428137142363184258764264e-02 -1.1256026469456610374850032e-15 -6.5229394094619830121795651e-16 -3.6962913354958541144873291e-16 -1.4576728330794516262827257e-15 
-7.8685390870294868309597902e-03 2.3164900798775321481837164e-03 -4.8201153341762186313457228e-03 0.0000000000000000000000000e+00 
4 (band)
-8.5886813051842325617002416e-01 (Ry)
0.0000000000000000000000000e+00 (Occupations)
-1.4422535476060385772889560e-02 -1.5320272006812787890517313e-01 3.3197035927504114916075650e-04 3.5263576802933571663345447e-03 -5.8421725404454622256745337e-16 4.4060431183969758039948787e-15 1.6721187247918095630794255e-01 1.1588506679656727926808202e-01 2.6085898550133862494604386e-01 -1.0066095500301680543131511e-01 
1.1380434755429942751572037e-15 -1.8988084299971510986267474e-15 2.8631482885414727412864977e-02 1.5319640056318374263244486e-02 4.5640600002397058165826138e-02 -1.4712517066333086201979086e-02 -2.3173431508845265813789638e-04 -2.4615871114160720045660469e-03 4.2059220179601066217293304e-16 2.1857262235233965097871652e-16 
4.5602740199546242393328188e-16 8.0110246692538779095445249e-17 8.9002241329599104252556785e-04 6.8618335703299337957616899e-03 -9.8653671602132002316221104e-04 -1.1971943127996299838233796e-02 -1.0420124874989009078340985e-01 1.1323066159303923905454781e-01 2.3984629348757224853727621e-03 -2.6062959077648994998810394e-03 
7.4065013767322358965505901e-16 1.6892949050859367201504946e-15 -2.5767193899326641670644022e-02 -2.0180488280265607148322715e-01 -2.4935439899137432084863519e-01 -1.2650067937587988753378454e-01 -7.4380643603539552008593364e-16 2.6710512833600890807228158e-16 -7.7734902706839345554179488e-03 -3.1528178391472705399678489e-02 
-4.1473053283795385803855993e-02 -2.4072980254330744731561254e-02 -1.6742552013898140406134019e-03 1.8193354337506465606688622e-03 1.3386570146001939420439940e-15 7.0117583524410841897466554e-16 4.5535344461896368042199620e-16 -5.1744533228349427397870942e-16 4.5037948735521110554813617e-03 -5.2528784090275990048546362e-03 
-8.2367656747602616129633191e-03 8.7439332208755771169705895e-03 -1.0429782445344983055068866e-01 1.1333543030594547817990758e-01 2.3744316744026914417498020e-03 -2.5801828750314642624275052e-03 1.1057182251166422287479151e-15 2.3094294651378465764720483e-15 -2.0296674194009148295414491e-01 -9.0484317756135655697047326e-03 
-1.4666876835964975933634946e-01 -2.3773477535854656284008968e-01 -5.2664203378005169865211459e-16 -8.8911039215714694359271811e-17 -3.2251193946934930689707244e-02 -5.0443294410042957554018983e-03 -2.7452665216754344734706450e-02 -3.9507021903419758945830154e-02 -1.6744453932680241486918860e-03 1.8195390428738806697789299e-03 
8.0346714553254149783295454e-16 1.4062841456659895961082246e-15 1.5269795973773921697294830e-15 1.6727655431721844104657109e-15 4.8543436416134972538616310e-03 -4.9401117385797126482782637e-03 -8.0462803823296638605633291e-03 8.9362996889374209791290227e-03 1.5401350509370623220739560e-01 1.6721833356832232347910505e-03 
-3.5062544584205102005114441e-03 -3.8067280292876717884276161e-05 -3.1083618363452712746365011e-15 1.7320979059024336687113899e-15 1.2908696386546847367782220e-01 1.5688826664658836462784564e-01 -7.8530806214881135329797246e-02 2.6807175066044741651438699e-01 -1.8310432918466548159147992e-15 -1.9912543193535992634454659e-15 
1.7831593641712988052017153e-02 2.7342623113171014154199057e-02 -1.0990020370967674631645927e-02 4.6836663623992066951551294e-02 2.4726036857832577389726403e-03 2.6846166293458011202445121e-05 3.5457894874809494725430816e-15 6.6868136644642853633638002e-16 5.0163953838872309009001318e-16 -2.0280604349513852482157952e-15 
-6.9194083802210353678630028e-03 -3.0190039465832459522620645e-04 1.2024977343912566021821853e-02 0.0000000000000000000000000e+00 
5 (band)
-6.0209049816688642309259194e-01 (Ry)
0.0000000000000000000000000e+00 (Occupations)
2.2439503026459567402994821e-01 -1.5321863981434846735396604e-01 -8.6664269056751230824175991e-03 5.9175016913441680355134622e-03 1.0148402273196540295125937e-14 -5.1365068377667459145546667e-15 -1.0395198815930567493026615e-02 2.0835159617702292411678400e-01 2.2229624063485423079988834e-01 1.9629504411747680792110771e-01 
-1.2196303309908183686504306e-15 1.9578384080516868858840956e-15 8.5960516392381558503643646e-03 3.2874559243650514073209479e-02 3.6667885273654471367521523e-02 4.1973058093604867502257605e-02 4.0933553687106591367772523e-03 -2.7949807461263216114277785e-03 -1.3300341121257074785586428e-15 1.1372539048382708704977324e-15 
7.0612718353236117706397686e-16 -5.4385075537453904301180389e-16 1.3660255540789950634561478e-02 3.0375323618036270678643973e-02 1.9032076055056204588744606e-02 9.8612772280352936626890425e-03 2.6401322201495214248012644e-01 6.4234724217419852942967395e-02 -1.0196532252252366035349951e-02 -2.4808288146058662948512108e-03 
9.8183782367955487192984375e-15 4.4165247171204046344601688e-15 -1.6179115625478915352353226e-01 1.3168929168944248919714823e-01 2.8695720093757232094233700e-03 2.9654532284618434490042205e-01 2.1606619757001187160320656e-16 -1.0979762611051103396080850e-15 -1.8678677343740082705814132e-02 2.8385485057290396615492512e-02 
-6.6564566200305701204609221e-03 5.5335007015780063310828041e-02 4.8160648387989384022755956e-03 1.1717486992782119581413269e-03 1.2594627297586042833725553e-15 9.6696074581180265896025807e-16 1.0962148935240408760420544e-17 -9.0366926499857382191781380e-17 -1.3432769493366442103976510e-02 3.0476606931843286396599524e-02 
5.4065874481141439067410914e-03 2.0742071249019070067198811e-02 -2.6402270988736931123241902e-01 -6.4236935339862480387473909e-02 1.0213458840879680034063881e-02 2.4849418653200838758010605e-03 6.6814129893483394495997003e-15 7.4098240935063559958423820e-15 -8.2967578709580810936152773e-02 -1.9127686101658925021951063e-01 
1.3866471967548416044380133e-01 -2.6217480285306210552320749e-01 8.2204385064968556711303334e-16 -3.7563033078360806946428967e-16 -3.5299217709156421873828435e-03 -3.3805947913773393143088697e-02 1.9506088148115260927362158e-02 -5.2238237280466850998017492e-02 -4.8133242273698164520601139e-03 -1.1710913036582695084808492e-03 
-1.4088087676641299409574749e-15 5.5237526439168093637655634e-16 -1.3546585196296606468947457e-15 -3.6134330317410803827311055e-16 -2.0590180694814476380916091e-03 3.3228656130811398683455593e-02 -1.4342050953447956287978293e-02 1.5928461274529591429338637e-02 -1.2892832987711214109971536e-01 -2.3919001014512333846973036e-01 
4.9874662191801630295451275e-03 9.2528297445136215015892844e-03 5.4154961981732565297434846e-15 2.6398859944449680373032567e-15 8.6630263232088847158429701e-02 -1.8964612880212688983405656e-01 2.8761865606178405041504220e-01 -7.2381215926079767175593815e-02 2.7751253689944802597467095e-15 2.9358323309497480963702994e-15 
2.2760736565389464575170919e-02 -2.5243837526377321811565935e-02 5.1872696315563578128848832e-02 -2.0458354918359636376301580e-02 -2.3504521167577478377164191e-03 -4.3606100268409305267813814e-03 -2.6562627063557428618819852e-15 -3.6627560271919235939978610e-16 -1.2778607188428523703158811e-15 2.4642933760411597625353831e-15 
-2.6071455868781512332787997e-02 2.0704162203583481582924719e-02 -2.1433858824893139982670220e-02 0.0000000000000000000000000e+00 
6 (band)
-5.7074903182705549742337325e-01 (Ry)
0.0000000000000000000000000e+00 (Occupations)
-4.7437308493711850863215518e-16 6.1198491078168759600420031e-15 5.3955125703129359109754217e-15 5.6383249234739079343090321e-15 3.0434726109022225415401408e-01 2.0585528898808397313402452e-01 3.1234966172648928154687549e-15 -5.8434076035338109570130709e-15 2.0943547214262634162813391e-15 -8.3459513890790021395090418e-15 
1.6940335123417415985613843e-02 1.1458153546689643642597645e-02 -1.2547466936207399444965129e-15 -6.0289617819090695502912204e-16 9.7145339028153205161903659e-16 -1.4400117552020461939291631e-16 -3.7804295850296148784280629e-16 -4.4104143437922159102546297e-16 -1.0171749003892754936728693e-02 8.0502536507788685637976300e-03 
-1.0108617718796897300137516e-02 1.8985539986500033632355056e-02 9.3467743277801184247820284e-16 -1.2603092242854216927287093e-15 -5.4133202855358575550093920e-16 -9.4898366645536674362379083e-16 -7.5053046879279722685602784e-15 4.3782815878458696849288769e-15 -2.8641623033266421770496867e-15 9.3669194038852942526776726e-15 
5.0667774578798376039490137e-02 3.6391816656594228041043948e-01 3.9046264947917868157246960e-15 -3.6610177039046438510493416e-15 1.5241290428015607303445103e-14 -3.3584079903025735596161102e-15 2.8202291970030879397768331e-03 2.0256123619032430360764607e-02 -1.1687065182477275763645166e-15 -7.2065038696801499837094099e-16 
3.3447097641511776922975443e-16 -6.9582743252027942205124108e-17 -3.9659600889098236553103033e-16 -1.1405542479887687400668614e-15 -1.2788732923243738975882522e-02 -2.1724115305379937054808259e-03 -2.0872991303054998224464356e-02 5.1916389345118552078872654e-03 2.5360885927571067440290166e-15 -7.2443015583259376764241163e-16 
-5.0696272849566627420386851e-16 -7.8229757019859973147273265e-16 4.3066515448217209816888710e-15 -1.1142202007967310475273120e-14 2.9595151228305415031523224e-15 -7.4165965654794472583518843e-15 5.0672642493561639853716372e-02 3.6395331811770403884764846e-01 2.6164782190844103588395770e-15 8.6474397965699412683195743e-15 
-2.7707976937956314623892242e-15 -3.7261058613782181693790793e-15 2.8152049759730332634255490e-03 2.0220045662180240186867053e-02 -2.7298864785701672391761484e-17 7.9069809630295402117601980e-16 -4.1158290941597138747673928e-15 1.1650134686687780318252731e-15 3.4253280471864955768259448e-16 -5.3441989309879333481176145e-17 
-1.1711398132474133693126106e-02 5.5831764823998930591386625e-03 -2.1501461706901588838425354e-02 7.0829229498087036519249349e-04 1.1640633990334359539879371e-15 1.4689762657467460284843143e-16 -5.1043304013522598241644400e-16 9.3904886950465998954033209e-16 1.1316295648374063497474652e-14 -8.4418943306539952802581616e-15 
6.9233865020292118682478590e-15 -7.2952049647319503789951657e-15 -2.3656340905342398972521778e-01 2.8118941652059714630951248e-01 -4.7243566173176196317602109e-15 3.3667132984609450260831076e-15 -1.3460415415513369729656095e-15 -9.0875063145760463275344151e-15 -1.3142682490860337768401322e-02 1.5621956426191515449053426e-02 
-1.8335548437286598337147687e-15 -1.5437423104446525852013789e-16 -2.5393455635865779433460031e-15 -1.4214836824293627360108667e-15 2.0663662427880566767652621e-17 -3.8854301322477394254850998e-16 -1.1985563646730547013308232e-02 -4.9673906551723047766988550e-03 -1.4913649864779563239403082e-02 -1.5504759953614539666477690e-02 
1.0235398234915250848116098e-15 -3.4893403073574719248612210e-16 0.0000000000000000000000000e+00 0.0000000000000000000000000e+00 
7 (band)
-5.1907192126279277921696576e-01 (Ry)
0.0000000000000000000000000e+00 (Occupations)
-4.0848705393936271534904847e-02 -8.0593443991372193391242718e-02 -1.0920914181641178108961299e-04 -2.1546260029853270268063170e-04 -1.1858186421252960563613589e-15 -4.5754901661397979994076150e-15 -7.4702174439012503093238138e-02 -3.4264523522096229646294319e-01 2.2490312319780933481006002e-01 1.0601011891828499011936060e-01 
1.2931662865972851134012696e-15 -3.2473192303965629611013142e-16 -1.9954668614009241078832702e-02 -5.3407750988220176191489941e-02 2.4601247416308969634402004e-02 2.4257933873496090315668994e-02 2.0802770958395777611826816e-03 4.1043098343827438823083753e-03 9.8183357241382687500690039e-17 2.0057032557572800788786176e-16 
-2.9137597206178081427628374e-16 5.7923885893640421256560062e-17 -9.8014775642240731245991014e-03 2.4543173770564918889647288e-02 -2.3898947626204730676491295e-02 -2.1889770159333118981770383e-02 3.2559481853318285315967984e-02 -8.4284044090169818463920137e-02 8.7044737197061738953607346e-05 -2.2533082901882162119022723e-04 
3.2937274462419428163020131e-15 -2.3201284923699152296310718e-15 2.0464952222637000645022454e-01 -2.8478894841278712402043993e-01 7.1708691894923015652807408e-02 2.3807020738411846516591197e-01 3.3420466176933024373354742e-16 -1.9449982396571367661175014e-15 2.6337414273673462328240191e-02 -5.0565969529831951423393122e-02 
-1.5657104311076058822393975e-03 3.4514015719632612499978563e-02 -1.6581195406840292319583519e-03 4.2922664876366284358866210e-03 4.5299566620295722277250429e-16 1.8939159500244248661585972e-15 7.8539333301329396260047919e-16 -1.4309624538107482421437888e-16 -2.4797601213384382057292044e-02 9.1386714152623116369511536e-03 
2.7575210561875396209075006e-04 -3.2407494442562904957139125e-02 3.3231908577841376417616459e-02 -8.6025650248250179474851507e-02 5.8587711282174353977225678e-04 -1.5166156674778080715171313e-03 4.4951419092696950188045742e-15 -2.9089662435474395509780494e-15 -3.9692096567937512618939877e-02 3.4635721486068699048743724e-01 
2.1192399923041377318710943e-01 -1.2725536199504228207501910e-01 -2.2331400042465653929974562e-16 -6.5293962150561872567274351e-16 -1.4886404187320206871092410e-02 5.6597227326105656319832349e-02 2.2618128278058841074127372e-02 -2.7310903901186428521796756e-02 -1.6592915749543747129524096e-03 4.2952902601160296292004404e-03 
-1.3872046169994481290891611e-15 1.6580793150578258120102565e-16 -1.3136960159759593412610725e-15 -3.3509535837053873473871165e-16 1.2275857365936298018493922e-02 2.3193954327078221411273518e-02 2.1411571765785050724950622e-02 -2.3779959561235304577042626e-02 8.6166003974697036316143794e-02 -3.2866274619891132358073804e-02 
1.5190933932223982250064864e-03 -5.7942241656402243554779830e-04 5.8998430904869278194904090e-15 -9.4714070124119622916800103e-16 -2.8395276861770851750677025e-01 2.0226123704347154230731576e-01 2.3637399789395677207615165e-01 7.2339765868588173924891294e-02 -9.3299232447009074912690710e-16 -1.0567821612877672994568854e-15 
-5.2020885281876740047213303e-02 2.6808182801533554651118862e-02 3.5430438802558562871869441e-02 -1.4660166987516144027070553e-03 -4.3023055082657231038001377e-03 1.6410162287167570378115800e-03 1.5421241632441375606095136e-15 4.4590939639993138908930227e-15 2.1121664774262023159186119e-17 1.2535445940651073470458601e-15 
-9.0223152556206335367372517e-03 2.4642524603289767820557543e-02 3.1999091896729461859116839e-02 0.0000000000000000000000000e+00 
8 (band)
-1.7291163186222854863949294e-01 (Ry)
0.0000000000000000000000000e+00 (Occupations)
2.7083788923077690385523376e-15 9.8414732528994428351510640e-15 2.0735988954608973207165559e-15 5.5919788978452792930185793e-15 2.2606128324210678082195614e-01 4.3238917602903453873963713e-01 -2.4419824619413033088500021e-16 -2.0685291351357253595821122e-15 1.0791845231788511851533741e-15 -6.8921905171391150552621412e-16 
-1.3153415547986768707744432e-03 -2.5158693536513204724869297e-03 -3.0905198451493534617724152e-16 7.4418304292314147881889223e-16 -1.8385079278642142684873942e-15 -1.6996545841290607613115921e-15 3.7986282056206389663860893e-16 9.0835544893560227048617209e-16 1.7245976032867760263656010e-03 3.7604731687326239941704387e-02 
-3.3503262430013974748632677e-02 -4.7475179709554615747890693e-03 7.4057571201906747686065340e-16 5.9803767887317685841689915e-16 1.0887240435900657784853087e-16 1.5379884703335136763292283e-16 4.2380648716319354803628390e-15 -7.7487078157341928863064939e-15 3.6954702872798017277673209e-15 -5.4189502944233988589311314e-15 
1.7006325519004575341774910e-01 -4.5732110443570883617780964e-01 -3.5013919480991784418198112e-15 1.5741657483054404686966893e-15 -3.7433839916747790850315736e-15 -1.5647058277763159859729549e-15 -9.8951999939076579204666473e-04 2.6609344563962578078530896e-03 2.0725644644102762643936014e-15 -8.0665910174749023981553126e-16 
1.9585988084170469892751373e-15 -1.1881028046692775658953471e-15 -1.3189757243062614393531635e-16 8.3431712208764292192776574e-16 2.6791780724674269659191239e-02 -2.6444102703060093362275040e-02 1.8889964893170345383577313e-02 2.8074485688499545288365766e-02 -1.8617727507838032967173619e-15 -6.4494774920030514418039838e-16 
-2.2407543013337588740189393e-16 8.3917568306001970188364570e-16 5.4652822247766150300632229e-15 -5.9942971673819056647746976e-15 1.1358688190787004630794173e-15 -2.9172003308516085697776286e-15 -1.7005408110891456763269503e-01 4.5729542818886520505472504e-01 1.4030395874807629284229299e-15 -1.4090203256512669061805528e-15 
-4.4801584916993295383042374e-15 1.4062664645569423044877542e-15 9.8262248963908865873051468e-04 -2.6423947612047860022954637e-03 -5.5856660551459915526199247e-16 4.6310631415950106684762573e-16 1.1030944401424640718285816e-15 -4.7104661860338255837933905e-16 7.8718538894225843841730428e-16 -1.6460450537097530049330741e-15 
-3.0042042161777084488538669e-03 -3.7519273651221846099801382e-02 -3.2640249846896049468192302e-02 8.9091008544497848897769643e-03 1.0820066651637465334645322e-16 -8.1354141038875069819253951e-16 3.9243370340063536888298578e-16 -9.4266528723295564699224275e-17 -8.6907985581539221032547290e-15 8.8608306968821912862163769e-15 
-3.1818169652329579762379519e-15 3.3515392121998417478025080e-15 4.5362512156418627329301785e-01 -1.7961555675975224288798415e-01 -3.1872205121240825903288373e-15 4.6918037941879358776878472e-15 -2.0113115949178165170028138e-15 9.2481513151762875041327376e-16 -2.6211847758834368529723413e-03 1.0378763904523558535275551e-03 
2.3470043505743488006539482e-15 -1.1588901775785269129923062e-15 9.7444829116234927015262080e-16 1.9680090370204494640248027e-15 -1.3735847481232167405047088e-15 -2.6800555997410667730470907e-16 -2.5872049078489046253226391e-02 2.7337853148482020582132890e-02 2.8461342372931283661863233e-02 1.8295080716774284046444166e-02 
5.0359568497036478996885368e-16 3.6933285338629193952858694e-16 4.8417359692197733725207174e-16 0.0000000000000000000000000e+00 
9 (band)
-4.9645527091863525526171941e-02 (Ry)
0.0000000000000000000000000e+00 (Occupations)
1.9195634182775409011848778e-15 7.4581744311277628972255413e-15 9.9208552816309195426073780e-16 3.3192915983721141812345587e-15 -1.2604446173167666023218203e-02 -5.2105713912635465145939406e-01 -2.2777649358089574895086588e-16 -7.8852024033439616364354988e-15 1.0734900041226387766837303e-16 1.4482788362213974323909511e-15 
2.4708096835932003010327662e-04 1.0214045530816173723565043e-02 -3.0810944977501281873914649e-16 3.8204160944708618615338823e-15 -3.4487968375976876332258724e-16 -2.1384596266149186844488645e-15 1.0147308622091202281115781e-18 1.3602006053589314988873730e-15 -1.5219774235709245674419421e-02 4.6162968034852674970025532e-02 
-2.8878497632432553743342396e-02 -2.5779105647436600934341300e-02 -1.3461284558823746726237375e-16 8.5367974692468812564717862e-16 -2.9476903688140355996581206e-16 -4.9219791399851916188119358e-16 2.2359076040403050696524370e-15 -1.2101480600774252246842567e-15 1.0992558483385760994724698e-15 8.4758997885022067311955740e-16 
-3.7878689597915349285273123e-01 3.5802220843456999954668163e-01 -4.3688853493392981563788767e-15 3.7991465813154106104222550e-15 -4.4055538666095666090973427e-15 -2.9259410010936138368930208e-15 7.4251856446553472779203986e-03 -7.0181474231485879711200937e-03 4.4053629719611560516230321e-15 -1.7105645584958801933222080e-15 
3.1289826740807428774151159e-15 3.4866538074695616744038306e-16 1.3219411214542196556658616e-15 -1.0159275199308860976061888e-15 4.4489787585124007662784607e-02 -1.9578558328011603367757587e-02 1.6587766743744042363672975e-04 3.8710494676347267928306906e-02 -1.2537943472151583145506615e-15 -1.5791388819935945504876729e-15 
-1.0191984890727259063598341e-15 1.4780472061159172494094902e-15 6.2269344801771730084220203e-15 -1.2179676256291157656220935e-14 2.3272103153938113408858218e-15 -6.8353852219834985458826717e-15 -3.7880443753141618268287516e-01 3.5803825344422901544305660e-01 -3.8369913282890449194727246e-15 -4.5048275372267195766190450e-16 
-3.9474116630628223571053934e-15 -3.8441469187521117013377423e-15 7.4447886654941302156385241e-03 -7.0366603739997202193734438e-03 1.6174204111987892070445506e-15 2.1351500808774289125376558e-16 2.9909189936008304245391913e-15 1.9058471603298504676712391e-15 1.6398742222061938737188376e-15 -1.8498790502520005997864839e-15 
-2.2053980053210249512307684e-02 4.3320051706097553734231553e-02 3.8643360649746424928530075e-02 2.3470832734098271386835588e-03 9.8705409165919712846406527e-16 -2.2964186580740828695871636e-16 8.7796424014234767998122210e-16 -5.4001196401549065858658951e-16 -1.9588999155616617423440020e-14 9.1403690640139475649371487e-15 
-8.8240315862925577065734399e-15 4.6904307598830598864625335e-15 5.1954391835038638003396727e-01 4.1932203949021543132325007e-02 -2.7328848757842968089474796e-15 1.2557279644846057803491002e-15 -3.4714971547906511321531514e-15 -3.4427187525386663009401988e-15 -1.0210793699608679274692946e-02 -8.2411134988279698132540574e-04 
2.4977696115075203186816507e-15 -1.0424331878336205950128785e-15 1.8087215932017482209288597e-15 2.6035299725864160933445495e-15 -2.2231368835168305048959925e-15 -1.7543207374998150539645248e-16 4.6950065309375302313732448e-02 -1.2597471311806506671926442e-02 -2.4113232556248084120786856e-02 -3.0288118757806889447259380e-02 
3.3981383261292109384277666e-16 4.7209898084943675106810150e-16 3.5661912977765099819190839e-16 0.0000000000000000000000000e+00 
10 (band)
4.8953073463176749458014569e-01 (Ry)
0.0000000000000000000000000e+00 (Occupations)
7.6173731290472970152662461e-15 4.5492887107221962899841365e-15 3.0722163771060380478538164e-15 5.6379591663943471125174133e-15 -3.9655120325631532107735211e-01 -5.4353468383837222344112661e-01 7.2127677365255144724879641e-15 3.8592519412195389165046541e-15 -1.6131120343589149532616760e-15 1.9248081223963639462084306e-15 
-2.2313402678220128905195452e-03 -3.0584413905143104095429862e-03 -2.9033858252881061948619626e-15 -1.2381869103376429928819405e-17 2.6845471954790242676382350e-15 1.1025169444360868977866440e-15 -8.0821755754935704725054598e-16 9.9007532322039124112334671e-17 -4.3962757780481032110486694e-02 3.4534243953654730763247471e-03 
-4.4587702629227843331705117e-02 4.9078218859722619327179416e-02 3.2634515487501598675654489e-16 -1.0781802072524781880694692e-15 -3.3138786726410064838926861e-17 -6.0904023680681696617835370e-16 6.6410344083467382034639604e-15 9.7344917731669300426596496e-15 1.4888297949509531782400329e-16 1.8780128329831502900918657e-15 
1.3858044061958846304705162e-01 -6.5839066732221862565666015e-01 -3.0786121525909175532861324e-15 1.2784206240654150489957631e-15 2.3431880899869889894171678e-15 5.7756327783386090676208714e-15 7.7980682667541656449827769e-04 -3.7047057161188889917724509e-03 -9.4168014037433454073309646e-16 3.6939751669824171254255066e-16 
-1.2906535663309234492664681e-16 -1.1954313804828459131420144e-15 -5.7924799401442623622622951e-16 2.0003537561911393087675848e-15 -3.1983221242996205668784881e-02 -3.0359903995916426300283320e-02 -6.6307220885716250391439530e-02 -2.9538213865931695067956753e-04 1.7243622874294922648058391e-15 1.0321783359720230133944181e-16 
-6.2309014051381351466408460e-16 -7.2008126062883182073805681e-17 7.8747774341305626797231331e-15 -4.4372665843977648913364437e-15 6.1263597655816015685614223e-15 -7.4331800132684489514338458e-16 -1.3858168649713403786094545e-01 6.5839662245341235013995629e-01 4.5169148278678503620983072e-15 3.5143848099363484371790793e-15 
2.7166894006312319846190240e-15 3.4248632184569604727386988e-15 -7.8307744203787166270558373e-04 3.7205016459524176131168360e-03 -1.2045742466025803881917864e-15 5.0247895858136660686965949e-16 -2.8170349443615147586038873e-15 1.4402385149567067027136107e-15 -3.1600432546867086003660302e-16 -6.7845504966049565240892800e-16 
4.1504723057314701906150844e-02 -1.4887512752429271981058356e-02 6.0796919776317723260739001e-02 2.6455418763260681730420387e-02 3.1247039067668858812548058e-16 1.1690894579634004927800357e-15 -1.4377092342166853642071738e-15 3.1361440076624966533552039e-16 1.2978663855619350723302700e-14 -1.4536035643425512743784644e-14 
6.0620111722176409006538865e-15 -6.3173016180073444785558647e-15 -5.8201329097582410465605562e-01 3.3756706802935471101179132e-01 -3.5449196009652865869489280e-15 7.5232581079564647425054477e-15 -5.0577971932621220497904396e-15 1.5280009821432741406496915e-15 -3.2888526298249752544133884e-03 1.9075615735915374404640943e-03 
2.3962705894580863587678093e-16 -2.4161804703843520267620719e-15 2.4652030598658647982961332e-17 -1.9648578852024084245565587e-15 1.2889791180538226127489923e-15 -1.8686903700738643323762787e-16 3.8835658574044161495120164e-02 2.0882329734452222819163225e-02 2.1020872240190550950256210e-02 6.2883046733511957504525469e-02 
-5.3493147566212135620642296e-16 6.4985721546714881581377276e-16 -8.9023389200059993000959599e-16 0.0000000000000000000000000e+00 
11 (band)
5.9256600107767232188393791e-01 (Ry)
0.0000000000000000000000000e+00 (Occupations)
2.3604964191706251375180159e-01 -1.3558852263209242305919133e-01 5.3839665395731213515251312e-02 -3.0925742992485127924595645e-02 4.1171240050843475737177813e-15 7.7858245864248207782822383e-15 -9.1792269874261339657195435e-02 3.0573674217286755938616238e-01 3.0525363474147565456817688e-01 2.6226018537375145323053971e-01 
-1.2790593221494647708343677e-15 -4.5792831518275958272527549e-16 -3.1405634164466754432165629e-02 2.0277364744591352962999053e-02 2.0388599806230742195189976e-02 -7.8407610821008832946432676e-03 -6.8992871230692531803185830e-02 3.9629851069369524674268490e-02 9.4687061231071384090971825e-17 -6.2035541399476374258706266e-16 
1.1301083727956092889085091e-15 -6.3287197910137235921764225e-16 -4.9549009114768338690737437e-02 -1.2597948709612405426838677e-01 -6.8198127457050422561835035e-02 -4.9736872510036639338792952e-02 2.5870994902198207743282410e-01 8.4692639560655605390770972e-02 5.9008073832913454648263496e-02 1.9317307578665371403658924e-02 
-5.3449874916974880174099373e-15 3.5272804489891701184980934e-15 -2.8862769509268548784319819e-01 1.3636286132462979714397022e-01 9.3572500522674378897747260e-03 4.0233397597844527959765060e-01 4.7429428603254406140421210e-16 1.0739556064102890455106090e-15 -3.6083489716628822097099771e-02 -9.7707291502293902585307706e-03 
1.9469457177950372228636411e-02 9.9051892259176543831244999e-03 -7.5615960519748434687237193e-02 -2.4754148967623804122872855e-02 1.7093063227773528770293598e-15 -1.3102906643659659320833659e-16 4.3329343359652549289040172e-16 -1.6869792637217193225826130e-15 6.0466245428191026101139016e-02 -1.2111882032564698363774625e-01 
-8.6717549436457555533941388e-03 -8.3961549187264589155788030e-02 2.5741502393515225399767132e-01 8.4269856843251722544607674e-02 5.8447471684250407175653663e-02 1.9133799537134760226919639e-02 2.2015525805675080910887867e-15 -3.3656688356396742256942498e-15 1.5154587693854271179816351e-01 2.8066317790590894487579021e-01 
-2.4527986772404505866340685e-01 3.1932316871528848567507453e-01 -1.5765174404998172352110371e-15 -2.1582408466104007549811992e-15 3.5508838269498910200638875e-02 1.3578927689958469882114400e-02 -2.1864134666128624828740357e-02 -3.7771422273380483858318257e-03 -7.5566780348227780006453713e-02 -2.4738149551678342841221081e-02 
3.5289335802898925587609234e-16 5.3792858655306291074451189e-16 1.5800620492208033382216532e-16 1.0311063858886465495059960e-16 -2.3003663988797294626120760e-02 1.3342555814057005525441468e-01 -5.6431445150954384626373894e-02 6.2673469203984213948821491e-02 1.0961956301556477488823305e-01 2.4768418343569337247700446e-01 
2.4889808055186049551288363e-02 5.6237947028551948935870541e-02 9.0424117518973302089532532e-15 -3.6497777104870777622315854e-15 -1.0716940381056848374807799e-01 3.0042085669309503970225705e-01 -4.0142762710099366696425705e-01 3.1390441047620037950949268e-02 -6.9291871646788916129939107e-15 1.6219606638952333461822962e-16 
1.3668940637012421193685618e-02 3.5474285536429020493365272e-02 -1.1822997986892892080534878e-02 -1.8775620008563718987826263e-02 -3.2180017729866429443408293e-02 -7.2710114800794575784514961e-02 5.8943689847874123945519679e-16 -4.2091773665372043123252926e-15 -2.9147897388481591713157812e-15 -2.6004131542755655715822116e-15 
-1.1454696874584679999742320e-01 7.2184070771673630728670901e-02 -8.4335471445223561537396506e-02 0.0000000000000000000000000e+00 
12 (band)
6.6581596264248044114708591e-01 (Ry)
0.0000000000000000000000000e+00 (Occupations)
7.8134877533686419859293437e-02 -9.2447107169093767353729163e-02 -2.2501881756424244040992733e-01 2.6623459234887658642065844e-01 3.8672566914297102607618192e-16 -3.9969696899097533262489156e-16 -4.8585781992533494388908366e-02 1.8277383545061420822008813e-02 -1.6516395248298371134509921e-02 -4.8269549393440691620327243e-02 
1.1937220575172853460246986e-15 -1.8047363065267977729052613e-15 -6.2727585593290585697090478e-03 1.7148427770418070426039492e-02 1.4693288566299200770259858e-02 -5.6157927397770812660837692e-04 7.7086653175521976932849100e-02 -9.1206254177190304588407344e-02 -5.0639917435788680218182742e-17 1.9395496713287973352747998e-16 
4.8059538343345349126715541e-16 7.1875808071870505833125536e-16 -1.6998122344642103975775882e-02 -2.6534295256348316982553115e-02 -2.3659154693949257380891638e-02 1.1391703663842442373343999e-03 1.2098402730463900245361231e-01 -3.7936589578296542324409302e-03 -3.4841783750514560002997655e-01 1.0924144333395086059468326e-02 
4.6610274854310842724646524e-16 -1.4022080845238249310143417e-15 -4.6092976771859361928562748e-02 -2.3876315741504616774193437e-02 2.4819640288781891213076847e-02 -4.4572706520692506604319760e-02 3.4197010022211981653031047e-15 5.6965181359607012967252757e-16 -1.6941060100428392137805744e-02 6.8129698087064788358802048e-03 
1.0249063820204185049078660e-02 1.0543471486321093211202538e-02 1.1936049482415182765304706e-01 -3.7423487505439945177698746e-03 -6.9925730909613100238566907e-16 3.4395088228308636148814838e-16 5.3794626939015902323534556e-16 -2.4706853197387045911462864e-16 8.3448603034669277533907916e-03 -3.0386975738137200764299450e-02 
-1.6677633090827488626661790e-02 -1.6819924626576582271653137e-02 1.2327056113034229323233149e-01 -3.8646014960258823212058132e-03 -3.4819577106605192895472101e-01 1.0917223059136962892701206e-02 1.6102197858402187101079251e-15 7.6655718057804610234371545e-16 4.3450629842855824358505146e-02 -2.6796034361445054267081289e-02 
-2.6960707026459335144963347e-02 -4.3143277884739886229858996e-02 2.9089507879842331180807987e-15 -2.8164607357580794360362147e-16 1.6974403977147802663472120e-02 5.7665324564732146905843280e-03 -9.3589547582124399394132297e-03 1.1187539989241795934660217e-02 1.1917299782084972425977298e-01 -3.7365450157166232858507726e-03 
8.5202871913635840516582904e-17 7.8983175088445638901803647e-16 -5.8689647919873679530617504e-16 4.3491129800577349922130592e-16 1.0475102733741723654015132e-02 2.9704678553131746987503448e-02 -1.6020007284584331097576637e-02 1.7792020574915946851124460e-02 8.5356063927103556498998671e-02 8.9021956488153891617898239e-02 
-2.4110152527106731845663035e-01 -2.5145483741535318289450629e-01 3.4787214810231912314105733e-15 2.6647467318889388355440305e-15 4.8987480573659161753319324e-02 1.4360064007057886034668392e-02 1.4021469469601040291895089e-02 -4.8904197610421376585243536e-02 -1.4605151965309788366123085e-15 6.7002563135391463639006313e-16 
7.0727244712088330885757514e-03 1.6473003839777920764841923e-02 -1.4576325525029281554578731e-02 5.3086661744165819509788662e-04 8.2519094394268008296755568e-02 8.6062560028222517827245497e-02 -1.4484569532905524491186759e-15 -1.3473080014845505939802827e-15 -1.8217435867800993834647501e-15 -7.7159767084361720050233956e-16 
-1.5065666313012017474282089e-02 2.7660827966140093953084644e-02 -2.3941525213243743802626895e-02 0.0000000000000000000000000e+00 
13 (band)
7.1747753981042439175297432e-01 (Ry)
0.0000000000000000000000000e+00 (Occupations)
-1.3735970562262961314203835e-01 -5.7799696128744448841985104e-01 -2.7468011961128413478405719e-03 -1.1559079999847924821732015e-02 1.4887315033827891534099845e-15 -7.9402413531985181628282505e-16 -1.0795580569410226368098904e-01 -4.0901551195823360185244155e-01 3.8925846625021298663682501e-02 2.4206721461599858824520481e-01 
-4.5802994471297974366957944e-16 -1.4938909556222433541994911e-15 -1.0547908365277844366936222e-02 -2.2857704043117432757270535e-02 -5.0764122716655257772089271e-03 1.5871562028202806926557855e-02 1.3637496794669547867107084e-02 5.7385551118559210981295848e-02 1.4615174818324702326054250e-16 1.3103556982981476151469649e-15 
1.0370216472027238184715860e-17 -4.1968090861379131395313647e-17 1.0277487635303188609481317e-02 -7.2919362716722710415773179e-02 4.2581269857094108943762478e-02 1.1230220178987460055708425e-01 3.3762386776892239215186464e-01 -4.8883361167070282782276536e-01 6.7521017384498463465014595e-03 -9.7758053053317306435587852e-03 
3.5345852459176229039651331e-15 1.9880013538834901674235277e-15 2.3172122749805221242347386e-01 -3.5391159592803156375140361e-01 -1.5384452258838307581179095e-01 1.9090212360517944123472489e-01 1.2875807429447970266089319e-15 -3.4646471199572643766467488e-15 9.9286561597168865311857644e-03 -2.3133412888439730537015748e-02 
-1.5191652014392278968735184e-02 6.8476384133921430752423021e-03 -3.3520508867423047527633884e-02 4.8533063794430682247327269e-02 8.2687559798819459964672109e-16 2.7322742536010580773406955e-16 -1.8320939079904101661716507e-16 -1.8700195654510671582453224e-15 6.1066628609847142805655551e-02 -4.1154915639973664587270008e-02 
-5.4964369221907630191914507e-02 1.0678889074025231520348456e-01 -3.3692499757919219804946920e-01 4.8782090518436915793643038e-01 -7.1638483605855896030334407e-03 1.0372588987252948089512472e-02 -2.9706814181579120917833686e-16 -1.7242007040538948234265698e-15 2.4981622696229976998694156e-01 -3.4273263617798643831946492e-01 
-1.2397041851170896575862201e-01 2.1229784711779031702860721e-01 -6.4293610854742689093161898e-16 -9.7734248708206875705021562e-16 1.7173560260007145195082501e-02 -1.6696409534131519125654819e-02 -1.1144520426870502260996432e-03 1.5741766385544420092656992e-02 3.3831602952084101343377398e-02 -4.8983583922758304474154301e-02 
4.9703825686256883885456393e-16 -1.3610891199703934150036947e-15 1.8952759600231347675556895e-15 -1.1159596742955388822764517e-15 -1.6980605228747568807845525e-02 7.1736848729965232984717716e-02 8.0488164338969783728749974e-02 -8.9391162595426273962395669e-02 -5.8796840936872096783361030e-01 7.6031829604843698122706996e-02 
-1.2501886029925983814803381e-02 1.6168399199331696947101733e-03 -2.0070243958156427515229461e-15 -3.3574752424833691830130654e-15 4.2185966851980732927884787e-01 -4.3683260312776805989187778e-02 -2.4072044785067253647170560e-01 4.9927012161521892863458305e-02 3.4830199354338588604264018e-15 -5.1306194804849502983405628e-17 
2.3899205139599290215191019e-02 1.5903638046628129631976378e-03 -1.2444126203566342400708145e-02 9.7050984189996549605927711e-03 5.9039657922320423755202512e-02 -7.6346345453585607795932155e-03 2.6168008916639057313265244e-15 3.9982338415884325564871011e-15 -8.8710992051900494803391372e-16 2.1898940772811165674523845e-15 
-6.4673110599816771570935714e-02 3.5382272185152552346210086e-02 1.2028767413504540262358944e-01 0.0000000000000000000000000e+00 
14 (band)
8.6239787538314316428511574e-01 (Ry)
0.0000000000000000000000000e+00 (Occupations)
-5.2107024177462130110072280e-02 -6.4619995428761589639776730e-01 -8.1728535290412612085431121e-03 -1.0135559662328524899166382e-01 -5.4304761866413500850161279e-16 3.5340819408600746087267248e-15 -1.5786145469510742822549787e-01 2.9272498673486346820737936e-01 -3.2479934033797508430296830e-01 -1.3569682771023305889457333e-01 
-2.2670350593070337719575983e-15 1.5922077103766273507875957e-15 -5.2518642617060934396633343e-02 1.0005966178988370818281339e-02 -9.1901508321980907023629470e-02 4.0739869318425214750334362e-03 8.7128582019951987536199312e-03 1.0805188281902307345649916e-01 1.0443770803975026273044037e-17 8.5144070492162564156543317e-16 
9.4615676448606122847990533e-17 -1.0341779797305236779322575e-15 9.6903125252221361529691990e-03 6.2991939467738650160200109e-02 -6.2377262382999343337530718e-03 -1.1027389655821719094408451e-01 -4.4535374752967066269704333e-01 4.7111523266732802106560030e-01 -6.9853180719997298719903256e-02 7.3893745641735120166515571e-02 
1.7257966720029746039198490e-15 -3.8630533734143498536866725e-15 3.2316699007418903111243935e-01 -7.8557324698367403392751385e-02 1.1649078422657019316055482e-01 3.3217184968759533303384046e-01 -5.5752032785756190960728682e-15 1.9724756720818762543037853e-16 4.2577713172027492616322775e-02 3.2333659281848670108416854e-02 
6.4521674301731266054638070e-02 6.5570101011641013233344211e-02 7.4468157501625636962572230e-02 -7.8775737363078829345042209e-02 1.2974341650858906839322068e-15 8.8571689970207375130456311e-16 1.0707210004362741885662168e-15 -5.1849741617230175257236381e-17 4.0328049162296042418063280e-02 -4.9351140265525575423488647e-02 
-7.7775622065761274015471827e-02 7.8423173252807121258456391e-02 -4.4464392266277730225709774e-01 4.7036544120427659088079508e-01 -6.9595716910323471293686737e-02 7.3621743266329642274570233e-02 -1.1998635495955426204966096e-15 3.7401307987456073749997858e-17 -6.0268237879452679628400347e-02 3.2766665194407879058147159e-01 
3.3888596868630155301005402e-01 9.7964325699790716361903264e-02 -1.8574962489046703743366791e-15 -1.0973049699997856218721397e-15 3.4424530833581323818748388e-02 4.0872238585518937126206396e-02 6.9136256813255109188176561e-02 6.0539433603006405359980846e-02 7.4341637250444181361785922e-02 -7.8642141132324816510390519e-02 
1.0766145942462654106049087e-18 9.1818315313024196769735216e-16 6.7012808547235536994698126e-16 2.7179460246152097671879987e-16 4.7080380571123986443993203e-02 -4.3025243856206048242984963e-02 -7.3954452642196077949421351e-02 8.2134740617930093731224872e-02 6.4707450130074861682771825e-01 1.5698917369335142063535571e-02 
1.0128024180737206505487080e-01 2.4571351758164178963328439e-03 -1.4490013712525742773845748e-15 -1.1858927612689014266678262e-15 2.8383109941558476441159087e-01 -1.7446375640193492739804526e-01 -1.5395729201497643234830548e-01 -3.1739228270026104139489576e-01 -7.1081487337978197373438508e-16 -2.4696362081338599187370886e-15 
7.3394854157732905552968816e-03 -5.2931277747047783543976607e-02 -1.2716186311306889103467377e-03 -9.1887039418938928903024532e-02 -1.0818676505827011513627411e-01 -2.6247394498954330389894896e-03 3.1903533648080441574254506e-15 -2.3117654346019278959517994e-15 8.4486659097048092636744477e-17 -1.2241389378857955834655976e-15 
-6.3476910936329358770002784e-02 -6.1980336873807412301218278e-03 1.1052319522155602815605135e-01 0.0000000000000000000000000e+00 
15 (band)
9.9940857770496061007747812e-01 (Ry)
0.0000000000000000000000000e+00 (Occupations)
3.0033602823001892545562441e-01 -5.0201341940458410473269169e-01 1.3134753455269151944939665e-01 -2.1954851765811325692290268e-01 1.1555639110272502061649015e-14 8.1451159391994332382087428e-15 3.1718210800737589583064846e-01 -1.6507316097726967840664258e-01 1.8781920972756518950497195e-01 3.1752125605762338000914724e-01 
2.1180518021034669213006424e-14 1.3786829720412613778886129e-14 7.9499351869667667092045349e-02 -5.4502335319961570103686199e-02 3.3727619855842216889385554e-02 7.9188992863764906537937804e-02 -7.8994052170632725329291191e-02 1.3203908996675067788473257e-01 -6.7786583151857482414906017e-15 6.9237828280075197290725793e-16 
8.5353147054847291778832516e-17 6.8092750356823064920095370e-15 -3.8127570599007058749219112e-02 -5.4135489569011360777572861e-02 -5.3867542331106993414024942e-02 2.2185895041920755677011812e-02 -5.7403270362223124401168661e-01 1.1271937849093244254916613e-01 -2.5104500027370274528593086e-01 4.9296392124732274497844742e-02 
2.9317056487923522257723205e-15 1.0443361512979376061731058e-14 -3.3490952167313514653557149e-01 -1.2525673797331546288624793e-01 1.1028869669795646202281603e-01 -3.5204006444121838104166500e-01 6.6431420639224969898593468e-15 2.8668426238899196858853421e-14 -9.3698577993038295597116871e-02 -2.2610351282277549311849896e-02 
3.6280707549739540929145676e-02 -7.8052284986450420900538916e-02 1.5098150449473035639158525e-01 -2.9647375231067897571879399e-02 1.9648374642775393483737847e-15 -5.5474571771817996762066828e-16 1.8169247043451447600488125e-15 -5.8530626355508678951167689e-16 -1.4718184508582650427133132e-02 6.4558019760759921545911766e-02 
5.2531754364171179272346990e-02 2.5186123938126157850714293e-02 5.7197041985522623086524163e-01 -1.1231491747202776432246196e-01 2.4955012953519872809238223e-01 -4.9002706899684805863515180e-02 1.6894693410140187078784493e-15 1.2699548425725845641944390e-14 -2.6282983213501337482753684e-01 2.4263221201846821295511347e-01 
2.3531211147747338463531719e-01 2.8417756847325603697385077e-01 4.8963910401804161205033970e-15 2.7558119390791632098833018e-14 -7.7603476657498005053525958e-02 5.5983189435058866578742709e-02 6.2646794465761296288874860e-02 5.8168448475720446744219316e-02 -1.5132467991375356253236362e-01 2.9714819911995940526772131e-02 
1.3937568799035252312172660e-15 -5.7508719790537664165002547e-16 2.1302576114676375180203004e-15 6.3849949995224109172508240e-16 3.7863353404016961145650555e-02 5.4207202022096778737392242e-02 -3.8815193010994349098741196e-02 4.3108639116267617741318219e-02 -4.6618916362966950073243311e-01 -3.4990350897126548668225610e-01 
-2.0339773757251153329939086e-01 -1.5266267646325040741039913e-01 -5.6312138430791619038354046e-15 7.3304847799553172191060422e-15 3.5617835780409934365309255e-01 3.2967990552305856399861739e-02 5.3730553660593982634452459e-02 -3.6502288672721761031425558e-01 -1.6589740074134009443844007e-14 2.2982942555580511519425581e-14 
9.3530478935473920776288992e-02 2.0210556616660206585844861e-02 1.3086939163052258017216900e-03 -8.5477930339609264898115271e-02 1.2333838949309805510523574e-01 9.2573057369034442154465125e-02 -8.3308119655363802700239784e-15 1.7194836788579745626207214e-15 -8.7443692165444783028082487e-15 -8.4528931115459175140502201e-15 
1.4948273058923173400858175e-02 -6.4409653116734980060620330e-02 5.8008395728002870583850381e-02 0.0000000000000000000000000e+00 
16 (band)
1.0245739102132342956963384e+00 (Ry)
0.0000000000000000000000000e+00 (Occupations)
-3.1548470485454183876036809e-14 -4.1376870780614883585377421e-14 -1.1889113790057278145388821e-14 -2.0537758920687580294955011e-14 -1.6958653483765509517589010e-01 4.4614926719174677338664026e-02 2.1687317475740129427180359e-14 -2.2410229786055058600946556e-14 2.2893011843578239625716424e-14 1.9471636553553318274942005e-14 
-3.6024580679299711416518903e-01 9.4773812864735795802317853e-02 7.0886306772975921465182919e-15 -2.7340794133567551593831379e-15 5.8020068680290605668706866e-15 3.4229677573494321837560182e-15 1.0131810870703254405355549e-14 1.0778812478151553810857877e-14 3.6757856231640073652044975e-02 -2.1486906488328096770379361e-02 
-2.7962415107595204460944061e-02 -1.3081211367204057666180361e-02 -1.6102633574248184457790355e-15 -2.3492815934664491682297402e-15 -3.1566196224087647596466237e-15 6.5339998793114262858907827e-15 -4.1915490601986803513892443e-14 1.8236731856161511384298163e-14 -1.4130541846254407083154646e-14 1.7615104683947071220319690e-14 
-1.4663089282468916296764405e-01 -9.6174142854704700034140785e-02 -2.0665255546922624495069401e-14 2.2840790393734696357755270e-14 -2.4782125425217691962111906e-14 -2.3284830507095485987553211e-14 -3.1148216377593590520334033e-01 -2.0429874832292632680363909e-01 -7.4951284189125184233026550e-15 -1.6132393052491209793077334e-15 
-6.6746306129977811314757735e-15 -3.7276616235549133323281929e-15 7.0852668977583158770091826e-15 -9.9426089424729182566108016e-15 4.0563690002130663170287761e-02 1.2938863883474864546752059e-02 -8.9892732401652894469457067e-03 -2.9533162988351711192303028e-02 1.9760475946819161684905496e-16 7.8617743472983075510033859e-15 
2.9766421344146271434673564e-16 -6.2160330970181140501837473e-15 4.8252269447567237709763299e-14 -2.2481893255348679642339145e-14 1.3220846192219823180196264e-14 -8.7732567235919431338554043e-15 -1.4665560966147550558957846e-01 -9.6190193035299215162936548e-02 9.5772336736554044865892501e-15 3.0064564385474141268930207e-14 
2.5723864783251260036745491e-14 -8.5212635515041551036575340e-15 -3.1143774819850339463656042e-01 -2.0426957829490735574218263e-01 1.7896478353684601621645475e-15 9.4893719073798098064238498e-15 3.7682038616810453037540228e-15 -9.6530898047226334222334023e-15 -8.6711052487399925805779209e-15 6.0803622040706063431688435e-15 
-2.8033559140170135476344271e-02 -3.2061503767278988485944780e-02 3.0680724013925974452687839e-02 -3.5276970990441537320836396e-03 5.1560434814610092734821219e-15 1.6845368661798891265721263e-15 3.4080828357787570124914762e-15 5.8725830903027378964365625e-15 -4.3920238136304598709264621e-14 2.6532653147832994716328346e-14 
-1.5335255760224897740785198e-14 -1.4960078576348143739431363e-15 -2.6648512817378594563777483e-02 -1.7335015963640929004263569e-01 3.2979292187977289548202828e-14 -6.1849701313470872562578904e-15 -3.5298837432298156494618602e-15 -2.2610330176461120971491222e-14 -5.6590649213632319980415986e-02 -3.6812637781244805790237251e-01 
1.0079119716684263423570761e-14 -8.2924424301146899841557738e-15 -4.4283383621409897853427995e-15 -1.9515329227476761412333856e-16 7.1438241783835398203336528e-15 -6.2359318915456954358072497e-16 5.0682281922739373658526318e-03 -4.2286327871731962946277861e-02 2.3151001309684351991968754e-02 2.0439731191978220692373469e-02 
-1.0080316443477142211905896e-15 -7.0407133312901876986369754e-15 0.0000000000000000000000000e+00 0.0000000000000000000000000e+00 
17 (band)
1.0735654898464317419382041e+00 (Ry)
0.0000000000000000000000000e+00 (Occupations)
-1.6813018589085304554942013e-01 -6.6357646463347674803401333e-01 6.2812722449805957758428576e-03 2.4790928217784932718892321e-02 1.8996650913886323038447601e-15 6.1588829218208817452258165e-15 -1.2409683972464530254953274e-01 3.3043256588586267241680616e-01 -3.7891089548238787720890741e-01 -7.6865834506805230663673001e-02 
1.6740459424029756278957186e-15 1.3340240294530888039462145e-14 -4.6487358667475803253310573e-02 1.7903108058183715700639738e-02 -8.3768021474277615245895845e-02 1.7683134512737286314632001e-02 2.6430197093974903271851318e-02 1.0431458441609285647810879e-01 -6.1960643655405140329816737e-15 7.4612619592794076290608324e-15 
9.5894567668934357948581420e-15 6.8464805013820408027343878e-15 -8.3265156990197791708752106e-03 5.0698276346455600771534478e-02 -3.1547698298211579448491193e-02 -7.6406929846604354494843392e-02 3.8063236272089639999904875e-01 -5.6896439982886071184964294e-01 -1.4220258516058986719698964e-02 2.1256263798036606482710908e-02 
-4.8732026835665615337203136e-16 1.1177359296615433288494360e-14 -3.2859624510865614865906537e-01 1.2888061889998514430999421e-01 -1.9641843010831366855839519e-01 -3.3301895373010975687222412e-01 -1.1620582061880711854649570e-15 8.1653107754509736426458858e-15 -4.4410716608470457433810452e-02 -2.2567322489442140365234479e-02 
-6.9192876918153761733876195e-02 -5.0419445174459176506331914e-02 -5.9835589815489857723473932e-02 8.9441545334161237645886899e-02 1.2366801624870717740935317e-14 -5.1688884648581578230327897e-15 -2.5631794704310305091441516e-15 -1.1407199483177315333737024e-14 -4.3247688223708349863905198e-02 2.7735961340685927334348548e-02 
3.5671884048365555541781902e-02 -7.4570724047310799065257925e-02 -3.8068578625461735320811840e-01 5.6904395961884601806701767e-01 1.4182229214813879547563147e-02 -2.1199401751331475862727416e-02 -2.7039609810921511839420893e-16 2.4973838511638302213096790e-15 6.1940153305827805318983792e-03 3.5294208995505493842159694e-01 
3.8271858823175441965958044e-01 5.4367115490261852528419695e-02 -2.8738775213963864753559647e-15 1.3895259699400356214215965e-14 3.7849863802685568270334215e-02 3.2441415177537388792039508e-02 7.3057703386745720397499326e-02 4.4758257635302098331742116e-02 5.9843538965955386799144833e-02 -8.9453241873429428787645179e-02 
-6.9707885092155978237075959e-15 -8.7623186919124632996043572e-15 1.0479084900330664242153471e-14 -9.4340827542131048881573311e-15 9.1290752078877820258062670e-03 -5.0551510102865626627988149e-02 -5.5303522895288094451959893e-02 6.1420784631312119739021682e-02 -6.7761058504044924255538263e-01 9.7860057613509784935068581e-02 
2.5243989348464973554442281e-02 -3.6457182956724822064931146e-03 -6.4049762812524745357507565e-15 -1.6648807267062945169437273e-15 -2.5814248258916000500207133e-01 2.4076740512464245291823772e-01 2.1568608048246284969451381e-01 3.2079403939433676073988977e-01 -1.0799103688409964881879402e-14 -2.2825795805742061167777250e-15 
1.2178325007063534046736208e-03 4.9835474238773803945523611e-02 1.5623277814348352290907407e-02 8.4241574302912541893917364e-02 1.0651985733407025314090077e-01 -1.5383485663661156106485350e-02 -2.3761823665259002130719411e-15 1.3456596399986434004329273e-14 -8.5965175631246432902032825e-15 2.6811706814144759368790314e-16 
4.3675636780103166412203564e-02 -2.7041337609010937526043961e-02 -8.2649818084233828141549338e-02 0.0000000000000000000000000e+00 
18 (band)
1.0836368432172438502902878e+00 (Ry)
0.0000000000000000000000000e+00 (Occupations)
1.0697967851950726170064775e-14 2.9100623687197426540633631e-14 -5.9036372094089431370465409e-15 -9.2497851396946454122250972e-15 -3.7444419592261690699075416e-02 2.9474362297144077182942112e-02 5.9575766008742171210361230e-15 -8.6282840425203016486025697e-15 5.8546795170778446346827084e-15 -8.3312088748251286156884545e-15 
-4.7330056912982094996511506e-02 3.7255721376907094399832943e-02 5.0320384874328153733409134e-15 2.6576067742709848411656565e-15 1.8731032771427069573557624e-15 1.6773205523200684275508339e-16 -2.9850316327421538845250666e-15 -8.3214263269471428876394996e-15 -7.8565999304179373607937009e-02 2.2058901607110256715138519e-01 
2.2347388333414913708097060e-01 9.8654052010546652851097349e-02 9.5929157994086024717636756e-16 -4.4658109050716661593802292e-15 2.4275907730265495956008947e-15 1.6238299517683873316318239e-15 -1.2015670477410506269124153e-14 2.3880920119594396037768130e-14 1.5949581206760643766553617e-15 -2.3911913670249734630660899e-15 
4.6958927012577374171531375e-02 8.1044287431303596580534077e-03 1.9967379161172396403699789e-14 -1.3823589238963738510797091e-14 2.6007721861333564000439172e-14 1.8704413403820998407210173e-14 5.9356386242715358791954827e-02 1.0244143444195830117138257e-02 1.5741471366899406990581677e-15 -1.2286290896292217415528249e-14 
-6.5466649084721914588609215e-16 4.5170129905250301846736308e-15 1.4877894803241121389068382e-15 -5.5652299934513381600601140e-15 2.1650050059650946532308069e-01 -8.9216946256537865700408929e-02 -7.6218966816176403344940127e-02 -2.3208590566430206680870185e-01 -2.4402938967369598408833365e-15 -3.4853252003041234828534083e-15 
-5.0205360831129926925909388e-15 8.4480355855894004976434994e-16 4.9572838934877860381559682e-15 -9.2359016317471247189911236e-15 -5.3115098336070919618008304e-15 1.2968780379472169236421203e-14 4.6952973923126320454635163e-02 8.1034489695576451817604635e-03 -1.0539345325877338380235010e-14 -1.9728987654557153962980473e-14 
-2.3127647106071164201677038e-14 -3.3150444986689679144504353e-15 5.9369751496881464913890625e-02 1.0246325463251083898175153e-02 -3.4287120285997191227678502e-15 5.7027601761462345839767765e-16 -1.0511175801781557660867092e-14 -7.9398557954519482449137574e-15 -2.3275526184548439916629760e-15 4.0374859319707315266485584e-16 
-1.7407380565432928332114670e-01 -1.5662342378943838738791783e-01 1.4960295665124467845430445e-01 -1.9311017030301622088295233e-01 2.7310136860611996562388304e-15 4.3538906017550704853366687e-15 1.9499289652195398947524331e-16 -2.6019629588925209763442458e-15 4.8692427713280208572911631e-14 -1.5139867192648609302817540e-14 
9.1643188184122068028436288e-15 -4.0304107309190543286110969e-15 -2.5395635744666612831910157e-02 -4.0315125332217885412156022e-02 1.2996143416238225238363497e-14 -1.2139652300354403982542223e-14 -1.0384188999022773909249428e-14 -7.0546595852018326383519286e-15 -3.2111614074582385536249518e-02 -5.0976453582270098152662285e-02 
3.4742942939723863126505610e-15 -2.3927541591805929412422208e-15 4.0144195529748736979005743e-15 1.4188721074833449123194595e-15 -1.0024143092404454209624655e-14 8.2731989768493652738779377e-16 8.4224210623122552129421470e-05 2.3416357445339269771622526e-01 -2.4361274090335852116062654e-01 1.8039262257832748559405189e-02 
-3.3071192024176931433266828e-15 -3.9390775025279905197448795e-15 0.0000000000000000000000000e+00 0.0000000000000000000000000e+00 