102 (index of k points)
0.001352917802064357126468064 0.002339958773753687045621197 0
18 (number of bands)
52 (number of orbitals)
1 (band)
-1.5509014907530209725905479e+00 (Ry)
0.0000000000000000000000000e+00 (Occupations)
-1.3408824551824188864301846e-01 2.9134819694794805711168806e-01 1.3852935626523937145959664e-02 -3.0099786150933064560186736e-02 -3.4037797511054849298210388e-16 -2.1883883286465537637189825e-16 1.1724046233386326010261769e-05 7.8105495783947287771753487e-04 7.0010540915280226187400459e-04 -1.2625122492202758492374493e-04 
2.3186778758312697017106939e-16 1.5660263361485347354963150e-16 6.9710036628238504149979171e-04 5.4731056847375902235652845e-05 9.7245245519398792327647740e-04 6.0142023011757438089031069e-04 -4.0946610306190215147759126e-03 8.8969177916157510949135556e-03 -1.1917043027702343928348264e-16 1.0341648125833523222212424e-16 
-2.8906220306367671927852878e-16 -5.7273541488092662445453038e-16 -2.5349660963756154297144008e-04 -2.3444332710853945170303980e-04 -2.4938585457585926707935187e-04 8.9809820836142702227267165e-05 -1.4016037402231407149599818e-01 2.8847616713501211815895431e-01 1.4480259808729436382668254e-02 -2.9803070775951914783696850e-02 
7.5660993894279365423613498e-16 4.1718397032969665666362241e-16 -4.6357059210124125503416082e-06 7.8112918947538870217961460e-04 7.0259587062818269764807866e-04 -1.1156163450102944689756868e-04 -8.6127082841051542460146219e-16 5.8774224342661135453918836e-16 6.9580127988076690640634192e-04 6.9318021994110623528254078e-05 
9.5964398531552148885470643e-04 6.2165383635563687889091788e-04 -4.2800859918322034861071224e-03 8.8092144399471595389572443e-03 1.3694934493695197475524714e-16 -2.4137022574610047740193027e-16 5.6361565259704553994105513e-16 3.6126734566784913557247099e-16 -2.4853120304702382495354307e-04 -2.3970074225028274728099831e-04 
-2.5121199511323870920756485e-04 8.4567380778237383328818644e-05 -1.4070429563729469624178137e-01 2.8959565319148861117781735e-01 1.4137508756073216206750054e-02 -2.9097628944162498565439989e-02 -2.7856302062440118832727183e-16 4.0184474805206233575520283e-16 6.4688387525306794562096613e-05 6.4989312585746325176550009e-04 
6.7290189983956749664173458e-04 -3.0649634172631723405544335e-05 2.1071744965692885776639670e-17 2.4984455135361163726018265e-17 8.7153329192653586094535756e-04 -2.9839977135392135604990971e-04 8.5258008984987788958509469e-04 8.3158455954470940699185810e-04 -4.2812118203916825834309812e-03 8.8115315859571777951098071e-03 
-1.1490626084398065828182800e-15 -6.6481113827790938749407033e-16 -8.8484749030022515618492960e-17 -3.6365678186047318979359695e-16 2.7214487739302584308476174e-04 1.9444141772213601945806793e-04 2.1322859772848114386610552e-04 -4.4665024035216247672019918e-06 -1.4673827062503586038388903e-01 2.8658545164081206113593225e-01 
1.4743782929673619752630742e-02 -2.8795173708849635535456102e-02 -6.3620792636329454325872339e-16 3.1220890032381024356171402e-15 5.1063865578619761537333688e-05 6.5110532492987089996094863e-04 6.7339619884512790567304696e-04 -1.6550718080418432725554878e-05 9.2905089942468967337240188e-16 -3.1611891851718214461069827e-16 
8.7759136357511927789554207e-04 -2.8008231121286935108583016e-04 8.3497771193264173038295350e-04 8.4925726953406603658702778e-04 -4.4648076741598948999345531e-03 8.7199401359244945591830955e-03 1.0465601737082678365192083e-15 -3.9375788685965570483097961e-17 1.1359236320945032718803669e-15 -4.6580049771429969045871071e-17 
2.6801311771209234899315810e-04 2.0009814579856829443692268e-04 2.1327537254235622390420579e-04 0.0000000000000000000000000e+00 
2 (band)
-1.1664118806580967557806616e+00 (Ry)
0.0000000000000000000000000e+00 (Occupations)
-4.0493675177824201005805094e-01 1.5293727658184059353674300e-02 1.5983356633048256822959843e-02 -6.0366275563077586782667616e-04 -3.8525356984729437340958436e-16 2.8894134979718876295103559e-16 8.6772214977120371015573141e-02 -1.8161914188948892479036346e-03 -5.0042858541021577323260061e-02 4.4169780067316415095302062e-03 
8.2861451678713010885033570e-16 -1.9569588846203831284499326e-16 4.4601711059646206858353423e-02 -1.4267107689340226620022811e-03 -2.5765406360942596369900670e-02 1.4190179658787466232539032e-03 -9.9930622945035053883433562e-03 3.7741997139020149777677293e-04 -4.7500464271618790279019242e-16 8.9841294462267587385820346e-19 
6.0134244915233038010268915e-16 -1.4297335157983883929763900e-17 -7.6277896014717546172012597e-03 3.8356556507451820131615605e-04 1.3258107088227152892123684e-02 -4.4576881487679628074394245e-04 4.0516823012306407703064792e-01 -6.8100180098830129585274484e-03 -1.5992493377735277071405307e-02 2.6880019669180458229129638e-04 
1.3048542597486954554016158e-15 -8.7034629728296272882783134e-17 -8.6791219839718394823968595e-02 -1.4270619746805128166822207e-06 5.0124385523201427095063565e-02 -3.3679907348391682070376518e-03 1.1954110368198849939597269e-15 1.1580758203449292720209127e-16 -4.4621807943342618740789618e-02 4.9233010725235285681700148e-04 
2.5789473251614854210078676e-02 -8.7911679336704837139926383e-04 9.9987747383173865983740924e-03 -1.6805829048234803731187714e-04 1.9958042880329768860107666e-16 -2.5846381603189419379124404e-17 -3.1909499039443125441796241e-16 -7.8400744807733018022186344e-17 7.6341494922773853182285109e-03 -2.2373707020768764802687301e-04 
-1.3264534843936380548168330e-02 1.6801420493675069643690900e-04 -4.0425388881600560209150785e-01 6.7946411493269688944285356e-03 1.6452119179164302609219561e-02 -2.7652448586651346904008442e-04 1.1172516905093858791640717e-15 -7.7137310668698085263413891e-17 -8.6586899134098282981852890e-02 2.9135883201168526722424357e-03 
5.0119419007532285681438822e-02 1.6797250277539137186533225e-03 -7.1172419702098668788006611e-16 7.9257036675872718953521825e-17 -4.4753460312537352017159265e-02 1.0113924677698608867171259e-03 2.5885633103690110223826792e-02 1.3188651105965933096886289e-05 -9.9632026812100198120969452e-03 1.6745996953166421847628009e-04 
1.3099435667165378526021507e-16 1.5951824569868409225411583e-16 -5.4332349479650256463689370e-16 -1.2990197504736004343917902e-16 -7.6177513237062196779780798e-03 3.2925814808003675548953026e-05 1.3228646599933398253501338e-02 -2.7710064430691339109127935e-04 4.0430752548578741123463942e-01 1.6729037059775324000621133e-03 
-1.6454302049417807163322891e-02 -6.8083348309095275763605515e-05 5.1446534032987100963444960e-15 7.4581992879264352419139877e-16 8.6628926786238777402182620e-02 -1.0996101241684970960255097e-03 -5.0073249483902716738814576e-02 -2.7289785533585069789153099e-03 4.0438395559453108911855583e-16 2.9935591279745883186402996e-16 
4.4764826144848092470684975e-02 -7.3924895683345477441494875e-05 -2.5879679754319206974599865e-02 -5.5529355596643196080891558e-04 9.9645246032162518995400902e-03 4.1230331118637862609574429e-05 -1.9819984995156383538872478e-15 -2.7322812333232605375629201e-16 -2.5831122958374149601808667e-16 -7.5679346012330012823678708e-17 
7.6167701711968693184529045e-03 1.2661555313951344749374972e-04 -1.3231548497174056358560712e-02 0.0000000000000000000000000e+00 
3 (band)
-1.0956533397997705314708128e+00 (Ry)
0.0000000000000000000000000e+00 (Occupations)
-2.7640098869527313096838839e-01 1.6792846967597755553081029e-02 1.3609876385986492686175353e-02 -8.2687314177209373516896918e-04 1.0783869081131247059556169e-15 3.0804580547125013405407351e-16 -2.1300181877161875054760287e-01 1.3425051945788787910451845e-02 1.2322106585975985126868437e-01 -6.6491396902938907156888071e-03 
-1.1262462203495667490645248e-15 -4.5777032522009533041049834e-16 -4.4638265039086147401015126e-02 2.6769334071995824764211847e-03 2.5804061671469456090699524e-02 -1.6284068821320282251241540e-03 -1.2700376883833162239278991e-02 7.7161606255548534794713733e-04 -1.2683780482276495094006558e-16 -6.7623097089295432451147541e-17 
4.9357144798092301080948706e-17 4.0926184120037175656083811e-17 -3.5854276474376368943897120e-03 1.8921026969850158160058040e-05 6.2001885396393563443240282e-03 -4.9120757863068157875185982e-04 2.7669205224311710367146588e-01 -1.1000658457902099882086411e-02 -1.3624208239701670469790074e-02 5.4166804902094824875069534e-04 
2.2767806167859497108206693e-15 -1.1854530746526064175488175e-16 2.1323625702765389156034814e-01 -8.9613340858583426240535630e-03 -1.2333329051902008899332941e-01 4.0671341246300857924511618e-03 -1.7170674562125572867942802e-15 -3.3881766080217251745757638e-16 4.4684536593322499165026329e-02 -1.7415130222475157673739377e-03 
-2.5832505194991133012916151e-02 1.0876502514273755656964981e-03 1.2713750988878056921715931e-02 -5.0547020905044790211463335e-04 1.0031020064925832121390986e-16 2.2835275279905154890357631e-16 9.6590924668372207470200594e-17 -9.5904225575112800006553217e-17 3.5850375559955465973316358e-03 5.6170653970723629158645629e-05 
-6.2091158111957202650477150e-03 3.6125289695139407505908302e-04 2.7469236679174641180267713e-01 -1.0921142372994289970744575e-02 -1.4350026001651213988785649e-02 5.7052441518168611062078455e-04 -1.5370610501533634161176619e-15 -5.5868468378248991007060419e-16 -2.1199008947353553677928062e-01 7.9712715447934085616354949e-03 
1.2252662712422111856991336e-01 -5.6617553339995997652156490e-03 5.8416373578959674314409828e-16 3.2236179094711562191248475e-16 -4.5571479081709206915284938e-02 1.8304023600058207978114044e-03 2.6350231369544778459168555e-02 -1.0154866462639394047995367e-03 1.2667697510387959658473278e-02 -5.0363893467961966341622793e-04 
4.2137817959954500496132415e-16 4.7569382707318123191943554e-16 -5.9120214133054578613425513e-16 -2.5235475358746988375494299e-16 3.5556863772600345863228455e-03 -3.4378557158898305663730088e-04 -6.1949554827250572289210062e-03 1.2976581865345904361064289e-04 -2.7486083736556865542155492e-01 5.1660243024668562120127469e-03 
1.4358826965656523375058917e-02 -2.6987501991614163939295357e-04 -3.6978741609407122068481470e-15 -2.7277042987945555979117070e-15 2.1211053425943354744376279e-01 -3.5299378487951850978665558e-03 -1.2261832586759739693871296e-01 3.0945095456231825475912345e-03 1.9951763057520306509205381e-15 -2.7495848554836828808100275e-16 
4.5599817558049884902438009e-02 -8.7562387298205802271811038e-04 -2.6365719076094910888752310e-02 4.6342632395181856778954010e-04 -1.2675466693030032483413549e-02 2.3823623814736661426401387e-04 4.7121977264379256462001017e-17 9.9074521446593714894050167e-17 -1.5498673775024489761085200e-16 -3.9582386538870841670940199e-18 
-3.5621062582691506367971179e-03 2.6924549665337585684782296e-04 6.1963144368786934532145061e-03 0.0000000000000000000000000e+00 
4 (band)
-6.7955154353119007204497848e-01 (Ry)
0.0000000000000000000000000e+00 (Occupations)
1.0984010427256445801511642e-14 3.3932811817097254296951885e-15 7.9280288275996609204684002e-15 1.5139894681638764181617920e-15 3.3816094764051551901928860e-01 6.8252158112593150351976590e-02 7.7213651617684726772440975e-15 1.3990433244711075586506260e-15 3.0527799791790579773723497e-15 -1.3988144289374252022431566e-16 
2.5117098419955279781090596e-02 5.0694682527654159540086987e-03 -1.5411783052289974838475859e-15 -4.4826154556573852900913260e-16 2.2942364325724180559706796e-16 6.6346076266369386187386248e-16 -2.6429943718727697729550420e-16 3.4053793836568739999403460e-17 -1.1273528683204594568606494e-04 3.1783436230539870159805815e-04 
-8.7250973513147245079479841e-05 5.7145902931470785209022711e-04 7.8611932168906821225494601e-16 -8.4124077905249709224468339e-17 5.5259366115186403054945744e-16 6.8783035755537819464123053e-17 1.8426743839660038248663572e-14 2.0838581005379935235388655e-15 1.0622792182492111389341801e-14 2.0434604818968805262542456e-15 
3.3665741800355331037053475e-01 7.5319097839376791814203216e-02 3.1105446164963001349490603e-15 -1.6995581215528980281389217e-15 -1.9981264087775095957907897e-15 1.7550860544165503966355559e-16 2.5005422892485282965191473e-02 5.5943692559138214620562124e-03 -2.8209662110729038388057471e-16 6.0378519276307246399213821e-16 
-2.1338004204959359520019151e-15 -4.8214073658363407334192684e-16 -1.1300247097857570231174986e-16 -2.0317041567501580788795803e-16 -1.1936678278763279107028972e-04 3.1540370626521212812226613e-04 -9.9199572870886263895040535e-05 5.6950645238376630327681305e-04 -2.1707913402024390369486443e-16 -2.2959737876784620514406934e-16 
8.2667784751013000714248875e-16 -1.4913684543990361936021209e-16 -9.2770017327157131837892982e-15 -1.8908519583467841921327882e-15 -5.0297105810368899477413692e-15 -8.0356625528850116861267479e-16 3.3669180096759371290104923e-01 7.5326790858727538102712629e-02 -4.7048460518326286450352424e-15 -7.0044756913657292121041817e-16 
-3.1751720190101644652337414e-15 -1.4271013980381445423925535e-15 2.4971141522745959884233002e-02 5.5866995702158542269621933e-03 8.2657878709867503563726356e-16 5.5252594694784486262752069e-16 9.8327873554756149993661103e-17 2.6300311615876435605151554e-16 -7.6706931837546366566677273e-17 -4.4601613206825702217960309e-16 
-2.6930024607188792298319291e-05 3.3614592068790106853259925e-04 -1.5267028254850644256035430e-04 5.5765033864099916929846223e-04 -4.1917133437859984031104289e-16 -1.3963338572448287382749077e-16 -1.0199750551266541455720345e-15 -4.6732067605316406334470369e-16 -2.4903272857330309266971837e-14 -6.1521866439758898266993851e-15 
-1.0161368827115084293890026e-14 -2.4210039417864573403309378e-15 3.3504043360930263473207447e-01 8.2361411515151750073471248e-02 -3.8151198261533205486108091e-15 6.6637720872488651721671215e-16 4.7656593981690730930263699e-15 -9.8993802932936578091576103e-17 2.4848665930611090607582625e-02 6.1084304453629034367678763e-03 
1.1065321988219384493850577e-15 -6.7226737003387142560529441e-17 7.1155974093307278140971622e-16 5.2450164256078571968830695e-16 -1.7948957648816543090281287e-15 -2.0762480083484371381166973e-16 -3.3963827422133474316732343e-05 3.3550821844955227082896165e-04 -1.6431534697008658824600447e-04 5.5433075154626425436188430e-04 
8.2548527197548874305955516e-16 -3.9107848191972184479163471e-17 3.4111296855258212818617404e-16 0.0000000000000000000000000e+00 
5 (band)
-5.9556288789694844520994366e-01 (Ry)
0.0000000000000000000000000e+00 (Occupations)
-1.5446661943707010525295154e-03 -9.8420520941304850959241435e-03 -1.9238186356850071195845331e-05 -1.2258196902085495560985606e-04 -3.8733122745813288438963143e-15 5.7771619772379780986854467e-16 2.2003156804331577833799827e-01 -3.1685194788954193501062662e-02 3.7955256938537607069861224e-01 -6.1212904058644421190216178e-02 
4.5727999656085242263799043e-16 -1.2338895814193002447359355e-16 2.7179341379265541805976270e-02 -4.0539356855908998539250732e-03 4.6933638178036488075584032e-02 -7.4881145656980115793421859e-03 1.1423877464096163225626412e-06 7.2695946673100378387921694e-06 4.0123921097047434346120233e-17 2.7141558714889801494838618e-16 
-2.3929103954546391707700437e-16 2.9351849924367275017611796e-17 1.1730096605267676876382943e-02 -1.3880823869111202310128172e-03 6.5925148309145505456929648e-03 -1.8212337432205573731214265e-03 1.3382110360824956730996238e-03 9.8722426174853699504252447e-03 1.6666804029693768618436422e-05 1.2295797894686794071716918e-04 
-5.0590260564785205883811206e-15 3.4918071250961917855735423e-16 -2.2064687613767955398635934e-01 2.7070252217037064912386057e-02 -3.8075127357372784420164180e-01 5.3250729782154740399313653e-02 1.5738866883703695900823163e-15 7.5154573469054215177603156e-17 -2.7258279723861564280973369e-02 3.4838454112429894857227985e-03 
-4.7080164094948348529889870e-02 6.5035683411521130053989381e-03 -9.8989429773142269264329940e-07 -7.2919246888961813946039570e-06 4.6008259135202643814997187e-16 -2.2225667670625978617190263e-16 4.2206226104055283077874086e-16 4.1002011310366159254351377e-17 -1.1756593805423055584813419e-02 1.1421213491506826062660274e-03 
-6.6292100252211055497197911e-03 1.6827711029015282335336012e-03 1.3369080349892050428584067e-03 9.8634141437453099615639829e-03 1.6348916580778520557526434e-05 1.2061346022232584396238764e-04 -2.0330797106066742164230019e-15 -1.6411321644100080797813804e-16 -2.1993277061653779269612130e-01 3.2657218829201140053442032e-02 
-3.8126203158850835439608318e-01 5.0033723206226773938531949e-02 -1.2637756620452540211201035e-15 5.9999298034946771704491583e-16 -2.7172682590017292053596876e-02 3.8894788820438008780655537e-03 -4.7060278184146667190823621e-02 6.2596355949613166971823297e-03 -1.0040451767797018930473973e-06 -7.4168279121640079236399412e-06 
1.0074869028071056150303302e-15 2.1962465618112451188510678e-16 -1.1588582740987841757680958e-16 4.4476405806870748944522563e-16 1.1645701729081933337162091e-02 -2.0300324887284385520780372e-03 6.8433227322255187063948512e-03 -1.4334717644611948313138061e-04 -1.1300510684869504579586064e-03 -9.8892490234441521312902523e-03 
-1.3819393252901580881886190e-05 -1.2092939357348855833329537e-04 -2.8962120730375254837280237e-16 7.0726258323528631148614482e-16 2.2056845691440676859862435e-01 -2.8044132133545375540339961e-02 3.8222624176418651398279280e-01 -4.2038200433605045491791685e-02 -1.9739165154562011922472748e-15 -5.6381369016624534705202693e-16 
2.7248178271556722923607552e-02 -3.3195641269498131833981525e-03 4.7181049004412972669442183e-02 -5.2727066479739482032784714e-03 8.4849865115235548319687613e-07 7.4362284151383462133476886e-06 -4.9662202640485290437565405e-16 2.0584684325844256052349124e-16 -3.2547214927551428498278921e-16 4.5665606459574920550857809e-17 
-1.1685661426999668227599827e-02 1.7856980936349407893676267e-03 -6.8448239152218764633217596e-03 0.0000000000000000000000000e+00 
6 (band)
-3.4625323539971458730590825e-01 (Ry)
0.0000000000000000000000000e+00 (Occupations)
7.2496103119020264236860296e-04 9.6542202091580084366562176e-03 -3.9808474964704213374180886e-05 -5.3085592992178909366174366e-04 8.8189074055843639335386557e-16 1.0025744493372456365120433e-15 -2.2973259293659153978950371e-01 1.0549749906332934676345126e-02 -3.9614504444142939476591891e-01 3.3619506302629380278812476e-02 
-1.6510051406034342861448556e-15 1.9247752652849975030093836e-16 -3.9695791745442444986569086e-02 2.3740590084742707426002095e-03 -6.8545447020396998993874149e-02 5.4976586235184737166958868e-03 4.0753394519396617535610811e-06 5.4192725609738417492933227e-05 -8.8686961219935941276099812e-16 3.9931199348123800849959886e-17 
6.9546170417932813386533694e-16 -1.2377922276063984395354056e-16 -4.8701096529215129327106126e-02 3.2886979847172280455591675e-03 -2.7975936781786382018255566e-02 2.7402650947762835845211704e-03 5.2261930198622345410813805e-04 9.6672853174441814722017696e-03 -2.8682336534644045297759440e-05 -5.3157319024041069233099677e-04 
5.4089316732932826769992557e-15 -7.8344110884062903817612654e-16 -2.2990314607478484765223925e-01 5.7362797501534024471880890e-03 -3.9676223710402225286486555e-01 2.5315897134755266373318250e-02 -4.5481840384746973487821181e-16 2.2197632020902613251021490e-17 -3.9736804342912684928634803e-02 1.5422123998493847754631680e-03 
-6.8645548146402488032258304e-02 4.0609453636830973588534022e-03 2.9395188469322084063098388e-06 5.4266187719652287161069965e-05 7.5495061642324564643771359e-16 -1.4793332234857180194524153e-16 -2.7456929941927538086927871e-16 2.8391887359885752166639184e-17 -4.8759288868013152262737009e-02 2.2680579067100130330469909e-03 
-2.8027188978745173203455110e-02 2.1537802947017106215688020e-03 -5.2252528788554214889822136e-04 -9.6655617297527456760475317e-03 2.8841893049671367237063446e-05 5.3365655287467093220721281e-04 -3.7664581780614630752816818e-15 1.4886306047449249643627277e-15 2.2929879878960995887027252e-01 -1.6711893686767793909542235e-02 
3.9708641864726867964918711e-01 -1.8969259206547361279460162e-02 6.2864752576326031908371896e-16 -1.4125921732250173046468222e-16 3.9718882525005404227069761e-02 -2.3394347336599882747343315e-03 6.8713674137784425122177367e-02 -3.6031729760849229293739882e-03 -2.9101369182662340770505541e-06 -5.3961790845036641285636936e-05 
1.1615631624406211345405897e-17 -1.8189034969217527732147074e-16 -2.8409151895890118511971727e-16 -8.5587732607187834239656930e-17 -4.8693739707725558485407191e-02 3.1677869978834604508532991e-03 -2.8102030003954277942446183e-02 5.8865361332355553396211700e-04 -3.1999043731600673506551558e-04 -9.6743848563175926374979596e-03 
1.7659507946201540365405158e-05 5.3414353220836326141540695e-04 1.2727683299408497071777045e-15 -1.5679729482093695395775101e-15 2.2959849726845404926933725e-01 -1.1906156769795797623068268e-02 3.9739659322489084836149686e-01 -1.0649148426074856593759321e-02 1.2199063972014946335249661e-15 -3.0406622475615783640108722e-16 
3.9759164942180062751742042e-02 -1.5071121419097002584741585e-03 6.8774063254918568754980868e-02 -2.1633521253305539912281663e-03 -1.7794081983776980774084302e-06 -5.4010901441917238746323604e-05 -2.9783036831410394417210024e-15 1.5581944517665244471606313e-16 -2.0664898366699319681446934e-16 7.8895646789472876538332654e-17 
-4.8749401491340216274750219e-02 2.1473275072987144107550250e-03 -2.8108194595521721753650368e-02 0.0000000000000000000000000e+00 
7 (band)
-3.4589683778548019343901387e-01 (Ry)
0.0000000000000000000000000e+00 (Occupations)
-1.1069934085042312191943248e-03 5.9117323855292433498753724e-05 -9.1860202975303480513180610e-04 4.8704172229069656041566816e-05 -2.6260773080209962806046828e-14 -5.5689842045381748472754705e-15 3.9839811567948824055918067e-01 -1.7247288754261357740515948e-02 -2.2989345999087443250807894e-01 1.8914324812264012715123940e-02 
2.1590547866781684308261672e-15 -5.1675602175438204930852401e-17 6.8140078614395055423003100e-02 -3.2675307078611839917137161e-03 -3.9358678884616367377180524e-02 2.6876464332917142721623982e-03 -4.6377632035029036164115041e-05 2.4622353734656769047584035e-06 -8.9777936458221895129881189e-16 -4.2006806609406842207740303e-16 
4.9568403567834589373890616e-16 1.7335295146621948480060491e-16 -2.8253769506562158297935383e-02 8.5018321721848561824119717e-04 4.8993959987907710618149082e-02 -2.9720914145624291458069877e-03 -1.1079886863650386611551690e-03 3.5921237681065323887885654e-05 -9.1942054837357810315179307e-04 2.9455741187981929196659792e-05 
9.3998512669233474675056810e-15 3.6304000648807612807493416e-15 3.9867194035206027225015646e-01 -8.9000855203617626476564340e-03 -2.3023915228807317889803130e-01 1.4095651221188044283083585e-02 3.3727052080169713239195980e-15 1.9397364127845703259627026e-16 6.8193564369190662333153341e-02 -1.8397959472944503192537447e-03 
-3.9406332696023761708037370e-02 1.8627910088413277694963099e-03 -4.6419025820793546020792686e-05 1.4904355213646736794119718e-06 8.3148135064881206933973069e-16 3.4817591026315799904569099e-16 3.7600576185005064093658854e-16 -3.3467017756894988506662891e-16 -2.8265377881922858910312968e-02 2.5829445375493342504369387e-04 
4.9045457589180774249371098e-02 -1.9453875040886772947168470e-03 1.1344888725385736307632589e-03 -3.6770766790151544756160007e-05 4.9082220228240439324068900e-04 -1.5714630629578944798208084e-05 -2.7416855889616551587157733e-14 -7.0892666379449486460790371e-15 -3.9615232586569903983075847e-01 1.5202692341282084478870651e-02 
2.2925419889721829203033110e-01 -3.0225530560882788583265679e-03 -9.9903125556778772042175018e-16 -1.3864969716983291775922316e-16 -6.9873565376199320287042838e-02 2.3520472779796990601963724e-03 4.0411561938991223674744191e-02 -1.1021297804300715650338560e-03 -5.6487886792009700618472090e-05 1.8088103612350179150852769e-06 
1.5999351404415641111702846e-15 1.5355795899122441757561394e-16 -4.9270228139824262553137185e-16 -2.1674029616590155396592570e-16 -2.7918703250990755532212617e-02 1.8326271963998047066779495e-03 4.8560706807307722765454372e-02 -1.0172018008539960957914428e-03 1.1350101292268047030453726e-03 -1.3003760036363418844951312e-05 
4.9104365926168065496770776e-04 -5.4321795047017232098418571e-06 3.6792466821113664378678098e-14 8.5509111625969053800069433e-15 -3.9638382428052604256052405e-01 6.9029697944077003310403562e-03 2.2926721923815335246743530e-01 1.7792475325911203710982367e-03 -2.1107387229721954650123151e-15 6.8447805384624535612024578e-16 
-6.9907498510312249262454998e-02 8.8820989043468154787441815e-04 4.0425780280280355916122659e-02 -2.5557216697181259559834565e-04 -5.6513378925727769577086468e-05 6.2542061631082309009122986e-07 3.1666197595857366118882547e-15 -2.8971242034810512470691109e-16 1.2398939020019591808868160e-15 -1.1282167550573285246519927e-17 
-2.7950959866245888435498657e-02 1.2475400649480362057219818e-03 4.8571359309050009256392144e-02 0.0000000000000000000000000e+00 
8 (band)
-2.8723075228490901888989129e-01 (Ry)
0.0000000000000000000000000e+00 (Occupations)
1.5407107932083579637689957e-14 3.1892037628820586949956037e-15 8.1856728684897169459603381e-15 2.3038495087564619978707374e-15 4.4093336272998184810489875e-01 1.1752201085235221278413320e-01 1.6610568810443953422080636e-14 -3.1931574926378874246346284e-15 -1.4595810080034639672062749e-14 3.7742374330217297649328586e-16 
5.0644457690858079440543449e-03 1.3498271470390121005988870e-03 6.9135560086943076033110085e-15 8.9803151409704776301328821e-16 -3.5087871788026137503524818e-15 -1.1167358501540038282547570e-15 6.2249617958364883391341396e-16 -1.3385983418482239913707299e-16 3.3366314110227113243212216e-02 9.3163525930863647084301249e-03 
-1.9534800899368740673134326e-02 -4.4746170593895542161311241e-03 -2.8211571564605889751110114e-15 -2.3229212631847276728929753e-16 2.6824327292671817326037498e-15 -4.1184858617284756436080069e-16 -1.6245135486392851824239033e-14 -1.2100861300841387341049933e-15 -8.2329308467350286587533808e-15 -1.6094663982856714990630751e-15 
-4.3837546346050004775207753e-01 -1.2673044795525573169570066e-01 2.1344687500281470893222942e-14 1.2386674923464735941972829e-15 -1.7573098569384373131734275e-14 -2.1865075537137119563134344e-15 -5.0350664055551497266804972e-03 -1.4555928574009552659007660e-03 3.8763350923792639406044638e-15 -9.5986624373102931649807805e-16 
-9.5423323997629190468726235e-16 5.1847279108102817542882218e-16 5.9928769854787583205978178e-16 1.7016239514023964955319517e-16 -3.3163889358392664719055176e-02 -1.0013080722995571988920283e-02 1.9436807285451461468905876e-02 4.8827417046566033709265042e-03 -2.6384775984130941419123856e-15 -9.3388740437993846579890153e-17 
2.8210993467886755897245504e-15 4.1197484720745293670838579e-16 -1.4419414960488284037916403e-14 -5.7490830807214560615773143e-15 -6.7535731471962337592481693e-15 -2.4442496496113939956015207e-15 4.3835182587721549518633424e-01 1.2672361823714420325792673e-01 -2.1093367623610424932322405e-14 1.9009095652964768427617412e-15 
1.3783475359319998482387687e-14 2.1905525347165157386858520e-15 5.0550807532593299009615606e-03 1.4613789980569814007382856e-03 -5.5841537423208823736797266e-15 -6.2411365184698570708130510e-16 3.3267319266271790219212649e-15 1.7985038176183197090076990e-17 -1.9119873329254451308090320e-15 -2.2108029990031788962277050e-16 
-3.3385699324504643226152467e-02 -9.2258545189770196914835765e-03 1.9040883249002698435203840e-02 6.2407461959705558957045568e-03 -7.8705878315229659495954787e-16 -1.0298356273051674145384854e-16 4.5149423034350478123032265e-15 6.5240950544457614664610600e-16 1.8080441532463942075402811e-14 5.3179386087207421778015602e-15 
4.5516118738578211899904766e-15 1.1614724689869721069419327e-15 -4.3560178885599326603639270e-01 -1.3587597364678116740321911e-01 -1.0616067877184048334881795e-14 2.0412544100117305412867842e-15 9.2621741303292638694579599e-15 2.1031778443779074291737043e-15 -5.0233672779347593451149123e-03 -1.5669241171622748116237789e-03 
-8.5445131429093796660634072e-15 -6.0932912997167125732600023e-16 4.3717724757456818025257138e-15 2.4997285877194613527738544e-16 1.8423400558864195951878536e-15 3.7472433520578374612825804e-16 3.3185165569843015631601446e-02 9.9230084699064476094765297e-03 -1.8906010941444915951503702e-02 -6.6381396691113361482883271e-03 
-3.3821634416610234412744922e-15 -2.4060084614965999928029280e-16 2.8096518228277569908158445e-15 0.0000000000000000000000000e+00 
9 (band)
2.2409912356953824719152379e-02 (Ry)
0.0000000000000000000000000e+00 (Occupations)
1.5615832954673295457661929e-14 1.8010604130191454647496994e-15 5.7128236424910071270569836e-15 1.7445098852262414051551212e-15 -5.0839721387265945917732779e-01 -1.1006769882677534810877518e-01 -4.8941670997617302212427656e-15 -2.9489694663794064891825680e-15 -3.0644278155957891501938495e-15 8.5905266485337406809602462e-16 
2.4343326740348496250998522e-02 5.2703160409142187775577426e-03 8.2922539269362140081791158e-15 1.7665176471621152821249216e-15 -2.0147149680897968325391998e-15 -7.8609408415427580569391171e-16 6.8706663992636619821049630e-16 -1.2655790322982079248901891e-16 6.8157042753808627644218632e-02 1.5084461119330568393270831e-02 
-3.9563840888609799750774698e-02 -7.9973853394442913355977254e-03 -7.8491919049104263267098408e-16 1.8437753727010044212451671e-16 2.2153793421394605786131848e-16 -6.0381772599614883374235663e-16 -1.4635949450784553737844986e-14 6.2419935389213388535182285e-16 -3.6666361876361907747999635e-15 -3.7117133051484290259781551e-16 
5.0598062999815140994286367e-01 1.2069062708092979929741517e-01 1.2077179972653281939892089e-14 3.3452624268032494588660988e-15 -8.9738630459428478225080963e-15 -1.2932291094208256946817762e-15 -2.4227614675087244533457920e-02 -5.7789683434190794106277700e-03 -3.1176283494331738948569204e-15 -2.1050994981564962785839667e-15 
2.2908001072486894752970953e-15 1.1255233904703705186763665e-15 -1.5621271839100187762735931e-15 -4.2076720476593160030597601e-16 -6.7826189669584965868942561e-02 -1.6508526254950063594240106e-02 3.9387679282775305000807720e-02 8.8241939486862399494304654e-03 -6.5995869402013971535314039e-16 1.2842645991546807607486825e-16 
1.3670825238794266920067690e-15 6.8642077137206870976501523e-16 -2.7367098967917468253358735e-14 -7.2994364420751727562484163e-15 -1.2515056512848572108414695e-14 -3.0503760893457380849176959e-15 5.0599276661324232851058014e-01 1.2069352692956540618052230e-01 -4.0463154879819603587226927e-15 2.0089137873213181208301248e-15 
-2.1619400404310006388989793e-15 -3.5545104912179497236664226e-16 -2.4249853223512193162170192e-02 -5.7842729622399257846665499e-03 -4.8572941435643935834691806e-15 -9.5711276179751579592207530e-16 2.2145766216247848603376864e-15 -1.7722742015584728017249092e-16 -2.2086737192567736874439448e-15 -1.6367891919952999725118580e-16 
6.7979271976937580279631845e-02 1.5884846732784618783540509e-02 -3.9132340998107979779252474e-02 -9.9051357691848380265797758e-03 6.3697528679089836468150008e-16 1.4685869940683258023133059e-16 2.5714517422403488846933299e-15 9.8542706222872459601161683e-16 2.8035503950835646441253073e-14 6.1306773384899294650016669e-15 
8.9889218711889299316688093e-15 1.6975489599509743985125224e-15 -5.0335417952003802533056387e-01 -1.3126376981993506665169491e-01 1.7630824765225948235214995e-15 1.4744655667636266796781702e-16 -5.2650963037813644956784424e-16 1.7121278069290487815323246e-15 2.4123398156887371907020068e-02 6.2908549838614109817047648e-03 
-6.0429182251432408821342712e-15 -6.2788911215297534961686610e-16 -9.4854153669459583956764526e-16 -9.9714125944248422802763867e-16 2.7694369649451525199512560e-15 4.0728003436952676195971208e-16 -6.7631695869197566706176872e-02 -1.7305013380361049246669580e-02 3.8916321116802189694627856e-02 1.0722489325346782479408958e-02 
-3.0750974240437825338988786e-15 -1.0902245968750295371281546e-16 1.1334767601917301008740257e-15 0.0000000000000000000000000e+00 
10 (band)
4.4236309347359525911969058e-01 (Ry)
0.0000000000000000000000000e+00 (Occupations)
-6.6299485400215163455328593e-01 2.9766354245597745342699625e-02 -3.8415025665818032865606035e-03 1.7247178380794259133779178e-04 -1.0425730165996945723094671e-14 -3.1501531500725818549180511e-15 2.2398795663352327744988202e-01 -3.5885512614106107598388462e-03 -1.2883658656716259760521837e-01 1.6970815456357955103294799e-02 
1.4112309743662386933329926e-15 3.7745254987517916447054365e-16 -1.7165572039585047514620442e-02 1.9383586070404884571516391e-03 1.0045549006858970828015565e-02 1.5685661995686606129396523e-03 6.0731591528051076522842777e-02 -2.7266543797287122463668396e-03 1.7079202454367665542696578e-15 3.6462990778074163091896399e-16 
-1.2682814822624032808203618e-15 -3.7352614847269949676252044e-16 6.7713859112803795325952194e-02 -2.4298959489413513371247610e-03 -1.1755840626707816931606487e-01 5.6293079603235395003135721e-03 6.6347282776355309685811790e-01 -1.5875109380589412511053382e-02 3.8442720380967563588436864e-03 -9.1983598171552129890704563e-05 
-9.5272034938274174671368189e-15 -1.9277415659411301475066856e-15 -2.2401398532046948308682488e-01 -1.1030856033478596972541297e-03 1.2916374051769674569101198e-01 -1.4268943584124629819775976e-02 4.2347639747351694170037014e-15 2.9113476108238805134733569e-16 1.7202401265818640513360904e-02 -1.5784448758117339273177038e-03 
-1.0010496279986890247326592e-02 -1.7786002923188687363520444e-03 -6.0775374827324937787587089e-02 1.4541898895275855337072546e-03 -7.2515441476767913565842237e-16 -6.3529139786777253486775798e-16 5.1603620066385435132666358e-16 4.0895500595469460887083503e-16 -6.7749896245757015855737393e-02 1.0112709632841519746815351e-03 
1.1765051509685074682121098e-01 -3.1661158554448609429854411e-03 6.6289893907995878219452379e-01 -1.5861377256974572985681604e-02 3.7251874616574870077712056e-03 -8.9133106087577445436620494e-05 1.4583091562451197309992312e-14 4.1338362382939636753603759e-15 2.2415816393790177762923577e-01 -1.1825016851319276184328899e-02 
-1.2996036986783479627582949e-01 -8.0660110562405153838971827e-03 -3.5174111414723985145148977e-16 6.0161154223426751644527644e-16 -1.7429672207380602494408706e-02 -7.5097404737574889599382999e-04 1.0013047949792772822741327e-02 -2.2597520846961861168411545e-03 -6.0790534652064083520617288e-02 1.4545532918768971399059442e-03 
1.1648049199883929138286479e-15 -1.0513772866588658508256291e-15 7.7992635801569730578644773e-17 -4.4119225851539036457999838e-16 -6.7722273700709365029659637e-02 2.2295719476489537363983473e-03 1.1766994888647831773997865e-01 -2.4648340558274476480571380e-03 -6.6308573001054649243002359e-01 1.9751906737766654689747448e-03 
-3.7262371294219352735321849e-03 1.1099117765783978253879560e-05 6.9186590389155620550241095e-15 2.3488442636773363886641611e-15 -2.2435664681628056382756142e-01 7.1280090407128083793142359e-03 1.2976294562079879191252019e-01 1.0785926680421217133121203e-02 1.0030748801002557470949340e-16 8.3756712698813423501253809e-16 
1.7410122378423733419117170e-02 1.1158288601167863033497563e-03 -1.0058176599885481836138545e-02 2.0495590292660963334381297e-03 6.0807664149022000454891668e-02 -1.8113338281373079011182803e-04 -4.0332341507285834587883691e-16 -5.5375741958488602896869430e-16 1.6531918693359455745157547e-16 -1.5662676518299972721104640e-17 
6.7754113718858213766260690e-02 -8.1081467452224099262680923e-04 -1.1769576151189885260262002e-01 0.0000000000000000000000000e+00 
11 (band)
5.0502316673945402136780558e-01 (Ry)
0.0000000000000000000000000e+00 (Occupations)
-3.6507279758558121600039992e-04 -6.5455748113837572410567134e-03 -1.6045717249587741672772756e-04 -2.8829349413363077048177985e-03 -7.9943613886553910714189123e-15 -2.8902000659214403154536570e-15 2.6958376287299112838979909e-01 -7.6892417093529360702652831e-03 4.6529169152159866040818770e-01 -3.0132839061985716710978522e-02 
7.8391696132106589630816165e-16 5.7892682950258099605067990e-16 1.8552081544760914977310051e-02 -1.9399939697167497068552855e-04 3.1977298655828108320253733e-02 -2.2650423702667973543944946e-03 1.9562966173672640280561952e-04 3.5132252315722861148172829e-03 -5.6627598493080875035856520e-16 2.4385409612914045525472614e-16 
-2.0460809213623265361162241e-16 -1.6548727679609505104285674e-16 -1.3727590728734917480124977e-01 6.9634867889199272839029220e-03 -7.8947268545892623770043883e-02 5.5734143119085888598562839e-03 -2.2791255502870987753594179e-04 -6.5517847664735796506252363e-03 -1.0004634754104104127706010e-04 -2.8856630275426288848028555e-03 
-6.6360517769693706409645897e-15 -2.1511211234008550253984079e-15 2.6968567002736210103108760e-01 -2.0418189763246989698597389e-03 4.6582069993250319051014685e-01 -2.0381896461321089009111063e-02 2.0066267087601487249186581e-15 2.5257775639537130130850276e-16 1.8552075583521319274149519e-02 1.9456863168391090590514381e-04 
3.2017720974168606407062043e-02 -1.5948635939262191529852686e-03 1.2201131898604904938571147e-04 3.5165516817398123107507590e-03 -5.6237123769542291385482199e-16 -5.9959764193421195007719024e-16 -6.8398291032037464798549985e-16 3.6362124017535683096216681e-16 -1.3739163267654855293820049e-01 4.0870698912013163350831491e-03 
-7.9046674887985252100364164e-02 3.9188451236818163184172370e-03 -2.2521038970870659642192768e-04 -6.5137310519258169796974478e-03 -9.9450912611172943237486388e-05 -2.8666216617276038883255218e-03 9.9644959986746403480629386e-15 3.4363289810173479137836835e-15 2.6920214060152214408105920e-01 -1.6903775217469746428022859e-02 
4.6617371184417399909705182e-01 -1.1792192148819964983563757e-02 -1.3067132704837031689565759e-15 8.0203379085656641738084123e-16 1.8451167499863172644092302e-02 -1.5208620103094924042030911e-03 3.1980657248946713078208148e-02 -5.9980209742335408029667576e-04 1.2187877604018830187977002e-04 3.5157856528608101218114079e-03 
4.6743421155232632293025319e-16 -5.2335468703319220849019448e-16 2.2308716345247919671528059e-16 -3.4839735309821491524901170e-17 1.3736194397218157159379359e-01 -5.3894565235895744090277582e-03 7.9134013615840284594504794e-02 -1.6576212837722268181317453e-03 -8.8747706630089778301676007e-05 -6.5170189336114792144627472e-03 
-3.9395106902812649990117122e-05 -2.8680757069948145665527761e-03 6.0494219994767107258565102e-15 3.0956217901021828030411738e-15 2.6949710608167903869158977e-01 -1.1262323678817015917830169e-02 4.6631842928490779831562918e-01 -2.0268003151678983322914185e-03 9.1507942638552904104181722e-16 6.0863128884227834169396498e-16 
1.8478971384725043775043574e-02 -1.1341163630557158162326381e-03 3.1986204669688975132935127e-02 7.0081801274923740015243556e-05 4.8222986653355615288898961e-05 3.5175670194708265163530125e-03 -2.5999159939451941479459577e-15 -5.5559620918431238836949808e-17 2.8930857713379047554025708e-16 -4.9890878957802211916924378e-17 
1.3744468648939262012120821e-01 -2.5115830203408652347707442e-03 7.9151372819890056242719822e-02 0.0000000000000000000000000e+00 
12 (band)
5.0778991614161383960635021e-01 (Ry)
0.0000000000000000000000000e+00 (Occupations)
-6.4588961612874621134872122e-03 3.0036543155008421646101624e-04 3.5105248605012649709689043e-04 -1.6221798515412503421950774e-05 6.8324769136854491949512966e-15 9.6189982193355684274540550e-17 4.6669486588518493963562150e-01 -1.7443932508856584140399804e-02 -2.6939892138984639080590000e-01 1.9861387967371101070934714e-02 
-2.0599318692702918157041508e-15 -1.3672664831153473215506560e-16 3.2146813061977169700966783e-02 -1.0056776280346446487967693e-03 -1.8535740261393939681822118e-02 1.7059490194529965123582116e-03 4.2495283638080942481898838e-04 -1.9860859533255351139224842e-05 -2.9226068744688443189549433e-15 6.1512945534670976475160222e-17 
1.0297534946042026298392824e-15 -2.4260021942710347166418200e-16 7.9068340270190703988895109e-02 -2.4956967091719936373273026e-03 -1.3720848922956827009578262e-01 7.0550042126552199583944258e-03 -6.4637699976273456023423414e-03 1.6503464106872034466988453e-04 3.5131521816244171835252885e-04 -8.8663522434927893867140369e-06 
6.0230758728418650993988942e-15 9.1174221464426031118705877e-16 4.6695783014791636400531161e-01 -7.6663869283970717538601036e-03 -2.6975578328077337575408023e-01 1.4215166709471867972913728e-02 -3.0378531484912014352259035e-15 -2.4693402882661517250236931e-16 3.2160824057787890106752116e-02 -3.3222500932321430422433650e-04 
-1.8567401767914198246200996e-02 1.3173916212788801261002192e-03 4.2527557166640493841250348e-04 -1.0956962989302782701672712e-05 3.3422842002621295862931685e-16 8.7378560012589643033090429e-17 1.8324288987045690979741525e-17 8.0797461197396292135597256e-17 7.9103265204937919796712720e-02 -8.3926698038886847399314695e-04 
-1.3732614600098511092873821e-01 4.1799791409272511050199128e-03 6.1985846468517336732562129e-03 -1.5786574246914354680004777e-04 -2.1826224756099369610044814e-05 6.4844895575604660775681509e-07 -8.2029279297551728118705472e-15 -7.9903021144534853536459013e-16 4.6748893608701203028488180e-01 -1.6316849037422923723861246e-02 
-2.7057083211656329790884001e-01 -7.0322293875682041763841568e-04 -7.4735801061815006716586799e-16 1.7243829824664627946064784e-16 3.1315747391056844572965190e-02 -1.3081185721811685890997312e-03 -1.8137455407177670296814398e-02 -4.1883854363776971962973761e-04 -5.6636325532190062367887684e-04 1.4330558643757779040128764e-05 
-1.1296980730691398204769132e-15 -6.8350270724669032318819675e-16 1.1080167514797727977736532e-16 -3.7706697854860221670047116e-16 -7.9148768111257969404270796e-02 3.1063393510542538708540938e-03 1.3753872914808615290915839e-01 -2.8810256722940218339357177e-03 6.2005312855084671400107688e-03 -2.8017757559040210729728315e-05 
-2.1835017998586016794992926e-05 1.9121277552590267706511540e-07 -6.2356400650225776724367374e-15 -9.0369321384756622894900041e-16 4.6772812234171273759741894e-01 -6.5229208934127046876083611e-03 -2.7049676427180496807167742e-01 -6.3694766841533786982942900e-03 2.7408567642808269889983851e-15 -5.0692699421594866559253102e-16 
3.1336274498553376433029882e-02 -6.5200414940273744221488350e-04 -1.8124706070847755590147443e-02 -7.9858889213918352392718170e-04 -5.6653915907815984281253874e-04 2.4663986172225055716177716e-06 -2.5357113357214650625968103e-15 1.3822442633693917464709537e-16 -4.1329796733398639362893868e-16 -9.4311592608916171214423095e-17 
-7.9196463741454642404349329e-02 1.4480913446314573611584109e-03 1.3756890028127002900681930e-01 0.0000000000000000000000000e+00 
13 (band)
5.5289089400761148862528671e-01 (Ry)
0.0000000000000000000000000e+00 (Occupations)
-1.2143132264426734906459515e-02 -1.9076710618769107674630447e-01 1.6982551608257394348822089e-02 2.6679390716517353832060166e-01 -1.0427632487793996767155869e-15 -6.6195629719571348009778761e-15 9.4224581374454871585122362e-04 1.4925952577010074412422469e-04 1.5990807473762885804191569e-03 -2.2269374787499125571688108e-04 
-1.1862245521351737658827239e-17 -4.4841945307820713499798904e-16 1.3532187137292699119495154e-03 -2.1649886675822928999712857e-06 2.3281931387357825136152911e-03 -1.9675849563783134356376170e-04 -8.7665606833420370996856619e-03 -1.3772165832187305278822009e-01 -1.2410418040217708821624211e-16 7.1699641111548360661512645e-16 
7.4847610398986503793064817e-17 -2.4977162074376258330709545e-16 -2.2766863883314347044573012e-03 9.9189253620571608219963489e-05 -1.3039636739650825245084853e-03 1.6243684151428611174214356e-04 -8.1453442375344700665529274e-03 -1.9097957438339949187700029e-01 1.1391517028436722036577322e-02 2.6709105057897036816783043e-01 
-1.0136961907442884696200539e-15 -6.7521105296618302038240607e-15 9.3891330800855528002091255e-04 1.6895969815891587195721968e-04 1.6033937885151054725252351e-03 -1.8915628702143114786560218e-04 -2.3441410874243906069963603e-16 -2.1375981904630891543380908e-15 1.3529672706036020846109835e-03 2.6175160638292502778522175e-05 
2.3318031265381344852016809e-03 -1.4795734497599557100838696e-04 -5.8804132363951752693331798e-03 -1.3787504668108174765706053e-01 1.8939978169168809799080265e-16 -1.7562695240832458842772457e-16 -2.7962297998934697749703800e-17 -4.0247059567021366284224179e-17 -2.2782643363808297715111806e-03 5.1488177496977923213589134e-05 
-1.3070795137225005733833116e-03 1.3509306166284421242031188e-04 -8.1856521185566175069503458e-03 -1.9192493657645418037027696e-01 1.1376727702292390581595427e-02 2.6674431331969783443014421e-01 8.6857745908603765608541219e-16 4.0712578957048063931217046e-15 8.6460769305285760030765907e-04 -1.3629709356187415768280058e-03 
1.6256913460639208640623465e-03 6.9734553883250708153362929e-04 -1.2014131849791730369882327e-16 -2.5283033813791397507055556e-15 1.3631147854634984017963006e-03 2.6980058877050625172622222e-04 2.3253764068854494706517499e-03 -2.8877573987319061273731924e-04 -5.8791625754148531951548406e-03 -1.3784569712518673911816336e-01 
3.7344894775499902376633040e-18 1.2523258726516863422723652e-17 -5.6356185672280614211343658e-17 -2.0468902905457269369488216e-16 2.2768144556902470895809465e-03 -1.1349615855974917808923069e-04 1.3123565509179542509787808e-03 -2.7489950922508881163853350e-05 -4.1644842623070549639252569e-03 -1.9205427162993773948507226e-01 
5.7879611874265927962124323e-03 2.6692406809223395702801440e-01 8.1921700186757590693195709e-16 1.0596974407788032343640003e-15 8.9296197991540907437646446e-04 -1.3445650362359686923879876e-03 1.6107307020115421009043288e-03 7.3123851020284367195622988e-04 4.8300723594932895753822681e-16 -3.0839750206321437088503275e-16 
1.3571655546523147661125419e-03 2.9828833922794051151938799e-04 2.3309140762073302793888629e-03 -2.4001339749327551187016438e-04 -2.9910507098873020254137245e-03 -1.3793858917709739264623181e-01 -2.2830304275801801335593681e-17 5.4044497647900509136847080e-16 1.3303028323562685812336299e-16 -2.5794863326576742661807703e-16 
2.2786919968628459656767582e-03 -6.5789262655629359224929154e-05 1.3126444355341293415001536e-03 0.0000000000000000000000000e+00 
14 (band)
7.4887473350971689445287893e-01 (Ry)
0.0000000000000000000000000e+00 (Occupations)
5.4177655416941124099729773e-14 9.7944178104994025049970955e-15 8.2540735347500689363884767e-15 1.1598571735969536806501014e-15 -7.4664716501941952309095996e-01 -1.8065052706196021992113288e-01 6.7330423656752229444217493e-15 4.7199161065686454705130802e-15 -3.9219502821246624538424563e-15 -1.1752350543801159064815500e-15 
-1.5006578129419329004079486e-02 -3.6308296553439348489100702e-03 -5.7483709046272803790380831e-15 -2.6451855644150910998549795e-15 -2.1138051867891546829532399e-15 1.3029401913090127042511115e-15 -3.9757472670951676911040917e-15 -1.1081106767236099262756344e-16 -5.8359534731556943730479414e-04 1.3761686467591814631017400e-03 
-4.6297846895665319827406492e-04 2.5123697565270549508786857e-03 6.0078372374649654273849310e-15 4.5703675901206602121174652e-16 2.0893590138721768780389573e-15 -2.8451904819768447071727085e-16 3.4065262040425203626839599e-14 3.8828746184261553220973183e-15 -3.0874842911074165926400235e-15 -2.3439350620156840565129086e-15 
-7.4270015376821030272935786e-01 -1.9624750584910000128502361e-01 3.1072193071157964956731460e-15 -1.3302671404051833578705316e-15 9.0261141668044391458255997e-15 5.5325250806603610743176283e-15 -1.4927248579681393764184705e-02 -3.9443074145658462564822955e-03 -3.9752138160271657899634918e-15 2.1261753999032247221774466e-15 
-8.6903681737091864847682435e-15 -3.0081931137983091603090851e-15 2.9829060615676288362483574e-15 6.1923779923237984717323392e-16 -6.1228765684125964745970760e-04 1.3636449314287026231273803e-03 -5.1549203246525551747048155e-04 2.5021228628308300745430870e-03 6.2756074147754987657462672e-15 -1.1558781508508446128043451e-16 
-9.0486811306407084264539136e-16 -8.0461463233161076406027542e-17 -3.1967552002474619377895204e-14 -1.9713395350769288144245768e-16 6.9662759724117907601318477e-15 2.0600350266746467353068743e-16 7.4273202168076379869887660e-01 1.9625592188330284737496356e-01 -3.9928219652880065158170777e-15 -2.7781124609584916819704974e-15 
3.1357343451310343143119149e-15 3.2025151976859099606374569e-15 1.4970452544842102401978501e-02 3.9557168105292745199919047e-03 8.3671602371571267562580854e-15 1.7896106674475689345757623e-15 -7.7527499970698475654215611e-15 -1.7015300449183529485329994e-16 2.7236186208573625510503036e-15 -3.3098238258312106184235738e-16 
1.4485128605215861694044399e-04 -1.4870164900400255608009514e-03 7.8562740453733776943567868e-04 -2.4304987412043289364549370e-03 -4.4067352296361201233097759e-15 -9.3807352507393286510689436e-16 -6.9956668553248356767542168e-15 -1.3142440400652889836641815e-15 -5.1137407990063580595737548e-14 -1.4225326868097731474902535e-14 
-1.8256090624886898142920840e-14 -3.1312511357983141627045170e-15 7.3845905435441339115243409e-01 2.1176748557378033410714124e-01 9.7087967227994363231495581e-15 5.1982092599846943722024608e-15 3.8661057093404531247287235e-15 1.4253899912472617418382056e-15 1.4884326994841646368827881e-02 4.2683667594722090807279891e-03 
2.5075270574052925943880756e-16 -4.6100045524870576877325674e-16 -5.0011445088487196566206280e-15 -1.1403450957682761490375231e-15 5.2417730526051427526026346e-16 4.1207248646472493527861502e-16 1.7596124146695917120526709e-04 -1.4836568263017040070206320e-03 8.3635562862810551403025539e-04 -2.4135127536896983611869327e-03 
-1.4319632914151846139898985e-15 1.9540968692109372082286762e-16 1.2237791651224165109691706e-15 0.0000000000000000000000000e+00 
15 (band)
8.3793204489170869386782670e-01 (Ry)
0.0000000000000000000000000e+00 (Occupations)
-9.9819368561225763070154926e-01 -7.9540414727323233146094594e-02 3.9200282283411623518443179e-02 3.1236480477092277638351270e-03 -2.9257720765082384610260573e-14 -5.1894447224731003455445367e-15 -3.7113240723894332095955662e-03 5.0715177779827348703012291e-03 1.1647173124599086505015499e-03 9.3758270581583355585131301e-03 
-1.1391748329278921255437108e-14 -6.6523917951350739723349186e-16 -6.9522268161720159745931014e-04 9.6610165093231892274872052e-04 2.1526095009909498867450850e-04 1.7839040010964209159727289e-03 1.0591232872677454335264002e-01 8.4395540064429140636459437e-03 -2.9741179991251094379469420e-16 -3.9499161862231235033187820e-16 
9.7854835677749397720246427e-17 2.2391740500605102831235522e-16 -6.6532013822267078301253562e-04 2.2441429443602160798132417e-04 1.1051162557490800709969481e-03 2.4777404779773547216503715e-04 -9.9630899647902215754413646e-01 -1.0042756148687125017371358e-01 3.9126268264717781186767809e-02 3.9439117511153535394763381e-03 
-2.9334303653995636836937577e-14 -5.0341313082341839497933395e-15 -3.8167199724483315964596031e-03 4.9926814032890658862084976e-03 9.6810936369729795603067402e-04 9.3981627833468334154432000e-03 -1.2042014113541687532867123e-14 -1.3040264164914250278651479e-15 -7.1530271421618002967990346e-04 9.5133012356208971910948025e-04 
1.7785447320793059886034904e-04 1.7880208466729795302452288e-03 1.0571235571925859109132517e-01 1.0655763531584516376482519e-02 -2.6137997650228577724781653e-16 -2.2382733964743658089513486e-16 -1.0811230150453227737453007e-15 1.9260496188202232427008729e-16 -6.6987400090427870382597808e-04 2.1043166298179323547845598e-04 
1.0996848973504834943992758e-03 2.7086351549953968697106998e-04 9.9626981051816676515642257e-01 1.0042362241818922341529685e-01 -3.9053645728223743138762813e-02 -3.9365937829734382047419672e-03 1.3199709816990230690174534e-14 3.5532976290628624392078767e-15 -3.3900805191437559382716671e-03 -5.7250342401423855165365495e-03 
3.1994116937646976950304634e-03 -8.9882998061567992431619700e-03 -3.1865836116878956468645766e-15 -8.0370040334789822050433316e-16 2.6395703534633251693269917e-04 -9.9182847530983071077104185e-04 8.1868755952009888976483865e-05 -1.7531979845403326823127799e-03 -1.0579106041448384234460178e-01 -1.0663700173169242749193764e-02 
-7.7477314682326314002045145e-16 -8.5015462161229036181560660e-16 9.8832968695486268618881863e-16 -2.2665067868500448881963203e-16 7.2436743585112316288349144e-04 3.5281578247943912868267446e-04 -1.3230580664566225432277058e-03 2.7714115719279725294499350e-05 9.9394819841857340314561498e-01 1.2126589854518363131852254e-01 
-3.8962638818453791678120268e-02 -4.7536082696379728523838892e-03 1.7997825644310101714902426e-14 4.7323562761647926955753756e-15 -3.2694409475762320829717034e-03 -5.7947751351941452144234113e-03 3.3869467584431568567271409e-03 -8.9193251004127550168876226e-03 -1.3612336610804654344299914e-14 -1.6095586478609041743244258e-15 
2.8467043358632049005613185e-04 -9.8608305186743266945725850e-04 1.1856700911446562990859271e-04 -1.7510989493901454698565612e-03 -1.0554453500021690470767055e-01 -1.2876882254387001999762496e-02 -3.4934058908989247031753712e-16 3.9739011699915291440447271e-16 5.8701226922905258051598108e-16 1.5482317215836708579672888e-16 
7.1681975384414156528961604e-04 3.6790841113616793182569675e-04 -1.3233482986111386528471634e-03 0.0000000000000000000000000e+00 
16 (band)
9.0478505314370805123758146e-01 (Ry)
0.0000000000000000000000000e+00 (Occupations)
3.4339843174088410595859106e-14 2.8967345498551809208245001e-15 -5.7529009060564589874693332e-16 1.7933236762616396905242962e-18 -2.3677600411820620696090600e-01 -2.4817862895540832024465772e-02 1.0687360264123635616422550e-15 -2.5238133776763806866999051e-15 1.8930734248359153423351710e-15 9.2516269338031447482668559e-16 
-3.2356539156287028591307831e-01 -3.3914749456781169423269517e-02 3.5773423802755304100364281e-15 3.1034309756544322472139083e-16 -1.9994405513751304023611993e-15 -1.1574159494709864457678624e-15 -3.0173992598169643692476294e-15 -2.9532849505681128090679079e-16 3.9998078283407851500966257e-04 -5.9096072136906405841694223e-04 
-7.9810413230302064500204517e-05 -1.1029811051001454404174584e-03 -1.8720795105282764144614379e-15 3.4217005709446010411641710e-16 -5.8711180030465409806520572e-16 2.2126099914619748895342359e-17 1.9640724328435965905399581e-14 4.5116327375028195944109511e-15 -9.0454436479637684153291715e-15 7.5652902624882298649513317e-16 
-2.3620432912243699563603627e-01 -2.9771082424140886402152972e-02 -6.1330043347774387447906062e-15 1.2752416179438901529908782e-15 1.5720224652951385055206211e-15 -1.9986945766055525339605473e-15 -3.2278417140225151849008967e-01 -4.0683553680933841334432799e-02 2.0325621070111504438304744e-15 -1.0336941838005070917022302e-15 
1.4146437389082269247834671e-15 2.1679070275639324444753048e-16 -3.2895126320564511236534036e-15 -6.2400103269787924430757047e-16 4.1226920800160123288524705e-04 -5.8245454841769845125143412e-04 -5.6693816064190528068722497e-05 -1.1044106263031240600103189e-03 -7.4987575880715804447263004e-16 1.1386573097118734245024717e-15 
1.6387882396321674449480911e-15 2.9662602447761026971085611e-16 -2.6525984661203601683825790e-14 -7.0023788519544425455762541e-15 1.2265821391512007665952870e-15 8.0209603626964320980820849e-17 -2.3614884101404354233011418e-01 -2.9764071470742652775198778e-02 -4.0173153375290230012057146e-15 1.6623539763477739425220821e-15 
5.2258021013435794643020253e-15 -2.3714873422400911285992659e-16 -3.2273393737003763792614563e-01 -4.0677221231168611548234537e-02 -2.3310080952493127187706764e-15 7.1016073273845860286788914e-16 5.7223602882973217432732649e-16 -1.4750053825830985322995498e-15 7.5572154238889150502703022e-16 1.1628758054646899949432416e-15 
-2.5976283563336060060053323e-04 -6.6749007146863653140711481e-04 3.3190450619713363338697532e-04 -1.0560077428738794645679544e-03 1.0229781365664650118472890e-15 -4.4453553052294648219685179e-16 3.0999005834098299998036473e-15 1.9445991860717904871514746e-16 -2.4736446206535753374886543e-14 -1.8352543962178134791692719e-15 
4.4886199927888985699211229e-15 -4.0975434322215281481011673e-16 -2.3547371798870603276654379e-01 -3.4703071901004176047500493e-02 3.1223708676493760706819695e-15 -1.1915106342354218039824952e-15 -1.8528955263520454792391167e-15 1.4544043278115437887453818e-15 -3.2181127703773781956186895e-01 -4.7427129670693936314140871e-02 
-2.1390123052740092591548724e-15 -5.0526849965894801590256898e-16 -1.0732287667742703635292433e-15 -5.5080659468957109755129845e-16 7.9648881288453571901953329e-15 6.8326115905357830036388425e-16 -2.4572700800247850895507984e-04 -6.7278374223733554415627367e-04 3.5394707160132525590803820e-04 -1.0488252593947248580280585e-03 
-1.0544653440173832250273832e-15 -8.2495346310215771096827621e-17 -9.0963225541074383963965281e-16 0.0000000000000000000000000e+00 
17 (band)
1.0737400699022332517529321e+00 (Ry)
0.0000000000000000000000000e+00 (Occupations)
-3.0852477962997931770772198e-01 -1.3808241251715001884914358e-02 -4.0588870042193297971166999e-01 -1.8165832841035504940929712e-02 -5.5247771590325026593221789e-15 -4.1709521430265197592504321e-16 -2.3178941909845335311857184e-01 -1.8870915881537244501719996e-02 1.3489188826486026018258713e-01 -8.6589178508130418970845099e-03 
5.5941230454047573483169239e-16 -1.4531798295180060950880505e-15 -1.4643483009948252138165969e-01 -7.4465016711697164936145654e-03 8.4757760481540850294734923e-02 2.2494327423340752802882747e-03 1.9745011391564784575258784e-01 8.8370204591897948132039886e-03 2.6970912499869388128191521e-15 -7.2053655321684303127598605e-17 
-6.6952426775342935749260589e-16 -1.7907513303759616574463573e-16 -9.7309831399938068186017404e-03 2.0619852638187594930097024e-03 1.6645038877416119815766393e-02 2.1827506840517312859673016e-03 3.0816793706130785057695221e-01 2.0266468355016071384300247e-02 4.0541924582374661012451611e-01 2.6662140362997611975348633e-02 
-6.7697457140949233072482623e-15 -1.3773811940902862858582322e-15 2.3134338120457564880183554e-01 2.3721008516635083696044717e-02 -1.3504364293802273433442451e-01 5.8320562444185569672683300e-03 -7.6084261353958665398704713e-15 -1.2184438441751818605904150e-15 1.4624676675674150305717092e-01 1.0511568227482974077768851e-02 
-8.4692063139041665054129737e-02 -4.0239720127605172611540141e-03 -1.9722174124981844967052780e-01 -1.2970165545794930597733874e-02 -2.3395719397731712479977434e-15 2.3481169704389344699497401e-16 1.4187415026354787557194161e-15 -5.0111142560010442388630467e-18 9.7720319357680000132981846e-03 -1.8577427016011984796384215e-03 
-1.6595676264007454964177768e-02 -2.5308593638670470564455695e-03 -3.0494877797483221915086915e-01 -2.0054789611843010233016571e-02 -4.0339416151562701440269620e-01 -2.6528994528200851299448715e-02 2.8226356052129108487614590e-15 1.1430666983058108401576524e-17 2.3320612473966570443728585e-01 6.8267259690483030401542131e-03 
-1.3354917416123396334270979e-01 -2.3501246540809310470176996e-02 -2.0033155106170032183969455e-15 -1.4909975495683708283883269e-15 1.4632137471645326187719149e-01 8.7321070929865587939566751e-03 -8.4465559858327682318801521e-02 -7.0952090110679346540711876e-03 1.9710681808922261848415758e-01 1.2962618681242090920568977e-02 
7.2544468152925592786814557e-16 9.1657714981900071334424123e-16 -2.4360725171430349201979456e-16 -3.2783856250020360586192994e-16 -9.3539753886875097455000372e-03 -3.1196067616786112702831346e-03 1.6627429727260500946783850e-02 -3.4829500174425641681463794e-04 3.0446190184380411691833501e-01 2.6436756615696686834038331e-02 
4.0275010916741527111639698e-01 3.4971226189415165197527102e-02 2.3569487651011706175049861e-15 -9.0612262785670785385313874e-16 -2.3301201062107637640430369e-01 -1.1709129338409771103890478e-02 1.3302771164762572375650507e-01 2.6292935209160126636129817e-02 2.0926789870177523698314119e-16 4.9706850802822449806741630e-16 
-1.4610641256783407637698247e-01 -1.1794515664518856815079495e-02 8.4298444318995968682628472e-02 8.8625661345433787152714444e-03 -1.9679212070362306352677706e-01 -1.7087669510641560061126043e-02 8.2069200534985395802745148e-16 -7.9338716375055390654336788e-17 6.8194164610107754948774882e-16 -1.7326785472345171450859479e-16 
9.2865917926429376871855226e-03 3.3148174605130776085304412e-03 -1.6631077197320105753863828e-02 0.0000000000000000000000000e+00 
18 (band)
1.1870644245598647170680806e+00 (Ry)
0.0000000000000000000000000e+00 (Occupations)
2.8788091570952922815251895e-01 -3.2426369608949012768306375e-02 3.6890698328751581058781994e-01 -4.1553014759052174509346145e-02 -9.6250282192895329912853517e-16 -1.7824064168347346266091975e-15 -1.7104205733344560180775318e-01 1.9676532289743257214675864e-02 9.8997843753572303815424505e-02 -1.0440621532766262286040515e-02 
-3.8367301074145197295535555e-16 -1.9293806052292705846620327e-16 -2.4569222851485364444990012e-01 2.8247246355851452631613441e-02 1.4220144274443569099020124e-01 -1.5026346148320029322276170e-02 -1.5608635773211318453768115e-01 1.7581286258069664385494946e-02 -6.5183282350539816319690678e-16 -6.7542632241796722588971129e-16 
-1.1051281199848181909105617e-15 -6.2767053339040010202905479e-17 1.2596993494706908156555158e-02 1.2484918250678235344952594e-03 -2.1195097086500479938164787e-02 3.9229728166612727255357917e-03 -2.8849686531501711472813554e-01 2.6390334957649450725591933e-02 -3.6969629657226737995401322e-01 3.3818096555108069500850121e-02 
-2.8004628170331150770999207e-15 -2.0277546973556394475263088e-15 1.7141661918481312931739069e-01 -1.6090182319024766421922124e-02 -9.9194783770438665904123354e-02 8.3650773207045205082099670e-03 -4.8138953642034041495031067e-16 1.3015888373883082677893078e-15 2.4622990984271658776449954e-01 -2.3095661456813951217803549e-02 
-1.4248494366846881087340648e-01 1.2045008300622885369368653e-02 1.5642032009339196241270997e-01 -1.4308604350097812660247421e-02 5.8519733008615318653023837e-16 6.5896966990791932069644072e-16 1.2339289037944684006756321e-15 2.1239542433208310272882004e-16 -1.2568084325847481141913420e-02 -1.5120295371870910543232736e-03 
2.1272605195368270158962076e-02 -3.4782358212857161783304605e-03 -2.9076866569643938786882131e-01 2.6598138228325941823104728e-02 -3.7061866109489915999120058e-01 3.3902416980816550695632117e-02 2.4097124987651638855593974e-15 2.5958175921367694730330360e-15 -1.6973798504484544080739283e-01 1.5105980906300026100907985e-02 
9.8050331983715474648555244e-02 -9.6970812734401643645520963e-03 -4.1168311271728164651855567e-15 2.8503811656980099346896282e-15 -2.4676251323572603868505837e-01 2.1985859539328803796687239e-02 1.4255034320845685891221422e-01 -1.4054781897985547597929035e-02 1.5670052888933092005707692e-01 -1.4334211049722961339725202e-02 
2.1504300084306039426126827e-15 7.6944713649637845046109665e-16 -1.0583316119157434703438224e-15 3.1081984337617988795410615e-16 -1.2127709828665985195006449e-02 3.7582853455051371850681452e-03 2.1621833846866035655498450e-02 -4.5291285429735115251881350e-04 2.9126192470189687933057598e-01 -2.0502905331742180689014177e-02 
3.7124737694940601606674591e-01 -2.6133330004048587608123100e-02 1.1738491394273996821056721e-15 3.2920348268324259553584658e-15 1.7001711449464504410933330e-01 -1.1547943762451239047006624e-02 -9.8231908273262488751065291e-02 7.6415433213710510715332980e-03 4.5692300705287358801411743e-15 -1.4129677669222690086851987e-15 
2.4716883124072328015152777e-01 -1.6813233513875713159846370e-02 -1.4281342070638169960972164e-01 1.1066350310369626672168941e-02 -1.5696635494032326607616312e-01 1.1049379048749292595021920e-02 -2.9584626616967635540665576e-15 6.3277023137889009306465481e-16 7.5426879038452516837281309e-16 -1.4254280775079449360839378e-15 
1.2203757611225741000482437e-02 -3.5034774999927720783021723e-03 -2.1626576912567946342491609e-02 0.0000000000000000000000000e+00 