179 (index of k points)
0.1055275885610198471908916 0.1825167843527875644049629 0
18 (number of bands)
52 (number of orbitals)
1 (band)
-1.2627494721926502130315839e+00 (Ry)
0.0000000000000000000000000e+00 (Occupations)
-3.3253256190928109914395350e-01 1.1476049052266223959861691e-01 2.0170587838216902376586859e-02 -6.9610924117003980526874329e-03 -2.5978130161761152403649553e-15 1.3851454061546411865914932e-15 -2.5837714690029219000155791e-02 -6.2046993945313808072050676e-02 -3.5563808131824921343611123e-02 -1.1046318708615607273593184e-01 
2.5197429953257712056076722e-15 -1.1441552492000052161500744e-15 -1.6215943737206531954919697e-02 -1.6039948952575513313467681e-02 -6.0220808798246445309176877e-03 -3.5342994827943299829264845e-02 -1.0433058668880289959757235e-02 3.6005576881954024642817913e-03 8.1060868386195998347979686e-16 -7.1861475245920167997359436e-17 
-5.9969077464637095854280702e-16 2.9783522481142289515474761e-16 3.6849164827698344115702866e-03 8.1136731722912622689208861e-04 -4.9151924333254203361431856e-03 2.8954931834317236549747321e-03 9.3654144641866915454997411e-02 3.3908225566421690277962853e-01 -5.6808345997300009611041816e-03 -2.0567876398742697408028590e-02 
-8.4358573397036626876900166e-17 5.3995447450992155365771429e-16 -6.3546921901316055780739589e-02 2.1890766887477819402363366e-02 -1.1247828320374389510227786e-01 2.8557590192629715014627223e-02 5.3318290880022074602911428e-16 2.3101998948287007955232293e-16 -1.7026505306736335054740294e-02 1.5176788551243472827345649e-02 
-3.5651383087464072474404020e-02 3.7909926776704596512734824e-03 2.9383556377056458015772922e-03 1.0638552298158469172628671e-02 6.5639995015484726803560334e-16 -5.1774584745746643444761438e-16 2.2046371846603018803664058e-15 -2.2566419850899873950681520e-16 1.0411440889498326661799510e-03 -3.6266989666215885754207982e-03 
2.5811521034013944035645505e-03 5.0873029446865808411715193e-03 9.3860617829905540476786996e-02 3.3982939852912241729399057e-01 -5.5406247715655016633506946e-03 -2.0060283223585280432121891e-02 4.7992436312246984684965419e-16 -1.0338220385469884031043879e-16 -6.5950000541563816303103351e-02 1.5228810042978590047479948e-02 
-1.1229616123437063945900150e-01 3.2742829103268783486058169e-02 -1.5839624398944036809903632e-16 2.0223376696144694930445756e-16 -2.2312767433812597667186495e-02 -5.1849583660655970338004828e-03 -3.1871037989687815705774909e-02 1.5363759170172764170758661e-02 2.9449120795804343067580966e-03 1.0662272448417612485949135e-02 
-2.6087209014841146408815966e-16 4.0723268952352132914239458e-16 1.3171251291415250839464453e-16 8.0273904380115889068740684e-16 -2.7315732712962495151720610e-03 -2.4806963801892682047744998e-03 3.4751615555469539745048202e-04 5.5236111328136935222365977e-03 3.4505237978285618893892206e-01 -7.2337340912385292290842642e-02 
-2.0368597544207528438064969e-02 4.2700960120391397850658777e-03 -8.1932353146337017533218518e-15 3.6986829135318066447635913e-15 1.1057724679006918078183475e-02 6.6776088172941686083028401e-02 2.5627084323027064793887320e-02 1.1413050965784746204612077e-01 3.6827458417335227235933037e-15 1.0298718544165097330827754e-15 
-6.5757572908411339451806299e-03 2.1943172055675457671197748e-02 1.3332243273014091067274478e-02 3.2772846194502214256516481e-02 1.0826145448376617644314912e-02 -2.2696113436589627695982863e-03 -9.8066661180537862414127257e-16 -6.0288750935298345977237776e-16 -9.9020822409323209381046187e-16 -1.3435738804949162942754433e-15 
-2.6473181969612993337526152e-03 2.5704189213385511200704592e-03 5.5345322679467940860109643e-03 0.0000000000000000000000000e+00 
2 (band)
-1.2153637533363115252882380e+00 (Ry)
0.0000000000000000000000000e+00 (Occupations)
3.5323149826543936979916793e-01 -2.1685566913443150849349905e-02 -2.0849660309790796208773145e-02 1.2799931235325887751708152e-03 2.3202610279455002934372240e-15 -3.3452186813049108267610882e-17 6.4838474071723505715025837e-03 -7.4266815388747395298985055e-02 -1.4174986686961193321776520e-02 -1.2689062636339676348740113e-01 
-2.1676149239536111474492620e-15 1.5538907103634458329309857e-16 1.0167962909931015091924422e-02 -2.1786591522377413143729541e-02 -8.8658426905673728968260150e-03 -3.6057381422528018977136099e-02 1.0918379859283339552988856e-02 -6.7030131400639021699294773e-04 -5.3004553142249638867164316e-16 6.5588307680232289396588431e-16 
2.8141283563557369787021984e-16 -1.6878443402095640915677974e-16 -3.6279027559970203169192882e-03 9.3639638170215603197449328e-04 6.4027624391585101146229242e-03 1.7779477884725600200788165e-05 -5.3681383161593987374260450e-04 3.5389612460456221221249962e-01 3.1693649962965565747285979e-05 -2.0888889701053396652508098e-02 
4.3487620940705050193000650e-16 -2.4600081625813542859341943e-16 7.3713142647789414718673129e-02 1.1134304925422401286172480e-02 1.2753029147505962059838680e-01 -6.1794872567588945283523216e-03 -6.5589572057257886143821605e-16 1.0544231493287104393785161e-15 2.1105148988895351680472601e-02 1.1515890154796325911545907e-02 
3.6542921284339953402753309e-02 -6.5842862688099395435115113e-03 -1.6592114514928524987569247e-05 1.0938923498447083657025836e-02 -4.3865836977365648926055717e-16 -6.0192372380884285762057850e-16 -1.8212684184206961278596778e-15 3.4325033503046738113203557e-16 -7.0675071909179730533789865e-04 -3.6795407337998266988909890e-03 
-4.1977717307958644591542319e-04 6.3890116674715918820837146e-03 -5.3793874611852976475034893e-04 3.5454685641240923921202466e-01 3.1002810475654930810751608e-05 -2.0438779437193955318408101e-02 -4.6107582573685155455886673e-16 3.6998030387433019136439744e-16 7.4351126370730963310862194e-02 -9.5490911746914756974558003e-03 
1.2856131200195503039296341e-01 5.7813308618475355016297357e-03 3.9879478503498798428088803e-18 -3.0483027599815262072282913e-17 2.0778835249019987629903738e-02 -1.2321357200530633560497940e-02 3.5895089295957194330810580e-02 7.1966234222318398519591121e-03 -1.6637093187938604282871680e-05 1.0964797168547490285872570e-02 
1.0127323650419054585704808e-18 4.9801082177492829112961157e-16 3.4542442691691212253787554e-16 9.7367319659076239074766222e-16 7.0237939817385753801803894e-04 -3.5834982579714498227008157e-03 3.9177760985550143940647772e-04 6.2271268048975283310175755e-03 -3.5381346173014910361231955e-01 -2.2799058500720899289593291e-02 
2.0396501492411428513307214e-02 1.3143032095964065925769448e-03 6.2623804916675704239339140e-15 9.6410088260651541724531323e-16 4.8617023843437520008725627e-03 7.4804003801843196863607943e-02 -1.3842354277082661792586116e-02 1.2794461285364272518094708e-01 -3.2620548258050658276476794e-15 1.2902594046802753600198100e-15 
1.0992329959657392082772454e-02 2.1511497382262805694308483e-02 -9.4362938294851057136058969e-03 3.5372378814691074477849497e-02 -1.0942115994391758693193850e-02 -7.0508957264523656593285805e-04 9.2949377859836096887863810e-16 -1.7086258205866692301377770e-15 1.2520814734402026431349713e-15 -1.1896832088342448725832520e-15 
3.5323242755656834336586147e-03 9.2600312964836865078227524e-04 -6.2394389122612178844029529e-03 0.0000000000000000000000000e+00 
3 (band)
-9.1482412251798561619864358e-01 (Ry)
0.0000000000000000000000000e+00 (Occupations)
1.6241573293600368443900805e-03 -3.5754009461385033441516157e-01 -5.9363844843549062879617395e-05 1.3069223094105823432253821e-02 -1.2243565111958518745079907e-15 -7.2240566548969519860398385e-16 9.6837761818903231314514812e-02 1.2779177284516679558024066e-01 1.6882195655477366669217076e-01 -7.2865332882074848597220296e-02 
7.3737598788399657966256253e-16 1.9753986362916741521849534e-16 2.3693131616238583686540053e-02 2.1565816361001653722606619e-02 4.1203703638916788776214162e-02 -1.2219517311938895773315572e-02 4.6311456468891600002368847e-05 -1.0195160854629799207504703e-02 4.0942819582088373595368054e-16 -3.4253779834632906992937873e-16 
6.3756280951338226327365299e-17 3.0733290339272250602684591e-16 1.4211633839124057990255245e-02 -5.5392916580057974251793951e-04 8.1750265036175644856042410e-03 1.1114622206147561911393495e-03 3.5673258923076550663822104e-01 2.4071080660999166767055613e-02 -1.3039706481198610338312349e-02 -8.7987000964276623066195882e-04 
3.3256720098938775934059293e-15 -3.1407231350672394574788625e-16 -1.3362009833285753979126298e-01 8.8622562829732673406191168e-02 6.2121131460368947396766259e-02 1.7306407708443874438053456e-01 -1.1776008119565210804027004e-15 2.4261825405340247873524208e-17 -2.3010965188473734427399009e-02 2.2292249823555189414125977e-02 
9.6082029346404446146223677e-03 4.1889667380729411760853509e-02 1.0172135113244867160586793e-02 6.8637951647497062908354071e-04 1.1403001469528839255346391e-15 -2.2601025933036791498849561e-17 -4.3619456789828542843939903e-16 -3.9890456028359283382358675e-16 -3.3951975666876056669796213e-04 1.4218371926242898833914197e-02 
-1.6225831638166836670689186e-03 8.0891056662164596835484787e-03 -3.5644033079326981061640822e-01 -2.4051380054853598033925977e-02 1.3188201263279554498186741e-02 8.8989875824236827628332946e-04 -1.0315505877621693049657908e-15 6.1080974171333292329953550e-16 -1.2030629486795361982043318e-01 -1.0572478216152701724350749e-01 
8.4688925585471502843759595e-02 -1.6310273426754071102173782e-01 5.4880782442698715142352392e-16 2.0622031472601570850328921e-16 -1.9870529683698224393539888e-02 -2.5239693552246353358547992e-02 1.5193371209569450988596806e-02 -4.0309447868284171978547903e-02 -1.0156221644749781340966166e-02 -6.8530838677810989797989372e-04 
5.2566666903576104546410714e-16 5.1060270381307848689232087e-17 -4.9462752173725676598118467e-16 -3.2232048407022254502188967e-16 -1.5702453395364851431587061e-03 1.4120748583293502714797185e-02 5.1748054240292125534328438e-04 8.2251177084915211984439409e-03 4.6384993644123830025538524e-02 -3.5422677858007922679917101e-01 
-1.7162367531678920928861487e-03 1.3106300155569284432433008e-02 -9.9411995698050203833959585e-16 8.0566032581665356055464042e-16 1.1307025319332221491297474e-01 -1.1343038389582664471344486e-01 1.5746322665831893883314763e-01 9.4763116731784793889126206e-02 7.8519331617640473991007262e-16 -7.6026082387800180482297974e-17 
2.6437569661654343466938855e-02 -1.8246506265766380266990510e-02 3.9275906711958970263243174e-02 1.7694441729260053375316630e-02 1.3216705191006379582763230e-03 -1.0093149791875175719235713e-02 3.5090887265541829153393770e-16 2.1446187460888103331797742e-16 2.4823401761014912053030510e-15 -1.9156880409290669851884795e-17 
-1.3994287991282883254484659e-02 -2.4537959564520741596871378e-03 -8.2413801896475281233422905e-03 0.0000000000000000000000000e+00 
4 (band)
-8.7207695316537880980689579e-01 (Ry)
0.0000000000000000000000000e+00 (Occupations)
-1.7326836974916378503186465e-02 -3.4953046304301133018199721e-01 5.8624919234955344404802702e-04 1.1826365835155930664179813e-02 9.2675871282980611032645613e-16 -4.8203092088316399757467143e-16 -1.0080976343513180226718617e-01 1.3468585213812650502873680e-01 -1.8915657090092463654684707e-01 -6.5606424777664859582237966e-02 
-8.0092004484230295597140766e-16 1.6815844043478122030072866e-16 -2.4073527558751053184726842e-02 2.0919994139563323487518431e-02 -4.3887841443066066826617089e-02 -9.2299443096627888094563019e-03 -4.8077307998781702857993281e-04 -9.6985649534991943271355908e-03 4.9239174373907625514042479e-17 1.5701747079416325592093124e-16 
3.8646495679893834445416508e-16 1.4627119587434654707645060e-16 -1.6778545467894999398961176e-02 1.2557366423924937182121653e-03 -9.7077684896045134815834032e-03 -2.5528035462110860998041773e-04 -3.4992870561307309884568895e-01 -4.6545528885737165111780023e-03 1.1839840095050090107431373e-02 1.5749128952235753181598810e-04 
-2.9108881143206166177373629e-15 5.5656811968739375810779457e-17 1.2809018297310170719782718e-01 1.0906783300286064519735163e-01 -7.7354204813796123563207630e-02 1.8466385213331540371406447e-01 1.1541650065712857796318614e-15 -5.9320825234456240197771786e-16 1.9367124011679143213982002e-02 2.5339601248600730071247611e-02 
-1.1967471481122605656000069e-02 4.3221685816721824857644663e-02 -9.7096150424799514133678002e-03 -1.2915354639696837585338685e-04 -1.3802690022661226853111978e-15 5.8060519713017018321381765e-17 4.1842333614218878997100178e-16 -7.5323672233464340148320517e-16 1.9972514884840884830108365e-04 1.6824285197242189182631478e-02 
-8.6433244250596914098894175e-04 9.6725832400661564125510239e-03 3.4970857177463321452393075e-01 4.6516562417979433197157135e-03 -1.1958183202286677693226835e-02 -1.5905793899448784217698361e-04 -9.2296999787004625705750931e-16 4.3751494954572648994866452e-16 1.3074109645743772767367830e-01 -1.0560155751723249162310481e-01 
-7.2297416838913067249627886e-02 -1.8661390676365813279247163e-01 6.1160255855905498652879153e-17 2.7401971300434211319958403e-16 2.0090713050652679594332284e-02 -2.4863582293512702381388380e-02 -1.0844755984456382058578328e-02 -4.3609574250094908232089352e-02 9.6972173265213838788678657e-03 1.2898581649180220105865846e-04 
-4.5263757679833330789446110e-16 6.3988402991567700186869040e-16 4.4964475370670896773557737e-16 6.5233357954080735856173578e-16 -6.4831849441298943989564485e-04 1.6798065012324982225866421e-02 6.0923944038882298264436788e-04 9.6835836311316980662411424e-03 2.6600860109368209410751760e-02 -3.4872642188376784533332398e-01 
-9.0960460842494361959759130e-04 1.1924599128846682591365003e-02 1.8388889277869031739442089e-15 7.9380578828172570188965559e-16 -9.7183875617886647524379384e-02 -1.3711388541228652915293651e-01 -1.9078525920064362542127867e-01 6.0437170275609804204197673e-02 -4.7000474968751935452735135e-16 3.3368336406241117073634436e-17 
-2.3553013386771622789117586e-02 -2.1612265863453387210180168e-02 -4.4204468578078665030872685e-02 8.0850885193715586046758759e-03 7.3762460478723384030286248e-04 -9.6699829969347870367579745e-03 -8.4227156851368546586924829e-16 3.4846804710122201351804915e-16 -2.1331758436388639376805226e-15 6.8200975829911536431922305e-16 
1.6724209613369893367984531e-02 1.7017984124376767020997425e-03 9.7027297518200873033267229e-03 0.0000000000000000000000000e+00 
5 (band)
-8.0183976995708960977538027e-01 (Ry)
0.0000000000000000000000000e+00 (Occupations)
5.9915506667932216799954404e-02 -1.2579882774091541430827590e-01 -2.7599092155689355920777928e-04 5.7946264128220376088407306e-04 1.3500879429586930730838784e-16 5.5929278602363247190069777e-16 1.9986295722647265393767668e-01 -2.0359044082401098196832834e-01 7.7997347516751136531354405e-02 2.0989787420796865435868028e-01 
7.0188354839896723145046544e-17 3.2237667767195272601017554e-16 2.9880596089988883251598040e-02 -3.7910519967555594833541477e-02 4.9662729988418190252286166e-03 3.2512843545278773127460425e-02 -3.0173893685146886949749456e-04 6.3354075564821168281559594e-04 4.9824564657620025130235090e-16 -2.1982662346038387474008647e-16 
3.8995887697011585361201576e-16 -1.7345919441312442432874826e-16 -1.5444087016513997207001196e-02 -3.5467053814882670143004972e-03 -5.4711928557463103406366400e-03 -9.2221584686180690937362670e-03 1.2178846670988395517465364e-01 6.7696250832042656475628917e-02 -5.6098959083041716189299564e-04 -3.1183107672433374446541166e-04 
3.1945186464517611724005464e-15 -1.3495318902104459181390798e-16 1.9063920271060619260339308e-01 2.1225212285411609869356653e-01 -2.1438118266175471005041686e-01 6.4663841033640451216868428e-02 -1.5220364904796448033248973e-15 -3.6283596380933583168604647e-16 3.5959494069152844741843467e-02 3.2202054797691823107008702e-02 
-3.2760521736635773992762921e-02 2.9149748612888569387902038e-03 -6.1334426313422007581016571e-04 -3.4092387707650552777782771e-04 9.8287491571119936064488934e-16 -3.9369681400148732763529766e-16 5.0823815408721485263753729e-16 -3.1230599839157687765324298e-16 4.5094490135299293565029899e-03 -1.5190912165868319938510922e-02 
9.5474996865416925095892964e-03 -4.8813325865557808877492896e-03 1.2255055400856358638339572e-01 6.8119511228936849289716804e-02 8.9431589883464182588745928e-05 4.9716169737704790643206820e-05 -1.1979050063124716561167566e-16 -1.4395094182403840731240373e-16 -2.7867338243914335782491776e-01 -4.9729875973174839098867039e-02 
5.8058705865987443595077622e-02 2.1417142247485659867223262e-01 -1.3529769300314961608565994e-17 -2.1833970788834758796759724e-16 -4.7794985771821597853037389e-02 -1.3744718960490922426975757e-02 1.5068755693094890157901489e-02 3.0552655403238496156781423e-02 -5.8318207484745723974406406e-04 -3.2416470513877857981266395e-04 
7.4308089463708942030504487e-17 -1.0359091646545611198747823e-16 6.1918509873035036665552405e-16 -3.4433774758573093954736878e-16 -1.0410072352704404993750664e-02 1.1948186910312644237741608e-02 6.6561622612786020252578778e-04 1.0579666982591332674568108e-02 -7.5680105869479735725136038e-02 1.1803146899645852729854312e-01 
-5.5233522212629927727878254e-05 8.6133412949693927140870642e-05 -3.5229936406310435777193538e-15 -5.7960070634006717046869227e-17 6.7129791840093433474834228e-02 -2.7500091943826920903859445e-01 -2.1739434039266394838030294e-01 4.4496205422215669156305040e-02 5.5488708387180284768506991e-16 -1.4885648122458625379990941e-15 
1.6718668877166446146143031e-02 -4.6837635243545991392544181e-02 -3.1438541713382901765516664e-02 1.3120603845230812203870308e-02 3.6014334551170133248698679e-04 -5.6167682804762134995274492e-04 2.7620156713273510196014925e-15 1.2162579683355370039040601e-16 3.7589722666679722388295819e-15 1.5897668384524588466575011e-16 
-1.1270956043198580506792261e-02 -1.1139763314562144136399269e-02 -1.0600584815142276295940604e-02 0.0000000000000000000000000e+00 
6 (band)
-7.6086562016654013529404210e-01 (Ry)
0.0000000000000000000000000e+00 (Occupations)
-1.0937991978291194961059318e-01 -9.0617492486672418516846506e-02 -1.5141988445498480442275024e-04 -1.2545199482447838557064301e-04 2.5215645517479539168910280e-15 1.5901541801706115337871339e-16 -2.7396576982705328484613005e-01 -1.0611069317863607019969407e-01 2.1376664206632763065574210e-02 2.2674698092732920029490629e-01 
-2.4053911522626794930350866e-15 1.1211448465092867724671706e-15 -4.3256035303269678438109480e-02 -2.3291679083745811529304603e-02 1.0787547686634943108763274e-02 3.0633755334279352822157705e-02 1.2980332198981750588956396e-03 1.0753822051597318118498769e-03 -5.1066068570343118784782639e-16 -5.5989652581670288406976691e-18 
-1.9316518621772747368993383e-16 1.3421837458240921883301000e-16 1.4884237395415198662584899e-02 -9.5130208750884154289551020e-03 -1.0354187581726737032994379e-03 -1.3433304638850361578672477e-02 -9.7306701537166390147959305e-02 1.0347416408089871175945973e-01 -1.3471217714982469670914611e-04 1.4324389598396186640272276e-04 
-3.5417697172070446834503833e-15 1.5150715117156925067967641e-15 -1.2310376094146274761342852e-01 2.6676241542965201114512297e-01 2.2764179940606593666174717e-01 -7.0969215459301630138932993e-03 3.0111462161182007891419611e-15 -1.3848269203733941204198204e-15 -2.5961787198207898069712840e-02 4.1708182772365522128499293e-02 
3.1250662337985207761548168e-02 -8.8427515179843926146352473e-03 1.1547643640700739654791906e-03 -1.2279480406816303469930141e-03 -1.2088971761022811577789036e-15 2.5980254300557832821008830e-16 -4.3426936259416452237452421e-16 -2.2813636299169282088831995e-16 -8.5596601051037245200259207e-03 -1.5452194274536937279584947e-02 
-1.3471811562415531016156933e-02 1.8989142070376628657069062e-04 -9.8079862495550826362311625e-02 1.0429584854101639490586706e-01 -7.5938756854099643926747643e-04 8.0752383254867853012992640e-04 1.8496068960960120439337403e-15 -5.4728996817003663163919363e-16 2.5665553277093094974858900e-01 -1.3840502575539131990822739e-01 
6.5298354315353850096936839e-03 2.2571254715471905649692985e-01 -1.3913995504741548762352195e-15 1.2896920141078040262080878e-16 4.1351347170195520974722569e-02 -2.9156093630265000893331262e-02 -6.8449076743094805497236166e-03 3.2904118837528036067840986e-02 1.1320227680197128203309909e-03 -1.2037736406642642571218627e-03 
1.8319934085296543786003586e-16 -4.2594087397914483041206867e-16 8.4280648496456537815624988e-16 -8.4805106020772665124770653e-16 1.5842032682198345372448500e-02 7.7185415514038667808560668e-03 8.3392668014396363531520739e-04 1.3254885048604088740309415e-02 9.7931559003636897697830932e-02 1.0443511478975274486824532e-01 
7.5824802890994517923228813e-04 8.0859393149066306066830023e-04 6.5939696240266483991889855e-15 -4.7195983960635563796219669e-15 -1.2201638085317036142019020e-01 -2.6483960515710514016518573e-01 2.2567716676246502016667250e-01 7.6556577703441701376885220e-03 -2.4555112340756401177725830e-15 -1.2785625933027211319542208e-15 
-2.6502088174544788379272120e-02 -4.3100475994534301338312332e-02 3.2409394767691661332076336e-02 8.8974675237475202294046284e-03 -1.1303179708349730004518507e-03 -1.2053745517803088858899141e-03 -1.4129431037331807684910037e-15 1.4969330082806828833114111e-15 -4.4027440046459413744421835e-15 2.1352810202706728421193936e-15 
8.6980402327910908560903991e-03 -1.5326120816870878599269545e-02 1.3281092250245601568692244e-02 0.0000000000000000000000000e+00 
7 (band)
-3.4336032979477021376268908e-01 (Ry)
0.0000000000000000000000000e+00 (Occupations)
-4.7604595099579057314318458e-15 -4.5167803733677015722583446e-15 -2.4712628016211668813511666e-15 -2.9448463059879405966317493e-15 -8.6540586441202535517014383e-02 -4.2152743070792053625694962e-01 5.6774036342135646971714686e-16 -5.9750571992456346184884077e-15 9.5899625657938797041022776e-16 3.6786208624256854075052697e-15 
-1.2631928596751641757922613e-03 -6.1528596802399998511035051e-03 -1.0263603605871942467295359e-15 3.3508718265468399009435645e-15 1.2087978322067052973626576e-17 -1.0086705629772791659660421e-15 1.4813790825224162131948454e-16 -2.1572756311105318143053146e-17 -1.6690607351816280634615453e-02 1.6474115896230257655163953e-02 
-3.4799189026585262973778612e-02 -3.9943741467248286558522352e-04 8.5906235442054948974287494e-16 -3.7299712567548359382080030e-17 2.6737277923997318000524022e-16 -7.8687710554498762052414862e-16 -4.3319302708798482381120167e-15 1.4909956381333356035761224e-14 -3.7554323053255612647476858e-15 8.0947765543053803561969975e-15 
-4.2612957098538245537255875e-01 5.9901892061764293317960295e-02 -1.9155089667099889630204181e-15 -2.2186766889877031156358459e-15 -2.1551968525108825036203689e-15 -6.7238954274591929123565824e-15 -6.2200349529261452635742202e-03 8.7435898221705334390496667e-04 4.1549585407803883806737256e-16 2.3450065666719055351550594e-15 
1.9440667673425743696407935e-15 2.4552803299900704813926947e-15 9.3251307346494617630066527e-16 3.0804212683075829787612177e-16 1.5393596087672664976531145e-02 1.7692090544212928787670691e-02 -2.5837083686829111217608812e-03 3.4705439893798144257441862e-02 -6.7377295183841427003407065e-16 -2.0752199466635355149115702e-15 
-1.8825579616571299186291078e-16 -2.3732643427520175310611933e-16 5.6865260529519305732505241e-15 -9.9420437208711148891749266e-15 2.3728637198758153337989994e-15 -5.4256900940488175504580261e-15 -4.2615557091868117023381046e-01 5.9905628092899620984468356e-02 5.9874993588831410680988961e-16 -9.7692438788128734498790176e-16 
1.7064132959473391680325179e-15 -2.6850071895657253001032535e-15 -6.1873540307580739833204220e-03 8.6977395009798911564014023e-04 4.7506038976103795996313791e-16 1.6226373021680411362405089e-16 -3.5378103130280572143844229e-16 3.2282704657396231767134907e-15 6.1313136784379230355600850e-16 -5.7423189725386654080346246e-16 
-9.9200703105182235636005927e-03 2.1254027397404531146696272e-02 1.2053270378586781325092048e-02 3.2654013815364278661146358e-02 -6.5343102250486094911668624e-17 2.2919631321881733429449597e-16 -3.7955399312103587085771283e-16 1.5171393283148449080618844e-16 -6.2521350165194186529815017e-15 -2.1955912471774543582634595e-14 
-3.3922330604365987590580758e-15 -1.1162364308602198645714804e-14 3.3028888391818826686385790e-02 4.2907615575079671721425711e-01 -1.8188102802913204303244608e-15 -2.6706864297962288145820620e-15 3.2702513168871442171865351e-15 -4.9355142713879286072697760e-15 4.7955047680302645158462171e-04 6.2297582590649042480479558e-03 
1.4027294544493136721973990e-15 3.7943745479830401751551311e-16 6.2080065603696350778670645e-16 1.0691031071590866503079128e-15 2.4200673279339295916113742e-16 -7.5850745941710440282712710e-16 2.0589201062624989946314713e-02 1.1235046736798308397720092e-02 3.3346409685662797839356131e-02 -9.9791235160643244200828761e-03 
1.7615847695034202444037233e-16 1.7206778602039824473691861e-16 4.3598240536366157130423673e-16 0.0000000000000000000000000e+00 
8 (band)
-2.9177920114012867447428334e-01 (Ry)
0.0000000000000000000000000e+00 (Occupations)
-3.0034686974485711100260828e-15 3.3237033379582344507431287e-15 -8.6651903307087507369675225e-16 2.3403278326807614649030208e-15 9.3794110982020284517091113e-02 4.3708875980815009576474495e-01 3.5916758198000474083922292e-15 4.6868354988626884562521141e-15 1.7290626351059014760372200e-17 -3.5375185664720458104075441e-15 
6.4116465658354236667459958e-04 2.9878623329866876856542035e-03 -2.4595706675714519904785441e-15 -3.0177308663361363852925845e-15 -8.7490144962118683632884211e-16 1.4567038353895666167720720e-15 -3.0807920504050231431675735e-17 -1.9808830342104109765476263e-16 -2.3390127606066117571526064e-02 -1.1061381542347195269804239e-02 
-3.2841941291533158220339317e-02 1.6344983100790688723691346e-02 2.5722193108273349739838524e-16 -1.5667876429088695607342263e-16 1.9512540504674902282961778e-16 1.0045140240077452063728502e-15 -6.1637412771137370323840077e-15 -1.2536385541984502851827589e-14 -4.6009083448073747151805280e-15 -6.1918548916708363202916726e-15 
-4.4211564593069863082774873e-01 6.6163999492664146706566441e-02 -4.1967797270827312152689478e-15 2.5620201836196426419630262e-15 1.0110656367436964451025409e-16 7.0689766793002769716585511e-15 -3.0222255309990363192351737e-03 4.5229003691716484917076380e-04 1.5292679554060025213647996e-15 -3.0770565011765333731273745e-15 
7.4000430904638535408839161e-17 -2.9817035838730617692383659e-15 1.0812915393331634356774203e-15 -6.1122575805832513001530527e-16 1.2508232693148910869007651e-02 -2.2649422640486149144178896e-02 -1.4250567459774246895087835e-02 -3.3803445200685899862946826e-02 9.0724609211950202791316723e-16 1.7028681484903236914353642e-15 
-8.9617615674897464025936314e-16 3.9583193422494846139666374e-16 1.2519498970279698714278581e-14 6.7307096331704534110372469e-15 5.4786741531325394213792848e-15 3.3527198088637565151129844e-15 -4.4213849750979283825813582e-01 6.6167305132216067131700754e-02 -6.8357678554028782012890608e-16 1.0952445113731356658347025e-15 
2.3479770897687991423457663e-15 3.4067059863547775165010084e-15 -2.9907549684612157181451408e-03 4.4757056693482693719363108e-04 -8.4781095480305297706083264e-16 -1.6927389010068169079737169e-17 -1.8733409370471615121220730e-15 -3.2650202499761569808536559e-15 1.7822766924151789595560164e-15 1.8352423643191521231994411e-17 
-1.8592990364703923522604612e-02 -1.7998572655891519056492456e-02 3.7303362486492165628337858e-03 -3.6500467808825785842596900e-02 -1.4387167402629888034183002e-16 -4.8750020141636701453951135e-16 4.4211820048352529294179767e-16 1.7458367765139507624461247e-16 -1.8933160115572186214704358e-15 2.2225367756090760039858996e-14 
-1.8329763902054287636560323e-15 1.1312712154056633961893896e-14 -3.8274633180246583896710888e-02 -4.4542071764069562922472301e-01 5.2337955597411258053632287e-16 2.7333238763439303603101485e-15 1.1262144628887583433305420e-15 3.7254491819808470590319830e-15 -2.5889633089638786848235563e-04 -3.0129565850836948284752204e-03 
8.5441033181617055309798757e-16 -1.3320751716266789372647517e-15 -9.0512326558330604569995906e-16 -1.1674279854977364106318805e-15 -1.1344741899525483477968398e-15 9.5543406428798172409494484e-16 1.9130520105895793686601181e-02 -1.7426161620657569517600649e-02 3.6194212723258858965813545e-02 6.0148586130425261281340354e-03 
3.9321699766583005598261624e-16 -6.2298152245360515743605432e-17 3.1251751122979362606287961e-16 0.0000000000000000000000000e+00 
9 (band)
7.6724897615326151378845054e-02 (Ry)
0.0000000000000000000000000e+00 (Occupations)
-2.4010317105209976390443764e-15 1.7099196981574268577493728e-15 1.1704749990428351799002024e-16 2.1176767365697575939688686e-16 5.5406153827371584785765890e-01 -7.6970942785190399337835743e-02 -3.6564603179171256851417333e-16 3.7938963850665895623729018e-15 6.0213662349459450324922576e-15 7.6687098203443253191777957e-16 
-1.1455044845584478468980549e-02 1.5913583336200527729165088e-03 8.2950614516103298412990144e-16 -2.2227863466949897727644818e-15 -3.7707713029027739365701844e-15 -1.0829380301629397734027764e-15 -3.0120905444508125920392513e-16 -1.2319812529779257833173348e-16 3.0034199535273864434259394e-02 -3.3115840200238430557355684e-02 
-2.6468590101530777014549045e-02 -4.6382513987090291662784836e-02 6.7271061955403743185914607e-16 2.5307510824601437455344459e-16 -7.5163722498313645021700452e-16 3.1828739871208617736464451e-17 1.1455455568244707360046557e-14 -1.9837897975996748171764051e-15 6.3091696928551084794647199e-15 1.0970801558633625485077630e-15 
4.2029246463637259800805168e-02 5.5780126987048728182116974e-01 -3.0690803799604947307533652e-15 -3.1363399277667300558967793e-15 -4.1057327084089465040716960e-15 -4.2641325402727954630644463e-16 -8.6894993626024982086297754e-04 -1.1532363147622973209571740e-02 2.5400817858692715912873619e-15 2.4583894367298289845871834e-15 
1.6701464016820723205055306e-15 5.2188093733724669559497050e-16 -8.4944218155525895250441198e-17 -2.2670786392633447252854742e-15 3.1164630666968385491744087e-02 3.2054294708879063624529238e-02 4.7952965210662126804841421e-02 -2.3503978242649395391516975e-02 -1.4318035757661102174700672e-15 3.2815000913769280731880432e-16 
-7.4231027965624989184654171e-16 -1.2014381827409820045190204e-15 2.4882139785177168794675526e-15 9.8830423579567580827689923e-15 -1.0793282170557200004503364e-16 4.0066962415463646803092138e-15 -4.2028768261180737830784437e-02 -5.5779670448565499274451440e-01 1.2857215370838204889422514e-15 -5.1442813020410681439384685e-16 
-4.0089699564341934490661383e-15 6.8752603546498309109184011e-16 8.6785844165488887358428371e-04 1.1518146492208423264935746e-02 -5.6416148588221520719479898e-16 -1.2053524003967644105282890e-15 1.4304018333256541634424335e-15 -1.3847149822067670526621701e-15 3.3155329795135868017914660e-16 2.0041598084421107885844173e-15 
-2.6007447424218115006322449e-02 3.6357409142247838762518342e-02 -5.0929002806157724903002304e-02 -1.6050715981373326474157537e-02 2.1362853105559910945852173e-17 1.3597383484932164908305787e-15 -1.6987079298249511731453034e-17 5.5353749402379052164134609e-16 -1.5581299130411128606672190e-14 -9.3639438274131375038364289e-16 
-8.0143945738729863915550094e-15 -1.4594573369893946332443168e-16 5.5933502829909753639725523e-01 -6.9214893125699060091871040e-03 -2.0802404879736620315255334e-15 -1.7918038091933780404697338e-15 -3.5564281737542541505033433e-15 -4.5176817417966519717003774e-16 -1.1549911343581402423108528e-02 1.4291552088916594366423130e-04 
6.3473462099984502617674667e-16 1.2653787719000267977805742e-15 1.3505483927463850438213480e-15 -2.1961787318391755129154330e-15 4.6439726182372997013314421e-16 -1.1177594086867520428248239e-15 -3.4652644969582625800175180e-02 -2.8239028270679793902742105e-02 1.9216902096995048393468508e-02 -4.9820673260591134823282999e-02 
1.0612958114012371821170105e-16 -6.4426292062630251523482967e-16 2.9032574863964255264730840e-16 0.0000000000000000000000000e+00 
10 (band)
1.3691539756033685448777248e-01 (Ry)
0.0000000000000000000000000e+00 (Occupations)
-2.6017906470731474649235171e-16 -2.4646282860718512351573659e-15 -3.3978332664088591700441099e-16 2.5436603997577004139409039e-16 3.5208404472330434575866320e-01 4.5560229445574124129691995e-01 6.4917836937650823049552756e-16 -2.0024898860417140431326252e-15 3.6685045000747172868927644e-15 6.1387685931860352671709322e-15 
-6.8247273800481657313188322e-03 -8.8313222720090706063800212e-03 -8.0657637915682902348932660e-16 1.7163477140451359297768990e-15 -1.4500553332758721047813532e-15 -3.2066723635317930553380562e-15 -2.5364059533610198561904515e-16 -2.9559626833370320306994690e-16 -3.8715363692058604033752189e-03 4.5884092099474901860212128e-02 
-5.4588494000671727857110227e-02 1.7385937074477424840734940e-02 1.1554165446588296676806105e-15 8.5272217103388567146338817e-17 -3.2323222248326078835776686e-16 -3.5618070307003426560414291e-16 4.0620230335577539380214793e-15 1.0360773919279854219577624e-14 3.3682706447720031108451896e-15 5.0808155796176197929845538e-15 
4.7681080743354992135252246e-01 -3.2278178259727374754817220e-01 -2.4101252531264960202336902e-15 -3.0384856686103810737728067e-15 -4.6780119555313823313732115e-15 -1.1034125695065567039195021e-15 -9.2424238516504737123158364e-03 6.2567370274429151902340074e-03 1.2180996567164657551412522e-15 1.7546972064947377903294243e-15 
2.1649868571093468857693952e-15 1.5329426299272207152688037e-16 -1.4565860799719047036617055e-15 5.5275051209400372740547697e-16 4.5550454546044928660908369e-02 6.7449827501622041173168220e-03 1.3923990009549637794639132e-02 5.5572448096449345023017941e-02 -1.3653971089875490809616174e-15 -8.9788239927354831638889625e-16 
-5.6176493898628472561234795e-16 -4.2702992342777800219941933e-16 2.5259129770998024952646702e-15 2.0201024899922330472979485e-15 -2.5474467845223924439618877e-16 -1.1986583242717744369405984e-15 -4.7680802738354699510381352e-01 3.2278001341529510836991790e-01 5.3030421510168928754986784e-16 -4.1138523480485118026679284e-16 
-2.0361291225216475020773681e-15 -3.6154525559920741780157743e-15 9.2311360639187600707344927e-03 -6.2491240765837671039539813e-03 3.1246481258568427122961938e-16 -1.4464664416677898702789983e-16 9.4809019065771608771478057e-16 1.2614682305341602889140615e-15 3.8383062361320254887005333e-16 -5.9447887831647562538084178e-16 
1.0656553021420225868531872e-02 -4.4791912443818457378874598e-02 -4.6418566399813801504059541e-02 -3.3569790885879767505795002e-02 2.4894340452665903820684417e-16 3.3021691815621663840582007e-16 -3.5503268043290776759229015e-16 5.5621705310268976314775785e-16 -1.3059145820073651971155472e-14 -1.0524729441021504899505377e-14 
-6.1402874817072218977628866e-15 -6.7870000117367080876727495e-15 2.9220405711677932547587488e-01 4.9613468034618413149416938e-01 -4.4944451629994514816534481e-15 1.0639827654133799567853296e-15 1.2962220798479547601756268e-16 -4.5408164090596353511400621e-15 -5.6571650299654194921084027e-03 -9.6053062719947297776190709e-03 
2.0477460064279653672200221e-15 -9.7834328839226404092098965e-16 -2.1894029071491255239150386e-16 1.0110690406359317922334556e-15 1.4147898678351841234646014e-15 -3.0864780050383722432485369e-16 -4.4034395337940061831982774e-02 -1.3448032194152331753045360e-02 -3.6418194464684881805904837e-02 4.4219105358072899325527771e-02 
-1.0038495266235463647048794e-15 5.7205594499063228783401122e-16 3.4593583751935511318867898e-16 0.0000000000000000000000000e+00 
11 (band)
8.0883290310050826033005933e-01 (Ry)
0.0000000000000000000000000e+00 (Occupations)
-1.5755972431549611356693674e-01 4.3070872903872503556499396e-01 -3.8876415517524624820833168e-02 1.0627463902986128418959311e-01 2.4915167783785075452586691e-15 2.8597569410861430467589940e-15 2.6880284059811493380109937e-01 -2.3066126354951374533008845e-01 2.1996229187369328861301199e-01 2.7067881934908066821066086e-01 
-6.7866192874280175798002392e-16 7.2942972564765850328278982e-16 1.8825590923519767289073812e-02 -8.7089062386149163064175127e-02 -3.7409713116627330009578145e-02 4.0649817600040230591851298e-02 3.3975260225497190547105930e-02 -9.2876230140717275229889083e-02 -9.0568966988439503850709164e-17 -2.5373259016705444134682292e-15 
1.8692361527149301642028737e-15 1.2479053016320252756429571e-15 -1.3518366492587979843520429e-01 -2.4533905791843550747710623e-02 -5.9231391936652680318964315e-02 -6.4949267211012115530444078e-02 4.1996556683130770171175072e-01 1.8429324098428567779706100e-01 1.0362385998546309873180604e-01 4.5472741572548561195254990e-02 
-3.6126439744229059867890955e-15 6.4704289181283098675523169e-16 -2.1332783626952689370881444e-01 -2.8275576013315967260908224e-01 2.8395624308023370563347498e-01 -2.0253218289015817443754486e-01 2.2617458043835620862151290e-15 -1.2787983309508289368475109e-15 -8.5735143384547463085709751e-02 -2.4256810378675525141645153e-02 
3.8220629155050714342856111e-02 3.9888316752867344905375546e-02 -9.0559635881856698214065204e-02 -3.9739964538034140695277330e-02 9.9656645534439180981341267e-16 1.9222852135526729496321077e-15 4.0360190892169581498551292e-16 1.0390319247549810773388212e-15 -3.2973746263767436670555355e-02 1.3337641415757908736061665e-01 
-6.8540274531558073589643243e-02 5.5036314094766058957475252e-02 4.1715806497343049796810988e-01 1.8305468921894102463099330e-01 1.0277349662336159041853278e-01 4.5098887954450363191316598e-02 5.9740194755946995454073646e-17 -1.7951873418506303845830808e-16 3.5270980717539440751906454e-01 -3.5330539572788990931861974e-02 
-4.2494302347536934416627474e-02 -3.4745357776868524002367167e-01 -7.2176539251261086173572888e-16 -4.2022153853270404499840662e-16 7.6715316864779933836437920e-02 4.7247718332378327299458931e-02 -5.5889483082011859327309367e-02 -1.0325881805665140800165602e-03 -9.0290088720766686902763354e-02 -3.9620800102736497549926753e-02 
2.6996899509905056868657443e-16 1.3754039086326300315848457e-15 3.6034150344722131976572919e-15 2.6531677308092723789402487e-15 7.5660069292433185239588056e-02 -1.1475733559745933398676954e-01 -5.5111032750150869274907706e-03 -8.7596478372075653462403011e-02 2.0888704416391379314887899e-01 -4.0484079981872705955581182e-01 
5.1463096831427815325277209e-02 -9.9738914007722223598051414e-02 -1.5471268438399248510519622e-16 -6.6075253225500837535674922e-16 -1.3113990845676128799146554e-02 -3.5423223787281765684298307e-01 -3.4943619681914839247838245e-01 2.0593658945416423028396125e-02 8.4713547831847234900275491e-17 -2.7897371326099900586891159e-15 
5.1971480342713122224651556e-02 -7.3597227938732939778176956e-02 -4.5398802735031841201762681e-03 5.5714361206329582332230643e-02 -4.5211979069035033995671569e-02 8.7624111240273111489429425e-02 -2.1841549032311282254427757e-15 2.2683690013431665440380612e-16 -1.9204038285444501691391324e-15 1.1048099897969648555059730e-15 
-1.0978015316446418370155413e-01 -8.2716444132636179897843931e-02 -8.7769671769316756626544418e-02 0.0000000000000000000000000e+00 
12 (band)
8.4964771491256962931970520e-01 (Ry)
0.0000000000000000000000000e+00 (Occupations)
-7.2929071392198552281627144e-01 -9.5591863455762329793152787e-02 -7.4023200516947204596895915e-02 -9.7030486963768664693263943e-03 4.9015367341125071883051980e-16 -1.1631681719699174790524230e-15 -3.2675047688353492381096999e-01 -1.7816896661309228333536225e-01 2.2916612614419903937168499e-01 -2.0404642000928568945639086e-01 
-4.7646990322505423352125087e-16 1.4715899098139052792895652e-15 -4.0786000315602422006122652e-02 -3.1974276323418260314923600e-02 3.1500374782890111502453578e-02 -4.1927435861973644248834603e-02 1.0300632459602539203746829e-01 1.3501769365966517777444267e-02 7.5987940906096102290358901e-16 -1.9444546278493224268962239e-15 
1.2902915808728610034509130e-15 -2.9115200575212448286825087e-16 -5.5094921532150571696906383e-02 3.3476682601793761318020870e-02 8.3574637294236781004386216e-02 3.4384125866326262221939203e-02 -1.4119577744642641814465378e-01 7.2184936254164422386736533e-01 -1.4331857151966873042958639e-02 7.3267873173176858991872962e-02 
3.5815097325367458724734725e-16 -1.3887741150336582611263344e-15 -1.9833422300473496635575543e-01 3.1491838751147654962281308e-01 -1.8925432092947747086952859e-01 -2.4152609983195652554321953e-01 -1.7040746614876543543646613e-16 8.3182113707841968420342732e-16 -3.4472156535960779555338718e-02 3.8697837044453453625436623e-02 
-3.9866776752331703481679881e-02 -3.4070861462665483210265904e-02 1.9942947327864599116331590e-02 -1.0195528203401894862256682e-01 5.7680269571780867967454085e-17 -1.5773006704727113780387627e-16 -6.4851875251859242858662558e-16 -2.3297325473147615834197232e-16 2.9951185278447377963173537e-02 5.7088222577493782927682275e-02 
3.9563971530081461225325512e-02 -8.1250724718018516035122900e-02 1.4090290489795248562998609e-01 -7.2037154715810702843015179e-01 1.3933619154667694836624570e-02 -7.1238498757774798564312846e-02 -1.4403099007460850674333645e-15 7.6240686823786368007485384e-16 6.5427095528863374318540025e-02 3.6650813640642215807119442e-01 
2.6694263275551383118866511e-01 -1.5229272290503934050853729e-01 6.1774145944218875172055242e-16 -7.9761248577394976166580424e-17 1.7378362144533650301969629e-02 4.7406888387787338157153272e-02 4.9190660916312314854259569e-02 -1.5822728720866353901985946e-02 -1.9968429825534799587627433e-02 1.0209042240050454630750920e-01 
-1.8542107787303301151923415e-16 4.3367441901034514905356290e-16 3.3674073973708058830268293e-16 3.7271398065309308122134818e-16 4.8769928153374525470198364e-02 -4.1849689367039658027813687e-02 5.6861279354046383172072154e-03 9.0378415691390365238611082e-02 -7.1010269189138586209963933e-01 -1.8585736878542941097336438e-01 
-7.0223026670586469188961587e-02 -1.8379226676098973924933233e-02 -1.2789684818923773544891279e-15 -1.8744450975334840035980762e-15 3.6989311763322496595662869e-01 -4.2284753864736700224025157e-02 -1.3523074145445271310173041e-01 -2.7597842161614866141050584e-01 2.5867547410400054349626625e-15 -9.2126076172935977605194311e-16 
4.8404538108048109079639687e-02 -1.4367366773340531707625622e-02 -1.2702799033436001224783851e-02 -5.0087111738223701051797576e-02 1.0063514219352787115724368e-01 2.6339337335666838935122058e-02 1.7416300315083949948670041e-15 -2.8886195216524163641160868e-15 -2.0513404532179354438013871e-15 1.5089141996909504600831313e-15 
-3.8704819446948042493961140e-02 -5.1301455571586801474026629e-02 9.0557109460179890936259994e-02 0.0000000000000000000000000e+00 
13 (band)
8.5765320664001820638588924e-01 (Ry)
0.0000000000000000000000000e+00 (Occupations)
2.6005708361507162695858142e-01 4.1598107696876335248603596e-01 7.1689404230872805223739874e-02 1.1467475843094429577284643e-01 1.3024971064611615889592774e-15 -3.0076694901281251256207061e-15 -3.0872630159826047746562949e-01 -1.7857604661710241300554003e-01 -1.4853932641789061031012409e-01 3.0769108304843273415940530e-01 
9.9153300977722371970187957e-16 7.3546180796932204090265754e-16 -4.3833970282930942441446120e-02 -8.9585067720901065402294705e-02 4.5535390795038960254359495e-02 3.9172892091024889837935774e-02 -5.6718262107007082206688864e-02 -9.0726160956045576178041756e-02 7.6429949022903817880162819e-16 -1.5698057550849971372639045e-15 
-5.9934291654365353108021518e-18 1.6777222783058266990482834e-15 1.2323518113482875846464992e-01 -5.2552702199511483471816575e-02 4.5489993976405178333077828e-02 -7.0971479444207008491218858e-02 -4.3148935268544624799247345e-01 2.3342425249834314326946583e-01 -1.1894988891611679715509808e-01 6.4347453928159756286753179e-02 
4.9545171643619973144591406e-15 -1.7886056677088774295891878e-15 1.9760875240172276479100333e-01 -2.9690421805355510231905214e-01 -2.9775706353234837608923158e-01 -1.6756630089857829646327048e-01 -1.9128413854066553161024926e-15 2.3607940279302937591387389e-16 9.2160649814344047792147308e-02 -3.8122381026286844551975719e-02 
-4.1954784174644696448375214e-02 4.2985850863790586728896415e-02 9.4108502738143445798257858e-02 -5.0909598806847852769941198e-02 1.7717709134949023294145811e-16 3.7319651206760183634998008e-16 1.5049378807541310501377649e-15 -8.3290691799588055068434198e-16 4.4711000419097271518786840e-02 1.2629181612176393345592373e-01 
6.7975093094531910398181651e-02 4.9856565919445712531388182e-02 -4.2592698327747702258250229e-01 2.3039784196508747426968000e-01 -1.1773807571997395304830292e-01 6.3689673480799777194327760e-02 -1.0813749116095099084320326e-15 3.9324605882661343145584807e-16 -3.5861452313917030476630998e-01 2.0545771912428359429192426e-03 
2.1967934874414493662264647e-02 -3.4386396186343304304244839e-01 1.0987887268566356979582430e-15 -1.2420890452120333951687051e-16 -8.3410953548851654582030335e-02 5.6953745235211634956318250e-02 5.9652671651786559614549788e-02 -1.1805832679830433745715723e-02 9.3373495058724179096465434e-02 -5.0509378411170806344454576e-02 
-3.3521068656458693399432411e-16 -1.9607161652354457317366498e-16 -5.5329452757450627256459255e-16 5.2636407344297138545017366e-16 -8.0993907815763016566634747e-02 -1.0700611799565874771023033e-01 -5.2827477545845605982899329e-03 -8.3966871301324977339142208e-02 -2.0319902796382327547775049e-01 -4.3955331383272566725395336e-01 
-5.6171161535754014770827069e-02 -1.2150485419963766298145913e-01 1.1764307789800895510253960e-15 -2.3545160383001950330511876e-15 2.0467069207895559335153024e-02 -3.5803588726758450722087446e-01 3.4180604684660670367080115e-01 4.3515982929743214635553983e-02 -1.2356873225835063083863193e-15 -5.3317580039505945580218231e-16 
-5.1603942935218055643176172e-02 -8.6822516329399940238076283e-02 8.0369143313983593124305571e-03 6.0276255096721180481988966e-02 4.4546739441427042616172827e-02 9.6360753899735043792595945e-02 2.5739021133524043306242913e-15 -3.4493067978605124108691980e-15 2.5750869519118765424504060e-15 1.6068393390453663015252924e-15 
1.1188061540342060518060663e-01 -7.4115115116544116879992998e-02 8.4132888337336106387986945e-02 0.0000000000000000000000000e+00 
14 (band)
8.7415870174819254589948514e-01 (Ry)
0.0000000000000000000000000e+00 (Occupations)
-6.6214535380175587597761933e-01 2.9582725717542901477941086e-01 -8.4586932852255353187942433e-02 3.7791960365830178092405589e-02 2.4204136886269833008166729e-16 1.6884593569297809124347101e-15 -2.4951145064119517602563292e-01 2.7670309275840443419269832e-01 2.8627230975988160466272348e-01 1.5788998997850828276412471e-01 
2.0257965012539008595623327e-15 4.0065393564415335902545720e-15 -3.3497798889485515261288384e-02 4.8111935566113296636192587e-02 4.7857135539858909611954374e-02 3.5950674401212023845175736e-02 1.0121961477613081181736732e-01 -4.5222401965227219944321035e-02 4.4529701218344821666246319e-17 -2.7842369134660767530221727e-15 
3.7874590487587687712280603e-15 3.0716781451574217180508716e-15 -6.1082292129098596233927054e-02 -2.1337030250875847758873505e-02 6.4222124956368017989483121e-02 -5.6686332133111388964508137e-02 -2.5366705900052932687316343e-01 -6.7941390832660508714013758e-01 -3.2406129119807031147004750e-02 -8.6792996682434356281454768e-02 
-2.9590309333706828530405602e-15 -1.7462188251653985117430820e-15 -2.6049012884083500019016810e-01 -2.6639342769609147820730755e-01 -1.7555361716138132011089112e-01 2.7579342227882197580157708e-01 1.8168344784159842265467669e-15 -1.6575359814312374837346333e-15 -4.5913653461967830760048770e-02 -3.6452672057477417122406393e-02 
-3.8884708353704701411235334e-02 4.5505338898073142972489080e-02 3.8777533703634493866818644e-02 1.0385941909526628934568038e-01 1.9113352443140464739500381e-15 3.4726751230782148764552069e-15 -6.8811494308253507581610818e-16 2.3576348475135608422417099e-15 2.5130315342736981448767963e-02 -5.9621996967970963821059627e-02 
5.2541934025162703725264635e-02 6.7654761499221005571769183e-02 2.5388115484176509983882397e-01 6.8001685429560354556599577e-01 3.2012316300573669114459818e-02 8.5747079934777675758184046e-02 -4.7094812533724201386272123e-16 -1.1243510447810412301129586e-15 2.2256172490617089770870152e-02 -3.7034052777442694193155148e-01 
3.1226574157732245318186415e-01 9.2729313002093735618380776e-02 -1.4577909321040959536157369e-15 -1.7779269859163678762108975e-15 1.1249260243668261424754284e-02 -5.5837648154005437017843860e-02 5.8506898870166253179281313e-02 8.0123569280539583270517312e-03 -3.9047916166353495437402188e-02 -1.0459036095655868670029065e-01 
-1.9366989613885414128806522e-15 7.8230597302825747172640849e-16 1.2122730246006489510159943e-15 6.0582437502828434386823972e-15 5.7079198656199724160043019e-02 2.9160694551171862515248634e-02 -5.3894055823426479517879173e-03 -8.5662148933539503103951063e-02 -6.9461632594522393358005274e-01 2.1068156691994094353859168e-01 
-8.7587947627052853416529388e-02 2.6565043623963762592365967e-02 -3.0364580631460325057853815e-16 -1.1597968451418835443895213e-15 3.6821226871291706794764309e-01 4.5466129099720573036869098e-02 -1.1215366097967537084567624e-01 3.0582703474608274873958180e-01 -2.7131213863332072179899307e-15 -4.9189663944276642505571946e-15 
5.5021118417634080899336624e-02 1.4733137326137967643147064e-02 -1.1670224938549505350193769e-02 5.7888348817648253852308216e-02 1.0683581470788358624979253e-01 -3.2403580938700486668846423e-02 -3.1866734064449832908859910e-15 -8.7909868947819393785941935e-15 -2.9242512843745038100729344e-15 -2.1606949406120530269832685e-16 
-3.2687185110528961529130498e-02 5.5135550740825114979237753e-02 8.5831517826705047702340323e-02 0.0000000000000000000000000e+00 
15 (band)
9.4486646331605672610720603e-01 (Ry)
0.0000000000000000000000000e+00 (Occupations)
-3.3098605530339261782124538e-02 2.1070779277557502573436921e-02 -3.6349715336321580805289955e-01 2.3140856268079668112136460e-01 1.0754698012408917496154011e-15 1.7168010182987141970388006e-15 -1.5497736942323517631003860e-02 7.4862744220726029631407528e-02 7.6911395626584611040499340e-02 6.3453061691032028313053104e-02 
4.4738245985050057874638122e-15 2.4102691362724805380777290e-15 6.7311215361007190050024462e-03 6.9697054099362443224663366e-02 7.3452878218337305793461667e-02 8.1195647265839596129488598e-02 1.1150646892670050547291538e-01 -7.0986887274904264533148535e-02 -2.6691317348594572602554434e-16 -3.3319290295005195688524939e-15 
1.5010128173841405849920612e-15 3.2747773878428196355823096e-15 3.8427184198453437358189433e-02 1.5692515136720194823816144e-02 -2.4677852846010289722400444e-02 3.8827854246719500919127199e-02 1.8950922276476413197432436e-02 3.4356338167633074243134672e-02 2.0812775569709329737122516e-01 3.7731013860434159390422337e-01 
2.5834236998097305008020558e-15 -1.9923208243441665319059625e-15 7.3741908744952455734278374e-02 2.0167826289533612171833710e-02 6.8157158045476146090990710e-02 -7.2775377857911868750839801e-02 -2.7023942915125640048132981e-15 -4.8299378898767035381257188e-15 6.9982173501758782041548557e-02 -2.3415249802094841025112970e-03 
8.5647570576450129942180922e-02 -6.8209618880545885843957876e-02 -6.3845261772396327826228912e-02 -1.1574373990283762236863652e-01 2.2881525372074405328250410e-15 3.5393826345366150733111188e-15 1.5202758012815637950738065e-15 4.1155956985699229203322906e-16 1.8074412396481651099655608e-02 -3.7366015753086553874418030e-02 
3.7201701149089869136155073e-02 2.7067177874820769201136272e-02 1.9914618521778913728947913e-02 3.6102136659001138330182812e-02 2.0823199970261743740884697e-01 3.7749908921294833552551040e-01 -8.8255943323522653936932989e-16 -8.7594353020506946658360563e-16 2.1505527272757042622775003e-02 -7.3774491507251876987183437e-02 
9.7621627812610620167355080e-02 -1.8052640658555416802721894e-02 -9.4364000351993925358320136e-16 -3.8573944955362164960495360e-15 3.9211552417758373245693093e-02 -5.7875328043392952614976110e-02 1.0319501738693741266228443e-01 -3.5966616566357620388139082e-02 -6.4004627468110530941203251e-02 -1.1603244771336104768089115e-01 
-1.1337931399888542396771444e-15 5.7289318571901500784349376e-16 1.6031766766877970527415602e-15 5.5639035498114990225549053e-15 -4.1278635872754682045737695e-02 -4.4670406599670526084921995e-03 2.8767395488154792922153025e-03 4.5724465882004898531487669e-02 3.7281346579405905128368204e-02 -1.7608449660392169744405066e-02 
3.8982917640574610285142398e-01 -1.8411773754748275711001781e-01 -2.9157124358237038627485061e-15 -1.1109371729497362868894964e-15 -7.2278571174498873475045002e-02 -2.6095429665091974397173047e-02 -1.1887305184385292544657631e-02 -9.8562528513558692044860265e-02 3.0647452461126990763384109e-16 -4.0629541741324521130106501e-15 
-5.5299010562985015382331255e-02 -4.2768199282825783424932808e-02 -2.9415975926977977472631665e-02 -1.0524974812789682221403353e-01 -1.1982236798464430960198257e-01 5.6592591301679227855370158e-02 1.1984302612406866913812847e-15 -6.1284124507163149642717570e-15 2.2040998486703347994305334e-15 2.3726340863469734030042293e-15 
-7.0501329608609851484768427e-03 4.0916694111420660873168487e-02 4.5814871064166123870720071e-02 0.0000000000000000000000000e+00 
16 (band)
1.0143188441881134664868114e+00 (Ry)
0.0000000000000000000000000e+00 (Occupations)
6.7366634299156416543219450e-02 2.2944958243290097810174188e-02 4.0063970094877854322135136e-01 1.3645860810252247175000662e-01 -1.2442602617132137792251760e-15 2.5540859688362424061972416e-15 3.5738356738768913001269567e-02 7.2261260974427102277140023e-02 -6.2984747730762957740324737e-02 8.2474797592329077144945870e-02 
-1.5145678148586689377093628e-15 1.1210959560177401729922242e-14 1.2553227508022041236657174e-02 9.1943440588210037511807116e-02 -6.9003813715386524973993687e-02 1.2812428785417032117699421e-01 -1.2569731762867192292887353e-01 -4.2812690269252010044631618e-02 1.2971453851524694857498125e-15 -8.9146113038169284166742140e-15 
5.3792342258368083382965966e-15 9.4699511099488539870318626e-15 -4.5425756039189815749246293e-02 3.4070990237340226247653163e-02 4.3937019131905605262566894e-02 4.3486626843501109684897443e-02 -2.7129667565294252051799617e-02 6.5792975790594190876880987e-02 -1.6134571311318379738253270e-01 3.9128082314575546307722220e-01 
-2.9276859497113368525420762e-15 -1.0893968031834821989726602e-15 -7.4362699864076078903885048e-02 3.1130513149133391681555594e-02 -7.8357207397536876580801390e-02 -6.8039097094707373658550864e-02 8.4421042684019327529603689e-16 -8.9352879782984085461027408e-15 -9.2550234886585133753378329e-02 6.7552801943237981638357148e-03 
-1.2353867853916822294735312e-01 -7.6912641029931089198257155e-02 5.0620809061940733042384011e-02 -1.2276105162897203715299810e-01 3.1689514779505268256215539e-15 9.6714086993379975372709799e-15 -3.6353742978848956485148452e-15 3.3567706717778915093941860e-15 -3.1151452106922574575298412e-02 -4.7475453858962679554167607e-02 
-4.6159644170146639508001130e-02 4.1119771576566210846692684e-02 -2.7683873200624847799034001e-02 6.7135801530289695993047872e-02 -1.6144878360219061530500539e-01 3.9153074283442840242130956e-01 -5.0984464762136405032828331e-16 -2.7963851834750491840742559e-15 -3.0300177570888826850126208e-02 -7.4822667366607989447579996e-02 
-1.0309879020872117494356246e-01 -6.4759557463154870937671603e-03 -1.2176095057914696377980780e-15 -6.8488160848188111171964961e-15 -6.0790115973774552782238345e-02 -7.0028408881764980797868247e-02 -1.4170820490448129969074387e-01 -3.2437887390949021737540647e-02 5.0724622366554471264432635e-02 -1.2301258257849181920740023e-01 
-5.0117185629532108231615804e-15 -2.3297142247541946628085012e-15 1.6117389411880373709314886e-15 8.5643340177990774215701559e-15 5.5603927472715836133332346e-02 -1.1593191733401194895569652e-02 3.8731893710679636544380600e-03 6.1562582307754222521456455e-02 -6.5265039586061140974848627e-02 -3.1844737247069217211947745e-02 
-3.8062069338072973545550326e-01 -1.8571461999927135755328322e-01 4.8304575620575358554292362e-16 -2.4991422720586581625827664e-15 7.6577585811518772418438061e-02 -2.5542232947868302728178236e-02 1.2936803510249322152203533e-02 -1.0248871967327699561423060e-01 -9.6797263124036539382920058e-16 -1.2863758654612188927500862e-14 
7.3707266768358981057218671e-02 -5.6273040402628017597752574e-02 4.1271810414672899236521175e-02 -1.3939178433729387807105127e-01 1.1958481996452996476421049e-01 5.8348552860452373991506647e-02 -2.8640256263731919863577755e-15 -9.5382811838099992175381593e-15 -5.1065283622659241341061237e-15 2.1106668958301954478669202e-15 
8.0789157330353120189947447e-03 5.6222148353980726243062094e-02 -6.1684302187046631538169805e-02 0.0000000000000000000000000e+00 
17 (band)
1.1416022643921281964907166e+00 (Ry)
0.0000000000000000000000000e+00 (Occupations)
-1.4993560699379047045989036e-14 8.4549686797178020178073005e-15 1.2135609102044018436817330e-14 1.0444551048129082544814585e-14 5.6028691850382866812552152e-03 -7.1609002471871158190808160e-02 4.9373517504567521721005422e-15 -2.2157840576015448820737062e-15 1.3192359725634345248989952e-15 -4.9692928011005384907662634e-15 
1.4131899334621989688942634e-02 -1.8061591398740539649026005e-01 -2.0164924085691960540779982e-16 4.2549250026280719728581652e-15 -5.5841436216527817234169675e-17 1.8055616835195484762165171e-15 1.0224169166078857999534552e-15 -3.9627435586239878790972303e-15 -1.1478377207719543673380969e-01 2.0760561516131681436547751e-01 
-1.5965623650453203419274928e-01 -1.3771799666846734622183135e-01 -1.5488523101442151048948343e-15 1.4478142929933240953238701e-17 1.9855365118169258865638302e-15 -9.7802223504031124242459379e-16 3.4909276497053448101862267e-16 5.0446880787627567557230853e-15 6.7901724072264267972888461e-16 2.4531940139828578935184485e-14 
7.1115891397674602103506913e-02 1.0088179659116271180696600e-02 -6.3233982603712226378547698e-15 -1.1430708375934078577075744e-14 -8.7139107708441784826785531e-15 3.0227045810464551056627312e-15 1.7937216044192544339708206e-01 2.5444980304628033590530478e-02 -7.5453437366065812731894591e-15 -3.1146082155000635278204465e-15 
-5.7691810449046789888280574e-15 1.8517960812527159997255965e-15 9.5518185980214770206936198e-16 -8.4524447684086605483578450e-15 -1.9998862024135863335594365e-01 -1.2759293692336579062462931e-01 1.4747113967232314268862581e-01 -1.5069380685654221174729628e-01 5.0115146540029800087854983e-16 -8.9184524019953581420746098e-16 
7.5902670262104610287786124e-16 3.3348292189301597958221701e-15 6.5734400293269736284842477e-15 2.4947346701607885479927418e-15 2.0892977342941160825811433e-15 2.0030417629880654631965090e-14 7.1150978753455301761832175e-02 1.0093148753748381121764233e-02 7.8781952556863572753568972e-15 -1.9111785603682229638149736e-14 
9.1598247996293920960286095e-15 8.1547149291858957762775267e-15 1.7932564838283471253532753e-01 2.5438255837579228091360761e-02 -2.5817517335562513022416278e-16 9.8548322116574236169517012e-16 -7.2329173526871121675965770e-16 -2.2430891179504578099883352e-16 -2.7783957652252583617139175e-15 -9.3393961029888813345524432e-15 
2.2759345121907265108163188e-01 -6.6932243685585479653354923e-02 -9.9750274868493513102940540e-02 -1.8575338945666330925376997e-01 2.9049031078529696607951778e-15 -1.4394564564276510534282490e-15 1.0879459661344784148631929e-15 -2.1132582147655725027354240e-15 -1.0868211922948289140151220e-14 -1.9821197770606569267483228e-15 
-1.1067447089247680058467666e-14 -6.1901172493198877080114215e-15 -1.4540839139697846887910870e-02 7.0376824498226311921378340e-02 4.8737027473552126578871826e-15 -8.1025250781332249997007264e-15 -1.4207484656344259435611797e-15 -6.9870700779012570008684354e-15 -3.6648009848423805656647545e-02 1.7737450888482833577519671e-01 
3.1951733657974938007727297e-15 -4.1521352509778575080041456e-15 7.2651004256404972537721558e-16 -3.6497186413803865977315781e-15 5.9987109071616002074284211e-15 9.8690445656380325662608771e-16 5.2509457186154122332322203e-02 2.3134705787757528505643734e-01 1.9165021914172075678806095e-01 -8.7889888689829498424899157e-02 
1.6682553396645097492043073e-15 2.0590178516579983380633965e-15 0.0000000000000000000000000e+00 0.0000000000000000000000000e+00 
18 (band)
1.1694383799995857753373230e+00 (Ry)
0.0000000000000000000000000e+00 (Occupations)
7.0855065076907383552287571e-16 -7.7758824901529514466870427e-15 -3.8938966586056010198050088e-15 -1.2639560181669354903122392e-14 5.3294310355376489640732984e-02 6.5602525911347117637539839e-02 2.4666644509609593121826994e-15 3.7419121919925187744701345e-15 1.3433902382563762837695448e-15 4.7674772838002068652585740e-15 
1.6207547145348744077608671e-01 1.9950645089195076509192006e-01 3.9780338152157972182710691e-16 -4.5645133318256338569584655e-16 -2.7258332666098179616542901e-15 3.2910670998831832884457045e-15 -4.6776029351561382384626271e-16 3.7809962327813204148927392e-15 -1.9154608981398049682987050e-01 -1.0559354052532297918443049e-01 
-3.6288697090651494958635226e-02 1.8050217618370081873457877e-01 -9.3766668939992722969157235e-16 7.2599613853763555652688352e-16 8.7948769596974142522009728e-16 -1.0527859923594720485752817e-16 7.1240315106238758156913730e-15 -7.6026607276093138695751307e-15 6.1649686589564458003809862e-15 -2.0193683539434345466945759e-14 
6.8819451739089987363229284e-02 -4.9069929534655429281819750e-02 -2.6841971873996866979123707e-15 1.4279285023840250085637243e-14 5.5805910768643970495729630e-15 -3.3040919626748830228681657e-15 2.0928957351517402107887733e-01 -1.4922853886643652754351308e-01 -2.1332615167847745276089970e-16 3.5853017660035042177710066e-15 
2.2425802832315925572470415e-15 -1.9743462093371277908089994e-15 2.3926080218991008864317638e-16 6.2546979342205549651695639e-15 -1.1741245425673632607477259e-01 1.8453784411094184547685870e-01 1.7786741023519916926609596e-01 4.7550915025988078899121803e-02 -6.1555659806562037759942429e-16 9.1158050296391156789771786e-17 
1.6108348626617672672459436e-15 -2.9091810276682769330994717e-15 -6.3534153500389579488233126e-17 -2.4930526682451990963650703e-15 -1.2048686512651680588007537e-15 -1.1968045808281285133372583e-14 6.8854219736988075961647837e-02 -4.9094687549000537440946346e-02 -1.8604004972598679067924642e-15 1.8418747414294582672320431e-14 
-7.5683320695739635207310510e-16 -7.4130729811061981828989399e-15 2.0924589831940820783273693e-01 -1.4919725690563687137135673e-01 -4.0274039599744440657619538e-15 -8.9478119421727751603895064e-17 -3.0676812633566169110648226e-15 2.1566786707287603680058761e-15 4.3458892725203836075664146e-16 5.6318569691518156932323814e-15 
2.1273388447421717750707160e-01 -5.0872921326223320692694330e-02 -1.3026012513124808275821742e-02 1.8364772471998150327188171e-01 -1.7525366074033778463807490e-15 2.9415209022013649265819304e-16 -4.3950911822940216885801164e-16 2.3869904083076816338299896e-15 1.2915898107182073913115675e-14 1.4650865481634700239733097e-15 
7.1833734827875701469285814e-15 4.4666447331420245814237725e-15 -4.4674418180391924082517363e-02 -7.1801032592620550598638829e-02 -4.2710141616353701833186651e-15 6.4015004574979070588570549e-15 -2.5577759525602506914638103e-15 6.9807834307742432935513082e-15 -1.3576419157078820076911541e-01 -2.1820117258802243509485663e-01 
-5.1547829711081823080102530e-15 2.8692037962282152785749998e-15 -3.1454501453218775709138384e-15 3.0652133139352568443550850e-15 -3.9614421084172266699768046e-15 7.4361312255823824569123280e-16 -3.7414864144367204756846945e-02 -2.1550843990157658724982070e-01 1.8246742779648741916709298e-01 2.4531644668663147440534900e-02 
3.6370972270163185949604305e-15 -2.0327165287353599826594747e-15 0.0000000000000000000000000e+00 0.0000000000000000000000000e+00 