195 (index of k points)
0.1271742733940495473365928 0.219956124732846564073796 0
18 (number of bands)
52 (number of orbitals)
1 (band)
-1.3743769854853387091253580e+00 (Ry)
0.0000000000000000000000000e+00 (Occupations)
-4.0424354599855473468839051e-02 3.4603957457753165005698293e-01 2.6144168897596869842459011e-03 -2.2379976514571520151974937e-02 1.2524622529342687485144561e-15 1.9006717643597638977005874e-15 -4.7270147971890309757103665e-02 -9.0290906797458464483341345e-03 -8.2689522036572746244154075e-02 -7.6321007193275169910862132e-03 
-9.0002914017308368568492352e-16 -1.8020818051333888440287159e-15 -1.9107436895528087661411121e-02 4.9201666842706853755018415e-03 -3.1145313987885506895603172e-02 -7.7736911662620311602722722e-03 -1.2740654236213606528838049e-03 1.0906218792364308356468428e-02 3.6472949657393114103266139e-16 -3.8509488894506796587058591e-16 
7.2010266096318291544388444e-16 -2.1367897313865938855559540e-17 4.7998735978438305041504641e-03 -1.5520045337083406000733277e-03 2.2001310220007858770019382e-03 3.9269113494982410550449003e-03 3.0333606534841328628004931e-01 1.7136145155067872281051677e-01 -1.9618148390117502721796683e-02 -1.1082724313526760503978430e-02 
5.9202164958791054352158255e-15 -1.9414740791275399805745831e-17 -2.6641505095122489099601637e-02 4.0077694220781279188514645e-02 -3.9079231033373712511647113e-02 7.3270865409574892357369436e-02 -3.6906680523722136362212793e-15 1.8008088799043733676531028e-16 -2.8687092444221566622797326e-03 1.9521083273950228659243677e-02 
-1.9235574048201913022193565e-02 2.5699290822674525358593201e-02 9.5603210190926407596734293e-03 5.4008437361666526005388178e-03 1.4106885851016503589585484e-15 -7.0987819386033791541588386e-16 -6.0027708010744147186526797e-16 -1.1844254977789635231699274e-15 4.2929004045171026415772531e-04 -5.0262525492749503264189315e-03 
4.4726599358177968751570930e-03 -5.0648036418412742398764692e-04 3.0420355316395503164628167e-01 1.7185142875855019539699242e-01 -1.9026609496637737761748355e-02 -1.0748574224425468115473592e-02 -8.8224339244477430813183705e-16 1.7199049375412946007943558e-16 -1.9713851951907931936425200e-02 4.4422796482553351948840969e-02 
-4.3511137689431406139206615e-02 7.1513513359018787696186337e-02 9.4270821581287640941360521e-16 -1.7883206163301633794444237e-16 -1.5829597670288707289554253e-02 1.1942344172325775747411924e-02 -1.1488042092284007217317665e-02 2.9631826671037374970607559e-02 9.5745067398305370998112807e-03 5.4088536194315511157482135e-03 
6.5891481034072047707674627e-16 1.7870536910206570766864947e-16 5.8082076387075261486479015e-16 2.0194154226110503866162080e-16 -3.9972792384203835458489351e-03 3.0511200293855044937685328e-03 1.6849688933220580491778584e-03 4.0083826031462078953726547e-03 2.7630711798339052664985616e-01 -2.1383893910051429698704339e-01 
-1.7281822244263139731756951e-02 1.3374690153934096215060379e-02 -8.4971062160091633561064162e-16 5.6809897417965258812805898e-15 3.3312314274385204648787351e-02 3.5387999714558887598414572e-02 4.9064428780749055891696742e-02 6.7823915578484467170383709e-02 2.6755528483075302254090937e-15 -3.6947399093654045695237712e-15 
4.8749912153353575777758877e-03 1.9220567301297560719453017e-02 2.2864693758055651406913000e-02 2.2073197374347146293427357e-02 8.6964934370393209839278370e-03 -6.7303698774291917383827411e-03 2.1462500496783728384616672e-15 -5.4253543903029950560459138e-16 3.0594482420836782302624251e-15 1.4209699397157425564377673e-15 
1.2637071188339775787423669e-03 4.8673010037847963538126805e-03 4.3481319281590989286878646e-03 0.0000000000000000000000000e+00 
2 (band)
-1.0846819043934865511857879e+00 (Ry)
0.0000000000000000000000000e+00 (Occupations)
-1.6833097582588951723892023e-01 3.2879937994441366111431080e-01 8.7106332141574926986038463e-03 -1.7014394496356222141741910e-02 -1.2708204317648259413505045e-15 -1.6654770510045578958766205e-15 4.2749461775651087513949733e-02 9.2693175700884894441244910e-02 1.4022164111879623082934643e-01 3.0848302884653226729749775e-02 
1.0932988568801642236726826e-15 1.0125876196205143070267459e-15 9.1978376757094471027897953e-03 2.7821424273816258709857152e-02 3.7544175331413187635121176e-02 5.8578774355566090581426408e-03 -4.8473648600763363791799065e-03 9.4683166922208197857635525e-03 -7.7472753177102420738086743e-16 5.0418880208772929343320454e-16 
-4.7502363645189278871938133e-17 -1.1871733459863600330979960e-15 5.7064924711500118748030985e-03 -2.1606292187204730048666335e-03 -1.4825323798323963853107443e-03 8.0688465069006752583558040e-03 -2.3787715587631813596303232e-01 -2.8259300838223683216554605e-01 1.2309437197308099876114085e-02 1.4623354846099126391756329e-02 
4.6865506761284184649171004e-15 -1.6953090485296008462443388e-15 -1.0201650583218238588223414e-01 3.4891032394664019122831888e-03 -8.2775985186741271593113822e-02 1.1731096583557937274022720e-01 -3.6654769328833342511004730e-15 -9.0388587831778462217444627e-17 -2.9211851324188090051059419e-02 -2.3020879101222704865570279e-03 
-1.9949114469405025695802891e-02 3.2340572988930935127704913e-02 -6.8500628312299083333414274e-03 -8.1377273411604930664076107e-03 1.4378524573334634119387627e-15 -3.2296354739165299008539963e-16 3.0704995939179429374184319e-16 -7.7706028304010298395701347e-16 -2.1955031436143163103835718e-04 6.0978826328135296575005952e-03 
-6.8638678668148803488358034e-03 -4.4934957567652998589036173e-03 -2.3801949353180512636285471e-01 -2.8276306154288349814507342e-01 1.2173055047540889961332766e-02 1.4461375321650232761427901e-02 -3.3491961668331266425848124e-16 1.6076331714872910610740915e-16 -2.2541514297738637906398651e-02 9.9167940508212579220348459e-02 
-1.3016391052949116691195286e-01 6.3201328958364069721120870e-02 4.0784979274188639669477127e-16 -2.2413078465873227619688822e-16 -1.6677709986870903335898220e-03 2.9657153823061679909223187e-02 -3.5007450589181914046843502e-02 1.3132602252749356330774333e-02 -6.8668047483933444818937630e-03 -8.1576474240952837058138414e-03 
-2.5511721962306608749597455e-15 -4.2756850021628444746272702e-16 -1.0269753065703469792303624e-15 -5.7474550840379650086868031e-16 6.0512732453946761757013206e-03 7.1159782957054464741508681e-04 -3.1310648242950153002928104e-03 -7.4485088839175497832378881e-03 3.5290511066810081874933758e-01 -1.0984630689543252446416233e-01 
-1.8048657594886621802210414e-02 5.6178825554592127372588450e-03 -3.2025697414192415675616254e-15 -4.7481018876685468755602221e-16 -8.2684082052490726066906745e-02 -5.9209314019101691450863711e-02 -7.8224322028525011124555633e-03 -1.4448481283811073772049838e-01 -7.6544449899976307360588181e-16 -1.2641022895043842846252762e-15 
-2.6693550036411682613302077e-02 -1.3030065979967361128322167e-02 1.4594706366289845935607650e-03 -3.7361166793134392705155733e-02 1.0181228432426164820512327e-02 -3.1690387430837220483770267e-03 4.9168764406596022852945588e-15 -1.0662114490822521987581002e-15 2.5576339801546090282777310e-15 3.0715144744977216827704133e-15 
-3.0009585172602456712431795e-03 5.3026905754707687884463851e-03 8.0798422959697645956422818e-03 0.0000000000000000000000000e+00 
3 (band)
-1.0132872122091023392442821e+00 (Ry)
0.0000000000000000000000000e+00 (Occupations)
1.6691986902607546666699179e-02 -3.7094745660169065049061032e-01 -7.5901847083378187752700228e-04 1.6867791414321903209483366e-02 -1.4712524226925703660916502e-15 4.3126294935052760412216588e-17 6.8133530729198713005168031e-02 1.2142942334886303035190735e-01 1.3010813838586240964723117e-01 -6.2580479966141550063341015e-02 
4.5204942262383669114157443e-16 2.9035292182571403265923452e-16 1.8105581219559262196039384e-02 2.7965345630220600492421568e-02 3.4128584067145903424567166e-02 -1.4162151835492072654565376e-02 4.8199965800618284339496000e-04 -1.0711497303162450384084181e-02 -5.9652727188034615986636021e-16 -7.5142348263569221541605204e-16 
-7.3375150997744732028726602e-16 6.1162210690909277572067976e-16 8.4902964346016164542962912e-03 -2.7195892406527977236407878e-03 4.5656456828592623109486226e-03 5.5931379511758860800796356e-03 3.3549438635425155030844735e-01 1.5913564877419683618597901e-01 -1.5255663867130814237427217e-02 -7.2362432387000422129297306e-03 
2.4493978350786923447775511e-16 -1.0004055915194332969933232e-15 -1.3834411601841292704939690e-01 1.5753997192534799354213249e-02 7.2717069691082270033177792e-03 1.4419280989280863769508301e-01 9.1101399284173775617556473e-16 8.2002199832620646423224139e-16 -3.2796416581143295054801001e-02 5.8538608586293713886838930e-03 
-1.6979233794187087447369322e-04 3.6949938641381983861489147e-02 9.6877522828864859327779868e-03 4.5952098811025653135597935e-03 -2.9757260419632314901476623e-16 2.4767387592330689507949189e-16 2.6751263487800394402762644e-16 -1.4872887000620486848915852e-16 -7.8303309184279273891249318e-04 8.8807746487773696342227225e-03 
-6.9253666428629144513617888e-03 2.0414723863447503671153527e-03 -3.3498200958649870795369452e-01 -1.5889328823668036339000764e-01 1.5462310443984980667941898e-02 7.3342983006937784162815319e-03 1.2101312555826252263880311e-15 1.9764417078848216471607596e-15 -7.5198429633969138263793752e-02 -1.1701172405906025419941585e-01 
1.1616496827548869474888704e-01 -8.5586531968528833935749844e-02 -4.5907512011760875598807039e-16 -2.7947632143572771466066724e-16 -1.6276462758008727188530074e-02 -2.9199343333429862712424807e-02 2.8603994999491885731224272e-02 -2.3581324944063279669403954e-02 -9.6628657626901693494803069e-03 -4.5834228650030997206932248e-03 
-2.5388148494156209577046941e-16 6.8896711455079554081792047e-16 -3.9479377793115534150194861e-16 -6.1830987026490186520634096e-16 -6.3717665285280139508827801e-03 6.2180522226584636694135533e-03 2.7930700939337235744197585e-03 6.6444511932932269135387848e-03 2.7628861730726084200426840e-01 -2.4723394536293247236713455e-01 
-1.2753105643526024826073240e-02 1.1411979332029170697282439e-02 2.7901177703534282957519375e-16 1.0523627272147850792721048e-16 1.3700936026906268550007439e-01 -2.3978794493336015591911092e-02 3.3883334315186031115985088e-02 1.4025431888014633363681583e-01 1.6226191196560506179414045e-17 5.6407842108698117963902116e-16 
3.3225181679970038073346217e-02 -3.6894706054810288455014788e-03 1.0654260641448594360003455e-02 3.5507099941170058854389424e-02 7.9697997388262845075423968e-03 -7.1316920874482971071106618e-03 -2.9254621239268103768932148e-15 9.5828120531383336547601086e-16 -5.6926241541415884206220460e-16 -1.9149086111188367313228619e-15 
-3.2630343773121621431254624e-03 -8.2834889261890129463772325e-03 -7.2076329130792097382718353e-03 0.0000000000000000000000000e+00 
4 (band)
-8.8814896318657954310538116e-01 (Ry)
0.0000000000000000000000000e+00 (Occupations)
7.5481509928002121778689570e-02 2.2526475749215117694301824e-02 -1.6357810040279266439178230e-03 -4.8817951170569695573675517e-04 -2.2410326971215248103865622e-16 -1.0409833860791327159290959e-15 2.0194631872089258139979506e-01 1.7125048084349678290116969e-01 -1.8694569912878725159721682e-01 1.3615996534252328142855504e-01 
-3.1872516931474146572041315e-16 1.3578319345855883555266889e-15 3.5700535470868932641508309e-02 2.7390701279606674556355017e-02 -3.1225290711350134342794149e-02 1.9627905787847649277111373e-02 8.4937006339141571387152396e-04 2.5348400818336197515279196e-04 3.5474920191785224727133444e-16 5.6102154446182539469529027e-17 
3.6752763207510710246025030e-17 -1.1474857553482294433741294e-16 4.6691531489437484991888994e-03 -9.5103280624248710123369577e-03 -1.2001637308819215754773779e-03 -6.6353906306733378972495530e-03 -5.0016589502414832146826029e-02 6.0854262178063139865358266e-02 1.0839253380301172580146840e-03 -1.3187890621291775694601256e-03 
2.4494211404312821522791819e-15 2.7521353168025548039879548e-16 -2.3612685408881553539295339e-01 1.1980463935994797863848760e-01 -5.3076482582564532552993342e-02 -2.2510246018533214273915632e-01 -2.3568556744313438892471045e-15 -9.1932985787167272019584806e-16 -3.9084992141097105178282334e-02 2.2296684480564897545828984e-02 
-5.9939562536864901542976725e-03 -3.6391564325452922801229505e-02 -5.6282170475696960409983660e-04 6.8477395952602597428704456e-04 1.5996761150048281266808667e-15 -5.1054395697977205490278475e-16 -9.2089953124576373895550147e-17 -6.3976559813916167470635741e-16 6.9578513810921206739212863e-03 7.9897205922276545719817875e-03 
6.5820042711143347813340654e-03 1.4649305709139651132666415e-03 -5.0047034665891144966654025e-02 6.0891530325458548267292258e-02 9.3277753616070879782995462e-04 -1.1349008713161922584644614e-03 4.5680918822107179010849673e-16 5.4044761938087649174653055e-16 7.1427777296302230602975669e-02 -2.5298835183444329244295545e-01 
-2.2930948119891986225482583e-01 -8.2547888083470757902837533e-03 4.1659620555545145668710429e-16 4.2437589898167987303897921e-17 1.4634274184018235612225745e-02 -4.3852374120393958212282826e-02 -3.7947351285751010352420565e-02 1.1197764472915226752203210e-03 -5.7667448926974201883766113e-04 7.0163240996343797378775875e-04 
2.1402096471983243909184882e-15 7.4507793028066719244533231e-16 1.5076945661664332202611692e-15 -4.0499764138342034524299167e-16 -9.3040493014765624640860509e-03 -5.2666115330340969313827060e-03 -2.6557074662840393641793924e-03 -6.3176784147694151766438964e-03 -3.6739652075855534774095901e-02 -6.9732934181561123665460400e-02 
6.8475746027797310122586794e-04 1.2996850157942010928202592e-03 -2.5313870623118302833699390e-15 3.9403558209917645676900236e-15 2.0554126236160386032025826e-01 1.6388356537554235603515451e-01 9.6470783671389906399618042e-02 -2.0819310172004285020008751e-01 9.3007776305793679172470281e-16 9.4816201819937295818299687e-16 
3.4754878474545586319877088e-02 3.0484276588230149740432751e-02 1.3672909436057594997904197e-02 -3.5416195680080170271608608e-02 -4.2333871196200106423040976e-04 -8.0350845685982262914248686e-04 1.7946464641867943829162967e-15 -8.3725613392702186817439460e-17 8.8222184758497592770307940e-16 2.8514452872384088712559936e-15 
8.4605592261874050519221413e-03 -6.5361661564176734562359172e-03 6.8531629704054091226095302e-03 0.0000000000000000000000000e+00 
5 (band)
-7.4431986161871521723298883e-01 (Ry)
0.0000000000000000000000000e+00 (Occupations)
1.2733601432499783157048512e-01 2.9367771190646119183753626e-01 -4.0591318442999846372032380e-03 -9.3616693697913255789444520e-03 -5.4002079083907239748162637e-16 3.6488714466353475110539174e-15 7.1999321645619951404171388e-02 -1.7506183186536053431048288e-01 2.4568216288900016075480437e-01 -2.3358150066522448407013712e-02 
1.1545773261804518594194422e-15 -1.2020204251475411266967128e-15 1.9829191772230803092469387e-02 -2.5352071493932676338189935e-02 4.8407458957778842778552075e-02 -1.1302018512964237539897283e-02 3.0503473635862601853752096e-03 7.0350894386994895085551960e-03 -1.5433217432075154243850002e-15 -5.0681578491493337102493613e-16 
-3.9379863445183175738554412e-16 1.0158270788529442921963262e-16 2.1126189464049288657676584e-02 -1.2753949525840538314902517e-02 1.5195709961164620069307141e-02 -3.4607649351223873646077323e-04 3.2007535131630748814757226e-01 -3.5816887820390719276986147e-03 -1.0203154886472221019033668e-02 1.1417128069148019253731263e-04 
1.3537321606976041104521601e-15 -1.1454442898635607361181569e-15 -1.3348219272103073462787393e-01 -1.3421270997886397546849935e-01 7.3672649550760874181953852e-02 -2.3553698020588345607428948e-01 1.0928132974773244892315844e-15 2.1691241536434139207143678e-16 -1.5687019653739621427579465e-02 -2.8104124070263365731126015e-02 
8.3397304313683993937100780e-03 -4.9004761008999100924121706e-02 7.6674468691334991821140221e-03 -8.5796025966547451169219585e-05 -1.9884339483942933269958173e-16 -2.5727378340854771684869214e-16 8.9095705280056421310419498e-16 6.1305638438983246511852376e-16 -3.5706684102415897630322661e-03 -2.4417809829765796392209154e-02 
5.5695392873725650673133458e-03 -1.4142475111859379235945688e-02 -3.2001107418820901040490412e-01 3.5808774111583258070723446e-03 1.0253909995301728474981218e-02 -1.1474294009933272420198591e-04 2.1145626698842856441870013e-15 -2.3355515494248347831098507e-15 -1.3023203453423126685351008e-01 1.3717244004990583605696486e-01 
7.8801678969254773665653602e-02 2.3384596033110943702482132e-01 4.3698452527972103143570342e-17 4.5140418774055951805557987e-16 -1.5075259140335486862660730e-02 2.8479186972492305518489530e-02 9.4472019612271852101459402e-03 4.8859054025241738239415668e-02 -7.6620579447800197386841958e-03 8.5741294470415355122305812e-05 
-1.8550501108533077043891721e-15 -1.7669441814049614791330225e-16 -2.1238431576696682408008826e-15 -3.5206399666983203593443408e-16 3.0252747597602422380269616e-03 -2.4477089900740958000602276e-02 -5.8875412727895501049935056e-03 -1.4005907234649807996396120e-02 -1.2070820009117537441323265e-01 2.9639406322812411609390892e-01 
3.8677726549882253392897979e-03 -9.4971664628578714162365770e-03 -1.7670434099878288545122641e-15 -3.7964622556544979283622396e-15 7.5987274692210449167362185e-02 1.7321257232957318339394703e-01 2.4611085281980205063945277e-01 1.7974590283660697720424793e-02 5.5966940435974489879700214e-17 -1.9589529406831356706553692e-15 
2.0412015175367816122165010e-02 2.4933454739420272266992029e-02 4.8702299537688030495186098e-02 1.0224617590822970489283783e-02 -2.8901251365645915653024289e-03 7.0965949732057220789016583e-03 -2.8396639968394391842275771e-15 1.6980079135230472183423170e-15 -1.2356501718468470734917773e-15 -3.1193052007924386585211951e-15 
-2.1392186117319449828455546e-02 -1.2274143167771528820098048e-02 -1.5193043793275120764696418e-02 0.0000000000000000000000000e+00 
6 (band)
-6.4118248221959517341161927e-01 (Ry)
0.0000000000000000000000000e+00 (Occupations)
-1.2336920808793699899652552e-01 3.3115304284117491606664885e-02 -1.0715074234439771194704605e-03 2.8761369715132878432939378e-04 9.7633197579634667273608838e-16 -3.4410523463159869781795362e-15 -2.7152062168611057479949977e-01 1.7060474522082064163797099e-01 2.1345395049999324466050155e-01 1.1172140196093438557767286e-01 
1.6825101490869942519348363e-15 3.0765409163444989557710746e-15 -4.7661280831486518838602251e-02 2.0777562913427333191052071e-02 3.2170269128623363297236892e-02 5.1739461308214773627156546e-03 3.8410590814000403203642975e-03 -1.0310254994415901652615730e-03 1.0569095352913745864391110e-16 1.3147196731637501815231232e-15 
-9.0067394588650332701033652e-17 -1.1291540955623076158148494e-15 5.6690803304289931474624353e-03 -2.1630997629535721193949627e-02 -2.1492023293498696556724781e-02 -5.8078046379634110096823463e-03 -1.7279712224252563590454201e-02 1.2656222354051871459290624e-01 -1.5008535807669448614021235e-04 1.0992380008701396754133839e-03 
2.8053779618684006987341258e-15 -1.9478472501214427602509587e-15 5.2055755220965796437049278e-02 3.1641685391433993501664190e-01 1.8570857648990352073425925e-01 -1.5348154696337423796848043e-01 -2.1911496247318912108413112e-15 -2.7453593784035330967173451e-16 6.8458044746786544942906971e-04 5.1988808033363975713569971e-02 
1.7236150988561974028989709e-02 -2.7651600920594945898223216e-02 5.3800584546594403673180906e-04 -3.9404692813868325007575777e-03 3.1859928720923175744401556e-16 -2.6999016966768154029726463e-16 -1.2277450979832914693502785e-15 6.5170157955766708392919747e-17 -1.7743962660554914861910092e-02 -1.3608464988478567031515709e-02 
-1.3682495094528289089619300e-02 1.7562089509770232448326865e-02 -1.7496654845550376616847288e-02 1.2814854580268353334560061e-01 -3.1751631641522073956629413e-04 2.3255958037323304354870857e-03 6.2148747211151216368476499e-16 -2.0377517918777781733711956e-15 1.3401639124417846771208929e-01 -2.8902647884457710603101077e-01 
1.3672961605655803429826278e-01 1.9635699013564694714872871e-01 -4.8217498715250065062526237e-17 2.6855681629149438027318582e-16 1.5111358987675876930367735e-02 -5.1271468964679101087966728e-02 9.6387810340871071801416292e-03 3.2153099355493250377513448e-02 5.3571247141057966312249761e-04 -3.9237097088872232783507421e-03 
-1.8902745849798779433430737e-15 5.1942747894727197688300129e-17 -1.2156293650596119605596585e-15 -3.5221190872419824269547522e-16 2.0681036083240910555813841e-02 -8.1533234416829528795611637e-03 8.5032161344764066457369012e-03 2.0228351846315537065912338e-02 1.1135519585468851844201055e-01 6.5789080235962138498706508e-02 
2.0208385556334459987049001e-03 1.1939112134667743958527097e-03 -1.3472930204985463820164099e-15 -8.0613651063681675901286884e-15 -2.1450942027938088574323672e-01 -2.3554703820428821159360666e-01 2.3399913110456865839026364e-01 -4.9954600633063395154209729e-02 -3.9062179478148917498674532e-15 1.3287017208415482953147293e-15 
-4.1409390832806904081397903e-02 -3.3799098377116920666196620e-02 3.3375935391007860442158517e-02 3.5741900848652325556331633e-03 -3.4095264660174706694562019e-03 -2.0143522554820093156680016e-03 3.3032967965723366905299604e-15 -2.2414960318375269985250557e-15 2.5252588664817660957038346e-15 5.8373496744700173513653783e-15 
4.9797537798617816633822697e-04 -2.2224625016946313732502105e-02 2.1942900971565346829317278e-02 0.0000000000000000000000000e+00 
7 (band)
-4.6983213636883097708007995e-01 (Ry)
0.0000000000000000000000000e+00 (Occupations)
-1.0936909369999133610051076e-14 7.3395715713977810392056510e-15 -7.1601842312398317314708022e-15 2.8182959513262794983004161e-15 -3.9038075216320972105066289e-01 -4.3533966801497604726112201e-02 -6.9240665972238457699560804e-15 -2.7143885460912622347956802e-15 6.2264703184407552095074774e-15 -1.8738322975989983960988843e-16 
-1.4401245675590979011815307e-02 -1.6059807381687968286243517e-03 1.2962977932790243861190388e-15 1.4955998482287227977174455e-15 -3.0222688893505646431448971e-16 -3.7718693149059476828514384e-16 -1.9262085371568398980814226e-16 8.3887245889474563477853002e-17 5.5498374114722887062711720e-03 1.7110434044380794932349588e-02 
-7.4008002913124315558235367e-03 2.7697865858581777187552575e-02 -6.6364443666189194989063993e-17 -1.1930794304501326671957862e-15 -2.8286215350205059659196186e-16 -5.9283559727243955191483406e-16 5.8080263881834384124046761e-15 1.1310214625950166777123077e-14 1.5158566257376251386250200e-15 8.2799721020159426601837303e-15 
-1.9141098588338642527695299e-01 3.4300753987067761352491857e-01 -3.3696211861924227175884997e-15 2.3571566560031033371233693e-17 -1.3268140943575737773069177e-15 -5.9706092340116633305351084e-15 -7.0612016258043697192192667e-03 1.2653635159108111984949119e-02 8.4925612532169917941143989e-16 1.6815294521802137667349588e-15 
1.7329958799501750620578881e-15 1.0390494601219437860802465e-15 1.3761475833782032767345025e-15 -8.3547948324818882866894947e-17 1.7924127152718516420293327e-02 1.5143692726864879747467052e-03 2.2665716451021541977262075e-02 1.7555879808022849947191091e-02 -1.5225104711278118326943054e-15 -7.5055086290133138876532303e-16 
-4.4431048013072414042248865e-16 -1.1429425300415302019527256e-16 -1.7492451807913101759404420e-15 -1.1749864021871843524249145e-14 8.8748107082103142330139135e-16 -6.0084115809721620617927867e-15 -1.9142685176266197033534411e-01 3.4303605705124134983563522e-01 1.6378731601853094921608469e-15 -3.8573452776375823873854831e-16 
7.3661601156494665686873309e-16 -1.4234459367202256172161547e-15 -7.0438405650962293558237093e-03 1.2622533976083143147928212e-02 4.9861694364050636537923923e-16 7.8031198412532442920973037e-16 1.9454854566412377500631720e-15 2.6527804178958839390928764e-15 7.8203278837646933213145677e-16 -4.3052896723439186947972967e-16 
1.0703116730353895783012241e-02 1.4460959510764108751357249e-02 2.6847214450170700517084299e-02 1.0074024468698653672626975e-02 2.2680280807637697513412358e-17 2.5069522290722097778189223e-17 1.0957212984963180578599457e-17 2.7022366904444835883305885e-16 -1.4803387699807912121170599e-14 -1.4941279265482120053935930e-14 
-7.4386466607533117758716967e-15 -7.8769374600934762921706537e-15 2.4205141199918209227170962e-01 3.0940117963937696643483832e-01 -1.9687860861960915175462618e-15 -3.0955100414565918999378276e-15 1.2217392945370379835128129e-15 -3.2141843993877339846071915e-15 8.9066509470084216648633202e-03 1.1384885717125543813654787e-02 
1.0600767752577855933191373e-15 -1.1297032933427065734765870e-15 3.3070983561640430900138803e-15 4.5225058587369766516066226e-16 -1.7091237283032706050117679e-15 -1.1646160107758148301173507e-15 1.7478650265374724021016917e-02 -4.2629617188305792691016549e-03 1.9690585994053138446657769e-02 -2.0845616228361455585238460e-02 
5.7135469507247910812433389e-16 5.1728736357870563533723291e-17 5.6330079951396155270570152e-16 0.0000000000000000000000000e+00 
8 (band)
-1.5583348913066319418874173e-01 (Ry)
0.0000000000000000000000000e+00 (Occupations)
2.2299566597885236090866662e-15 -3.3666085577470187319689816e-15 6.3978043996271057900182677e-16 -3.6256094346505017460402066e-16 3.4521579248025097141905349e-02 4.9072346226967861193557496e-01 2.4055369155469549333913406e-15 7.3086640016185847970805919e-15 -7.7439320643866462649202441e-16 -5.9380306624833237296084260e-15 
-2.8783924099987090450269989e-04 -4.0916882078182170712210564e-03 -1.3505115204431892068483605e-15 -2.8001791202413179115000293e-15 -3.0343212703937750453550155e-16 9.6252132870365231809313536e-16 -4.3989626918795791424119526e-16 -5.3858727230047236532615634e-16 -2.2767930994744986494815464e-02 -2.6319946062946852904929074e-02 
-3.4868044902649657224014135e-02 1.8596593428661184477235224e-02 1.6655274777571005453515214e-16 -6.9072282855484034184089752e-17 8.3387663105044702721970019e-17 8.9474864454792633898082037e-16 -3.3037613388284867509637337e-16 -6.5607919848388312772903401e-15 -1.5719536030404359608219293e-15 -4.2692521904596985381720277e-15 
-4.6575752754508459307913881e-01 -1.5833881833215385226409921e-01 -6.7658356594135161351456000e-15 5.4431838499109034127371641e-16 -5.3536501101556112066971969e-15 4.0809996841637939386255665e-15 3.8835187791209091479061044e-03 1.3202445648104604858374955e-03 4.5130489382199902259382197e-15 -1.4954377290123429059489452e-15 
2.4803143474084955593972606e-15 -2.4968484713994292021354701e-15 9.3939635293254949952456809e-16 -6.2419276576586411796017371e-16 3.3086316556832452706604641e-02 -1.0789527294507774216048013e-02 -3.6316033658138624495848035e-03 -3.9350035571489236363440511e-02 -4.7609664989882760008081496e-16 1.9326631323851280076710401e-15 
-1.4020704128108023684349260e-15 -5.4000077547740891394287618e-16 8.9236277563487366140079604e-15 5.9190356668202689544926421e-15 4.3414719713295804461960872e-15 2.9201668674894549519894355e-15 -4.6576436920090186211140804e-01 -1.5834171164334837067499961e-01 -2.3069176670968901537508095e-15 6.1400765730004576959930260e-16 
-1.5887988468847438245813497e-15 3.9436752615132729439543288e-15 3.9109236208388284405934598e-03 1.3295568487050948847105758e-03 4.5938304895154570327190948e-16 -6.0660325373394652473982073e-16 1.8519710712779012220031579e-15 -3.6244665790875767833108264e-15 2.4523545845770873937221149e-15 2.7945012330390222716746277e-17 
-1.9656941099472864664665650e-02 -2.8723854723724757259661899e-02 2.6866068247645182032190547e-02 -2.8988452302321186804245912e-02 1.0532107946620379015987654e-16 -7.6693431215328422591364702e-16 5.0821772772510196987346948e-16 4.1573120532168217592917910e-16 -2.0530053925021748169406652e-14 1.0210541683070062194358429e-14 
-1.0397155395542869183990472e-14 4.2990073179281626441854784e-15 3.2646034193038586668222933e-01 -3.6801112810614666770447911e-01 -2.8890668504959702632786506e-15 2.4287307039430267654528908e-15 -4.3569904983715996278705088e-16 4.4832493159682389546899317e-15 -2.7412133266559732605593958e-03 3.0901123733226235762439060e-03 
1.5819404139027427479871268e-15 2.8322843496217486411613334e-16 2.1560163599761528741007514e-16 -3.0043934854086781270521887e-15 -1.6543985402903434994725798e-15 1.8007490474885442586828982e-15 3.4096834298024007725569362e-02 -6.9900682708334506074154824e-03 1.6312365813530422392618746e-02 3.6000315436626191545332887e-02 
-7.5817652005922753998462140e-16 -6.5053799816301252650248597e-16 1.2181398386513890725767044e-16 0.0000000000000000000000000e+00 
9 (band)
-6.4424184058374758810039395e-02 (Ry)
0.0000000000000000000000000e+00 (Occupations)
3.3240557903055402146592411e-15 4.6000392427636336043722995e-16 3.0025929336287191532269910e-15 -1.2456781110613394812852427e-15 4.0105827374314534372601315e-01 -3.2987623259340481673973500e-01 4.0425575477869065500798202e-16 2.0459321771377460979460786e-15 5.6660019123562484604699099e-15 -4.6064398668531131418685565e-15 
-6.6039346856325478046789712e-03 5.4318375420482761795071269e-03 -9.1120662059832110546945007e-16 -3.4588623838697032591393540e-16 -3.1700243168986495548727905e-15 1.5105019358193208343279645e-15 3.5667266703306144506444558e-17 -2.6687552542376013040061435e-16 1.2429920223349273655788494e-02 -3.8883780179319898939738209e-02 
-3.9635338245306406257384424e-02 -1.6968757549217498847848873e-02 6.8663371892922229302090660e-16 4.3366207430936061114044816e-16 -6.0506994042270835483663985e-16 4.8571051549514271104978642e-16 7.6712139761568396098014545e-15 -1.9854004432369441903855392e-15 4.4511173730087463737773137e-15 5.8253312163484850580851878e-16 
1.4868441135960944188276756e-01 4.9755302590426248032784429e-01 -6.6547851986344197344493406e-15 -1.3330513481164372017455064e-15 -3.5621973192590449117543490e-15 -4.4873319000438692855396619e-15 -2.4482832544496461318894731e-03 -8.1928457523195441503105485e-03 2.7936013752951933522502266e-15 1.4110118117224999686079074e-15 
2.0347589785710251516708877e-15 1.8565387497147137959759363e-15 5.6831824388022235175809442e-16 -1.7941104514834815251449769e-15 3.1028736322100524541722777e-02 2.6526756304644821815585942e-02 3.1002183651321593010896649e-02 -2.9962699802150175032444679e-02 -9.8826382457702689431610119e-16 9.8560146894066374964000396e-16 
-7.7606564433610748298546686e-16 -7.3318266564758018418600150e-16 8.0003551920173979507956114e-15 4.6301588723232013708943344e-15 3.6944727502711115313318553e-15 1.8407618459020340664941997e-15 -1.4868359032005376563212451e-01 -4.9755227971499205175121006e-01 2.0007449548451214998897562e-15 -9.1131641761429987051145537e-16 
-3.6689944059669088648176558e-15 -1.3226801677851010340979189e-15 2.4434393848850929215066330e-03 8.1767006453574223034941326e-03 -1.4268402419147007902306808e-16 6.8568586391796491530335961e-16 8.0168253916369392236024091e-16 6.2901601834213282082770737e-17 1.7622508617200865842232672e-15 1.3643671813698142017794362e-15 
-1.1385972758655295983265532e-02 3.9195652985838075332836183e-02 -4.2353098365144406511895170e-02 -8.0384668267638390015683569e-03 -1.0328101670783089628230425e-16 6.3410277349034345782576000e-16 1.0678530110062573749908606e-16 -1.6517771632832584736818960e-16 -1.0155191068761761971549445e-14 -6.3593768124308892657068801e-15 
-4.2738756474359566578632603e-15 -4.0788896177968120424974493e-15 5.1629232136776270767342112e-01 5.5743340200755650548636311e-02 -3.4573904339495286402414609e-15 -3.9588792858738932873043294e-15 -3.2626906956152847285134100e-15 3.0173394966438223691675109e-16 -8.4846698728984655535345638e-03 -9.1608221209489245923790479e-04 
5.5961041564139337745498915e-16 4.4738536706657359325670105e-16 2.9844123884433296105143108e-15 -2.1554798468026620463288724e-15 -1.9527409300374575661932677e-15 6.8670122485367041631550033e-16 -3.1720786284253274511790721e-02 -2.5685235178129810218461415e-02 2.3822852106821040124584599e-02 -3.5928729556569886927075430e-02 
1.1549029943816233201842304e-15 -1.1267270223146765193397604e-16 5.3367225280482506468813842e-16 0.0000000000000000000000000e+00 
10 (band)
3.1084742490276662252313145e-01 (Ry)
0.0000000000000000000000000e+00 (Occupations)
-6.4452377157082971077676426e-15 8.3797404872177332175795165e-16 -4.2250934340957543460861183e-15 6.5899518233396286322643547e-16 5.0238733992948425566282822e-01 3.6657246250374203588862088e-01 -1.6787880875292854352322290e-16 -2.5318014002133706888323859e-15 4.6788853631109785250805676e-15 5.8371005239501831505801023e-15 
-4.3704331214771408031793953e-03 -3.1889567009575070510862815e-03 -3.1781901803809334822142319e-16 1.0114099379994558557244137e-15 -1.0055531977701441907571566e-15 -2.6083688924904342953683685e-15 -3.9309384662972849273424414e-16 -1.0114318035997744763499441e-15 3.2809633468734583638948266e-03 4.7695513668857797417999222e-02 
-5.1676182927657444976521361e-02 4.0645786522494814496653248e-02 3.5558181653260510019847189e-16 -1.6924477354410276114536952e-16 -4.8184658377938009304046480e-16 -3.5956572551914332085358383e-16 6.1265975935321730593722040e-16 3.8165216804793359787507766e-15 1.4273197754825082809862736e-15 1.8462450715306801356054380e-15 
5.3261257016493235294518627e-01 -3.2107983382608640265942768e-01 -7.9196401654646085167054399e-16 -3.3474389602491972232376802e-15 -9.1850510171704658236540097e-16 -1.9504707463104701160814608e-15 -4.6333926281960091664302581e-03 2.7931708259424786744418157e-03 5.4213765964721341307288704e-16 1.8993168035680120079373932e-15 
1.2068737697689834027164543e-15 -7.3005119354255071589587053e-17 -5.0349955161396166552620028e-16 1.1628613671908429232332599e-15 4.5240160985940580662401089e-02 1.5458155730420078052822497e-02 1.7444526542080285302915854e-02 6.3389244653390824923988589e-02 -9.0860765814654607348893511e-16 -3.8282645046789780703973507e-16 
4.9101588304802486693618420e-17 -4.1133692721675274266255035e-16 1.0816865025981345623983183e-15 3.5735481358729008196186460e-15 9.6933774849188934696479793e-16 2.8931365507753407575938572e-16 -5.3261325959326577539343361e-01 3.2108028610136513103512357e-01 1.2375206707655535349972453e-15 -1.8937674573921880261212731e-16 
2.3046709926753971628261614e-15 -5.0219598197828653384382614e-15 4.6219255280107451877569247e-03 -2.7862999496694423710863031e-03 -9.9576410225649528735291737e-16 9.0561707120082718996436239e-16 -1.4318757653251959578311221e-15 1.9689201913412651113291065e-15 1.3795020939417393978563399e-15 1.1509718557326059580034100e-15 
7.4505519724357028438221917e-03 -4.7219423591537829087982914e-02 -4.7906397194290135932437380e-02 -4.5020835779972102896895336e-02 5.3500439671112017518117080e-16 -7.0473555920593409186173636e-16 -4.8834010099912738653863262e-16 1.9817646851415116629951899e-16 -1.5956438434286988548834899e-15 -1.4792986706796003171188703e-14 
8.4609125921534744928743715e-16 -7.5411224496952994276914234e-15 8.9596144936051835827584000e-02 6.1542015341560329932946161e-01 -3.6063326319928644863199987e-15 -5.5104242307336898872818100e-16 -7.2176349571510268630076285e-16 -2.1480774657456897552245913e-15 -7.7751907239931349405392957e-04 -5.3405174925331803936767727e-03 
1.5384737525109671831071076e-15 -1.4899681007490800084162449e-15 4.4923438693556134848037657e-18 1.3399259129581033692057168e-15 -7.4967820195852440936949139e-16 -2.0995215744155498744225917e-15 -4.0642641636252099801573934e-02 -2.5166651939387142677961862e-02 -6.0067525157566706295320103e-02 2.6716866730766310883415926e-02 
7.2023383523032230872427180e-16 -6.5042082044825628247097411e-16 4.3369047565633958584970739e-16 0.0000000000000000000000000e+00 
11 (band)
6.8705573727603674871744488e-01 (Ry)
0.0000000000000000000000000e+00 (Occupations)
1.1505280597447850587933260e-01 3.5388729099527554966542198e-01 2.3833779345250740572259573e-02 7.3309105265951690633130511e-02 7.8281461143719625088239174e-16 -1.8849678116443268551348967e-15 9.8371189793623386998788760e-02 -3.2657974033722353413011774e-01 3.7004193650999245290833528e-01 5.0024353044938657530948944e-02 
-2.5634048536417386182435459e-15 5.9051110030104125695292826e-16 -2.5579942322570776991330632e-02 -5.4631732995973875111062057e-02 -1.5281366471812662943818850e-03 3.6892113965709474876497609e-02 -2.7000987994136235736952756e-02 -8.3051065662280279533469241e-02 -1.5368138612839195534063831e-15 5.9824165926663263059646072e-16 
1.2386806719250984077166063e-16 -4.9256908573626725484659056e-16 -1.2192227134249508657681815e-01 6.4559467818827334650855221e-02 -8.7136240835407663407607970e-02 -1.4959061176171094265097139e-02 3.7082040897024726167074959e-01 3.1073898720253428917814631e-02 7.6816923802189240877424936e-02 6.4369379628219647315745533e-03 
-1.6463641380316723694458045e-15 1.1706930617234858905020877e-15 -2.6294145941213181716378244e-01 -2.1723951459706591915477247e-01 1.8951262572938093464713916e-01 -3.2174280934121352037990960e-01 -4.6093597190083084329765013e-16 4.5842926696951664975425787e-16 -6.0275607906472183916690710e-02 2.4105582079768442249623206e-03 
3.3417303683269769520869374e-02 1.5705002037921217405980201e-02 -8.7025020832981733742705899e-02 -7.2923665101815339506519109e-03 -2.4786680638824354055219314e-16 -9.8273100123498789158138908e-16 -1.1398880424460021036548244e-15 1.3788435973727829466684657e-16 1.2268214014538814105037545e-02 1.3741344933905719205569085e-01 
-4.7556858734564486090867774e-02 7.4530820239012890437990677e-02 3.6903219478519333485166953e-01 3.0922028699220949210513254e-02 7.6078078802160817306621254e-02 6.3749034723882824771123978e-03 1.6178640835726448190875333e-16 4.3768903431000392076314862e-16 2.9487059345436400503714935e-01 -1.7089976982620777579136018e-01 
-1.3292544982826975941136993e-01 -3.4945695307185387079584871e-01 -7.3912142449631961650459067e-16 6.1618781791306172860892614e-16 5.9786959007178945568750095e-02 1.2618220826478135365711353e-02 -3.6028587468145023553489636e-02 1.0140078062100030265035855e-02 -8.6934283936062020647916881e-02 -7.2845504069804344754457404e-03 
2.6678031713165223752502648e-15 -2.8209611058044651540233317e-16 2.9891290331068027497305766e-15 -2.1614367801105447173711818e-15 3.4817466833522804636746883e-02 -1.3351905280797629615996414e-01 -3.4222871025576452608252254e-02 -8.1412993077966649968502111e-02 1.7151160614741262078197792e-01 -3.2821441407038659532346969e-01 
3.5358229915959799027902477e-02 -6.7663203040637873164619975e-02 -6.7877464131904794575146677e-16 -1.9971388793043960132788649e-15 -4.3279249534321946601966857e-02 -3.3805665911283849789370493e-01 -3.7366217175046706477914427e-01 -1.2880941930828788966056919e-02 -3.6274793631621999634629992e-16 1.6929695483871273939518208e-15 
3.4800651290495025758087166e-02 -5.0225637217542092038957691e-02 -4.6138748747678072492650614e-03 3.7142865488481446867297109e-02 -4.0403748603138188444372503e-02 7.7318636155349909633294203e-02 7.7076560817035605201704412e-17 2.7448533639059081102943840e-15 1.1870875013375822802004801e-15 4.1055750508583360338746380e-16 
-1.0959398375640219680526855e-01 -8.3837653735318096170914259e-02 -8.8313534314654842938274726e-02 0.0000000000000000000000000e+00 
12 (band)
7.8243909230146890809720617e-01 (Ry)
0.0000000000000000000000000e+00 (Occupations)
7.6829216313038517505162872e-03 -2.2457836977455125637703759e-02 -1.2951473327924400980037944e-01 3.7896939262935946945987098e-01 -6.9693225033987111245100242e-16 -2.0452217506510901063123089e-15 2.1682131898766748845375218e-02 6.9819139560275952915979758e-02 8.1564977758781354033601474e-02 -8.2063547277333726004400205e-03 
1.6840898960243306956693918e-15 -1.7036634454032861353939301e-15 1.0757895698751643309698522e-02 2.9165469574787841744445416e-02 3.6605977604784574463980817e-02 -2.2264535404388219319571363e-03 4.0887051671425825305483670e-02 -1.1964073330929908545172680e-01 -2.0411059203210896538949614e-16 -7.5867024199174965462633315e-17 
-3.0108958393249404998679880e-16 3.8468274195254342011754682e-16 2.7274787814433668065028371e-02 -3.3693794198568355335865476e-03 6.7192291470144945020326332e-03 2.4339768401356678267921652e-02 -1.7725800495401573819709284e-02 -1.5785364211710589676940231e-02 2.9916894087639345212181752e-01 2.6625140657121099119208907e-01 
-5.4183371523290713187187265e-17 -3.4727935537437961262412879e-15 7.2765856095917985646437387e-02 7.0680463526099392146395672e-03 2.4042564142362315288137253e-02 -7.8371837825658818843521658e-02 -2.4067647322712595455012267e-15 -8.1629892144843201329721298e-16 3.1055423960732422838937339e-02 1.3847664069988538382283139e-03 
1.2132901394702641853506897e-02 -3.4608487333538634489471519e-02 -9.4448013676670355964759551e-02 -8.4054915226301152308963083e-02 -1.3167903216732853441538661e-16 2.6469360421738249453710790e-16 -4.8302008796921475398023808e-16 -9.6649805281601115311906351e-16 7.4632986591707389800731676e-03 -2.6449308896857010031666846e-02 
2.5041741631458360600737123e-02 3.2378298635179882450363387e-03 -5.1842027735474749405852890e-02 -4.6128011747546326937197136e-02 2.9738992824805937642551612e-01 2.6466918375341608182793607e-01 5.0793763896768972393556684e-17 -4.4092717765032953807716003e-16 5.6814045742016178186517550e-03 -5.9478508974322982783000668e-02 
7.0669582556743937296062086e-02 -4.8711072702261964950665174e-02 -2.2600115162570604425769959e-15 -1.2441816199660280392104534e-15 -2.7022126583278703593204995e-03 -2.9969906685597375028962119e-02 3.3153254237577527152591728e-02 -1.8169052025555680607293851e-02 -9.0466215847129438643037247e-02 -8.0513557376325872727562682e-02 
-5.9659659872626504128009384e-16 -1.2354781611684069795843484e-15 1.7903001559101880636842387e-17 -1.1465597646816185793833990e-16 -2.6833530145333885086333936e-02 6.4814099814159021467618871e-03 1.1738312436916600867142790e-02 2.7924341837347710360006658e-02 -6.2613308060948225097774866e-02 2.9915931561049456666179225e-02 
3.5923200027951718293905969e-01 -1.7158938261816961134975656e-01 -2.3011405292830126647215969e-15 8.4854429936545881997167199e-16 -5.2629412914979703530526933e-02 -2.8286326802347779019175533e-02 -1.7519378286301370145627843e-02 -8.4023983998678455908937224e-02 1.0559202874266895347758916e-15 -9.6111716892511237226410480e-16 
-2.8675302154803874316035817e-02 -9.1227356820670502807191227e-03 -3.9019768103903400453813521e-03 -3.7603554287068768902102534e-02 -1.0927955042636718074877678e-01 5.2197212470602070977232501e-02 1.8107398545012745836596825e-15 -2.1576803705679332305006567e-15 1.7482561383335303891192106e-15 -1.1256789621956840585100098e-15 
-4.4234381332809479328571634e-03 2.7248490058879779734946069e-02 3.0291200800159491512975052e-02 0.0000000000000000000000000e+00 
13 (band)
7.8593727286560666200898595e-01 (Ry)
0.0000000000000000000000000e+00 (Occupations)
-5.8769105329941484505695826e-01 4.1206101976618447757516606e-01 -1.9172818300483097930797527e-02 1.3448043240179074347961929e-02 -2.8106671997624724882327955e-16 -4.4760298261721695171298253e-15 -3.5326646633112079864957877e-01 1.4919943092672474649340586e-01 9.7405025567937147945585252e-02 -2.3865177735943476911018024e-01 
-3.8562041817320922875390115e-16 2.7858863088956884768428125e-15 -3.4762296596365975520637193e-02 3.5185567661357164404023479e-03 -2.5245498279204831026945044e-03 -3.4301188283838657255842008e-02 6.5636847996892622170150844e-02 -4.6022988746611023791466266e-02 6.3107975128258866920276492e-16 -7.3662284761294181406177781e-16 
5.3259672717330944166959938e-16 -5.6605091087683529625112487e-16 -3.0161736792761750097779938e-02 5.9457451520846818504573150e-02 9.4040531818605110903064315e-02 -4.3882005009789143423759583e-02 1.5212442729451158829334645e-01 7.0145079425370115977500518e-01 4.9674896009311922395745853e-03 2.2886041065175888320482045e-02 
3.8296890776467051361709853e-15 -3.5086845705448074733083718e-16 6.4519581066754816411901174e-04 3.8348044297632544186171799e-01 -1.8225831403832226662586891e-01 -1.8227538727601208523587673e-01 -1.5910086300931956744056606e-15 1.6056236379137502306155856e-15 -1.0227303915916918786166434e-02 3.3409575887476707090062433e-02 
-3.2599303943818186413139415e-02 -1.0964955626689459194933463e-02 -1.6991595822513944069598324e-02 -7.8342817025817024223499629e-02 -1.3326482169393383082391048e-16 -6.5564907151667401870505984e-16 -1.3602887568455072408457468e-15 9.2952762610404197041331672e-17 4.3123490532775782257957076e-02 5.0845682923713657330733184e-02 
-4.0110316188055588487726411e-03 -1.0369746194462789445900341e-01 -1.5117514088881267575459333e-01 -6.9706445849502851608292531e-01 -1.0178286431201409578672923e-02 -4.6951186795065040502361597e-02 2.8846695598166224532590400e-17 1.6174040619467068362240876e-15 1.5673727905163878371119779e-01 3.5352927455400579015432072e-01 
8.5852328740317701560869068e-02 -2.4267666169911222828758923e-01 5.4768327193903880109834447e-16 1.3290114458930194472527114e-16 2.1518201357040328547398644e-02 2.6741974987305870692377852e-02 2.2204252869658314822887135e-02 -2.2975883693376247807194090e-02 1.8710433193563288933880528e-02 8.6279349258913104470103406e-02 
-5.0987462655456324115895735e-17 -1.6991037272563503091841439e-15 -9.8836608139091485523259300e-17 -6.6519734461425029748851413e-16 1.9621244399431529009669717e-02 -6.3663740806610358280437367e-02 3.9755263126890164060434074e-02 9.4574033819173744519481772e-02 -7.0118076197277656724793360e-01 -1.3076055046899126566017912e-01 
-4.7226813666891201415332091e-02 -8.8113294689954706206957979e-03 -5.7817030599650411327794277e-16 -5.9761491641062525849165431e-16 3.8664374982829963212083157e-01 -7.4922179572486369281136831e-03 -1.9044555668493287625686605e-01 -1.7318508718280051228433081e-01 2.4974727283168286229359350e-15 -9.9644453260131444003555857e-17 
3.2991079757906445479864743e-02 -9.4739048059237808419030813e-03 -1.2576126485389322456898142e-02 -2.9372795570316842517222256e-02 8.6788337319794003898998369e-02 1.6186133698285115611881224e-02 5.6945171030245816708199874e-15 -4.0644647370621902010347655e-15 -7.3383590991777816732992268e-16 1.9782624898621862648393614e-15 
-5.1085718719955701405677218e-02 -4.2758794044498289743660990e-02 1.0259010098015679257610344e-01 0.0000000000000000000000000e+00 
14 (band)
9.3980835318037925230072460e-01 (Ry)
0.0000000000000000000000000e+00 (Occupations)
-2.1370194448337409554028454e-01 6.4109945421043446067699279e-01 -5.0976333008199703478169340e-02 1.5292623794570558981575914e-01 1.0337342811158736829488342e-15 -1.0789661078287461158264098e-15 6.6865484118525941870103679e-02 3.6470580858077894514934769e-01 3.5270451375559719320307295e-01 -8.0415813475340991445250438e-02 
1.1144531460983184368546529e-15 -1.4445055713323208761122119e-15 1.7475840068359005385900673e-02 7.3713617161752897910531601e-02 7.7224025698679379936528733e-02 -1.3511018698428911566367105e-02 4.1836449544654590038117448e-02 -1.2550771066985494384127264e-01 -2.2107019465935840821132807e-15 1.3728840951684103526913258e-16 
4.1090733508255458155701839e-16 -3.4876124206610743564354836e-15 -6.3477229079376848441818026e-02 1.8290907820367123537419474e-02 -9.1733300360530428685379434e-03 -7.1581493987274064094705750e-02 -5.0819312908537672690556519e-01 -4.4543997891445880066285667e-01 -1.2122294011325324136763015e-01 -1.0625450376093326099180558e-01 
5.3179149786323419459718533e-16 -1.1262345767357234766478342e-15 -3.6212026340821906744693592e-01 -7.9688359301400404910431519e-02 -6.2546121174224478256320481e-02 3.5630767576146921138402490e-01 -1.7880362771361904065795527e-15 7.1282607798638471898323176e-16 -7.4726027846997375436721711e-02 -1.2454842567153651122779934e-02 
-1.7470203313267665401475881e-02 7.6425714046858286843111330e-02 9.9488657443567968252651212e-02 8.7203675313409556579813398e-02 2.2802441456235896100849609e-15 -2.5450307574295508978902801e-15 3.9925833677643856182053971e-15 -1.8554452530848033680404966e-16 7.7367017114326128157664186e-03 -6.5605330325495023191528787e-02 
6.9543150014965499083885447e-02 1.9282389670305273565720228e-02 5.0186539861614576363280094e-01 4.3988108058187447291231820e-01 1.1856387280364889813544238e-01 1.0391977238088431767515374e-01 -1.8438322755704002848152821e-15 1.1932428666565283404612991e-15 -1.2775920073222396533552114e-01 -3.5245763196324175758888941e-01 
3.4895166815613387623074004e-01 -1.1005299376028621072265423e-01 1.7986510505669974318851565e-16 -2.5837683196994350042423799e-16 -2.2125609572073837161276799e-02 -7.2408037069204511659847867e-02 7.3436211435579865081102469e-02 -2.7322731742495554030369931e-02 -9.8698786457951576123193149e-02 -8.6508554196266962410533097e-02 
4.1236795509941880547466334e-15 3.8026320038336277943250624e-15 3.8021980902625988624053498e-15 -9.4070194093435143645557058e-16 6.4555244471413530948922244e-02 -1.6727319941283125270814480e-02 -2.8091217566470965544267457e-02 -6.6826365899622014454806163e-02 -5.9999082347658716507510235e-01 2.9219044324874332563268808e-01 
-1.4174515756735903138086030e-01 6.9029133937070191739948655e-02 -1.7251463600049379764123150e-15 -8.0123268504311757422196051e-16 3.7442638500312930283087098e-01 1.8806326444609340609037673e-02 -3.3770410587612736952323189e-02 3.6433293498293956025335660e-01 1.8386249730404235384940393e-15 3.0706625594848442637509415e-15 
7.5324319823395990969316927e-02 7.6624587629680260270070846e-03 -3.2698569317262185518480067e-03 7.8286121730039390231858931e-02 1.1799636651578014612251621e-01 -5.7463361252832266534706918e-02 -3.0928650345693164695777879e-15 -1.6320284539024048682975137e-15 1.5108386380660137753069335e-15 1.3342063903109570366363204e-15 
-9.5958635282053124371248742e-03 6.5993198318690590720159150e-02 7.2490548926853373701284511e-02 0.0000000000000000000000000e+00 
15 (band)
9.6122938327725426788106233e-01 (Ry)
0.0000000000000000000000000e+00 (Occupations)
3.0143809821333628073958266e-01 5.1207368866281766095482908e-01 1.0225485486733412732185400e-01 1.7370633635733706556791844e-01 -2.8344177468878609247975345e-16 -1.3509195820723978928526837e-15 -3.1711773839339507663481754e-01 -1.9517655276369005878933649e-01 -1.6321817512700223518073983e-01 3.1686732275088780319549642e-01 
-1.8936806641016415685885392e-15 -1.9746652156009253178178927e-15 -6.9942918959982350313175914e-02 -7.8875598261774065855789217e-02 1.4718100759193372684130452e-04 6.9324290635030316742870582e-02 -6.9576933341108523900508942e-02 -1.1819482699315028706443798e-01 -5.7393794719359536911492747e-16 2.0666142426253605435764803e-15 
-2.6085558281204086240935335e-15 -2.3373428058198328863924449e-16 7.7554870134339926046607161e-02 -5.5802412718760463494760415e-02 5.4908044934971714234883677e-02 -1.4696824408660727478981300e-02 -5.8887382586875558487804483e-01 7.9448139574877715829437363e-02 -1.9975882073143344519472464e-01 2.6951070008599455063436068e-02 
2.3807572077965724209459815e-15 -2.5675735627650440290655612e-15 3.0281413837211013095895851e-01 -2.1670520149363764472738580e-01 -2.2885872198636941776683784e-01 -2.7325584767736132985049835e-01 -3.8733161047957358152119578e-15 3.3445052944965107564612096e-15 9.9816478849299852815768475e-02 -3.3912276006227357050271110e-02 
-6.3964543986176458645331877e-02 -2.6728562380702734074811033e-02 1.3592160183698148712139187e-01 -1.8338073376602734981810627e-02 -1.8765905794110106958547360e-15 -2.6433129825573547316764331e-15 1.8493581576879422409596424e-15 -3.6979898482107435520497349e-15 2.1388467091166624145515129e-02 9.3119281689020061421047103e-02 
-7.7292623551024342010151713e-03 5.6312951882544717840950455e-02 -5.9433521535847677608188633e-01 8.0195844250062153779623486e-02 -2.0071115607325021312767888e-01 2.7082168922914248709865603e-02 -2.3905805007305427797601162e-16 1.1821461175348096700410815e-15 -3.4537035539213195578511773e-01 -1.2824720880433232439443714e-01 
1.4622164370168139191363821e-01 -3.2213045172629517498563700e-01 -2.2962764999958966916711846e-16 5.4338167900313645149289597e-16 -1.0540667579433032896574218e-01 -5.5161500771636617912463407e-03 5.4908967889833237840946367e-02 -4.1545650339378931148459628e-02 1.3706535482301468453769644e-01 -1.8494585322121330495104274e-02 
4.5483198404684695333195918e-15 -2.0631243351386453552564273e-15 4.8638135333922640026221092e-16 -3.6346594375303895662796162e-15 -4.2552879407871252448458677e-03 -9.4871886942466565617593233e-02 -2.1858363944879239532115278e-02 -5.1998993047947444923195803e-02 1.5638456569010011909526270e-01 -5.7897287437676414612042208e-01 
5.2812647719570074422712480e-02 -1.9552298147960289753655161e-01 -2.4486977153146700565498003e-15 1.4661040090256102190052747e-15 2.5206277185083297842638217e-01 -2.6868641200599080454125556e-01 2.4029702749110798398746169e-01 2.5962691616075800338236945e-01 3.3880101739887398512853689e-15 -5.0821522294409405386307223e-16 
4.5931865262462207022409189e-02 -9.5032936223151301402545243e-02 1.7021323276482723529934304e-02 6.6718141241838543886721880e-02 -3.6065484617847407000645887e-02 1.3352244005512783897593465e-01 -6.0245961637958874655820228e-16 1.3904092768458812490681585e-15 5.6116863699594803003263997e-15 -2.6689081933260369066898648e-15 
8.9107887102298249937248897e-02 3.2841541736772533743859981e-02 5.6406412333591532393128887e-02 0.0000000000000000000000000e+00 
16 (band)
1.0660976075504602356147643e+00 (Ry)
0.0000000000000000000000000e+00 (Occupations)
1.9986152379457724710747940e-15 -1.1552920125804608899446265e-14 3.2753356137697083984881184e-15 1.7416746451616408639200548e-15 1.0880814102453353897637101e-02 -2.1480911886558609613651072e-02 -1.8560130870656861156922499e-15 -1.1983859901707399363052390e-15 1.0538874276579799695126710e-15 -2.1981769860963994195872205e-15 
1.8518790128625423063724043e-02 -3.6559615450709133377404925e-02 -5.5708652405861013755069785e-15 2.4121903577986885647697299e-16 -5.6572166419909546302910402e-15 2.0266265414717306467433324e-17 9.2096736150085947995974675e-16 3.8532910821128792764637146e-15 -2.0002232099788361252556967e-01 1.3756684307651112497694612e-01 
-1.2372449598045158480896788e-01 -2.0078943323494263806239246e-01 -1.9202684685574481459703035e-15 -1.8267297648321529284774088e-15 9.6756864499475043615793817e-16 -9.3919963540760997496076546e-16 1.2275564916278811500679887e-14 5.7288394501458954076324344e-15 4.2443295354980703755108033e-15 2.1132132808038020079722785e-15 
1.5585976076362216546922213e-02 1.8354809744508565616527562e-02 -9.0086492566467497998752906e-16 -9.0680678535331741262589467e-16 -2.7678767097569536551440171e-15 6.7174693086490827994043052e-15 2.6526642509331371799774502e-02 3.1239211048206691478945629e-02 -8.5971449055264074845476167e-16 -3.0547847923788911511848256e-15 
-1.2341547298661745631235591e-15 -3.2870386017294995539233888e-16 -4.0200090458207717027554693e-15 -3.2564598208596955849562414e-15 -4.9306036534384256597718377e-02 -2.3770250308460513788411106e-01 2.3304555033885451797992516e-01 -3.6248018865694335566285389e-02 3.3359869992157083219683847e-15 -1.7079946135502481216747217e-15 
2.1554128064721630906817138e-15 -3.3536442658685696014090679e-15 7.0421696709274762547077142e-15 6.5796673478619277734338403e-16 1.0105984064053494950048421e-14 1.1527523575801818098422085e-15 1.5597396467662789920627375e-02 1.8368299713787381022278566e-02 6.2137815540761305638020054e-15 4.0429637791920832099966201e-15 
-4.7558524601993030566956617e-15 1.9511896680055869889262340e-15 2.6508140496780251832431574e-02 3.1217222978510685005293368e-02 3.2794813656806488559947943e-15 2.0680438798817545489472156e-15 2.2352703960517003465511882e-16 6.0123547757358722253182041e-16 3.6273246958740285813981072e-15 1.5256005091688294147214796e-15 
2.2656954319503896932985754e-01 8.7187279746338441910324946e-02 7.3534252687694798278350561e-02 -2.2408825982637814444586866e-01 -6.5394967212530079875470205e-16 2.1112744193478645479100766e-15 8.3029063520684111636000103e-17 3.0345082346577889852039950e-15 -3.0056338049822253825862173e-15 6.2201125375071107435460625e-15 
6.0768109223341850508231842e-16 2.0943966485728509152281529e-15 -2.2977292901336696107073010e-02 7.2606626330604800978463231e-03 -1.4178388216074822938795070e-14 7.3561703251597590451035795e-15 7.3132784855962152175478478e-16 -1.0960425279123494043545050e-14 -3.9050325166742325122548607e-02 1.2339717478875536493809761e-02 
-6.3390375376324262827004666e-16 2.0467434381699191954700884e-15 6.8400428667397890320189048e-16 5.5490113816604541531122538e-16 1.6621016227619245329985619e-15 -8.6710785387686559173055429e-16 -1.6817396985433338829629690e-01 1.7507968333478196587549292e-01 1.7808304041338304801733727e-01 1.5462621132096751597195805e-01 
-1.3458413090364237144912624e-15 -4.2789389641821889416245895e-15 0.0000000000000000000000000e+00 0.0000000000000000000000000e+00 
17 (band)
1.1340589095767954486149165e+00 (Ry)
0.0000000000000000000000000e+00 (Occupations)
5.5144932074481899947086874e-15 -2.3415845439939582413090233e-15 1.0545349056396380277250553e-14 -7.8915776140693452630213501e-15 1.0255773635795445430929362e-01 -6.8057282516316541798317985e-02 1.5387677442891353174750666e-15 -1.9086712741058037581151166e-15 -2.6990305404714894428534713e-15 6.3772118499104041415491501e-15 
3.2814217457850020087661846e-01 -2.1775493526219941164967508e-01 9.2188703683256433068870449e-15 6.5156531258363190825060576e-15 3.9934383627355794668963864e-16 1.2577422536395787910444126e-14 -4.2139366392732317271601823e-15 1.9724127014636895447692342e-15 -7.8981456032918312404333960e-02 6.9973502517711408388301209e-02 
6.4337152303731728886226904e-02 -1.2320387804212233617828787e-02 -2.3933196997666037292389548e-15 8.0765409588429145150877317e-15 7.0203204053986102129094424e-15 1.3969297005854663899519396e-15 -7.7310865228124474914296470e-15 3.6526744570281813417752201e-15 -3.1330535051835104039352952e-15 4.9299113276138024849015055e-15 
-2.2996779622892364602915194e-02 -1.2091745580084947708776610e-01 -3.4895692624246552604917545e-15 5.6153959269456335589839764e-15 -7.5725228019391365831352053e-15 -5.2435165106580333453354067e-15 -7.3580043749473481029532707e-02 -3.8688561065251986237356618e-01 -8.4933248817418518521767746e-15 6.1849280607597026896785659e-15 
-1.0897733200202734786736170e-14 -4.3696691988623008690289568e-15 -1.5347416950547617943663782e-15 -4.2632251641819636044293800e-15 3.3899448324901299001155053e-02 9.9925916833137756745131242e-02 1.3573937763038253570546665e-02 -6.4084392294883552043671671e-02 -4.6938691803935382874862852e-15 -2.6555656858321538544511755e-15 
-3.7144747046095427725055474e-15 6.7680448637410522832123800e-15 -3.8484042608398931052698186e-15 3.6493500351647504648539402e-15 -2.2023103402961001470943336e-15 1.4307801425467777196596453e-14 -2.3005138498395645563210365e-02 -1.2096182486346102047392037e-01 -6.3868934570404961184702140e-15 -3.1991706413907343231877684e-15 
-6.4594373923471747419511173e-15 1.2202185023675818175051101e-16 -7.3569246438544511068613474e-02 -3.8682916597216165932593412e-01 -6.2063606884392797310274900e-15 -5.0023301993415687039594268e-15 -1.2442014278074897395150943e-14 6.1560545007635077960044026e-16 -1.6544686822190023046272513e-15 -4.0416455274534896762621046e-15 
-5.1598156829038947790433411e-03 -1.0540592504249195193732902e-01 3.6139112615907041659024657e-02 5.4637875238051900050884058e-02 5.8367101268714747904780518e-15 -4.2014143643419249075309795e-15 2.5511630342167538812194755e-15 6.8925424910222904895744828e-15 -3.6749268912559104496653285e-15 -7.5085998126497133821265088e-15 
-1.3051922563537182505133980e-14 -6.4641843502953732476186512e-15 -1.2042509883219594535308516e-01 -2.5667002997709891659594561e-02 7.2986127117983993294603587e-15 -3.8320902747648416133823336e-15 5.7437337566976445105240244e-15 -4.3078595045785524840505362e-15 -3.8511278376407975798656480e-01 -8.2081553650834596091989681e-02 
7.6065406043137405452394405e-15 -3.3217948552216310616647357e-15 1.5153273275213899642126895e-16 -1.5072211940038952444540669e-14 7.2094292735735858696075155e-15 3.1842576629202323411359759e-15 -9.9169347263223073252191853e-02 -3.6089794891788151698364118e-02 6.4373113279870747271971254e-02 -1.2142287999013585270136062e-02 
1.0008453587413601293477131e-15 7.6322025693719633592179394e-15 -7.3385528629795406338546770e-15 0.0000000000000000000000000e+00 
18 (band)
1.1545321755981110545263846e+00 (Ry)
0.0000000000000000000000000e+00 (Occupations)
9.2522080664417916118225094e-02 -2.9923163824024240353693926e-02 1.7804831534740550580409035e-01 -5.7583311207769410922097109e-02 -4.1086195254649240293228052e-15 1.3329722866321236567949074e-15 8.0984441042900021101580421e-02 4.8555673534252032086389050e-02 3.6816527624376049060428429e-03 1.2808955536285540621754819e-01 
-1.9741601817892708000545355e-14 1.5208806555789444806236860e-14 1.6607885521910120685262768e-01 7.7467796609032635313241144e-02 -7.3875956193037786712274340e-03 2.2927357057737526857543742e-01 -6.5208977837283202405593840e-02 2.1089553885333681831903974e-02 2.9835970575590130507933193e-15 -3.9037026929533471374258719e-15 
-3.0261638660569714020715707e-15 -1.2373021590304840456620254e-15 -3.3823088980384184709659934e-02 1.3173633009510005154041323e-01 1.4054918925214834879433567e-01 2.4086650782521812352854340e-02 -8.2686862210562261932267347e-03 9.6888389252225370906757007e-02 -1.5912564553066447375906378e-02 1.8645061173684163158270621e-01 
-2.2620526867654620832787119e-15 5.2972344687418483828362022e-15 -7.6144419385042919068418144e-02 5.5840491759239031799300079e-02 -1.1950773903080987026203985e-01 -4.6242719122666663122966924e-02 4.9660810282331624338301208e-15 2.2340411028359989228740989e-14 -1.3577285208191297583013579e-01 1.2308199827711674423369459e-01 
-2.0849604791836190420539765e-01 -9.5657434299477178685222611e-02 5.8278126647825917450163047e-03 -6.8286284663981872133931006e-02 -6.8499346805915080287557859e-16 -7.2719172141608252987680529e-15 3.8479012754085753557763471e-17 4.4095065692446553922709548e-15 -1.0833589429450464491910822e-01 -8.2230140596436157585102933e-02 
-7.6669597276332837609835735e-02 1.2023316596863231620062606e-01 -8.3418880302186526609631301e-03 9.7740397737576811820758849e-02 -1.5970096656465929824131322e-02 1.8712362180225983188108785e-01 2.1773036183186402454387119e-15 7.0652020529019527652279804e-15 -6.5018752682075367510527997e-02 -6.7188941091256726423353030e-02 
-1.2450682877335815523789364e-01 2.5013103926385369529805658e-02 2.9659556684800931841289974e-15 2.2812161996171536479190663e-14 -1.1298841543981082147229955e-01 -1.4487929939148319613551052e-01 -2.2186363250450794049051240e-01 5.9256125353245356346398864e-02 5.8520986316379156044753529e-03 -6.8569110375379160871034401e-02 
9.4240838996709499225759703e-16 5.8134078396555907504001199e-15 -5.4503526492339109664124908e-16 -4.5336165523460576657657183e-15 1.2072358098257830738564422e-01 -6.2600521295227362639224111e-02 5.5213965838858972134950420e-02 1.3134883438877015260359826e-01 -8.6870659472679481738488505e-02 -4.5566006721983624838667737e-02 
-1.6631371037692455061574037e-01 -8.7235563643912897302534759e-02 1.1281207214123231456175988e-14 1.7508165000470594563389210e-15 8.7134789055581293726326919e-02 -3.3901630366916533920740306e-02 2.5189677928293126990544337e-02 -1.2447122520928999289679950e-01 1.5194497078065549786218453e-14 4.0871068984036611024554285e-15 
1.7734365959896278286400673e-01 -4.8016870116793688993972467e-02 3.1349577148524848668742493e-02 -2.2749057965678715076407457e-01 6.0943556765343992465133738e-02 3.1966433095579525891505313e-02 1.6123332320664029200414056e-15 3.0858069697893332138608424e-15 -5.5253527334985650246017708e-15 1.2332431423151303724618631e-15 
1.0926844595929336920181463e-02 1.3554929855542791061751018e-01 -1.4248192277949989215102278e-01 0.0000000000000000000000000e+00 