33 (index of k points)
0.1379976158243641781719901 0.07944414465310140061049538 0
18 (number of bands)
52 (number of orbitals)
1 (band)
-1.3558439168473677138848643e+00 (Ry)
0.0000000000000000000000000e+00 (Occupations)
-3.4407031007919219867119409e-01 -8.4447676414051542348460089e-02 1.9923904297212080560797176e-02 5.3316954124935922454397996e-03 5.1730208461114123626510516e-17 -2.6153570071183263239611731e-15 -1.4115015311162770750286199e-02 8.4892871433991129448415336e-02 -8.1460942113665175956516151e-03 4.8888865991078750417031529e-02 
4.9161884943067267449716801e-17 2.1959125606463935650285502e-15 -1.9009908159163493857057858e-02 3.0125666107106291446982027e-02 -1.0581630862982256691129379e-02 1.7291588158705045730201277e-02 -1.0359305933041684788520342e-02 -3.9230507223395319135739179e-03 1.3329087960021321318656277e-16 4.5436310860134447115138319e-16 
7.7708914958285757801173473e-16 -2.9595355376139051845533420e-16 -2.3303688711172956815609325e-03 -3.0472939031425394507124338e-03 -3.9960019501747157111282149e-03 -5.1778641115577464515418171e-03 2.5566362293731681454289628e-01 -2.4525884333961683880787064e-01 -1.5177461110081655326631278e-02 1.3965443518495768149279002e-02 
1.3045313712294062621913633e-15 5.0229615074371143763247138e-15 -6.4114218612512124950697512e-02 -5.7405576813133157854096567e-02 -3.6913339249523779983519489e-02 -3.3073939200609733801705659e-02 1.2447127147724028013493291e-17 -4.3005083546767496911850581e-15 -1.5249923006807671044260388e-02 -3.2192735436796002246317983e-02 
-8.9298494077117290812495298e-03 -1.8199662698134805305372197e-02 8.8631349743404155838710778e-03 -6.6445755929937649897354390e-03 -6.6229154835605694211194493e-16 1.5094439355853083759740553e-15 -7.7325644334521527046321134e-16 -8.5432228423688774050461440e-16 3.8215894229662317194140542e-03 -3.3477378912617761219649992e-04 
6.5129801815319385976943423e-03 -5.9949770515880379528894650e-04 3.9548038538302840438909413e-02 -3.5223117926594749160784659e-01 -2.1775785553622417634045405e-03 2.0460361721612869978503824e-02 -6.0992956882984910396509992e-16 -8.8098323159601724980385724e-16 -8.5054820574294712209884040e-02 -1.6352292026802703328591804e-02 
-4.8415172562037686598834796e-02 -9.8953246200145263122838202e-03 7.0982644131449834136650692e-16 5.1429558856158619388512455e-16 -3.4400908630962359624483327e-02 7.4985829926551977875348598e-03 -2.0150277195538426888710148e-02 4.2892385172776520407822431e-03 -1.1537796014451451656612768e-04 -1.1080295186922403324891739e-02 
1.2597594704619491364786682e-16 -2.3926606340099014630018696e-16 -2.6416049415721073576538080e-16 -3.3954107676590743400915898e-16 -2.0422344776015420586556814e-03 -3.1828365782236283515471698e-03 -3.5244940669050921211447047e-03 -5.5537139834013742739626807e-03 2.7620772214903027697019411e-01 2.2212641721443987519180041e-01 
-1.6108449829321067059417771e-02 -1.2801800429679811160754710e-02 1.0619544398594858660376154e-14 -8.3150229915417276883780948e-16 5.9381348710044634664484420e-02 -6.3052163982153658361440307e-02 3.4297045650857484189177882e-02 -3.5576102135714160468182854e-02 -1.7276191152318000901166160e-15 3.5169420267113338850193183e-15 
1.2101665593697148032292787e-02 -3.3063589511604173087899738e-02 7.1755345883468841378105552e-03 -1.9311730670409560373101954e-02 9.4172252517159011492298148e-03 5.8397022236953890356181418e-03 -1.5160648282455345397377791e-17 3.0469686203334425711643752e-15 2.0317879223436712438863468e-15 3.2367233794186998848932691e-15 
3.7816417600317064895421026e-03 -1.8866477206623370743709955e-05 6.5776741662288487622056721e-03 0.0000000000000000000000000e+00 
2 (band)
-1.2262540871071252457369383e+00 (Ry)
0.0000000000000000000000000e+00 (Occupations)
2.7233040175194261900415427e-01 2.3482139800428825093803198e-01 -1.4760186716863882283590215e-02 -1.2438496259268849719603622e-02 2.2532114607638673439387401e-15 2.4715650251842591275088044e-17 -3.7899352539477050572092054e-02 3.5738349978940264772830915e-02 7.6987380688943771178678332e-02 -1.0594731653665934167918294e-01 
-1.7462822482111254060436350e-15 -5.5828129561936766648001246e-17 -1.1653084835395569746063771e-02 5.4318408010845531386223684e-03 1.3027622897303886562170305e-02 -4.1394164846702941051859170e-02 9.2318249646178435208199176e-03 6.0545493140688189104281491e-03 -1.0840786057916433271319343e-15 2.5021160783575545540397150e-16 
3.2812616831206600698231096e-16 8.6435117350653851225852743e-16 -6.4406205258720180054088367e-03 -4.0439683652894881094042034e-03 -2.8387277083453256280864974e-03 -2.3783855227046471481067158e-03 3.4418819018651425345467487e-01 -1.0411256607721473821381863e-01 -1.8411073284746864997529769e-02 5.7975582457097663002798527e-03 
-2.0286423500635602354419492e-15 -1.3434054161769930025659242e-15 9.8673982955784621945438673e-03 5.1149047234577652010223403e-02 -4.8202376535513791200315836e-02 -1.2177200648339445154810790e-01 2.5848918609841601286931003e-15 7.9952905889195075631240005e-16 -1.6577802237269165241961844e-03 1.2749550792054116857277002e-02 
-2.7969699909648891578139995e-02 -3.3179688495744250054109159e-02 1.0058684244795054046894833e-02 -4.5504978669731327434178070e-03 -2.7716066887684950326518262e-16 -4.1852428146521413607926066e-16 1.1967611677981341348625057e-15 -4.9278772783461653535397309e-16 -6.8654924747148723951362115e-03 3.2711291593850860826009352e-03 
-3.5292036842108024524700127e-03 1.1224143851952667061411262e-03 1.9750000222059460597279212e-01 2.9921497515909545317214224e-01 -1.0345547502517701138335937e-02 -1.6995352573805286300334672e-02 2.0739941954747534896912134e-16 -1.1493574409880113764293756e-17 -4.1133466447295201351419536e-02 3.2321302263435311430406216e-02 
1.1493946865205968699275019e-01 -6.2276133577780057315465001e-02 -2.4694724620277824607023490e-16 1.1888636261868866832344548e-16 -6.3914588482786652279266093e-03 1.1297418034735995373551987e-02 4.2843882319629711385999826e-02 -7.6993830709023297620419157e-03 4.8199303608622047490062101e-03 9.8645179740285329067495113e-03 
-5.6026024307043657380167437e-16 6.8528512090799421544120485e-16 -1.2844080721438062778632256e-15 -3.4678330240863953714235292e-16 -3.1809324962805054365366786e-03 -6.9295689990902763211177984e-03 -1.9138809223397511977138308e-03 -3.0157937676124971226876426e-03 3.5846135245340321473506151e-01 -6.4273660123451859665921759e-03 
-1.9893072342397247198597654e-02 -3.7153063817444635479059212e-04 5.9326355101497107311907895e-16 4.3796985554839472485130549e-15 5.2493645967790717593581817e-03 5.2048754195516619414085824e-02 9.0061684323999892376466647e-03 -1.3041582418396727161002957e-01 -2.2366510643787156068240583e-15 -4.8975235607186192543285877e-15 
6.1140106228818047462425511e-03 1.1449946487393437150048570e-02 1.6456096011882224289246679e-02 -4.0299822033584994929178436e-02 1.0911535834371335895731647e-02 1.2160712473834492212965142e-03 -1.4073272803058471215221398e-16 5.6729841470582583824096390e-16 -1.6205927475836425961136984e-15 7.8609138880359448637632752e-16 
-7.5552574821496926854580423e-03 -1.0272986116234474746056193e-03 -3.5718275761389851191696110e-03 0.0000000000000000000000000e+00 
3 (band)
-9.6726293302729859924227185e-01 (Ry)
0.0000000000000000000000000e+00 (Occupations)
2.8892018093154714364345637e-01 -1.4477546054374368367234638e-01 -1.3047629530559379240628459e-02 3.9976475353919460609120051e-03 -2.4605306878838006929827578e-16 7.3215152461009859162559339e-16 4.5295082007859803485683159e-02 6.7571675760795257836832661e-03 1.8683013253443217505100904e-01 1.5744352558316884738154329e-01 
2.5263463078540232175846171e-16 -3.8170832007443449998217158e-16 8.4784431121781439477658182e-03 -2.1946182616306431079067352e-03 3.2471036243496648188155973e-02 4.3462146122697498107356751e-02 1.0247583355814826600038714e-02 -1.4406883481440403704798570e-03 -1.8104094178144494958691404e-16 8.2585104045257986412981469e-17 
-4.7438676890662684706218393e-16 -1.5453792407977494120125057e-16 -6.3728330256398249553662083e-03 1.4338983245450173664714555e-02 2.2453973104844260344492568e-03 -4.3126820336979870829097194e-03 3.2573210288799725464770063e-02 -3.2151794801636912612963215e-01 -3.6159440629867367622551910e-03 1.3158524640597923233142907e-02 
-1.2686427679114232426241544e-15 -1.2500098217663270198533180e-15 2.9975583902372128497493264e-02 -3.4623231181718817917047915e-02 2.3304255646079483077492966e-01 -7.3383438520645202784997707e-02 6.2509720205418241011987861e-16 1.4374060473908320463826930e-16 2.6899995150915117538004129e-03 -8.3345215537237241076873318e-03 
5.4095154953639645878382680e-02 -4.1280202105384612709659820e-03 4.2745163415434592191211038e-03 -9.4242802163739380211238128e-03 -1.1392464144882762136223307e-16 -1.0488939818627965125295252e-16 -1.3845370156055428507495010e-16 1.5783129895671114509129138e-16 8.6920692823753142874920741e-03 1.3063972323775189035566235e-02 
-2.4381738305299968487538376e-03 -4.2067022449698201341794501e-03 -3.0224472139359120914647860e-01 -1.1578701042442957058753450e-01 1.2962839335774370419507306e-02 3.1324259955205742758654885e-03 6.6002326234323325044101454e-16 7.5712186201573596507750564e-16 4.4462526957176645714397978e-02 -1.0518204094862981801128399e-02 
1.7126150263487735503353804e-01 -1.7467752207989806212395933e-01 -5.4629605766388688075354726e-16 7.5063128302821189177031019e-17 8.6485888928654157392639235e-03 9.8335883899110243522301289e-04 2.7958239251240829537081822e-02 -4.6274928597052289447333351e-02 -1.0390622438677745570378974e-02 -4.2228170073212498549300453e-04 
-1.3740788301341846964685576e-16 -7.0976868763657406738860394e-17 -4.7340744699240340888005064e-16 5.2926496584935198122497582e-16 7.7125572248172308970071143e-03 1.3685110271986699118085262e-02 -2.6388588116292473195745316e-03 -4.1581761251808374568739168e-03 -2.5971302667537193853419808e-01 1.9315187591224866614503242e-01 
9.5906313977072270293700029e-03 -9.2664494633082385155464777e-03 -1.1245294880716281820653248e-15 -8.5398345204871387103893888e-16 1.4943399872708356540540464e-02 -4.3176888737408818108587383e-02 -5.5718607789415210140848700e-02 -2.3819776604901438110672984e-01 -6.5743050806556216367390450e-17 -9.6726255739242342916585743e-16 
5.4644229961005874596224885e-03 -6.7753351034216292847478513e-03 -2.4090440733858187183358268e-02 -4.8401268825732562950392435e-02 -5.9241181515097794674229448e-03 8.5468228380404069610687401e-03 -4.7815324424757539359952097e-16 1.0850434874014512451400024e-16 -8.3851565049103895422193735e-16 3.8969906004271610155244915e-16 
1.5687315585078978608102318e-02 8.2092133402636891133241637e-04 -4.9248354810832702457834564e-03 0.0000000000000000000000000e+00 
4 (band)
-8.4293141591116726996091302e-01 (Ry)
0.0000000000000000000000000e+00 (Occupations)
2.0122745378235465385508007e-01 2.3569468060580706092466130e-01 -8.8786632237417562052428366e-03 -6.8652558988829964770062020e-03 6.5333918515466064844509050e-16 -4.8398314130586373116162165e-16 -2.2020380680204590384541063e-01 1.1161136855903473763529377e-01 -1.2726642196110377058815288e-01 6.4022517817947016682822436e-02 
3.2378188898857206059829593e-16 -3.2433899369406704464712917e-16 -3.8545665331037842760153467e-02 3.3860712582755470023698763e-02 -2.1995157546987713359509797e-02 1.9060623488510994305578095e-02 9.0062441355918815277803446e-03 2.5305290997028329069706842e-03 3.0909780181269363079096271e-16 -5.1403936069908388349431629e-16 
-3.0028595171324864040818294e-16 3.5500641186133138665606770e-16 6.5710791185599748409629228e-04 1.3586949775701795406490646e-02 1.1213625453064118842050334e-03 2.3467402664140712964524482e-02 -3.0682666234973526853124781e-01 4.3610433303506244973046790e-02 1.0553952930023318898533624e-02 -3.8179152359193134491643917e-03 
-9.5788149349964988777965056e-16 -4.3837744388744708388250939e-16 2.3754504763005765410888159e-02 -2.4572858528301314007258327e-01 1.4136759333211127570573140e-02 -1.4175957456935872613712490e-01 -1.1338601663570338489575770e-15 1.7498676695265055679266312e-15 -7.9357448963551860399157079e-03 -5.0688658744989345539266878e-02 
-4.3078219153668325519523918e-03 -2.8784318536882090577844195e-02 -6.9623833151477082167857269e-03 6.2482981304737110483937812e-03 -9.8689891505499575457089878e-17 3.8448190849848159984863443e-16 1.7110528490809158551457584e-16 7.3433617053033217142206323e-16 -1.1823937144384320113710274e-02 -6.7254371918049893341873258e-03 
-2.0415039506996593421384034e-02 -1.1627665444388939411379802e-02 2.9397410909509397169969702e-02 -3.0811037557813680809459811e-01 -3.3784540992992107000247870e-03 1.0937862382940519156981907e-02 -1.5544885154070218690348561e-15 7.6217140260103775988940670e-16 2.4425541755758245487939462e-01 -3.4487068769536985413104446e-02 
1.4043500832488126084385271e-01 -2.1079926227154321960455263e-02 6.0758402108074513001435982e-16 -2.2855515934375252358496239e-16 5.1122437435671963523731165e-02 5.2505207991365571151831659e-03 2.9265654736692015003285405e-02 3.3763847697387411317393457e-03 5.9192426923450622636146967e-03 -7.2207899533950079332123018e-03 
-6.9773169535062647606907334e-16 2.3367870649879649303463897e-16 -4.5626454759042575720728809e-16 -8.1986850651031386444589318e-16 -7.1813860609582762933866817e-03 -1.1486515776641947894631812e-02 -1.2587710604063852976031157e-02 -1.9835058046259998465465912e-02 2.4439427376918165801811256e-01 1.8991485001417476863316836e-01 
-7.4248764232178743327494885e-03 -8.7133228856390802091747005e-03 -7.9102539732933802658148336e-15 -3.2531256194472673202536711e-15 -1.0176020231528912218799121e-01 2.2471076552603552745068782e-01 -5.7450470032460773661675546e-02 1.2986838855550650317915995e-01 9.0775267644649925614170419e-16 -7.0210080081351287132272562e-16 
-3.1825933136807239842713813e-02 4.0350731814891876991779895e-02 -1.8532097928851562484986459e-02 2.2900652122506894026177093e-02 2.9250257612928598494050902e-03 8.8668746409186777884814390e-03 -6.2412522431570903575119997e-16 -1.1350310649221988214833337e-15 -4.9450922977676652734866602e-16 -1.2287555305906226137293180e-15 
1.3546365113488957263032653e-02 9.1338139002534362090313103e-05 2.3492126041508229472576375e-02 0.0000000000000000000000000e+00 
5 (band)
-7.0615581429174900662815162e-01 (Ry)
0.0000000000000000000000000e+00 (Occupations)
1.4848790578054699151877571e-01 -8.6218647726953090426604831e-02 2.3900960086835343343381055e-04 1.4048867825167132578761953e-03 -2.1744440283132993751038144e-15 3.7590460159642335021794778e-16 -2.3685648360011690716220301e-01 -2.9146862621804581205964269e-01 -6.3021759819780989730908516e-02 5.3753480848034232431054136e-02 
-5.5725279027744595331916432e-17 1.2069587320384049681794455e-15 -4.0866641425144220600707001e-02 -3.9701485189102464490318312e-02 -6.5160344926533525500289556e-03 4.1713944647806498744468939e-03 -1.1108692232369640762179586e-04 -1.8644190235975466318762983e-03 -7.6888759162425533119722000e-17 3.0685936208715096371759647e-16 
-3.3457382202195426866319858e-17 -3.9913172007458573869568446e-16 1.0002516725456211954536911e-02 -1.0664766603038680625736845e-02 -1.2847927062159147926223568e-02 -1.9782917138940238344080313e-03 6.7669866726326188821616370e-03 -1.7157074712879502587092873e-01 1.3142528910424708388227089e-03 5.5097350150973278815058620e-04 
2.6525649402146839131095464e-15 -5.5538056850881688159681694e-16 -3.7300915100103099186767963e-01 4.3807843616446309753520438e-02 1.1616817394768368804092162e-02 8.2013587091893797031971758e-02 -9.0109105129071392280324347e-16 -1.8805180341911560603156703e-15 -5.5418514125456966312732732e-02 1.3231727011947596109320280e-02 
3.0558956722659402771569148e-05 7.7368148123383162495514398e-03 -1.6337043960148586382863378e-03 -9.0521187923739421243851666e-04 8.6608734655262806900610146e-16 5.7918222890199325156330263e-16 -6.8249688470234879349326895e-16 -7.2472119313147827630076147e-16 -3.6449437831791954220395091e-03 -1.4159871904708775866565951e-02 
-8.5545905186702672629017741e-03 9.7878418948018144907230464e-03 -1.9566100531183530653045466e-02 1.7242874507440519860068662e-01 1.5391860611260049784831949e-03 6.5696990743893679542964037e-04 -1.7264798438397578075096801e-15 -7.5402449601216894115877783e-16 3.6241723803894626554367164e-01 1.0139262199430855437842780e-01 
-2.3920840901489111296474022e-02 7.8575725443823338234317077e-02 -3.5365922197752436076177451e-16 -8.3881538049738738556417037e-17 5.2235311147091623151794693e-02 2.1245582638268201147724312e-02 -1.3311883789701439706476549e-03 8.0825083827508574507714201e-03 -1.7574192372976898263159384e-03 7.4653685253971840962705642e-04 
-3.6130993538833892769151602e-17 -3.2405891424975283248484042e-17 -4.3285084792514284696485305e-16 -2.4589465078548575295115842e-16 -5.7654277672314832581257349e-03 1.3450543568303365005167649e-02 -7.0270342096827292238669926e-03 -1.1072834117835838457777342e-02 1.3510236368772104986746285e-01 1.0891214690712115731319187e-01 
1.3794351730800832878109929e-03 -9.4755569405846097608137057e-04 1.0131000357522260354580204e-14 1.1299439317171623022458715e-16 2.7980148929323050976947229e-01 -2.5167011108189213386410188e-01 5.3526251745352262934041221e-02 6.2300013102338860915274665e-02 -3.6671179668427701893642203e-16 2.8167777555506505488984489e-15 
4.5927318071719298864241665e-02 -3.2719779446249978860361551e-02 6.1110011330398270046337927e-03 5.4547840845838519233113040e-03 -3.1135040534309996532180698e-04 1.8838525878930750291628815e-03 1.0349449652981544204593726e-15 1.5958222778003999577190348e-15 2.1500401294642022242236866e-15 -3.7069585996701724258535590e-18 
8.2673988657043506744770411e-03 1.2075073317264629901846007e-02 -1.3114376278924345931020667e-02 0.0000000000000000000000000e+00 
6 (band)
-5.5055949002599147146241876e-01 (Ry)
0.0000000000000000000000000e+00 (Occupations)
6.5194184446359937368242754e-04 -7.7432020659240485827012890e-04 1.0985538437086050933544357e-04 -2.1155677692785701538014109e-05 5.4310845765975536300027504e-15 -1.0276482670883041045011237e-15 -1.8138311336800938544655537e-01 1.2919008941685081182093597e-01 3.1450837083405036587180348e-01 -2.2394163275362966025738842e-01 
2.9940611158306770205365841e-16 -1.2798609650907985591126877e-15 -2.8611571121488849067659999e-02 1.0663470324422025248267687e-02 5.0183505063396693923749581e-02 -1.8280989269216212783630837e-02 -2.6257255662694156672642976e-06 1.3339645815679812557164041e-05 4.4895301163203355609588206e-17 6.4886186484428331034794169e-16 
-3.9145607919010823119098870e-16 5.0697111424559637018245469e-16 2.2739946963890117492823606e-02 3.7312066362966619936791801e-03 -1.3130139320702560734588360e-02 -2.0556814400928269392920811e-03 3.0445226467740171827358608e-04 9.6535421970062040841753515e-04 -4.1001129058249041747785668e-05 1.0408974778333690558440594e-04 
-5.0965502585709038316934451e-15 3.6612420819251289834183680e-15 -1.1888867893464369340783549e-02 -2.2237033938640263230901439e-01 2.0558161878324182625377148e-02 3.8554212764007034230928639e-01 1.2454901924666990405742021e-15 2.4058476099128638758166589e-15 6.3273806756725184397005535e-03 -2.9871321617648691898461166e-02 
-1.1454516933129564593141225e-02 5.2166778613762856964264358e-02 -9.8561013627748716992016398e-06 -9.3647130821120083687958413e-06 -3.9771618908515749308172525e-16 -4.7068912360549441070631786e-16 5.1906010118325534557087531e-16 -7.8683100918485190611253153e-16 -1.5335034858497562093582189e-02 1.7200691752716594506988912e-02 
8.7711497156459303226050395e-03 -9.9846540966576531606069267e-03 -1.1756185727105072924558726e-03 1.1930400019195402938620987e-03 -3.3385769419143340730471436e-04 3.1443912784882496747052016e-04 5.4080608374658967635146458e-17 6.0313046851644806080324094e-15 -4.7963643132637172328269770e-02 2.1786530260794279012515062e-01 
8.1907868325518926044814805e-02 -3.7858292992507347474173685e-01 -7.3140962867079812307866049e-16 1.7610163102300798039225132e-17 2.1487727208071155660107365e-03 3.0253457530383429108233884e-02 -3.2189454716798349132034218e-03 -5.2467364079060739567861305e-02 -2.2371563665282831120939555e-05 9.6401264712249815080902238e-06 
8.1798047521286942609120994e-17 3.8089068144875152130822169e-16 4.1894231746303164738278076e-17 9.1828819118429331846213662e-16 1.2459691011989338510490555e-02 1.9535321633806598806692989e-02 -7.1534969399068516412998342e-03 -1.1272107494350258605209092e-02 -3.7738905792657206905715839e-04 -1.6318703911962079144970517e-03 
-8.6599838250212002321859472e-05 -4.5037028445149562827509726e-04 -1.6768242633563410942723745e-14 -1.1568367585454957690768855e-15 -1.5824955381455874103835413e-01 -1.5723511013923649470847010e-01 2.7575970928567555828792024e-01 2.7201197852107589225667539e-01 2.8453515227111779656980360e-16 -2.5236263446645670895086493e-15 
-2.6695209036013703429723876e-02 -1.4396344371800692818474943e-02 4.6024457904738358404728160e-02 2.5395573983079601509960099e-02 3.8478552745144431332857335e-06 -2.4054374009852951682431055e-05 -8.9547997064434051642270891e-16 -1.7002598731943827477003407e-15 -2.5101718511494563097735985e-15 -3.9992797961300356665404369e-16 
-2.3170453890469861618628400e-02 5.2516284626059005734288743e-05 1.3350390474940637339229532e-02 0.0000000000000000000000000e+00 
7 (band)
-4.5015266693967070921189588e-01 (Ry)
0.0000000000000000000000000e+00 (Occupations)
-8.2999768011862016727864539e-15 4.7395340458369735172652301e-15 -5.9032652142808738569353170e-15 2.8801603615096634076283490e-15 -2.7270082311276067077443486e-01 2.9132824088160036435368738e-01 2.0546193740019201268614639e-15 1.2561997497791589282942746e-14 1.9517259323022114757686946e-15 -1.1335605223441302835537717e-14 
-9.4194568361156416624879739e-03 9.5059917536640947677284430e-03 -1.1047643794508940688254679e-15 -2.4371526747742702947327749e-15 2.4757446639366894766515890e-15 6.6867594455383722405782400e-16 -5.6824674929461527845767817e-16 4.9978690563419155771410448e-16 -1.3472398095726104139124857e-02 -2.6879734558258400189956205e-02 
-7.7797038804357232510966469e-03 -1.5437072377934466307913830e-02 3.9306337551961903465740753e-16 2.4049713125801816657626987e-16 -5.8593226012777182525960073e-16 4.5331562419800656931822107e-16 6.9384096414233045921320939e-15 -8.3990454569774533157720525e-15 4.3783886276141106894909842e-15 -8.3821763655626660097410295e-15 
-9.9856161227063380825264005e-02 -3.8635039785994496064347459e-01 -3.0039634126583640067783564e-15 -8.9145230023743843536535229e-15 3.2960934540659528451304534e-15 5.5871864911128025112620621e-15 -2.9789769302704730002950839e-03 -1.3046675544255204037824569e-02 4.5299254946626363885509850e-16 -1.3471903443825917441284086e-16 
3.8141777055212088844251135e-16 1.7426088185435603724724511e-16 4.8147149658979428045518952e-16 -2.1514787880271853173703409e-16 2.9914182409933709472227292e-02 3.0277600825358540193033008e-03 1.7202525092826118080502340e-02 1.7029757777397985796241642e-03 1.7480278275634852814455367e-16 5.9611946128564646451493793e-16 
3.3563757473056486321975329e-16 -4.8743026751292525461996163e-16 -5.1923401514900914454330832e-16 1.1786748350795373329453493e-14 -8.4161053509296941229895009e-16 4.6580387894118178896804158e-15 -2.9476590715977613044174177e-01 -2.6897542014905573282135265e-01 1.0098358201323178288727735e-15 6.5367725750224204583523011e-17 
1.7760611000871223017648079e-15 -7.1155476623824536632516776e-15 -1.0131836454913029088586995e-02 -8.7405728184004379682781050e-03 -1.0588943485138516690564752e-15 1.5862046709511088523111600e-15 -2.7390893544912267433774545e-15 -2.5221309521708170707999067e-15 8.9094460552872435504977705e-16 9.3460073563919910854512044e-16 
1.1319798785689259151832076e-02 -2.7856161621333863642746564e-02 6.5428468007234135209171377e-03 -1.6000179320336024857418522e-02 -1.7942712629489766687559027e-15 -1.7376338997489673850506684e-16 -2.5338086962284962297597054e-16 -2.8517673697949619082607371e-16 -1.8161481182172535570526393e-14 2.4780802084375578232420437e-15 
-8.0808037346615013632509475e-15 1.4802508942449585274850289e-15 3.8504692980799387624912811e-01 -1.0475484959433692400132543e-01 -5.2801193856881632153002178e-15 4.3187774520187061063421686e-15 4.5575313455674239799978657e-15 3.9622136889605561194594849e-15 1.2808819170346329857634871e-02 -3.8711593359380905982058962e-03 
5.9012719973347693157554860e-16 1.5971106817013940079319169e-15 4.3391429726817847097111859e-15 -8.4512257548149589122310660e-16 -2.4601631622842851444141003e-15 6.4319101709454770038404555e-16 1.7454283651047383663090784e-02 2.4483700027797154069597596e-02 1.0003565581929267647165460e-02 1.4097633070438370453403287e-02 
1.9411333577382310989622201e-15 -8.2706829074261152797696183e-16 8.9932025759322634001485661e-16 0.0000000000000000000000000e+00 
8 (band)
-3.0983134498401154743874031e-01 (Ry)
0.0000000000000000000000000e+00 (Occupations)
9.8553304972406559181706368e-15 2.3003616814220510211749953e-15 6.4114239411932101409961385e-15 2.9985471445853363535911554e-16 4.4289808836498983923846140e-01 1.8876438582720728165398327e-03 4.7141800250405510117198554e-15 2.6663975539862345997402189e-15 -1.3334567416573046357804030e-15 -7.4639203379321383419490176e-15 
4.6744946781177715289246066e-03 1.0617220427289186801544929e-03 -2.5813253476456530378627701e-15 -6.0239031401943451071133746e-16 1.5143658317750687315313217e-15 2.0657718131568060910904493e-15 1.2582398818172340152985137e-16 7.9438433673617636694870568e-16 7.2897316237662823645848675e-03 -1.5789474620701030027625222e-02 
2.1518790985367061696642565e-02 3.2636100601372342033812401e-02 -3.2137591614017542925777267e-16 -9.1448549460318759987120890e-16 -1.6626298577331365856325216e-16 7.9996283617396442732753873e-16 5.7761446026773891594202116e-15 -7.3385405457389404331025536e-15 2.9056098688677206468765177e-15 -6.8589253663664558425828284e-15 
2.3891045361388668633040311e-01 -3.7293977399937511263416923e-01 5.1611265359375065019132479e-16 -2.8033493816193856954328382e-16 2.8203282635129689272376780e-15 3.3787163290126751759532942e-15 3.4011610713168896613645131e-03 -3.3779072750305394468028908e-03 -2.5810734051576527960636875e-15 -1.8624310279167039254899425e-15 
-1.5577744710539623968974659e-15 -1.1880455117565191732650662e-15 -1.1870148302863829873279183e-15 2.0721220366588205202168702e-16 -9.4254608190442335652337036e-03 -1.4615347559772617902495995e-02 3.9085915922743956485430061e-02 -6.8161896613960076818372613e-04 3.1828942899223827458321248e-17 -2.5466717799231110085536224e-16 
1.6727301841286682554410844e-15 -5.3559630969774541959262329e-16 -1.1614338271547008716364408e-14 -4.2915802029558611961405483e-15 -6.6345962373651328462068938e-15 -1.7699573328259809503142469e-15 4.4125114538488025006657267e-01 3.7823566334015706891236164e-02 2.0832598196871838014281413e-15 -1.5369352650103217987097685e-15 
-1.0029309004530622877053409e-15 -3.7052401162822525906265705e-15 4.7774186686738787099848480e-03 -6.3503648410294041577045521e-04 -1.2172613291402322732977394e-15 2.0044501989457229229920847e-15 -1.8634256969797714515693281e-15 1.5225685347037475031265329e-15 -1.0306831086351756240902914e-15 -3.1551680732061165486220428e-17 
-5.8420725163399900986549440e-03 -1.6377505271212698667593344e-02 -2.4355017325692708551887478e-02 3.0570830282859656062965925e-02 -2.2113800806742970402932590e-15 1.2867329755136815326813559e-15 -4.5444299330233287281545740e-16 -3.0983295653386627968804783e-16 1.4434194678849714098947479e-15 1.4791529855475041777177650e-14 
1.6092361113845193268806319e-15 7.0516951604269250801431912e-15 2.6836968031027857994885721e-01 -3.5229378388476972894238770e-01 1.2510461324585203051568205e-15 3.0885980181724452485949986e-15 2.8664594026021339682476524e-15 6.7782580933834198572989414e-15 2.0236898962674139748618707e-03 -4.3739775577452009655554654e-03 
6.9265479172865560229289153e-16 -4.4852448198336673664874009e-19 6.0569193468885485263414257e-16 -4.3884528163630759455522946e-15 -1.1957409455924558467785460e-15 1.8063210755670726002988882e-15 -1.6958324043007205750299704e-02 -3.8428811908719786270827168e-03 1.2761734838315989815082929e-02 3.6944291264479039993418041e-02 
4.2538389818447814998156591e-16 -2.0327256575849269820583051e-15 4.5844317837760157473883864e-16 0.0000000000000000000000000e+00 
9 (band)
8.1400347541628698122551100e-02 (Ry)
0.0000000000000000000000000e+00 (Occupations)
3.1574322075170533087050710e-15 8.7666537375472167680516717e-15 2.8204902423726807687039250e-15 3.5007620610750148108780797e-15 -3.0437350139772811896676785e-01 -4.6234805189643318756864687e-01 1.1815547184587104769015712e-16 2.4983251032242731214318322e-15 3.6523088886721827988384642e-15 -7.8683617924391030914607674e-15 
3.0839318749931177165990448e-03 1.7015387516392102562612365e-02 -7.6433189089063815376033916e-17 -9.6814706689679760681796325e-16 2.8296884106707306868394665e-16 4.4012369893766541948305111e-15 -2.5467743448661671564104780e-16 7.2014506300702938039795829e-16 2.2765707433475258769650651e-02 4.5089033575100162520854497e-03 
-1.5112509458922590566132271e-02 6.9878547506278226864040448e-02 -1.6553700578661153810345323e-16 -1.2597466826791158135961819e-15 -1.1550356243254497025858953e-15 1.4515175708648550425011164e-16 9.3167828694769112418079141e-15 -3.8132582984177145033495729e-16 5.3799565745163846653958685e-15 -1.2860178124331408231529135e-15 
-5.5346484924809824512692558e-01 9.2525722004875576853777375e-03 4.0336638873433841353072796e-15 -6.0113584888078554531645052e-16 2.3910851410022825448442882e-15 1.6823856127067428032024564e-15 1.6019020175843265429982409e-02 6.5134507558309018282471925e-03 -2.4618898504723319287474731e-15 -2.0233848002180499090590957e-15 
-1.6103895198110120120772786e-15 -2.2128322450938047290709561e-15 1.8330323928169446802323282e-15 -1.4249247139179595587022505e-15 1.6005469067644280400930512e-02 -1.6805731294967575506493773e-02 5.0902721545606210984402651e-02 5.0202711908658395612015113e-02 6.6456089713516162433775515e-16 -2.7811841634621648724979272e-16 
2.1042808919475672014432510e-15 1.3894269494946451876356522e-15 -9.8492371165101696853216250e-15 -1.0913554120676484572985748e-14 -6.6952417091785283672318068e-15 -6.1299983499614145612462363e-15 2.3630523814172135765865335e-01 5.0058319765193781680778784e-01 5.7761109223637287445060617e-16 -1.5563368309140244768970380e-15 
2.4604465419267341949914498e-15 -2.5276258126367087851923124e-15 -1.2939392615376920508962755e-02 -1.1505169790320485256884808e-02 -1.6444790720443231956924647e-15 1.4479740709999959723861812e-15 -1.3020073218659638138349839e-15 6.3832276600471610801353584e-16 -1.6134676660310110216864645e-15 -6.0799751155806978028931383e-16 
-8.0046602447930437218559518e-03 2.1784121475417653202022450e-02 6.7533978578214859389561298e-02 2.3480619317796561085209817e-02 -3.4075498046247751135212492e-15 -1.0863979224075956358807803e-15 -3.4691371304299571262081054e-16 -8.1603588088233352258610538e-16 -5.6222038237977166470020769e-15 4.0964396994689956515800619e-15 
-2.8790198756031295349791061e-15 2.9314461620853110446265413e-15 5.4927505120485864420487587e-01 6.8706778912719479457393845e-02 2.8335128449185178149807414e-15 7.3258155069770465626469638e-16 -4.3992062691796135789503765e-16 5.0923865806395087562067986e-15 -1.6647409415683562389220995e-02 4.7603122697581785188747361e-03 
7.6261866892210913450574991e-17 1.6781319553842412871418689e-15 3.9787033071449719074620005e-15 -2.3203697616117843497697982e-15 -2.3817052807457140234334825e-15 5.4089007181797757018651209e-16 1.4103830650358447143521978e-02 1.8431074170439973314294946e-02 5.6011857891842847800845107e-02 -4.4439279040667467590708384e-02 
3.9771390689012358221070660e-15 -1.4534328631602015472759666e-15 4.9119686184632623469255184e-16 0.0000000000000000000000000e+00 
10 (band)
2.5736472188878001254863648e-01 (Ry)
0.0000000000000000000000000e+00 (Occupations)
7.7285373478726965826783000e-15 -7.4357583410728739639635869e-15 4.2233301573239565270359009e-15 -2.7110624480998516784120040e-15 -5.9836927642064385857167963e-01 -2.1408381048762942233665285e-03 -4.8760950179356683556300815e-15 -6.4523785254491352040590392e-15 -1.3724970948792591661138667e-15 5.0735355158347607974537820e-15 
1.2038946717166237876384116e-02 -1.5242543246659648326080116e-02 9.7005119443582269157822362e-16 4.4605133072392485102130714e-15 -3.5628212305295042994627255e-16 -4.0861670458197917791519186e-15 1.2399874673259635994877315e-15 -4.5030205928244212602213517e-16 -3.9245472361597949495504167e-02 6.4143725350096936210775311e-02 
-2.2577445960629730081770106e-02 3.6949667683325471134736517e-02 1.0109017317337567250742625e-15 2.9258259081317689228432016e-16 1.1671162868769649526210264e-15 5.0143160079616561208487364e-16 5.6461312394985154792948584e-16 2.1584752899121520365611207e-15 -1.9516293897290004772914351e-15 -4.2139943069299557791546516e-16 
3.2242986099429832291818343e-01 -5.0407277142408402070827833e-01 1.9290471005814738972831627e-15 -9.1649880347980470849724645e-16 -1.4060336545560722966852580e-15 5.1376911915508483286147350e-16 6.4189146844433192518053488e-03 1.8332182002124192132797020e-02 9.7685012867810071622245086e-17 3.1892266220839253472561235e-15 
5.5455713851664587716885203e-16 1.1010967671178579048917237e-15 -1.4138695177045203987438375e-15 2.6161713266061782197048902e-15 -3.3129562885866228882925100e-02 -6.7505975036769916286516491e-02 -1.9100035755155092553891905e-02 -3.8861390121365441130407703e-02 -1.3439327141254583802534442e-15 6.7332861734390561772541876e-16 
-1.6506615848403664972179902e-15 -6.4761719544583329198473460e-16 -3.8667442151609483575623893e-15 8.7353385905195397703552308e-16 1.6616354664006818456108309e-15 2.0459823047729939804460426e-15 6.9298496262991879368620118e-02 5.9434920412357838959138689e-01 -7.2013063908966162698233105e-16 -6.5078271194173004071400869e-16 
-7.1446763115205584263786803e-15 4.5931200624932918874764513e-15 1.3835714030371665944629811e-02 -1.3678944180771238428584446e-02 1.6746056563964305332223634e-15 9.8915014563568885170029496e-16 4.2035813476320463579532349e-15 -2.5815707903244530816321777e-15 5.1979914503220896079787358e-17 -1.1056160035033544899795358e-15 
5.9328183182216449875756581e-02 -4.6207125577254669346327631e-02 3.4175828149092521424101676e-02 -2.6588107129659189348247494e-02 2.5215116583883578829521838e-15 7.4823122646257465188223189e-16 4.8115306114803132647582715e-16 1.5242037807226104995861370e-16 1.2721703730160488364575456e-14 -5.9281058777997840599773052e-15 
6.1715997833025002908369918e-15 -3.2701901421294053433031050e-15 -5.3895762169089223014850631e-01 -2.5995757355371096330998171e-01 -9.4196246615115077460458292e-16 2.4373499393593657290912702e-15 -1.8501692124026013066894991e-15 -5.8580142280158325320721457e-15 4.1359682580707386734264475e-03 1.9011424544181670936993100e-02 
-1.0776426862165810947413192e-15 -1.8787552446455484775976553e-15 -1.8723010075296062350539207e-15 2.8865625947780433714235110e-15 1.9451736662125479831375950e-15 1.0242805557741757167084916e-15 7.2243362356006037353073346e-03 7.4851457833297177502096531e-02 4.1367568729289063561571638e-03 4.3102226311279134840503957e-02 
-3.6940701479371993994634287e-15 5.7370531191553006011754276e-16 -6.2571310762997991870706916e-16 0.0000000000000000000000000e+00 
11 (band)
4.6930168186207443792312688e-01 (Ry)
0.0000000000000000000000000e+00 (Occupations)
1.4287889732458103342338518e-01 -5.9316366920794272310502038e-01 4.1472845163664784351453818e-03 -3.1936822549193111253629240e-04 4.9300554705439270021346671e-16 2.5053673500403956020459417e-15 1.9265502982571711121373426e-01 -1.9640674819796044570097138e-01 1.1181906153267689996155809e-01 -1.1368346449426362798629242e-01 
8.1121094245016060586175978e-16 8.2788970267982457362628162e-18 1.1020591931772093230446075e-02 1.4575756968345787711882622e-02 5.7705426765632394925376047e-03 7.8891346564445713474000854e-03 2.1350963003565759379398514e-03 6.2172390539842664614056389e-02 3.8445224260350028214914882e-16 -3.8735301477499648031560031e-16 
-5.1534570750506820066367122e-16 7.8523181182590574528249476e-16 -2.8337136936941842435544459e-02 6.4988014097433960403193964e-02 -4.8933084520526401450801757e-02 1.1217214178172743577199810e-01 4.2426630868189407763679810e-01 4.3846963074574157870344493e-01 -1.9525746589997422519857651e-03 3.6727941848543263492210542e-03 
-2.8371491753908444028217890e-15 -6.4520898454608757304004022e-15 6.2601975092503134301402667e-02 2.6790402006944802337784495e-01 3.6070474381716240153128439e-02 1.5532660267755388217025825e-01 -1.6254579508629646881534139e-15 3.8162975301671428221282792e-15 -1.8211847097288000330017610e-02 1.4949123828091395727035717e-03 
-9.7530280861536505776498984e-03 6.4502058899851277828929597e-04 -5.3637927335595060596151740e-02 -3.1510911329117562151846954e-02 8.2454010015380752900828098e-16 -8.5941857007514859703186063e-17 7.2583334194475393360094405e-16 2.0339417837452237895968263e-15 -3.9687397861580667179914883e-02 -5.8748155350515432471247834e-02 
-6.8490413922613846420262007e-02 -1.0142040895846618497877500e-01 -2.3311720880621172868885083e-01 -5.6553878859956918656592961e-01 -4.0041307084972069252337690e-03 -6.4711702062320020090169237e-04 1.5019494310755297873620049e-15 6.8787910745562875369862599e-16 2.2125576832281007577662990e-01 1.6291350344602317790076995e-01 
1.2696668581850073520556066e-01 9.5298167379958942380113740e-02 -2.3168629182853629089986045e-16 -8.7849807117423910894681487e-16 8.2609455876872447954717416e-03 -1.5223251334218576569234926e-02 5.1256087076554240899994852e-03 -9.0580090789885436830530807e-03 7.5045036868373049543379238e-03 6.1709662281572950914831921e-02 
-1.6662411881188645521774501e-15 -3.2535715177929356636342838e-16 -7.2910543942094963070499542e-16 -7.5912434016236769515445588e-16 3.8156241107424312963836144e-02 5.9690427958609439118564666e-02 6.5591793983651072719176511e-02 1.0335612900124202528928663e-01 6.0241063901831803928388354e-01 1.0620346722147970541794137e-01 
2.6918994957999559797245936e-03 -3.0340567353936004346692812e-03 4.7404208918567222521797980e-16 5.9647001227068705374235604e-15 -2.5610718961185008346603809e-01 9.9519003463089561467569411e-02 -1.4849505629928666516903490e-01 5.6138206850421604188206004e-02 4.2468737821418445575379576e-15 -1.5973949181484892318728008e-15 
8.4269802206566046809399495e-03 1.5131973022301622305851865e-02 4.9014915287026207535436839e-03 9.1812185407527981129138794e-03 -5.6124305296054964597995962e-02 -2.6729428529747922133052995e-02 2.2711359816825048196900427e-16 -2.4753966414767509328270834e-15 3.8700722330355640627672038e-16 -4.5254849518389138757631385e-15 
-7.0843431591653543977216145e-02 2.3264919519479319159893649e-04 -1.2241230673471893697357160e-01 0.0000000000000000000000000e+00 
12 (band)
6.3906436026081780976682012e-01 (Ry)
0.0000000000000000000000000e+00 (Occupations)
6.2351595294157036164506280e-01 -8.4116762687854479407789654e-02 2.3446566056517598175545913e-02 -7.1975434195252485647387175e-04 -4.3567249406254751106616350e-16 -1.5975826508724219179558394e-15 6.9651110580117858717130730e-02 2.5108495309542222528875755e-01 -2.6330179404676767873638710e-01 1.2745787864985608228707292e-01 
7.4413132682913018590677902e-17 -5.7508460629475506460169770e-17 9.7704201494767106694894210e-03 6.1236674257797711617978820e-02 2.1383777383676735861506302e-02 3.9628395945388861232316913e-03 -7.4800908431094534356553538e-02 1.6809461108211274510404465e-03 -5.0160498843357753209129066e-16 -3.9020492725930858865253832e-16 
-6.3971766328383023727662963e-16 1.2244217624573790908747362e-16 1.3712161410860987387216881e-01 -3.6066470311326891129422023e-02 5.9480525137024786719308622e-03 1.3084164907595313698251971e-02 2.6307442294276389693763463e-01 -5.7152394641959947119147500e-01 1.1955589652910270093144618e-02 -2.0182254140858960078652728e-02 
-2.7977388226455686945310567e-15 3.7142140942046200587520409e-15 2.4931896892071556126602161e-01 7.5729667979537340638529486e-02 -3.3467910146980001107053226e-02 2.9060840416024380505888303e-01 1.7175086658494129022049035e-15 -2.1038233512857037701723767e-16 5.6939087055018058891597832e-02 2.4562812326643316401808548e-02 
1.4803937033997537076057682e-02 -1.5931524758801267338537144e-02 -3.8661061283520106734989952e-02 6.4057191808386856890500383e-02 -3.4151101506226332826080629e-16 2.2030164665162649079798574e-16 1.3810821704028514977480304e-15 -1.2519909628197697787358463e-15 4.3021506952016515257231077e-02 -1.3510098917493063019890087e-01 
1.4234451728140569068403742e-02 1.9887393077420156828338804e-03 -4.1058029629073616861845153e-01 4.7656202104429179478017886e-01 -1.3703253741734727766399260e-02 1.9016425305011075419514555e-02 1.0591168517233564949333087e-15 3.7059301718267027009614614e-17 -1.7410118986780637184708098e-01 -1.9669431886098620587688401e-01 
-2.4976653114185365378574488e-01 1.5032167739496785086039665e-01 -1.4682565588427433666119920e-15 -4.0792325302472590444526164e-16 -4.4859179376100621894352116e-02 -4.0738701160256872435549980e-02 7.7993747533043680797426589e-03 -1.9615722573854271759685730e-02 4.2226698213174027052296822e-02 -6.1789738950476146006618450e-02 
-8.9619057170541666780474405e-16 4.9051213679089753406289118e-16 -6.9470834568498745241752776e-16 -9.2043633317320550833491437e-16 -1.0498038505527532149308456e-01 9.5309879265297089978581369e-02 7.7947743767319763175116520e-03 1.2282599043069922575832642e-02 1.8237469835838926446314190e-01 6.0201911016402021026294733e-01 
8.7135283950378061845754019e-03 2.1759550027533856170203208e-02 3.5256448725765019011089842e-15 -9.1400605838331393866008149e-16 -2.5936258877081530549446597e-01 4.1604410002657382650070872e-02 -6.9108098418863353473717837e-03 2.9143123971323636745012209e-01 -3.4957210742734308423939235e-15 -8.3379642274358004600569005e-16 
-5.8433573348774789368853533e-02 1.6046970188041648902599334e-02 -1.2382988371102257585398831e-02 -1.7095859663603475697701839e-02 -2.9544605739254388432346587e-02 -6.8761778287552199895316107e-02 -1.7634099856517320264601265e-15 1.1056197817331215391150638e-15 -7.0413814239952631520795694e-16 9.0354020005837891049194841e-16 
2.4221489380088723208928059e-02 1.3970745786868851712192452e-01 1.4547190341678018984938880e-02 0.0000000000000000000000000e+00 
13 (band)
8.0724051290722587115311626e-01 (Ry)
0.0000000000000000000000000e+00 (Occupations)
-8.3985356587572002062813681e-03 3.3716362370077912480326177e-02 -1.4210726411105978339577405e-01 3.7373039272928293419440138e-01 -5.9634203828688971039374658e-16 -1.2965895098224322634220522e-15 -1.2209030023384431773436631e-01 -8.0275927471453317751937107e-02 -7.1213343956861796524293595e-02 -4.6605417459348166819843584e-02 
1.4561596369498831598985332e-15 -2.7549678808905445470555611e-15 -4.8833268261414583544244294e-02 -1.6990161476426346442991644e-02 -2.8254685703780407085572435e-02 -9.6489644345968683669667598e-03 4.1506286212448229022697888e-02 -1.4075701607422430594596108e-01 -1.6845972517387680623293752e-17 6.6818376601309102365669141e-16 
2.8738655592572378646203712e-16 -2.3926977170811345074644737e-16 5.1020438059801997976450139e-03 7.7075179048505942924762735e-03 8.3092345693681467916347216e-03 1.3645708739921810770390209e-02 -2.3967505850838011216552559e-02 -2.5157248577130142397351165e-02 -2.3940612731829127857174910e-01 -3.2023989002803621151116431e-01 
1.6106990784853232533680837e-15 2.1385951795165479368961792e-15 1.3319846158205714270472697e-01 -6.0070256989364911870410424e-02 7.7508273292754392702619270e-02 -3.5154983505255435471958947e-02 1.3676146834702260380845377e-15 2.7433060401072005995532544e-15 4.0511441414198809396474132e-02 -3.2127508316552672029686732e-02 
2.3286507808095928406810771e-02 -1.8686046478128673364871304e-02 9.6604899069101662911762674e-02 1.1046629732690857461641087e-01 3.2028967722496205079015831e-16 3.5827479977587699984191260e-16 2.0296026803864642847794910e-16 -8.8170713916427277542657860e-16 -9.2414843837710022866893667e-03 1.7790344632655219481165432e-04 
-1.5973763480418460419807403e-02 -2.9601759286406945093084175e-04 -3.4109475715056375433320568e-02 -7.4717444587754366924770011e-03 -3.9817483144791915306015539e-01 -3.7308652926162783058927630e-02 2.2428006344813546836296170e-15 5.5588871682990740970669671e-16 -1.8217333138856817154049850e-02 -1.4517029503715270233321633e-01 
-1.0252577367601219127113410e-02 -8.4231928800178212934923749e-02 2.4576203791523719325813859e-15 -8.1371378463332470315047305e-16 6.2612695773482246464070045e-03 -5.1041358078869634995466953e-02 3.6259327915688296939400459e-03 -2.9794002808010283667172757e-02 1.4466262285925568509270533e-01 2.4774795450987069367343452e-02 
-1.0815077364725600544746426e-15 2.3726833495735677474421040e-15 -2.3692801407639432438997154e-15 -5.9173087689250442205423510e-16 -4.7193403050081947358584955e-03 -7.9746881507980968417648171e-03 -8.5639451977294368811843839e-03 -1.3494618318212792812404999e-02 2.4585373549591491015853251e-02 -2.4796021984202512578043809e-02 
2.4485348130448456038799065e-01 -3.1619915350112359764267467e-01 -9.7267769002563549684451963e-16 1.1848774220853625873805456e-15 1.3233266928209860835430334e-01 6.2404730818591616636759056e-02 7.6612975376039657571247687e-02 3.6477187064074767519628040e-02 -3.0163353535927514944071968e-15 1.0722683764143438501169902e-15 
3.9740687971407534506695924e-02 3.2635892064029517478651599e-02 2.3213036636772731158284699e-02 1.9025901346124647617319425e-02 -9.8432161207802168489955363e-02 1.0886769301367271722824626e-01 6.0288703713270691651554586e-16 2.1903707594983574279094024e-15 8.7076625243300197575237907e-16 6.4643352166588016385807733e-16 
9.2620008929325745028471317e-03 2.8838078333480693209167622e-04 1.5982674397733487303696620e-02 0.0000000000000000000000000e+00 
14 (band)
9.7186973983427171752680351e-01 (Ry)
0.0000000000000000000000000e+00 (Occupations)
-3.3447621660182119684989743e-01 1.6040117291963796458675873e-02 -3.3627955964756589546382770e-01 2.1462357537518689243327685e-01 1.8730636636363401721918136e-15 -2.0352812718264965704694888e-15 7.3472032531057634985316440e-02 2.4478911914881196221216442e-01 -2.4128170898876849514991250e-01 -3.1244832021851721981509087e-02 
2.6711817687421504660914245e-15 -1.7467851562853129791739757e-15 1.1093651440196777846480813e-02 3.4780778341726020785884543e-02 -1.0574454774378522214917098e-01 -4.3150967784402610716298909e-02 1.5434509164050305707327482e-01 -6.7060072101265161270688964e-02 8.5620768456494023873365866e-16 9.7890728270363898123645777e-16 
1.3150740460819325431935840e-15 -4.0646182930681033872113620e-16 2.9461621310246745297778403e-02 4.0807940873173829260389667e-03 -1.6078736650651587886118321e-02 -4.2518850246861389363672856e-02 -1.6567820018051926389546225e-01 2.9100233473280762153123646e-01 1.0250794974475119225587605e-03 3.9893128550617501515418439e-01 
-5.8101229501245959387159237e-15 -1.8514714952573313725006032e-15 2.4605057286807241467840868e-01 6.9130080349863495814410896e-02 -1.5566608901814815713038342e-01 1.8697906661016042151324257e-01 8.0307304174694055706198444e-16 -1.1195748838413921740976086e-15 3.5310658120424678885207470e-02 9.2697932789714346246690013e-03 
-9.3094329216872703791629817e-02 6.6161629861495235838120266e-02 2.6081544213200271581376555e-02 -1.6625045454132844624517418e-01 1.7495940618326007532404904e-15 -5.4967120120690038385070397e-16 1.0667723916553058275831707e-15 -3.1327913238663389668572089e-15 1.9231854527702891416440778e-02 -2.2688670786035002036040709e-02 
-4.4515270550485375178340064e-02 -9.2070128930281727730466912e-03 -2.1466663702409830016826220e-01 2.5728757010562303131351314e-01 -3.7403437121107291352117841e-01 1.3978699598164368023134330e-01 2.8862616701613727208871237e-15 2.3964579450821037259650981e-15 1.5186764393286947272265763e-01 2.0530794072150301832202501e-01 
1.2045907529053298534726935e-01 -2.1109723276215458520610468e-01 2.0841731955887149810486551e-15 1.7649393370019301465546274e-15 2.1360871077439655407737007e-02 3.0031265379152745353952270e-02 2.8498635012684514489222920e-02 -1.1076846191168336630550328e-01 1.4622958042942754697257612e-01 -8.3209902263965684898749942e-02 
-4.5139644828793522345156229e-15 -4.1548961465875237342082834e-16 -2.0431468703918093144914025e-15 -3.4276590252472822023142968e-15 1.4437059234268807828005521e-02 -2.6046539282550035948604616e-02 2.4337313868252954951465483e-02 3.8349470245295586012801436e-02 1.0221094421919854622338164e-01 3.1911061039068300271281942e-01 
-8.2391574008675458329342689e-02 3.9070928274768201848843319e-01 2.0051637086405123674252717e-15 3.3519155945700047867952113e-15 2.5472198058805550768823878e-01 -1.8216596892179075239948105e-02 -1.1369008837826005686721942e-01 -2.1481851480781807839370856e-01 -1.4294423398166787680371802e-15 -6.6718573046494018150493989e-15 
3.6801963085160441235821338e-02 -1.9440232864618004794687867e-03 -7.8254573396815962915695764e-02 -8.3414903310794930035854122e-02 8.0972832528702128745967670e-03 -1.6805181353162276791657348e-01 -3.6104540627869266421826324e-15 5.3136290755786883359698608e-15 -3.8915726343302063729436710e-15 2.8069059958445718595572673e-15 
-1.4256057300523162709171565e-02 -2.6146045937678670523229840e-02 4.5420113544740521593912064e-02 0.0000000000000000000000000e+00 
15 (band)
1.0810209142963065342968321e+00 (Ry)
0.0000000000000000000000000e+00 (Occupations)
-4.6879683157579649099844232e-01 6.5560199148777476008120857e-02 -9.2102287342589350682686700e-02 -2.1040072097412212959177680e-01 -2.0210471720751831092263723e-15 -5.4649589241216128052506402e-17 2.5575240552926148396295503e-01 2.0955564331812318035197507e-01 -3.6489187632195829724679470e-02 2.8712952529800006562510362e-01 
-2.0970962327820311700331038e-15 9.8441834901024267994904875e-16 -2.2259317374414486212508280e-03 5.0115479968828702261873786e-02 1.0917221182275747837220337e-01 1.4697357759830795287392391e-01 8.8451901594986503951645318e-02 5.0072129058141581769980633e-02 -1.3104552168590935784418961e-15 -4.1492572687034278190756753e-15 
-1.5199546249219553602955863e-15 2.4741935209458806460766877e-16 4.6681672988503383758818188e-02 1.7571011452195087892969028e-02 -1.0991870307784928906258415e-01 1.8508642861933030654419952e-02 -1.9583959681677490238804751e-01 4.3094716767442559079981379e-01 -2.2699807770120367100830094e-01 -3.4973810774867164496981786e-02 
3.4976736520218805053760540e-16 5.4541017984915769462249100e-15 3.1397267336295892059538915e-01 -1.0365336927376711528836495e-01 2.2287959198492246493117364e-01 1.8466053338100363312435093e-01 -3.0702662569691253802399599e-15 -2.1713666036283553209567142e-15 4.1121185368907131607585370e-02 2.8732633336717980365726532e-02 
1.8259129223893677540502267e-01 -1.3424766099666585184024825e-02 8.9672195794571266103112350e-02 -4.7852422149406562135176557e-02 -2.6555978794385885869180488e-15 -1.4825629471435208928171894e-15 -2.7744960007447820703078765e-16 1.0266981647633157293802447e-15 3.9848986870094887935422889e-02 -2.9999621362376840960628499e-02 
-4.3270022346975495208809548e-02 1.0272485732771166611065894e-01 2.6508547822236139257512377e-01 3.9232896286968754751001143e-01 2.1809083386322025699399774e-01 -7.2453970227394276504284676e-02 2.1211441892647612490349421e-16 -2.0648132374073213948891413e-15 3.2667443773708898513419285e-01 4.9815597235662534281175340e-02 
1.8897694234767356546988992e-01 -2.1916216200630714294739221e-01 -2.3821014895082977933707569e-15 -3.3225618313508152023870089e-15 3.5785173148118472330470041e-02 -3.4827128692339087701057565e-02 1.8213183514102071480778022e-01 -1.7271063349764415040255017e-02 -9.6400949308115768676685775e-02 -3.2268845020790207223093660e-02 
3.3277736760122686453248521e-16 3.3666145175290719568895622e-15 -3.1078473703970505395660115e-15 1.1457684020325912071908992e-15 -4.4310978530442204914585602e-02 -2.2836755824539423098684665e-02 5.9750542634918885065431482e-02 9.4151789688940126787919382e-02 4.7329420152552859057948353e-01 -1.3598701156339813855833398e-02 
5.5684002146763542095975197e-02 -2.2296295997720172454847898e-01 -4.5757704169922884557807411e-16 -1.2096840581485793730611942e-15 2.1710161684587012120850602e-01 -2.4912781852237469992772390e-01 -8.3785824252242277476732113e-02 -2.7699146854862527478147172e-01 4.0208796349114298904081944e-15 -6.5488510323021435468153566e-15 
-1.0230862684269627360666988e-02 -4.8875729753417383738334223e-02 8.3008676397939018531957345e-02 -1.6303329305309274821489396e-01 -7.8899698675453919238798051e-02 6.4103501740581755874437420e-02 7.0103440441781334497938523e-15 5.1253445804308952908190044e-15 3.6550682200891436234080862e-15 8.6641610179891964839469637e-15 
-4.3024720278877770507364176e-02 2.5176450898391263683029351e-02 1.1151092702869559725176174e-01 0.0000000000000000000000000e+00 
16 (band)
1.1280247309320317050662652e+00 (Ry)
0.0000000000000000000000000e+00 (Occupations)
-2.5310649870780688175386786e-02 1.9779933030628082946122959e-04 -2.6961251502869432172815323e-03 1.9050998493860271665312212e-03 9.7118100471535590370788877e-15 4.7986468588763857323182016e-15 2.7731457129333070277255047e-01 -2.2845762260321317294042842e-01 -4.6095602206085095620125003e-01 4.2287589202383907283078202e-01 
5.1296464198804219930168336e-15 4.3112426251493295360370539e-15 1.0117163563432785000628655e-02 -2.2291965110284736595325228e-02 -1.8464501248712961167797175e-02 5.3161561385976364990657572e-02 4.8650617598078038650299959e-03 4.8609206160511730931972352e-04 -1.3021793510496228109453656e-14 1.8473135480783322585461096e-14 
9.7750965005086098457385671e-15 1.2804130583664594124125841e-14 1.4943989795242598739299922e-01 -1.3255933530595606639757023e-02 -8.9212134832113348936744046e-02 9.6683167310780276926251986e-03 1.3395116900894676881250689e-02 -2.1476474679651080812448072e-02 -1.6387290555308631212483306e-04 -3.2972173014096384235926962e-03 
9.6339302626857083979499273e-15 3.4677157072434985788474359e-15 4.4300572620624409370115870e-02 3.5655815239958327245162195e-01 -1.1005333673017679563255200e-01 -6.1578627575130884252985197e-01 2.6618081696272063568202055e-14 2.3766628414625245017306457e-14 1.3400681330454595335810453e-02 2.0486835942314041147938042e-02 
-3.4992016316495747063619604e-02 -4.4075483088288291977363542e-02 -3.0172515521048395847891754e-03 3.8472463516600469146666796e-03 2.7587016965275464413408382e-15 1.5321033272203793179267104e-14 1.2852280018115739324067221e-14 -3.6219769996582168281490029e-15 -6.8881546703353307981032572e-02 1.3327916340355633328940144e-01 
3.9639022471675833259041610e-02 -8.0504839899259800217734551e-02 1.8285110339423177316930946e-02 1.6524914027324533183360700e-02 1.3568135838397388237552832e-03 2.1428613204488924925961157e-03 -3.6272242362351327593500285e-15 -2.4887447915437339482566696e-15 -4.1835762972689573280238307e-03 3.5687879371345448964447655e-01 
4.1179735615692714123525775e-02 -6.2489118003288512959159107e-01 -3.5394658508940553708036192e-16 1.2732149475779793852798408e-14 -1.2456863081385834146619374e-02 2.2526678082522594293024554e-02 3.0778358596749655351487718e-02 -4.8016725181251440623952931e-02 -3.7069129305870923349330859e-03 -3.3383780485321482706106977e-03 
7.3726835362641920802891791e-15 -1.8293241530348845678843877e-14 1.7340706430555653860633404e-14 7.1204678194003417749352421e-16 -8.2643308593525116600986280e-02 -1.2506281539762670318438609e-01 4.8067027908526974155911660e-02 7.5741516361919072886088600e-02 -2.3750098448803533268680610e-02 6.5841375598817419856345623e-03 
-2.5362947273616098797788254e-03 -2.6069149001162195133929345e-06 -2.1993868177025082960052382e-15 1.2532357114682566029135353e-14 -2.9908105927281875002776701e-01 -1.9475753052770811146743313e-01 5.0554786794861694687597264e-01 3.6960263895276046497428979e-01 -1.5938443865910308799360399e-14 3.7837424378309760812610033e-14 
-1.2345182353473201780635904e-02 -2.2588075082237583923738811e-02 2.4049992720091489112332894e-02 5.1715675623607806898895944e-02 4.8049490871265553015856398e-03 -1.3410576945321306917280335e-03 -1.6301210652707366248287119e-14 -1.3916908914888329802921170e-14 6.0416127637944085971673576e-15 -1.5782402741958066101197746e-14 
1.4987652665225018044914407e-01 -2.7660457558354037757575306e-03 -8.9706278892625390675163999e-02 0.0000000000000000000000000e+00 
17 (band)
1.1870969197005898365659959e+00 (Ry)
0.0000000000000000000000000e+00 (Occupations)
-6.2154506403987164198099435e-01 3.0710010708512747168441592e-01 -3.6467367384618948333852018e-02 7.6274058566415892101986174e-02 -2.2283273884472340988881132e-14 -1.1595585177823320191590128e-14 3.5643698411633595313219303e-01 2.0550399649729034212697343e-01 2.1616655184510413789666927e-01 9.0446991565064194240619599e-02 
-8.2455702581371163591815831e-15 -1.0902592040556759050026096e-14 7.8551594777511876688258496e-02 1.5148101710779210415935836e-01 4.5239443679287956456835929e-02 8.4423631130467718941545741e-02 1.2647080955810066638100864e-01 -6.8422036858840462603126298e-02 2.7850048164147742426692499e-14 -3.5765030272396466775955048e-14 
-2.0473679580816717447879508e-14 -3.1359932215528598684426707e-14 -1.9884706052193196201827163e-02 3.3761994518935148357208220e-02 -2.3531176437166033410530730e-02 5.1413308693762357903800364e-02 7.3747303262841221171974837e-02 -6.8934032064386696614377570e-01 -4.4860125052014011848289243e-02 -7.1660100994029030108123379e-02 
-2.6983987853798383089262362e-14 -1.4307779063922061921079836e-14 -3.6450124985598675309006467e-01 1.9083515157263308825719150e-01 -1.9219475141283892671850708e-01 1.3405153467649902343516999e-01 -6.3137656906065783704456430e-14 -4.4298102900778935842033957e-14 -1.6998970219766956768481236e-01 -1.4844282833655284004059638e-02 
-9.5521735449020525599017617e-02 -7.0395180565307191589141667e-03 -9.9958121042659428545640310e-03 1.4344519698675478602822864e-01 -7.9136421693305996021574125e-15 -3.8978711345594396467356412e-14 -3.3499424030173499308965124e-14 4.2286174541222630031391640e-15 -1.7851436479932300538386869e-02 -3.4879793925451249569924528e-02 
-3.0801057420186100932468776e-02 -4.7416657802456692316628306e-02 6.5595492496462348697150446e-01 2.2619414728203182662902293e-01 4.5870097204279314251351707e-02 7.1734472318519620914756274e-02 1.5414423863334688018334567e-14 9.1600114510424813184529133e-15 3.2784875306619631896154488e-01 -2.4897693685431343535441329e-01 
2.0170493184291288235598927e-01 -1.1676250278130737014770091e-01 -1.2916411455770663575565933e-15 -2.3280501819688343935741930e-14 5.8571838056514224923887468e-02 -1.6118623233975554187580315e-01 3.3611402204479660926761397e-02 -8.9354371654590009077523405e-02 -1.3411330955519351615379264e-01 -5.1538467628070898374215147e-02 
-1.3431314714904099821594037e-14 4.4171106516356029647542419e-14 -4.0102325525734411553653405e-14 -7.5193830659940607476726871e-16 2.3799786501892183920858770e-02 3.1372853658884633509806861e-02 3.0238097260090541357202554e-02 4.7647617047118479005618497e-02 -5.4246026022981630454466995e-01 4.3264017603703408543225351e-01 
-8.5145845370029199505879092e-02 2.9215162310321229899301443e-04 9.8935321228780320735912082e-15 -3.0701319580237854348069807e-14 3.4548033998724761439724773e-02 4.1022037165314295670270894e-01 -9.4930654110957496394362920e-03 2.3286958430545587339643987e-01 4.8623983222280695809076364e-15 -7.5698867852839106214258491e-14 
1.0470967690905998159767165e-01 1.3582174078845246634195121e-01 5.7434501335682903999657611e-02 7.6257512077568465058696745e-02 1.1537687227893804464695648e-01 -8.5619920511669972418289376e-02 2.8207206203371930885616534e-14 2.3152571112451824305447621e-14 -2.1156394873927750012578821e-14 2.3976615672637986646412946e-14 
-3.9241539769378795676768590e-02 3.2844087391522762235662736e-03 -5.6432596397640345797785955e-02 0.0000000000000000000000000e+00 
18 (band)
1.2087694684128227340380590e+00 (Ry)
0.0000000000000000000000000e+00 (Occupations)
-5.8906978843331409675984466e-14 4.7195079622574749875202608e-15 -8.5871352995728186063314942e-15 -1.3175176342809570230682689e-15 1.2748335054689954870532631e-01 -5.8564837393575056023742320e-02 6.8609298817932812711700470e-15 4.0040404529119568466762968e-14 4.1289766316402363037313873e-14 2.8309512341736332504857398e-15 
1.8911073596700017640515057e-01 -3.9305368237267912512322710e-01 8.6252665036933476291594115e-16 1.1875816865455210942599407e-14 3.6845312294780388560541171e-15 6.7156919662352383550403507e-15 1.1393181593050319215622089e-14 -1.5960086959256840098883299e-15 -1.6849447691295486168039375e-02 5.5027891546742424555560547e-02 
-9.7040931356084172976217417e-03 3.1198800336842882202637028e-02 -8.6820020228071992980885635e-15 1.9548631733093856839949848e-15 1.1561706143277184365028575e-15 1.9212094866899084879563610e-15 2.2177729603504737067166928e-14 -2.5366860261888088614148708e-14 -5.9703362605091763681016879e-15 6.6739758436161939951024527e-15 
-1.8861067472855444493440302e-02 1.3901836202236178552382739e-01 -3.3767670445744157565365328e-14 -4.1750637840485443633727147e-16 -1.6866699546025186480711606e-14 3.2857286331573846299397558e-14 2.3053560069933493048566220e-01 3.7028017026958082169585396e-01 -1.0468282795862265266787331e-14 -7.2442946027358051016201230e-15 
9.5946783718500920503167756e-16 -3.2357098253991741755434380e-15 -2.3435269598717491590798618e-15 9.2215462250823563087299222e-15 -3.7433199960793597793617948e-02 -4.3711877977011800999740387e-02 -2.1142305243542366954834222e-02 -2.4910590017771537529878145e-02 2.1130758153811397015379509e-15 -7.7608068169324636497154417e-15 
-4.5978980710965233441224217e-15 -1.2035253687082802038776380e-16 4.7014358422803498941594845e-14 2.7961037135819227497912189e-14 4.4985730935205910487295339e-15 2.6314550109863834701589516e-15 1.2179395758046127062890207e-01 -6.9634941458378132872475419e-02 3.5458364556933210680544954e-14 -1.4105906917978642779439010e-14 
1.4738699310216322603081209e-14 2.0166801820655709775524204e-14 4.2970180943053681854593151e-01 7.4785988606516279331160035e-02 9.1396642021496332737605660e-15 -1.3412256038462920959151571e-14 2.2808048417757134939475799e-15 -2.7651931832396684187002688e-15 -1.3187121822534300128898991e-14 -5.7679367955118833512085354e-15 
5.4557643294369670416976703e-02 1.8290841746506254772430822e-02 3.1012276549773148959232572e-02 1.0261227531574681343107258e-02 5.5007097559879152067484540e-15 4.7357896128980584800212080e-15 -7.5750623897393556587987262e-16 2.7330383276204920332303116e-15 -5.1867661665891893729202666e-14 2.1068425924549652531038448e-14 
-1.0463316752596704075937349e-14 -2.6077567268093717961331737e-15 -6.4657402741221253750225628e-03 1.4014630704278380202154608e-01 4.6092653473482828221240203e-15 4.1227687553362566581519372e-14 -3.3135135032352261706067744e-14 -2.0816399457151848948423119e-15 -2.9338964196056777078425171e-01 3.2273690075656163989137326e-01 
3.4921494192149531015214378e-15 1.7294933393959291071665430e-14 2.9534915515659838687888651e-15 6.3078695608528144154290544e-15 1.2009101788256375918059171e-14 -4.6627219629286403974843409e-15 -4.4676915615550649718556997e-02 3.6263818672548575605674159e-02 -2.5281049703533779726694064e-02 2.0686290463568648284597984e-02 
-8.7391246697615942492475744e-15 3.0186959135618630546518357e-15 0.0000000000000000000000000e+00 0.0000000000000000000000000e+00 