114 (index of k points)
0.01758793142683664004199962 0.03041946405879792855730948 0
18 (number of bands)
52 (number of orbitals)
1 (band)
-1.5414210226829561101169475e+00 (Ry)
0.0000000000000000000000000e+00 (Occupations)
1.8215138655296972403085931e-01 2.7016374313883156910165440e-01 -1.7532849734755412418607534e-02 -2.6004434639614947694097324e-02 3.8358285386611334076419763e-17 2.3738896323702789948467680e-16 4.3628411780988474166775859e-03 -3.0515673013029008531216135e-03 7.6635149560532189738637499e-03 -5.1033163336990546021798565e-03 
-8.1821703644432765264963777e-17 -2.4354118060301424312911898e-16 6.6872689332587859079026771e-03 -4.2346615942649781794138164e-03 1.1272904715132078812267480e-02 -7.7589293132617545567519812e-03 5.5242054873327617325884376e-03 8.1934053097246269808939800e-03 -2.4197565978892103085393142e-17 -1.2370007527473535953436224e-16 
-1.7984307388602394491326347e-16 -2.2810897792552385846070913e-16 -3.3425557248343527871892178e-03 1.9847345619680282526042792e-03 -1.6360172522471572165159159e-03 1.5701451986868866089741559e-03 1.0278901168487045159061211e-01 3.0919572249110088835166721e-01 -9.8938766561345471012289821e-03 -2.9761428820892468077863313e-02 
-9.7919252987170319247065280e-16 2.9827628908450030991314710e-16 5.0227522388477168976961273e-03 -1.7659009278376989679482101e-03 8.7535936486914656118329958e-03 -2.8544521921166944589121073e-03 9.8426461997145575828981158e-16 5.0389726529626180410091605e-16 7.5797115468595101933635405e-03 -2.2803283689137613873820776e-03 
1.2944169719655881922726337e-02 -4.4416027595100835215213841e-03 3.1173388508319022083270511e-03 9.3771496375395571587496590e-03 -3.6817457115701153218286639e-16 -1.2368352753155954017334994e-16 -5.3932851339649427151094429e-16 -7.2587980059646493880200312e-18 -3.7531590139421242002804036e-03 1.0127425493004806045238553e-03 
-1.9979937411409550221397247e-03 1.0723476138673770398368479e-03 1.0317571876478927317410950e-01 3.1035905988989387349619165e-01 -9.6475729126199033514055259e-03 -2.9020472753878950866734954e-02 3.9056448278163168687718742e-16 3.4705323048310906721405932e-16 5.5361633612634915391215173e-03 -4.2983633540291459832621834e-04 
8.6006529559071176471718445e-03 -3.6747891365467512565790020e-03 -1.3013935416722537589399371e-16 1.1270473007532889339464692e-16 7.1259966308109112115287687e-03 -3.5349352984008044001318360e-03 1.3130364287492451991212761e-02 -3.6909283272379494154902257e-03 3.1179178353359917816312041e-03 9.3788921225616134202951457e-03 
-1.1439238282639389744441439e-16 2.6041012119369421778862348e-16 -2.2051750581948871331522450e-16 -3.8988579810904309724265396e-16 3.6801103319547903702790848e-03 -1.2897491321184797585103210e-03 2.1645358512565934100413401e-03 -6.0434926858727222500483611e-04 1.5913287413659691488243553e-02 3.2667222453408556459564238e-01 
-1.4880007635777929651116347e-03 -3.0545856604310112070166383e-02 1.4461468844897586622659118e-15 4.5005572968183823695153224e-16 5.4478168234906015204854768e-03 1.0747817897529383067423137e-03 9.2720506125223110804878246e-03 -1.2265332873763763049668185e-03 -7.6429421580725001318101314e-16 -1.1372717955347036389727844e-15 
7.8141073722115591410064539e-03 -1.4883956200258498855232281e-03 1.3639239153790764028095772e-02 -2.3948793090681488263810062e-05 4.8089175844646996288780927e-04 9.8718677154432058623578783e-03 -1.8095613861554255469655460e-15 -6.3117022588973956790825940e-16 -1.0007931640353495869841581e-15 -4.9640289299018121778321166e-16 
3.8913836186650284897081686e-03 -2.5258347440996586474176722e-04 2.2473214033200132784540148e-03 0.0000000000000000000000000e+00 
2 (band)
-1.1581270705909598728311494e+00 (Ry)
0.0000000000000000000000000e+00 (Occupations)
-3.5476694007188375179495665e-01 1.8818184221856459892308067e-01 1.4859658451208193619130782e-02 -7.8821304476490855472903263e-03 -2.1035963088922104982483792e-15 1.4883474142829458372985723e-15 8.7309109653613325985332949e-02 -2.5122633345511308916586657e-02 -3.0237776698373908246253450e-02 5.2687607737701286358955599e-02 
1.7445443878478128582726669e-15 -1.2964314308287750823929197e-15 4.0008539006782244118465286e-02 -1.7257397867387461176669206e-02 -1.9344662872191303870650358e-02 1.7118220589155130895164802e-02 -8.8733684190289222049052853e-03 4.7067727037627370145767003e-03 2.2798986038258462987953130e-16 -2.2282180450730026705851238e-16 
-4.8673392589480286003484592e-16 2.5008523287004662166286642e-16 -5.8711526073434838063347385e-03 4.5362442024265564599616596e-03 1.1559796191772346921067260e-02 -5.3131407296865620915049533e-03 3.9230406386470939583688278e-01 -8.5845844302268048409132462e-02 -1.6431927881554959924859105e-02 3.5957163091311066666078133e-03 
-6.7038129751761272206471714e-16 -5.2285455062644211176226273e-16 -9.0848840211416592715920615e-02 7.1802991412341261867613440e-04 4.3292636639366680051388414e-02 -4.2615194022717961530588582e-02 2.5653883530940646827814608e-15 -6.9635373861365789832483269e-18 -4.3175583462228925291093162e-02 5.8625904945958338954081768e-03 
2.3235483955601800298840232e-02 -1.1285466012841929850374356e-02 9.8122407737284006445932505e-03 -2.1471626354582599993658931e-03 5.9107010552492001626745911e-16 -3.5387408112377281268192161e-16 7.7269215561667933717887864e-16 -9.2280916525001196427416000e-16 6.8747603924577214279389992e-03 -2.7902713038467918948981605e-03 
-1.2562771823597307027653436e-02 2.0087599450623501440293950e-03 -3.9145291083813504862121135e-01 8.5659470988630942445141159e-02 1.6863119221473085729279262e-02 -3.6900588881680629338433164e-03 8.2142254756239946842918415e-16 -7.7116299291117515478750700e-16 -8.2697784282810521405693294e-02 3.7232986795260880619196087e-02 
5.7036497515397799329406325e-02 2.0617031509715152970407814e-02 -1.0548870217574142799109357e-15 3.5624003814582552306196638e-16 -4.1806502676505541415963307e-02 1.2753111849328636201450493e-02 2.5908922340494539710009647e-02 5.6523841106856376192979496e-04 -9.7777950948400912251079475e-03 2.1396193797195948993472570e-03 
2.5352194064043492285756881e-16 2.1346238758675528437332618e-16 -1.0263956281545067229782909e-15 -4.5067667291521660832411916e-16 -7.3924645778085593117445740e-03 3.3577748083430877801269787e-04 1.2221919003267160339087916e-02 -3.4124210999131598942568644e-03 4.0006831995615765862339686e-01 2.2765450603096606951858405e-02 
-1.7234255167858942431324820e-02 -9.8070040521877534928085751e-04 5.9787125463609704549685894e-15 8.7292673320661462561511984e-16 8.9664098307909834151274708e-02 -1.3622345819094296842655112e-02 -4.9391090933824446929101271e-02 -3.5195797667668372865623638e-02 -3.4351298734149700752928729e-15 -8.9672836799714169761517639e-16 
4.3696022977501559891866378e-02 -1.0407227443284166115700096e-03 -2.4802500332529078819199242e-02 -7.5118392263188865642931091e-03 9.9929922809640775449580019e-03 5.6864160890309899554911910e-04 2.0840311860646236507946325e-15 -1.5493501123617507467332306e-15 1.5929937701441223119777880e-15 -1.1180417499127508010244196e-15 
7.2104423776837142309736883e-03 1.6645719476581714423718550e-03 -1.2689362548435166241911354e-02 0.0000000000000000000000000e+00 
3 (band)
-1.0873845979501952641044227e+00 (Ry)
0.0000000000000000000000000e+00 (Occupations)
-1.9273508194197039311568176e-01 2.0163337553790272593801092e-01 9.6106952353958371992881382e-03 -1.0054405779823437361297778e-02 1.0092820257452991520871525e-15 1.0320327576528465583465181e-15 -1.4367939396488080272540344e-01 1.5855087095612743763872743e-01 9.2568673536406825830269440e-02 -8.2593980783226356168214011e-02 
-1.0199840486870882647252813e-15 -5.5663797793155284464531994e-16 -3.1286568928493782570932069e-02 3.1991950566522209253861320e-02 1.7237386594645954379645403e-02 -1.9311409219956662125516900e-02 -8.5719997510892535774740253e-03 8.9677535825580193679096297e-03 -4.7786426943526015669470062e-16 -5.2038756236491645102769391e-16 
-5.4695993150853967543511454e-17 1.3526911479391569797671044e-16 -4.1392615762640416754436501e-03 5.6223420727645554567653008e-04 2.8371619788740212730893120e-03 -5.1374354428167234853930267e-03 2.3985842741099824837469612e-01 -1.4237543587959133883913410e-01 -1.1960490890151619786108128e-02 7.0995208401574139145395748e-03 
5.8376065502082910707987890e-16 6.2071360342416960619088555e-16 1.8102408565995398159742535e-01 -1.1407202699188673244989900e-01 -1.1136983970301676805103597e-01 5.4657879454240325400871114e-02 -5.1604889496244289992817153e-16 -8.1479379280910694186864166e-16 3.8737321642334135440854936e-02 -2.2399870721654391303445664e-02 
-2.1795626220260724825728005e-02 1.3964551562455469746470982e-02 1.0667835967418153042540752e-02 -6.3322239238975345371196468e-03 -4.9324659573668855374243443e-17 9.1500445951923588395501915e-16 6.8891256377730525500129629e-17 3.4779954863123396713185002e-16 4.1379777266195710838658783e-03 5.7160653823482357460683545e-04 
-4.1142064315831871831874444e-03 4.1852164175568418169604001e-03 2.3822355335513450969031624e-01 -1.4140480838907878990973188e-01 -1.2534045648520248522617138e-02 7.4399637835205478797462320e-03 -9.3128758194046197947006566e-16 -5.1006849573939153461929885e-16 -1.8547823113085390445142764e-01 1.0388252084397275876170852e-01 
1.0094567735924372953171257e-01 -7.0666588720727674388655259e-02 -3.3304376311387666386329966e-16 7.6922498080929170704733808e-17 -3.9135428442131026116612702e-02 2.3574783056849745593863688e-02 2.2976529384515019527324142e-02 -1.3042186136564618004207716e-02 1.0634051626889042679868780e-02 -6.3121657606686042835120176e-03 
3.4403169290598823337611224e-16 1.0443015448526986130375247e-16 -1.1681191371674581453654703e-15 -2.6979449836944691274554508e-16 1.4493545867149335015788836e-03 -3.9452061400055658813013082e-03 -5.6491510169032954288836912e-03 1.5772713042445218184495204e-03 -2.6747456482533499277920441e-01 7.2132782978246712257686113e-02 
1.4073077305138365772352316e-02 -3.7952413076135895278473420e-03 -2.3115799058113217487412355e-15 -1.6692721711129139302673760e-15 2.0658175805013875847571114e-01 -5.0176982783369308838139489e-02 -1.1623074407362159188306094e-01 4.0917119534918965084724363e-02 6.4345110269223310819255552e-16 2.3881695390655749268973693e-15 
4.4033506141411861423140550e-02 -1.2182056165574307871057869e-02 -2.5637435374189318504356550e-02 6.3829013162007130349762107e-03 -1.1939786944379329053367300e-02 3.2199345205063292611746828e-03 -6.7783157882239122471901977e-16 5.3911040570257394250896635e-16 -3.5169992327857247257540443e-16 1.9638454739540321464348787e-15 
-2.4569082113084952760651003e-03 3.4101146969531021153898553e-03 5.8652103098689387095099335e-03 0.0000000000000000000000000e+00 
4 (band)
-6.6798189013626274590507137e-01 (Ry)
0.0000000000000000000000000e+00 (Occupations)
2.1349745528010835443169570e-14 1.1156734068798731496533972e-14 -6.5878141511355409125470564e-15 6.4767782434829792829846102e-15 -2.3125303946201691829287483e-01 2.5887173758343440255202950e-01 -1.6815283169466660597356273e-14 6.1422614151478801440905767e-14 -3.0839228140222220080940912e-17 9.9092129652465238099823518e-14 
-1.6753130946086693120467004e-02 1.8753967269819996066537726e-02 -8.9509310946511083996091250e-16 6.9775382697887025153191127e-15 -5.1254034571453618501396052e-16 1.5330115421924079815352028e-14 -9.6518202852624617800368723e-16 -1.6563561193027564805523935e-16 -2.8818678475082230849846354e-03 -3.2256925503952524336703789e-03 
-5.7311205542804038309823156e-03 -4.7431167211408539752248714e-03 -1.2683870465676013433794023e-15 2.3082446265776426961563410e-15 2.0561271605733703977588335e-15 2.8248105829880853377918774e-15 -4.9217235737834033876710181e-14 1.2909428512828194817130798e-15 -1.0730977946336818146761597e-14 6.5464526776684482486335272e-15 
-2.9235001229619583806851324e-01 1.8714704136132670475589634e-01 2.9163863253598432363223379e-14 -5.1622004854194495492738522e-14 3.0946528163082392260879169e-14 -9.8217266623661564173787002e-14 -2.1179302117585074166639103e-02 1.3557870285050312858521337e-02 1.4230422288551418851565695e-15 -6.2177949846574240346846625e-15 
4.2932634048557852318628382e-15 -1.3936684106906608908978617e-14 3.7785505692487611847107776e-16 5.5008047624315048810137770e-17 -1.9082545712713156957351934e-03 -3.8818577010752515141223107e-03 -4.2444826860470030033267719e-03 -6.1096043870216137916528965e-03 2.5719959096794171145281657e-15 -1.6223392721496305676758980e-15 
-2.1222595889887599660225428e-15 -2.0434153773354120854923107e-15 -2.1552136069020476844322834e-14 -1.4833480244312658142336186e-14 4.5920297498648127477187311e-15 -1.8575366772618776150860079e-15 -2.9237985396422433437280120e-01 1.8716613467868334352850468e-01 1.2664877809386989220479784e-14 -6.0290817077710611190975569e-14 
4.1091560455873933835230540e-14 -9.4458929295329093916657820e-14 -2.1149512530510478081069436e-02 1.3538801103083471927268633e-02 1.7377511565785983090165876e-15 -7.9026951080781065581260400e-15 3.3506738651812902617953472e-15 -1.1829409476988030420217995e-14 4.6788049081478241371033822e-16 6.0076977769251611855816548e-16 
-2.7263797974428740159003048e-03 -3.3590713275044059051011036e-03 -3.7724417512821364038833050e-03 -6.4133957481905760206197797e-03 1.6432759733743661172115219e-16 4.2428452577402582116734812e-15 -2.7424474935683719551008430e-15 8.2042186282940710103528061e-16 5.5988125136765338736962316e-14 9.0244446673047765644105055e-15 
1.3816058516091274073336185e-14 -4.6533268455639353612646901e-15 -3.3194201398438627492737396e-01 1.0164467682417883953593929e-01 -2.3356346336503139788258825e-14 5.3098899905311648063336516e-14 -6.5240040173415646770175057e-14 8.2106220884533768491386148e-14 -2.4011270739194120332760107e-02 7.3525433066582192298543674e-03 
-3.5023691349147410086958366e-15 5.8640967940149515161222119e-15 -9.1214528766314268846526225e-15 8.5130532449444815101233367e-15 1.9413542190478562377469061e-15 -7.3955815080967447644382405e-16 -1.7226261050517740255200172e-03 -3.9685093278665978591690511e-03 -1.9087854463177799085177311e-03 -7.1916270697004701373256097e-03 
2.9500622764368542944884142e-17 -2.8832765633226967396247749e-15 2.6041710868143537276449370e-15 0.0000000000000000000000000e+00 
5 (band)
-6.3687810580403703131224802e-01 (Ry)
0.0000000000000000000000000e+00 (Occupations)
-1.1744252506275826286596953e-01 -5.6043768668685330081036255e-03 -1.0229361799524161469321371e-03 -4.8814304094578833681516983e-05 -6.4527594056320650050182373e-14 7.4034711717466776771723689e-14 4.5115875006821751225238870e-02 -2.0789324759704172485008655e-01 -3.0058971726619754250009464e-03 -3.6343187826113859673071715e-01 
-4.5887508850749978991702178e-15 6.8998876660231066569834480e-15 4.1446385985496048132148417e-03 -2.7429976722353636986451164e-02 6.3930390900712730228860892e-04 -4.7753492463896901609743395e-02 -2.7925969855714660727841192e-04 -1.3327458592879426468869042e-05 -1.2041702952178123326903567e-15 8.1388142640852797226735708e-16 
-1.4302073600167330258094786e-15 -9.6217937947078822515519081e-16 5.5808742737774707370901339e-03 -1.0075665181808938705709799e-02 -8.5553983152206539153361575e-03 -6.3620731502954438324470843e-03 1.1160911586997324107528584e-01 3.6980548777842972563156820e-02 9.7212670286750402226516599e-04 3.2210392441673393187917540e-04 
-7.9058963395210550999905912e-14 5.2945253541239379740909467e-14 -9.9360536820692610393557231e-02 1.8810244096442560457482784e-01 -9.4838867861957026894614842e-02 3.5085232605314914389182945e-01 -7.0628946935974138072794043e-15 5.5503062255165129350524036e-15 -1.1368425169992701917465183e-02 2.5304951318974533425176787e-02 
-1.3457614219854113768448656e-02 4.5822454882913365992180843e-02 2.6538847029550574618816938e-04 8.7934977261682617521998395e-05 3.7927475893568975060265119e-16 -2.3859818060514409888835746e-15 -7.8222192933445103661087824e-16 -2.2659122709162968080989651e-15 -8.0848352635547182654107701e-03 8.2036958303459209251862205e-03 
6.5293518311752632432565235e-03 8.4284268856331980013241179e-03 1.1152256537700357130749040e-01 3.6951987051020304675397199e-02 9.5080113982187741683560489e-04 3.1503949032456873835528199e-04 -8.3874925104849512983103853e-14 5.4595699766994160786801366e-14 -3.2549149829963125446496974e-02 2.1029789413664590203012494e-01 
-1.3350794557171921650429169e-01 3.3814025465700642270050480e-01 -6.3359198857266275080448442e-15 4.3236872452499201655074997e-15 -6.0295960372811346905663754e-03 2.7034810245767426639673658e-02 -1.6517469317758895486214499e-02 4.4740956021456050606399657e-02 2.6445589090374121629678505e-04 8.7624055224256279517103252e-05 
-1.4916536461550158467149115e-15 -4.0805373410383361194873981e-17 -1.0849083937865254484219482e-15 4.3514042581189508059234193e-16 -1.5830735902653450108273914e-03 -1.1418503014007853890721123e-02 1.0272085405946915215302795e-02 -2.8680177777315116194323252e-03 -9.7477238597038509682057850e-02 -6.5581398969429396950125977e-02 
-8.3105570314000176690427679e-04 -5.5912351608435051364409674e-04 -9.0921648785763280918678849e-14 3.4124383115571855892379833e-14 8.7903394659024219892629048e-02 -1.9379794797773333692170183e-01 2.1952247216201797863632805e-01 -2.8978110284517000216908400e-01 -1.1303589954902268361509480e-15 -1.7546453581290590562377649e-15 
1.3077677517012244873262361e-02 -2.4417439344824709568371190e-02 2.7940738011492518427791865e-02 -3.8650939157425241721188769e-02 -2.3115016948064651147211335e-04 -1.5551364068006265904166308e-04 -2.0621679605707096187019277e-16 -6.0180726852545164045050775e-16 1.3757673469426509890095674e-15 -3.4396108394506772423967606e-15 
-1.5459045592775035038446418e-03 1.1423594537913308102905496e-02 -1.0664954972264727856012811e-02 0.0000000000000000000000000e+00 
6 (band)
-3.8430583561021169902716110e-01 (Ry)
0.0000000000000000000000000e+00 (Occupations)
8.9993502436250177867194111e-02 7.6998900048419749442274451e-02 -4.8055770976415390638436520e-03 -4.1116931591946848101315481e-03 -6.3569730383114425206247688e-16 2.8504099965903630167949762e-15 -1.9195216844524651267356319e-01 1.2353029968118339754212798e-01 -2.1706401935485380993995363e-01 3.1198646026246867890563408e-01 
6.6952818260428394748446367e-16 4.3935210439705107398453799e-16 -2.8739218482740760962634852e-02 2.6085608350195896298906462e-02 -4.1152064222961720618698678e-02 5.2435557381690769962467868e-02 6.9465452907182807622266107e-04 5.9434273653792080507884954e-04 1.8855165173106071726247374e-16 -2.5091559281041415073419181e-16 
-5.1734885404004859909933734e-16 5.2571204010100500542352663e-16 -3.3835713617904251970802676e-02 3.1845624275004064118732572e-02 -1.0681762556836301922280619e-02 2.5860299713926417769505051e-02 6.5971842415679132765049530e-02 9.8363494741169510415801369e-02 -3.5228361856596834833510457e-03 -5.2525438680290220672119972e-03 
2.1559028409249580167679128e-15 -4.5735809442393608762536964e-15 -2.1810088929108031874370965e-01 6.7360017819146369988381196e-02 -2.9296728096282159681251756e-01 2.4212086273355443166721557e-01 -6.2450698089793809944092680e-17 8.3903389183040937860329656e-16 -3.4695476559296348217920070e-02 1.7396136016993954398479616e-02 
-5.3737088489878459540705080e-02 3.9437360311889879671554127e-02 5.0923469718459381250230678e-04 7.5925504701630786019705965e-04 1.0641097856276282758825036e-15 2.0555497948653943271680698e-16 1.6821666557175104961476623e-15 -1.0941927524624818092489030e-15 -4.1153212344479578321809754e-02 2.1573419182591827003570017e-02 
-1.7242621001690876247902651e-02 2.2035134980451280550806104e-02 -6.5972994471840157304498575e-02 -9.8365150543936463733984965e-02 3.5276274407502958285753891e-03 5.2596406899471682960811592e-03 -8.5498826074534697570717218e-16 -8.2613631433784743479313686e-16 1.4543537441188411629688915e-01 -1.7576824919736547259141446e-01 
3.3504982215259165867493607e-01 -1.7948781509928157795741299e-01 -5.7253112148337468921295278e-17 -2.1191698650421580126507880e-16 2.9339477066208700939409226e-02 -2.5421826997290786209759972e-02 5.6876453324783138310039021e-02 -3.4825671991350844181045687e-02 -5.0838042086820834763311039e-04 -7.5800108561698822592922475e-04 
-4.6198144015700186029997734e-16 2.8841827271458458879571187e-16 -1.0119163669336611233489829e-15 7.3560265749597372946481432e-16 -3.5534707168730535198353238e-02 2.9908451356336431675719822e-02 -2.6957172746971264087889608e-02 7.5265778681063121025029972e-03 -3.7090380058803343321649493e-02 -1.1248307671915297456521898e-01 
1.9832570698682244758614956e-03 6.0145379658671366263078539e-03 -1.3457315146690194063189319e-15 2.9447207320407746028372489e-15 1.8734547456220704275686728e-01 -1.3018294326561760665406098e-01 3.7097527774644684095406433e-01 -8.2774406639568087751257508e-02 -1.6191041218086289592090844e-15 -1.6855125771541972790459230e-15 
3.5095119194959965847058214e-02 -1.6595385234754941872203915e-02 6.4146584238872358940675156e-02 -1.8247578002059838819803872e-02 -2.8581147512380674453533191e-04 -8.6679184283328743112345682e-04 3.8494830896215887708994773e-15 2.3569039285769193632659198e-16 3.2687404634126145014937734e-15 -5.0030521236938446667816383e-16 
-4.2268675140137504375736910e-02 1.9250713701032231423004859e-02 -2.7988185666719671285118665e-02 0.0000000000000000000000000e+00 
7 (band)
-3.6705051772584645908281686e-01 (Ry)
0.0000000000000000000000000e+00 (Occupations)
1.0103973607304916892957181e-02 -7.9421043869433438633365085e-03 -7.0227666807910760216060453e-04 5.5202685059289532953918922e-04 -9.2195481257104347595457736e-15 7.8427019898910415998936649e-15 3.3143772837621721105705319e-01 -2.0984518411653343972211871e-01 -1.3480307676928893201306892e-01 1.9362400771879550998022523e-01 
-1.0349219221424506793225285e-15 1.1091634895054284127094495e-16 5.4187299107023446931297173e-02 -3.8966862341447139339578598e-02 -2.7262915909912671663661854e-02 2.7704126802947481866823409e-02 -8.4927494434315110860556075e-04 6.6757982859219633375857939e-04 -1.6902425939703475424489307e-15 1.9728330694408549874142053e-16 
1.3696708384150879937271649e-15 -6.3191236193820798872849876e-16 -2.7101427655499554791873607e-02 8.9209572144099170964981482e-03 3.3162758326498897876177807e-02 -3.3196205049694060829068576e-02 1.1867558441389512019492614e-02 -4.9323788774824073311009442e-03 -8.2485755985581971083675512e-04 3.4283548276421715872430696e-04 
3.5835989198729487157684971e-15 -1.7910559499556126684233978e-15 3.7565994246294165392896502e-01 -1.1298485171398356396998963e-01 -1.8190661085177406430801739e-01 1.5024017704984571341952915e-01 1.1579725464559464325364939e-15 -4.3324715746352539733894471e-16 6.2670139725934964625153611e-02 -2.2959384399053386904832053e-02 
-3.3708808875807759475318193e-02 1.9352039427392386805593105e-02 -9.9751528305051925457624939e-04 4.1460103558907043796999403e-04 -7.9808148940520506149522003e-16 3.0617759168216543383380043e-16 -1.8883428042706930852718356e-15 1.5095707663707188459298574e-16 -2.8502102838329566869557397e-02 1.3042209861638849599518863e-03 
4.0868244938284892242563728e-02 -2.3055219044447846504786170e-02 1.3795206173188585829780806e-02 -5.7339049605825420652394087e-03 4.8206144945953099956170718e-04 -2.0035818940451755043596904e-04 -1.2642751669390911307282517e-14 1.6739901454229132467564401e-15 -3.4319807041080691023537952e-01 1.8532746511151906854131255e-01 
2.3334088271989081309065739e-01 -2.3160694021219507821029993e-02 -7.3665377302810831728514671e-16 -3.4966723048122302570145172e-17 -6.2031943887908690127286349e-02 2.8848638637480123608769489e-02 3.8373502687743851757851132e-02 -1.0646191773848234785049272e-02 -1.0083221358375602481893818e-03 4.1909063181562087284370843e-04 
6.0020979177695295411076615e-16 7.1658465194160012527556507e-17 -6.4303990678732827636845062e-16 6.8867710549366876912983597e-16 -2.0738236830800532706220451e-02 1.9214181935783926358229934e-02 4.4706971401687563283378068e-02 -1.2482410698645508839721430e-02 1.4828986880621800037438618e-02 -1.8128782505679227193828851e-03 
5.1818383135847009834940025e-04 -6.3341629484615219469745284e-05 1.3702289891508760047071827e-14 6.5200489551523409756887080e-16 -3.8039376308741174037564292e-01 8.6207713474901109806936006e-02 2.3097357322193137751931147e-01 4.0442474814650991588038664e-02 2.2919152726931904966810885e-15 1.7145287778080905126317816e-15 
-6.7504817025610480696329319e-02 1.1104309617774915999732777e-02 3.9822893327804032015393432e-02 6.5382062572793848281849094e-05 -1.0838799140406956116738924e-03 1.3249460079613336552922798e-04 -7.4197497797834189866708815e-15 3.2381786207443685045769654e-16 -3.4756227712235395897697193e-15 3.5646614229981141545554856e-16 
-2.5141367775904317760637952e-02 1.2929457864454719714930597e-02 4.6416848974924040938105918e-02 0.0000000000000000000000000e+00 
8 (band)
-2.7517575600360788534715084e-01 (Ry)
0.0000000000000000000000000e+00 (Occupations)
1.1258373064971658794272581e-14 -5.6357792865430848740692070e-15 7.3372897373586371154912368e-15 -3.4567296483700040541270636e-15 4.1163242293943536065370381e-01 -2.0424496235856681725095996e-01 4.9576895137952953987952344e-15 -4.8028123209395246754042322e-15 -1.5784417140467885569617299e-15 2.4994028082924054885188751e-16 
3.8774448812832077240764228e-03 -1.9239226438350284786871214e-03 4.1961094978967078473203914e-15 -1.8356207090080333525721855e-15 -2.3427845568494517990639775e-15 3.1038414149669744419490726e-15 3.0514238660418235374483461e-16 -6.8577234113795756418928920e-16 3.3278885092179945337509395e-02 -1.0604042445785520631940102e-02 
-1.3812321926866304860892498e-02 1.7072332294086486892403798e-02 -4.0179033642676539339007161e-16 -2.0706333439983900857066847e-16 3.8118385754058335264725792e-16 -6.4890892870046399502893483e-16 -1.8023738796715903326746834e-14 5.5135417805005382865825132e-15 -1.1742174849131180517654588e-14 2.4918223243260803744209444e-15 
-4.5139445969218000564993076e-01 8.6024984876757470964037111e-02 1.3579568091352657666021579e-14 -1.4813038876401613743480627e-15 -6.7545868360196363959104569e-15 5.1390964313723616722415803e-15 -4.2519906967064830666247488e-03 8.1032849015251484647848201e-04 -6.6956128862789216352762727e-16 -2.6237852669851219719851180e-16 
-2.4702972670500840556713480e-16 6.1504907883636880450029126e-17 4.0432877299157653231279669e-16 4.4061774392261732137839355e-16 -3.4904613577830694015613489e-02 1.2640649321990649750491187e-03 1.7894599978179874522066228e-02 -1.2729024259228949311761880e-02 -1.6803743697365716651769994e-15 1.2831653636445255001923325e-15 
1.5152862608340828486916347e-15 -3.4464748755877733398076551e-16 -1.5694800020377944194353473e-14 1.5171118410927898606318106e-15 -6.7333751888543198027871621e-15 2.6564911789958610110203105e-17 4.5137020494209117993378300e-01 -8.6020312634661838524507971e-02 -9.6703226511192453575575497e-15 6.2981277429962397167375506e-15 
8.2897885952807141891976280e-15 1.7873245875402445114650268e-15 4.2724976506361067238315421e-03 -8.1423454908754328007702838e-04 -1.4622644085568537333592857e-15 1.4533523086886179617823278e-15 5.6866855022640948312715559e-18 1.6483966401562709167557353e-15 -2.2764085976400564384213288e-15 7.9715497408336565483015075e-16 
-3.2917664440015752258528181e-02 1.1660708827914853524809757e-02 2.1318686639517716446823314e-02 5.2550021755926150379689687e-03 -9.5475314573262676716466504e-16 1.5487787884083566828831001e-15 1.5211458615073948929136943e-15 4.5613231165377683370161369e-17 2.4386477102975650329968534e-14 6.2915946035980858046853930e-16 
9.5753822334491635500805444e-15 8.5436011383093724923706104e-16 -4.5787545221204478673726612e-01 -3.8530849417696654002352119e-02 -2.6038203436575040009937342e-15 1.2003434166446610686167633e-15 5.1029643887019700000201629e-15 1.3537521514169803230537092e-15 -4.3340736127159681587150963e-03 -3.6471906339664660447533184e-04 
-4.0880364573483567838351370e-15 -4.9204099908027498055699966e-16 2.8965902126330192636595271e-15 -2.8297689637743484072218594e-15 1.9304936679252524990531652e-15 -5.5204420970396981267515075e-16 3.4840857901216264191912586e-02 -2.3789458300402183468791328e-03 -1.9120186702375079057514284e-02 -1.0794438770302396471412187e-02 
-1.4633783812775989124115109e-15 6.1761446085448750329426049e-16 1.2585384329752829972876220e-15 0.0000000000000000000000000e+00 
9 (band)
1.8326649271523654666227188e-02 (Ry)
0.0000000000000000000000000e+00 (Occupations)
-2.4873731450594705006285681e-15 -1.7530066606598177281798908e-14 -2.7124011995039289987464041e-15 -7.2259707902309982035372521e-15 1.3202616869511046848728597e-01 5.0565109729247126324480632e-01 -2.8050147365387537902718049e-15 8.1337313516144443600516298e-15 1.8972906531045798343618128e-15 -1.0053166390304000054584557e-14 
-5.7786344808557522922942695e-03 -2.2131773276458596017013392e-02 -1.6698828125935996441859700e-15 -6.1231647948829068227461027e-15 1.9832945158553602070275811e-15 3.0165772648536807983792083e-15 -2.0238631094198783433115122e-15 3.7129569783935457459951768e-16 -1.2812494145954353430560957e-02 -6.6410085759166681551590727e-02 
1.7188887840717065325080171e-02 3.5843186922271598471301246e-02 -1.6984538938162993291247296e-15 -2.5364035947728848750680179e-16 1.7044689545676372264008054e-15 -3.0460276332637721201076937e-16 -3.2700760697417967504248712e-15 1.6846596990466265114069857e-14 9.2971030137163625714580334e-16 5.7763737072762563169749199e-15 
8.8169388387333846868187948e-03 -5.2252866237453188258399450e-01 6.2800506735950586805200360e-16 -9.8799921174233304604978122e-15 7.4995294229263670038878215e-15 -1.4265925159923914711951231e-16 -3.8590807961333406517212552e-04 2.2870484904747547666437058e-02 -1.5758045181275830879202368e-15 6.8416407676421921169331497e-15 
2.2402418940796154187174041e-17 2.5933200508839960450437571e-18 1.3747819734061332302616049e-15 3.1259227483629791379550388e-15 -5.5184735988662450903441403e-03 6.7409242288565790479637485e-02 -6.9167499367109586128066212e-03 -3.9145248552775430139760715e-02 1.4331617788010918347502666e-15 9.3764332830835008823630776e-16 
-9.7501548353887966032746154e-17 -2.1221110520831756516137157e-15 -3.0543132992853755630460616e-15 3.0625544904845507283991899e-14 4.1706522764127578033753571e-16 1.2677203086956558476611573e-14 8.8172277619572997364727485e-03 -5.2254194700608458390433952e-01 -5.5948614394361077273347354e-16 3.6077388349623499763579409e-15 
7.2017989115410963752309721e-15 1.2214428609790634161150774e-15 -3.8630464157803773295185579e-04 2.2893899805109599321362168e-02 -2.4389649999700678387131475e-16 7.3399357854517923540304428e-16 -1.7406885405715294862742068e-17 1.9470926875429011758156990e-15 1.5162330345109849606855610e-15 3.3286242184217686536196711e-15 
-3.2417188336681989138665649e-03 -6.7561206398823528407326933e-02 -8.2347184233388763530125942e-03 3.8891986547619300518263685e-02 2.9298191526087398438548675e-15 -8.6655911397344878159354507e-17 -9.2154553308339692698636045e-16 6.1711363281673240633245541e-16 1.0099774956886943773259210e-14 -3.1171329237844511874320938e-14 
1.1890635881870398506706418e-15 -1.3208118776276512594868841e-14 -1.4901431036243792394024865e-01 5.0092171563382326127111810e-01 -1.2843658485013064334081816e-15 -2.7174392508907118934551550e-15 1.3467454186329045236415975e-15 -6.0564840212076555453572384e-16 6.5286975983255514030534350e-03 -2.1946662325563082163171202e-02 
-1.3806226974780835176994458e-15 3.3189645288906984400768543e-15 -3.3603710276805702861226918e-15 -6.1285697124427347744704828e-16 -2.9752895332894634574684383e-16 -2.0643667580258087759719280e-15 -1.5046245270855143627564132e-02 6.5944187418681604606618407e-02 1.8390198578275847307583746e-02 -3.5244826590343579508779470e-02 
1.4217002781502031761828399e-15 9.5087979965265529194714177e-16 3.5800840841524255005014939e-16 0.0000000000000000000000000e+00 
10 (band)
5.0228880534661735079993150e-01 (Ry)
0.0000000000000000000000000e+00 (Occupations)
-5.4687177526293673235358028e-01 3.5822576442156878195888225e-01 -6.4128678565450319970508986e-03 4.2007251741700279978886101e-03 3.1322251434766686736482392e-15 7.6679810118165520396432768e-15 2.3384010954214129451855797e-01 -5.8520416940359365476354014e-02 -3.5075712284776988658663299e-02 1.8668883659205698366534421e-01 
-1.5528467708062045731551042e-15 7.0641949057394900650124068e-16 -6.6269130495744676956348940e-03 2.3062178319404214033028211e-02 2.3634812853497999540763885e-02 1.6897781311451642860532729e-02 5.4033902963284141662825277e-02 -3.5394646350330447037713100e-02 7.7963327518151868047741821e-16 -1.1171056757972537071368267e-15 
1.9461712533367842050805301e-16 3.1732983954843166219683609e-16 6.1244872200553787666699179e-02 -3.1374981074737476327563002e-02 -9.7116285200005703082126729e-02 6.8648944065900649458278338e-02 6.2306043107406816616844480e-01 -1.9796498706703669068218687e-01 7.3062925254600702418272817e-03 -2.3214339677584058807546796e-03 
2.7618600356757176125977202e-16 2.0479283743310984373914208e-15 -2.4096334015295151065316759e-01 -6.5195653138457598796406955e-03 8.3987941519032521808796332e-02 -1.7037914479128016265185863e-01 8.0933464081882660672851805e-16 -1.1211112914926748671372308e-15 1.2584671438874657500850418e-02 -2.0430518597891411669564832e-02 
-1.8220018695293778432375831e-02 -2.2631180053468091806223583e-02 -6.1561754618943149985899055e-02 1.9560010939332676815904932e-02 2.5321730100585148773867497e-16 7.4538619056904724443984706e-16 2.5832737336502742607993433e-16 -4.4169979371837673207304727e-16 -6.7426122593941345551016298e-02 1.3749247261252775520468106e-02 
1.1199983225363047134592875e-01 -4.0003599182692972657804376e-02 6.2255231464266658214512518e-01 -1.9780354555535786809095100e-01 7.2075812361666879990451662e-03 -2.2900593874744454292446960e-03 9.8674612433558862561473731e-16 -9.1091857415408267783613517e-15 1.9343312294104209048128951e-01 -1.4452831449744260594592049e-01 
-1.6716339020067255694002029e-01 -9.0560013378618700596867086e-02 2.8734596162490838862132240e-17 -2.4629371667869415866645197e-16 -2.2211091249377347411897432e-02 -9.3865973207716141279988165e-03 1.8904116677431435922240865e-03 -2.9041165926910306183117427e-02 -6.1571573173392978028939382e-02 1.9563140500317266479157752e-02 
1.3017489670864857101340857e-15 -3.2756882893203242456862031e-15 1.6950632586673689713674217e-15 -1.4935045806185788445434704e-15 -6.2999667853251173355033643e-02 2.7682450948451734623612097e-02 1.1454924588125153794848643e-01 -3.1982724113948736432977427e-02 -6.5281237932425950631909473e-01 2.3100313899234472397870022e-02 
-7.5579148035112841963467645e-03 2.6743802485384125799949828e-04 -3.5065102415704581895234492e-15 -6.6487283513953803261299842e-16 -2.2517407160168922963805471e-01 8.7186261650031807168836906e-02 1.3665213743122817113828660e-01 1.3217756383739098779983578e-01 -1.6801419800781952073049685e-16 8.4362267217122200505510947e-16 
1.8868649591857359487656609e-02 1.5013821842906198075762170e-02 -9.6305188849700740227888218e-03 2.7462994750645890185136722e-02 6.4564350693424074623116837e-02 -2.2846682078705641931459791e-03 2.9365864590005294085128711e-16 2.3317003632988355952457730e-15 1.4067996931142898903016177e-15 8.6703620308440687149445739e-16 
6.8123281539937158290953789e-02 -9.7208411347184404266430491e-03 -1.1893033411922454556375328e-01 0.0000000000000000000000000e+00 
11 (band)
5.1245199449407918823595764e-01 (Ry)
0.0000000000000000000000000e+00 (Occupations)
5.7545763769838546852763983e-02 6.5423360617363313096461752e-02 2.2071861875314398998559895e-02 2.5093549715301588509674957e-02 1.1685781896874825753764680e-14 2.6553011107897020020271636e-15 -2.5776056686803799911089641e-01 1.0295753692542462809367265e-01 -3.0417131375462574949253280e-01 3.3910209493633081123675765e-01 
-1.9747121213736542501621549e-15 -1.7490035152717010306261912e-16 -1.8751182392053467734571726e-02 1.9230472278538024433203191e-03 -1.5756626431714364916514270e-02 2.2283419707110146967821152e-02 -2.7316001433488584781983377e-02 -3.1055545922142560599787942e-02 2.3220768920790407709281058e-16 -1.4284924640479283249562541e-15 
6.4166982104804891094100153e-16 -1.6002053468231100836640137e-16 1.0691313662745460799641251e-01 -8.3236847998605756338008632e-02 4.9160000105588838592574064e-02 -6.2004373567923092014364528e-02 3.7832287141839476829474620e-02 7.8488528409939764540759199e-02 1.4510638250600144116830847e-02 3.0104728889616755999059095e-02 
8.1674877302965337322309122e-15 2.9508819970901445302962189e-15 -2.7595265156403703254994753e-01 2.9847920139898093117025724e-02 -3.8415769783596881437048864e-01 2.4481274904459068841866554e-01 -1.9798707260808173712423059e-15 -1.2624620653837690278418758e-15 -1.8577582478848896768708343e-02 -3.1903575006394235824558336e-03 
-2.1168645987900795712999269e-02 1.7225286569183484441936116e-02 -1.7958298217860754752983610e-02 -3.7257353528609510329161481e-02 6.7367354733415650139538805e-16 9.6907751194690734926835761e-16 6.0735137386498717347240127e-16 -7.7399465855389068747855314e-16 1.2535876932944117756463243e-01 -5.1419554650632220971218089e-02 
6.4023276901474301947558843e-02 -4.6500193190252774033677241e-02 3.7589960508856656851151001e-02 7.7987244625142199128120524e-02 1.4409271853512249997320005e-02 2.9894316860873029750855778e-02 -1.1964926629958423840364705e-14 -6.9751412362857901777410271e-15 -1.9529578971956618183014598e-01 1.9724248115285492044534976e-01 
-4.3084468527726960118684474e-01 1.4805456865777558150831794e-01 -5.0150766060499297422658159e-16 -1.6905071621496836842554940e-15 -8.9024855848420098025641778e-03 1.6774426819875037919516103e-02 -2.6665272548356523663048989e-02 5.6352246160208119274415139e-03 -1.7951036917361943429094495e-02 -3.7242407925339275631682057e-02 
-3.9544256034149779215734684e-19 -4.1200147004412219429870352e-16 5.4201297984978280056463462e-16 6.1043502651643118714693998e-16 -1.1838046171540220208306948e-01 6.5956269732725808507822762e-02 -7.6198377445860512868769376e-02 2.1274969250421237043635614e-02 1.5232927016903957673221726e-02 8.5223080147110913395991361e-02 
5.8392969373621296524934365e-03 3.2668025762267210998501810e-02 -8.5983430139786383724792117e-15 -6.1223868585773432454775883e-15 -2.4114400675670166762643021e-01 1.3745766569696599157524020e-01 -4.5478828100679258295002683e-01 2.6737942909158058518714896e-02 -6.8185292550810606538781964e-17 -4.6994439843700819153794697e-16 
-1.3085516717725280411155353e-02 1.3762445166245017638684267e-02 -2.7198415944945472655369656e-02 -1.7431829039736314312936116e-03 -7.2745451365435311388840667e-03 -4.0697882838563140261989304e-02 1.0064483665446828500425689e-15 1.0913106674496478521139809e-15 0.0000000000000000000000000e+00 8.4374621745580973240966663e-16 
-1.3175657758860442880788355e-01 3.1691757526910731279645717e-02 -7.9112685721006173467095834e-02 0.0000000000000000000000000e+00 
12 (band)
5.4827521778182630729503444e-01 (Ry)
0.0000000000000000000000000e+00 (Occupations)
7.1242551787129418383592849e-02 -4.8822286654957372520335923e-02 1.1674988452414179762595126e-03 -8.0001706823540005841799427e-04 9.8450060794082834455844875e-15 6.5265521307513978326216825e-15 4.1285144318834682275465298e-01 -2.2649685097834912350656111e-01 -1.7797809159844049653464992e-01 2.1956792206970082714789783e-01 
-2.1759729098095697703461207e-15 1.6156064339986626524014285e-15 2.8160542553398788812035747e-02 -1.2985630624073402072937711e-02 -9.4886350952133741154526092e-03 1.7420947052761870388337684e-02 -5.3693377208798949082324548e-03 3.6795049688723227565567697e-03 -6.4106832956384816038832124e-16 -5.6443903229293696344908026e-17 
4.2994091469428905911485174e-16 -9.0662642765176870743085101e-16 7.3319761235844618796342331e-02 -3.3569074585962532797367430e-02 -1.0937386433930740281539329e-01 8.4554569479500477080513576e-02 8.1747439613053918261442732e-02 -2.7865264687002733179355118e-02 1.3396316309889494400309218e-03 -4.5658291294523034586916310e-04 
6.7316246023083989751708171e-15 3.3728942707789562512481433e-16 4.5855254825951063946121167e-01 -1.0712935232942938368339014e-01 -2.3046800174907627889453465e-01 1.6361776694724572411843155e-01 -1.3900346484860561925473369e-15 1.5646401586861843973610279e-15 3.0615273906013526494795940e-02 -4.9343452723090430733776657e-03 
-1.3823936089708211555349138e-02 1.4227522032075889946156622e-02 -6.1610369173708580403658885e-03 2.1000401138101774944910716e-03 -1.2450027810200364046891675e-15 -3.3721483989010381402894063e-16 1.4197774454224354434674029e-16 -8.2978021105329832925373731e-16 7.9646238944439118334628347e-02 -1.2615339006311069441901296e-02 
-1.2808321157283444891028523e-01 5.2026996199709421575541057e-02 -8.2493830959309843997573353e-02 2.8120007044994482781063994e-02 -1.8756936112140432451611538e-04 6.3997351445854722129524816e-05 -1.3336093629542008919986021e-14 -8.2623076130729244150452120e-15 4.2916553802888390833913945e-01 -1.9551487781245385777495471e-01 
-2.8282728885557317788368437e-01 1.1271024272632268470317740e-02 -2.5940666896493219125039669e-15 3.3660019641954095129012318e-16 2.6326625919442910028767102e-02 -1.4673773035664307642922388e-02 -1.9238555938774326570239737e-02 -3.3002540580913952705799375e-03 5.6840248903454850329386439e-03 -1.9376114117796935671506064e-03 
3.1317830418043998328494123e-16 -2.9306170518958217068881471e-15 2.1343526500913216718287794e-15 -1.1834586702100943162113172e-15 -7.0964080240128304954971838e-02 3.8474600172626979843748529e-02 1.3335607167393151439860333e-01 -3.7233684224223857761604251e-02 -8.7016997221878139567863286e-02 4.8999119427286536715415721e-03 
-1.9786994359425463807511392e-04 1.1198734337953750173078049e-05 -9.3514615704978781398011795e-15 -2.9850990165540919856334721e-15 4.6593400705595772182121550e-01 -7.2901492072675461164621424e-02 -2.7543965932184988343323084e-01 -6.5202035107784314660328562e-02 -7.2149391591972762477778014e-15 -3.6830107456417601678382470e-15 
2.9302889007996209963513579e-02 -7.0534773827761760439658545e-03 -1.7642353190427329662215428e-02 -8.3523101811437839431251362e-03 5.9957021163939624996963573e-03 -3.3768782710472697392717345e-04 -3.5581383827054065264298361e-15 1.7131169994733259563134943e-16 -4.3031520024672391540125979e-15 -1.6361265262692139475472952e-15 
-7.8696528250695368944533925e-02 1.7973646932617565880052624e-02 1.3845645197393896541626646e-01 0.0000000000000000000000000e+00 
13 (band)
5.6452784696234892258814853e-01 (Ry)
0.0000000000000000000000000e+00 (Occupations)
-1.2773000117764535255027170e-01 -1.3652129538066884451019689e-01 1.8972255859909226138881877e-01 2.0278075571599202264749806e-01 1.1651699515865554430435783e-15 6.2570289055786740744904056e-18 1.3283125160983871859698979e-02 4.4189172906221874104204517e-03 3.5781943618742317880787596e-03 -1.3088078174741349379850419e-02 
-1.6800028805517533364942485e-15 -4.9663587503915321104886676e-16 1.2832000506243834703212769e-02 -7.9036668307674445843602484e-03 1.7471038274724570715790151e-02 -1.8717684522512212375033869e-02 -9.0192108386424829635785727e-02 -9.6399848083522893249508456e-02 3.9708592258275185807995698e-17 -3.7096939903766394784496792e-16 
1.8886726957938838675387342e-16 2.6088724782425712145834800e-16 -1.9825140611051735028969034e-02 1.5742336997600747672265697e-02 -8.1754152972549551381398203e-03 1.2523347169650205987223579e-02 -8.6311473531871255038261381e-02 -1.6584133028291747624649588e-01 1.2820190207506140800397532e-01 2.4633098959422705664934483e-01 
-2.7069263867342131269136915e-16 -1.7119287852734625912945251e-15 1.1605474480245981175330350e-02 7.8282313552882221846518362e-03 6.9660265007192301300875670e-03 -1.1643699583510844219880198e-02 -9.1197654263148705131854399e-16 -2.2066048123435514520634362e-15 1.4484755210961292037907810e-02 -4.1617367579608495475884666e-03 
2.1861006433066515475260871e-02 -1.3329864591005241569732220e-02 -6.0945832767591162637543789e-02 -1.1710317072556045148168380e-01 4.4780502238565517353812173e-17 1.1187761573122735966896859e-16 -1.4355000161580869093295361e-16 -4.0863925312112798103208025e-16 -2.3328259759260075445475024e-02 9.8310564538417917479495856e-03 
-1.1242030256432656437626250e-02 9.8634879899349037907230198e-03 -8.6529325028157577648357801e-02 -1.6626019765384880688685598e-01 1.2805988473061627463955858e-01 2.4605812644787897203180194e-01 -3.3897381081192093470814322e-15 -2.6585742623206179110206126e-15 -1.1308413665928537805704934e-03 -1.6111980382328520977619490e-02 
1.3827324623880171694523256e-02 2.4594858135244326846624574e-03 -7.9792205992874966952364075e-16 -1.7820996627493186691689700e-15 1.1833309876040927488549670e-02 -9.2191621203720278132642818e-03 2.3358920857647791358147060e-02 -1.0387483935407289259433838e-02 -6.0946126957627584641574714e-02 -1.1710370917265021384334744e-01 
-2.6963071098406751963591207e-16 -4.0012790366108200321547652e-16 -4.9860653540540573943804349e-16 4.3813465312576744557383591e-16 2.1617212262468817746130512e-02 -1.3240691103215577323348739e-02 1.4329718521329928848651036e-02 -4.0009292996385729251906938e-03 -3.8631144273882644935014241e-02 -1.8340504929204451411983712e-01 
5.7172580063044924070236874e-02 2.7143181787917547431732146e-01 -1.7974598113010117480734778e-15 -3.0114926151232373043792051e-15 3.2436468004384071649182086e-03 -1.5822562038777868154149076e-02 1.2656556993074595876547228e-02 6.0873263262609380794265768e-03 -1.7432956846261993795971674e-15 2.2415308055884631307744595e-16 
1.3876616537399924511397842e-02 -5.6973402828090317917553165e-03 2.5291838487323262119055300e-02 -3.7231588836803292813515398e-03 -2.7209519616310438167028352e-02 -1.2917953063615342235159744e-01 -5.9860695621205759903553777e-16 2.1306791002106294188456929e-16 -2.9997934632584120050641794e-16 8.4151519261803994974119984e-18 
2.4381573925842042055434078e-02 -6.9396411859866955276765488e-03 1.4877777662041919565227843e-02 0.0000000000000000000000000e+00 
14 (band)
7.1672227201277194374995361e-01 (Ry)
0.0000000000000000000000000e+00 (Occupations)
-2.0572010011504544286485670e-14 5.6697020271551287868106086e-14 3.0417978422123302738135545e-15 8.5497094484963671611080890e-15 -1.3482550206309878992883000e-01 -7.4243179341343046306889164e-01 8.0078932509180410722745578e-15 6.9923424554760671957451912e-15 -8.6141539087130119364231301e-15 -3.6873771245145027547649333e-15 
-2.5394418483551395304687048e-03 -1.3983894115739237823392571e-02 -1.2006081115783828203626288e-15 -4.6833669434780403728760611e-15 5.1324253895304247283289160e-15 2.0265659013164211630940942e-15 3.5113668688711801509676072e-16 -2.5492445583840187825977347e-15 -1.8633104195112867862427208e-02 -7.8611882190876558595959978e-04 
-3.0535401192414546311937329e-02 7.9561499868338724644756255e-03 3.1915758606902063955819914e-15 3.0376377667577522943065669e-15 -7.1623353295320055024801139e-16 1.2934989158754060595191779e-15 -1.5175504153887173460532103e-14 5.4708528139864547349145868e-14 2.9084917182720551513805547e-16 8.5936945879206275195652632e-15 
6.9795748046477423809363927e-02 -7.5133976164734939118261536e-01 6.3901337026366031851074232e-15 4.9771119467780409832210519e-16 -8.7658314028309121971865865e-15 8.6843106458798780822407905e-15 1.3146509678259796216615030e-03 -1.4151669596692131869453135e-02 1.2114932098889450529899376e-15 2.7844997610559954659955015e-15 
3.2691908570596223654331787e-16 -7.2470584975000715311490102e-15 4.7831373561035788757090927e-15 -1.8073162787847844566773367e-15 -1.7735305531559428238175258e-02 -5.7679712594914207476892720e-03 -3.1550121817944976054803874e-02 -5.4850876707230808437820713e-04 3.5166974962664745594583775e-15 5.9920056114390496447020800e-15 
1.5205426678351323361262065e-16 -9.1941429349248114075652771e-17 2.9729951986426852045517966e-14 -2.7855481003404610262630870e-14 -2.7310030148626583827059313e-15 5.4044708502151183081907781e-15 -6.9798008892173302175621075e-02 7.5136453504045541684774889e-01 5.6982225917621141569192171e-15 1.1708834860035931531662009e-15 
-9.5190439688309620112773245e-15 -9.9677251060840834728077020e-15 -1.3178676067236855251607608e-03 1.4186968815029208507150216e-02 -2.1414541893852980403464375e-15 3.9435486772892674413668521e-15 5.5146034797585433622822178e-16 -4.1072838811203907906759457e-15 -2.5347220129137334152109263e-16 3.7386636968204046304851094e-15 
1.8492454890144074952651465e-02 -2.3985753435706250874526191e-03 3.1108965881460597796559497e-02 5.2698850616873446628396493e-03 -3.8186644278407382153387990e-18 -1.9939107847972137866285159e-15 2.4729562085172047286551689e-15 -5.4145469824784121766779992e-16 4.4202666667075697232356488e-14 -6.2355846021474310494309975e-14 
6.7123010358680124885501908e-15 -1.9405801036038663685388381e-14 -2.6928364536251037097969174e-01 7.0491612614703724748466129e-01 -5.2814961105146949038560510e-15 8.3144360175327911681151404e-15 -7.7042133228037930990870538e-15 -3.0737983544553971269694453e-15 -5.0844778552418742889607017e-03 1.3309956578710091523731762e-02 
1.8620374753688274209250879e-15 -5.1679996949161310874574955e-15 -4.0347209973547553573260193e-15 -7.2663060786236864579118723e-15 -1.8343827187030435910293492e-15 -3.4291238870018147016311335e-15 1.8456264769582023110849889e-02 2.6627696667149863309076441e-03 2.8545814883720755511520295e-02 1.3441573546340767827955709e-02 
-8.9030574281781494298792769e-16 -2.1224252976103270448536315e-15 0.0000000000000000000000000e+00 0.0000000000000000000000000e+00 
15 (band)
8.5658193417918992995652161e-01 (Ry)
0.0000000000000000000000000e+00 (Occupations)
-6.9579221672284785604745139e-01 6.9538069598808449622850958e-01 2.6521479733699310221695100e-02 -2.6505809946120374720468504e-02 9.7127809174931324328106992e-15 4.3757374567534098584724080e-15 7.2300873885120298112383352e-02 2.8111651121989655877086989e-02 7.4010781886438836707498012e-02 9.9629105215152613528317715e-02 
2.7228661168978025141823482e-14 -3.6562182518950388195522274e-14 1.0358719082034645309065013e-02 8.9868355212263384412807454e-03 1.6325998911650846379117752e-02 1.7132461594605241650413063e-02 7.6435056836875889252347349e-02 -7.6389869683695307833737331e-02 1.2641390239458225375006475e-15 2.1831987693261485866281719e-15 
3.1782288535496774355132273e-15 1.1382565497830947178136483e-15 6.9892793517301460282098446e-03 -1.1168616306846679275821543e-03 -5.3546164171853673913181737e-03 8.7297626122704585771572283e-03 -8.5716266942787411320381352e-01 4.8265233796620549133749023e-01 3.2672434151065611607211991e-02 -1.8397252371176502083738313e-02 
1.0147156208045086407677568e-14 5.2055572663387015165272700e-15 6.2077715097235752761406502e-02 4.6519228085421207574690072e-02 4.4492173553052898060666820e-02 1.1586199089409321416610510e-01 3.3340022699527685762465065e-14 -2.6443323160620552841191146e-14 7.5603922638435641645493490e-03 1.1441448445145462053940122e-02 
1.1117332519134312529551778e-02 2.0891730383399031989455352e-02 9.4162135587041215223358392e-02 -5.3020961191164846237899866e-02 -7.5670476159316734252473507e-17 1.5852488645197731144743858e-15 1.9928985620141653811766954e-15 1.8921332851824324090335481e-15 7.0321584698693675313796447e-03 8.0383643433776241771226978e-04 
-7.5049722881094490037345857e-03 6.9682180789962886585664492e-03 8.5709168476167307826329989e-01 -4.8261221958954725330670499e-01 -3.2627064221904700236365215e-02 1.8371673405081542784778037e-02 3.7222907721938185528926532e-14 -4.7829291627929649855998442e-14 -8.1234699602139651131160747e-03 -7.6976063905122057984264927e-02 
-7.5763179844525518902287331e-02 -9.8385676901383833925507361e-02 3.7751128749484473465858946e-14 -2.8802541879583580132600348e-14 -5.2234402354391154532642361e-03 -1.2694567276145020395805574e-02 -1.2406646222700729725874069e-02 -2.0057167912154671984836796e-02 -9.4231755398732172657183526e-02 5.3060114273878904167514037e-02 
-4.4915584316481326221574587e-16 -3.1674144939350660866308246e-16 -9.7131065642623515518903271e-17 1.9771137350239170916375379e-16 -2.8630433711153095016621606e-03 6.3975434877132225652829334e-03 9.7046424511038828497611064e-03 -2.7095848580256966242618688e-03 9.5530261858836063026956253e-01 -2.3434508209684878909939698e-01 
-3.6365674039283708840475384e-02 8.9208438564373007673147242e-03 5.2110673618086362400297139e-14 -3.3234091807001401740827940e-14 1.2876167116751957922304861e-02 -7.6325025377669775128453011e-02 -4.6514400187538315623037022e-02 -1.1513562183219479273521557e-01 3.5413527152156734586940613e-14 -2.3270220469732031452118373e-14 
-1.6172013503601813735888193e-03 -1.3631618613147902102644693e-02 -6.5558472248384656172470741e-03 -2.2654706405429648335969617e-02 -1.0502941581535689408166689e-01 2.5764729103373538998678072e-02 1.1171764059893822457819255e-15 1.9172011645202758951660300e-16 -1.2361217891702766234486331e-15 -6.7476776344536679286831476e-16 
-4.4780024491252621784975751e-03 5.3919452971719090267344043e-03 1.0075809407014480953423963e-02 0.0000000000000000000000000e+00 
16 (band)
9.1685646300208623049599055e-01 (Ry)
0.0000000000000000000000000e+00 (Occupations)
1.0785767114170023527658293e-13 -7.4618128487054787174474880e-14 -9.1083842205108544268829220e-15 -8.5129769522800522598465974e-16 1.6004719997752808735569374e-01 -1.6703155779248038403927978e-01 -8.3179691769820697225792007e-15 -9.0120661380601922478179846e-15 -9.7423431584261584791399907e-15 -7.9644438834883174742451766e-15 
2.2852703182844086304825737e-01 -2.3849996946758111882047615e-01 -5.2640335562429022413590308e-15 8.5813757625257604466880942e-16 -1.7600967088849334205773062e-15 -8.9378876227321560509016038e-15 -6.1887377553972506983120073e-15 9.5924363644598834960075822e-15 2.8566292134157011961548278e-03 8.2673894694371211078198769e-03 
1.1316052495039093106488082e-02 7.6454384878942988068573072e-03 -7.2044525951248215368677235e-16 1.7749960004034658486880178e-16 1.6279106290999321354246990e-15 -9.5670483440442644703112609e-16 1.4963063669462479435706901e-13 -6.0279959463068328867196043e-14 1.3377939349337220294804871e-14 -1.9340299133045213802681814e-15 
1.9906956849456597380410017e-01 -1.1783867963710488446782421e-01 -4.6189895863709375210985237e-16 -7.0262306407116918385023232e-15 -2.1691900337702290022660875e-15 -6.5216156061124410570431618e-15 2.8424605155991639060530929e-01 -1.6825879437625115842003254e-01 3.4132227074916662559022337e-15 -4.3345059261367164632698505e-15 
-2.6131348929106772697152074e-15 -1.0190730697109136880607875e-15 -1.8495079242451564440439014e-14 1.6743124810892951610818706e-15 5.2813343274284174373028877e-04 8.7310442777214607168456695e-03 8.8431882207334715217950105e-03 1.0406910965092663889919322e-02 4.0447362941635670399801458e-17 -4.5498620963015705564834325e-15 
-6.4087132299082102869466125e-16 -6.4206339158528866819890763e-16 -1.3093824944140834524668023e-13 4.4877508074651738571700095e-14 -1.3625751192000043592853456e-15 4.6469436442894523406330652e-16 1.9904337029226407129733900e-01 -1.1782336531895627740329502e-01 6.3335033074912884755104230e-15 1.7528153941136745343450538e-15 
-2.8516899264597733120071953e-15 1.3883684214261127680774148e-14 2.8420259741241959972057884e-01 -1.6823308500531924947196671e-01 5.1047264455999589622852924e-15 3.5212269047272032143557709e-15 5.5537649286858096420832815e-17 -2.8168342811673150297832758e-16 1.7264541997274261466722296e-14 -7.8735606921064857742287729e-15 
7.4073133245045851003052206e-03 4.6631230983845703766399460e-03 4.8700595727615859226178330e-03 1.2766048603305678310615434e-02 -4.2500329712516199405656319e-16 -2.5309472751501978685394529e-15 -1.7082519425680660203545911e-15 -9.5099474998897017631160388e-16 -1.5309754405747096490874398e-13 1.9373349610666775224475209e-14 
4.9755865401900530491898730e-16 4.0725570474422279628953590e-15 2.2339616169897735797889027e-01 -5.9956347541771551346023728e-02 -1.8735011394906849381293627e-15 9.6359290793058400109346769e-15 5.1873710689514385159379877e-15 2.1435362676421909953338449e-14 3.1897451425317058237851597e-01 -8.5608098468159768423824119e-02 
-5.0741784216746383394081233e-16 -9.3239153195339953193859680e-16 9.6102857213609828619979908e-16 1.0941147605251928591653145e-14 6.0981956034604460150236947e-15 5.6036363102131813282893972e-16 5.8804406877501803896368671e-03 6.4833189830403063422248344e-03 1.2576155785636073010380631e-03 1.3605435687280134637866524e-02 
9.6184816857996080951193922e-16 -1.9077980203238894452815969e-16 0.0000000000000000000000000e+00 0.0000000000000000000000000e+00 
17 (band)
1.0647716692549498151976195e+00 (Ry)
0.0000000000000000000000000e+00 (Occupations)
-3.5527752911438176264269373e-01 -5.8324127251928481463494336e-02 -3.8463262150725208154966595e-01 -6.3143187009633366946204092e-02 -2.3199668914115927092851651e-17 4.3030175778137634089281157e-15 -2.2351306402971055087292029e-01 -1.4011138903079994877387549e-01 1.6738276281016123414602248e-01 -1.5138988055231608620410100e-01 
-6.3397863986345435758265714e-15 2.6795877110106312421247012e-15 -1.3383373123920533354080931e-01 -3.4587526404450751049690638e-02 8.2034379302724266813662268e-02 -8.3538487404680589198946450e-03 1.8817812796666830155167816e-01 3.0892277585338200757147931e-02 2.3349173255773272353116890e-15 5.3732434975906080527622070e-16 
6.3934656289331584476186436e-16 -5.4417509630073085080531920e-16 -1.6787387602644018858022434e-02 2.8270410994204707433308243e-02 1.7689614270192277611926102e-02 2.0765589355000411975193941e-02 3.2650550303337655400071071e-01 1.5171678549937270275016488e-01 3.5348328848579579908317783e-01 1.6425248964488409209039332e-01 
-4.9680750036736670304268600e-15 7.8919162827294545280304919e-16 1.7760068686466753962172049e-01 1.9505713817569381163252729e-01 -2.0192855098427275883921084e-01 1.0080052339644975101240476e-01 -9.8577206292676564982973528e-15 -2.0810694761266868480877527e-15 1.1960236871012802639668848e-01 6.9303953704750842490511786e-02 
-8.1258958839980993671403553e-02 -1.4014556168649883183263682e-02 -1.7293858300310055442494672e-01 -8.0359113785117938788538083e-02 -2.0913497907547631728615006e-15 -1.1216689414246075920456482e-15 3.7766995769665315236833212e-16 -4.1153037235822269907730681e-16 2.3771457185850719540098908e-02 -2.2714540355550892625213777e-02 
-1.1453695722494064423990778e-02 -2.4757726240206421458589503e-02 -3.2362158684743447256693116e-01 -1.5037704945965973957200390e-01 -3.5170541671984417719798444e-01 -1.6342676251496618400338434e-01 -8.1661749419506863961419809e-15 -2.4341325727999902968106731e-15 2.6426580531569365817290418e-01 1.0214425659737250140501885e-02 
-5.3505721991716437280217633e-02 -2.1957945162772365965686561e-01 -5.7017697510412392044368153e-15 -1.0432147474887817846243286e-15 1.2995358422625960526097799e-01 4.6706898003105165595449932e-02 -6.3073420582630962405445985e-02 -5.2965792190430571739767629e-02 1.7288956046614337158651153e-01 8.0336465117150979153848311e-02 
-2.0103376112658214733416997e-15 9.4413646184900224113883373e-16 -3.3145464394757467474755439e-15 -1.1626533271582180862727704e-16 2.1391964788548332825068865e-03 -3.2814411120158905321719800e-02 2.6164651371034602922449608e-02 -7.3053019240751646337650449e-03 2.7126082910004101211853822e-01 2.3186580401987505473115903e-01 
2.9480079627213240378580394e-01 2.5198709763302362674153301e-01 -7.1666365524959060713413167e-15 -3.9548891190313348357801863e-15 -2.5178406985079282431883030e-01 -8.0904465390171820260434288e-02 -7.5145582044731391163638889e-03 2.2587945740588127874204361e-01 -7.6964138027597305473015838e-15 1.6469698295990987670478525e-15 
-1.1260601711761646093190592e-01 -7.9933430323208334855600299e-02 4.6506406332331287623027549e-02 6.7976361306022400898818603e-02 -1.4491668504629606761824334e-01 -1.2387050553255217477666150e-01 -4.2308469011489700662994907e-16 -3.2487325901186079628995527e-16 1.3447350007710122849327434e-15 3.4610373548604595903180770e-15 
-1.0884839522646237372494049e-02 3.1030340109390396052813088e-02 -2.7165353256858714575683322e-02 0.0000000000000000000000000e+00 
18 (band)
1.1886208323678384424226806e+00 (Ry)
0.0000000000000000000000000e+00 (Occupations)
1.1478556587770012697991007e-01 -2.6648813434388429755017569e-01 1.4299946319951506445988798e-01 -3.3199044785229475662546861e-01 4.1123030585413547977463542e-15 3.7908925007745169476588356e-15 -6.4956239290697770361049379e-02 1.6090217550703286852886720e-01 4.6023886226553491207713620e-02 -8.9382711087833091601062563e-02 
-5.9511001127392303391980113e-15 3.4525790724268473068840719e-15 -9.0295377626949210880802354e-02 2.3203748294674517160807170e-01 7.0994205528028597740330952e-02 -1.2606720020850559205172203e-01 -6.0619898322298450266121250e-02 1.4073642744352782285588432e-01 9.8610931254733726453251060e-16 2.2033444678076482674493969e-15 
1.1018213983550409802962807e-15 -1.5463301660802270686253863e-15 3.8958378488959007068803686e-02 -1.0051441944491298907671251e-03 7.4830643666115650991521591e-03 3.4117802645854615473108851e-02 -1.8222110153979625968290179e-01 2.2580328171566285688776077e-01 -2.2701054170071954807497150e-01 2.8130538192020460019904249e-01 
6.5573711353670937483746791e-16 -4.0417428405812920377985437e-16 1.0583320233496784634752430e-01 -1.3750693214967230071366089e-01 -6.8365267021804593250422499e-02 7.3713346212482960817524713e-02 -2.5420746400727308663256685e-15 -3.6441590090380928075988897e-15 1.4936860596976625492615653e-01 -1.9920760091849132322749938e-01 
-1.0228093008689423393242635e-01 1.0233145912928162668542598e-01 9.6233631686012496841975405e-02 -1.1925016651851057247757382e-01 1.3564241336775087171457956e-17 -3.2236802450041560245906529e-15 -1.0176493164805732001910540e-15 1.3582795246648588948883176e-15 -3.7793555020421011614306650e-02 -9.5085628913554841312727461e-03 
1.9675458835047322792011215e-03 -3.4873334697053774700048479e-02 -1.8360607949336565924980391e-01 2.2751920910304626599618416e-01 -2.2739630974280997111058866e-01 2.8178247988708415849856692e-01 -3.5273099971721905471839425e-15 -7.4212337049737082703598999e-15 -1.1097440984353829085407028e-01 1.3105721686718568852469957e-01 
5.6877952292902350661663036e-02 -8.1653225612665830679404166e-02 -7.7589883903829783407533782e-15 -2.3326644824452072055808702e-15 -1.6366323867033505390367054e-01 1.8839133037927663361088548e-01 7.8368318222383478999226725e-02 -1.2204464758613364772088516e-01 9.6345485662732391340945526e-02 -1.1938831970019067596489037e-01 
-9.3073719908646606257416512e-16 1.0926761932537302994878913e-15 -1.8980690979875845329674488e-15 -5.3204856621241620062039270e-16 1.7139492479508078304206720e-02 3.4873827441076518662832484e-02 3.3650743909529851061179784e-02 -9.3954565166058049557884502e-03 2.3802692769838570963081281e-01 -1.6976267148070189882957948e-01 
2.9479650731025108800764656e-01 -2.1025096179006014240897571e-01 -8.2051932252736705690282372e-15 -3.6580971088166776288655165e-15 1.4213028068139602066999316e-01 -9.6386187011019280879153825e-02 -7.6740885307311976215594029e-02 6.3349721642921366648870674e-02 4.9812308800465275348980901e-15 8.6912920559205946542716041e-16 
2.0829646781545801959012465e-01 -1.3743918855165829229214580e-01 -1.0830165526797784492085697e-01 9.6474041957642933664551776e-02 -1.2490225078519598400639268e-01 8.9081149729985667495846258e-02 -3.3782359840734814650348315e-15 -1.0851114577439693646197767e-15 2.4205230013878220734358929e-15 2.2103982793818585528436115e-15 
-7.1298541515921864258897855e-03 -3.8198314395038512891744631e-02 -3.4937761359598147603566787e-02 0.0000000000000000000000000e+00 