135 (index of k points)
0.04599920527018813709574374 0.07955859830762535001014157 0
18 (number of bands)
52 (number of orbitals)
1 (band)
-1.4855046428059606178351260e+00 (Ry)
0.0000000000000000000000000e+00 (Occupations)
3.3524375096123537609571486e-01 -6.2602267480137252508853862e-02 -2.5322690603834907552283084e-02 4.7286561324091647140477335e-03 -1.3326541331411681142982801e-15 2.4278538796198572872784591e-16 -7.1936536383663263194421233e-03 -2.1657514137119422692467907e-02 -5.4187602406380597219737183e-03 -3.8769552518776027871805212e-02 
9.2958986968727503493776195e-16 7.7482235656146911246341124e-17 -1.2416675846921298997926897e-05 -1.5374609862989063041593951e-02 -6.3960570491052581854063419e-03 -2.5401013209030424977452611e-02 1.0204789134904024283656554e-02 -1.9056073745500473615166470e-03 4.1748197140914102397744929e-16 3.1493344314492523906803476e-16 
-3.9184284182772401380072017e-16 3.7627861290448751799651982e-16 3.0567353185222828626521618e-04 6.3701055332926366514545435e-03 2.1512261449213726516305201e-03 3.2983664847263602371008062e-03 2.9468347335605515890932793e-01 1.7166556726097254026441874e-01 -2.2258952929922592306466456e-02 -1.2966798475310549465522314e-02 
5.0790425138713622404176893e-16 6.9780371684254078004053480e-17 8.7059057305812793947641381e-03 -2.1095112625417196394739250e-02 2.1230849710990568057766836e-02 -3.2889089157373457839028674e-02 4.2519248813860425965264583e-16 7.0528947506485862920273405e-16 1.0036687499739000914433795e-02 -1.1646616961395284822744500e-02 
1.1755761829489591585584662e-02 -2.3407756868797868765597059e-02 8.9701380411103502632297335e-03 5.2254841189354984606896259e-03 5.9961012403116695977661572e-16 -3.7476695961019782273398159e-16 4.6240729931869559232550926e-16 -4.3925750013378032648864702e-16 -3.9309648524301216143683746e-03 5.0218717767688148684301908e-03 
-5.2675306506067432615880719e-04 3.9025026076346283447626728e-03 2.9567571993016505960127915e-01 1.7224365898634436122804914e-01 -2.1597278190898870631198037e-02 -1.2581312945161723937381737e-02 5.2745934272035992796208024e-16 4.4387156070953208388640839e-16 1.5183394850853296903503420e-02 -1.7540461712933615168186208e-02 
1.7705263777078511511220427e-02 -3.5321252881447086358068788e-02 -8.2630385964891718952991604e-17 -2.2542535222142126093761287e-17 4.4111404785641249864935887e-03 -1.4802239036820614287437436e-02 1.4886365565752630868434636e-02 -2.1373911295114029346153828e-02 8.9731010991957790151607455e-03 5.2272123452230846718524759e-03 
-9.5389570127243694359337954e-17 2.7239981435047513557992872e-16 1.6848137702747638715090630e-16 2.9090632746450914628303030e-16 2.5731993014906397176932984e-03 -5.8561834252039250692245531e-03 2.9288661710292428728974468e-03 -2.5281294612372329222438339e-03 1.1127750239811709520587613e-01 3.2358820571403140720079250e-01 
-8.1281437041139312227322478e-03 -2.3636098252582317391645716e-02 -1.4892688785958720054014866e-15 3.4504242792276599970387563e-15 2.2955053916600444419149341e-02 -3.3568997581042165495590623e-03 3.6482431528657807695559256e-02 -1.5169029642260490123306660e-02 -1.0131832108728379509116977e-15 -2.4273014065437952324815716e-15 
1.3011299503308818709124139e-02 -8.3228916885858574004064536e-03 2.5235059157518616862470040e-02 -6.4528871929459136191908897e-03 3.3770249188552086717918232e-03 9.8201830398362676549650629e-03 6.8183222140838726790078918e-16 -3.7059799656546303584993144e-17 1.5984626991825557569654924e-15 -7.9447399148365225908384311e-16 
5.7744500590107515625160062e-03 -2.7517204565135583264889885e-03 3.8690690896628905474929905e-03 0.0000000000000000000000000e+00 
2 (band)
-1.1096609301766167110514516e+00 (Ry)
0.0000000000000000000000000e+00 (Occupations)
1.3483352755289398916538346e-01 -3.6205950983997070569131438e-01 -6.6459120911906421902415332e-03 1.7845832395015345794853090e-02 4.9224231317238555834968539e-16 -2.0207457665932958207201696e-16 -7.8289001819029119255688443e-02 7.8379270989177046713436425e-02 -5.4244027115238624414672586e-02 -8.2375385365165171291934598e-02 
1.5320028099498760073113776e-16 -4.7218577951703791418989758e-16 -2.3046498481726233886757171e-02 3.0742549260961996027141652e-02 -1.0179702074896990193764168e-02 -2.6528099712699954038086503e-02 3.6210281529541329600951904e-03 -9.7233129773036525156371113e-03 7.8824248872616664920424852e-16 -1.1213437717884856301039562e-15 
9.9127088672789180930532986e-16 6.3854523236629356211283105e-17 -1.4414828613070959639763657e-03 -6.6092381740643912912958058e-03 -5.4228965608492871175450034e-03 8.5284986550281105532889114e-03 -3.3864545728034173288634179e-01 1.8597425381292992385695584e-01 1.6691757174947419173349772e-02 -9.1666309955208136184268142e-03 
-6.1512774451766974513696067e-16 -3.4589321344830069808898676e-15 1.1047901787837868803343611e-01 -8.1770737578899053282777132e-03 -1.2763313727385067197772628e-02 9.7801924390239075579600581e-02 2.2038864045071436284829696e-16 2.2867925479681906871105484e-15 3.7533900506464275281803822e-02 -8.2129008335678141405900021e-03 
-9.6280227963742720520556873e-03 2.6733267397258259068237862e-02 -9.0945134462183802037671398e-03 4.9944454462538603878307697e-03 -1.7893111781442122779895229e-15 -1.3426033720669421336965456e-15 -2.0016819192898373049905930e-15 4.3554689748159169787323919e-16 -3.2274170003725524691340354e-03 5.9450552214995039390643683e-03 
9.6778026259643108730745809e-03 -2.9125989685094624825900667e-03 3.3807996721332089773426333e-01 -1.8566323901441711408111246e-01 -1.7002142547997749211230456e-02 9.3370564349358406430745561e-03 7.8007707183077022704423644e-16 7.8186562149815150338321064e-16 6.6052472109244614317802302e-02 -8.8704508632973091963869194e-02 
-8.9241224929604776039404612e-02 -4.1672919509053649167462652e-02 -2.5731362673550402214396446e-16 -5.9720535522258119012204488e-16 2.7147327617270542582383897e-02 -2.7356270140553473613209690e-02 -2.7816313991763427088121929e-02 -6.2532472865986094001655715e-03 9.0670125183034168403484188e-03 -4.9793249871163958175657172e-03 
1.7964535539821917258257275e-16 2.6597625882076389790452103e-16 5.1870450056757852462012419e-16 6.1390810617712768830245465e-16 6.7305734725509160434886446e-03 4.6559152666214576044012574e-04 -7.6301822153494146261376585e-03 6.5861966122065795925522025e-03 -3.7724104937669689086021663e-01 -8.0362262396431446975775259e-02 
1.8971562899802070500943074e-02 4.0414446958978219454072800e-03 9.2048050000434732283061413e-15 1.8948939492183828004894757e-15 -1.0796274840617871293435570e-01 2.3988828236209736033401896e-02 4.0325221802785041202987770e-02 8.9858249114387833689221452e-02 3.7282746031194259038844732e-15 8.5466884733109083094012493e-16 
-3.8425543338367014467582550e-02 2.9699380318103920858852085e-03 1.6970811540944746170778146e-02 2.2909429965781824556358970e-02 -1.0117277186588589238391833e-02 -2.1552483996468605430274490e-03 -1.8762612097999941995340570e-15 -2.7739396018581215714171695e-15 -6.6296895556260099751544562e-15 -4.7132200871415921708942788e-15 
-4.7907837441993365509840253e-03 -4.7503458669308253059515579e-03 1.0079566779088482836312934e-02 0.0000000000000000000000000e+00 
3 (band)
-1.0446364257145754894651191e+00 (Ry)
0.0000000000000000000000000e+00 (Occupations)
-2.6624271781014741122817213e-01 -1.5211487444204313534967810e-01 1.3142249129722560763156025e-02 7.5086814575422433648554943e-03 9.2263829311554545437386236e-16 2.0878551489206726750652149e-16 -1.8171066430442694983327101e-01 -1.0364715548238928599644737e-01 1.0489108990226739259732369e-01 6.0225187113116224191244896e-02 
-3.1202036862260214132702087e-19 -6.3455774550148539789205218e-17 -3.6398321958807544618252905e-02 -2.4979713746853149380910963e-02 2.5203672276812610908436341e-02 7.1636304876998568857970895e-03 -9.4790180417820956576546720e-03 -5.4157370687422726196480482e-03 5.0205370990466612587826535e-17 6.6874336016464038131227161e-16 
-5.7385072927151152021694011e-17 -1.3987416531019300820462967e-17 2.7171641477887684135161805e-03 -6.5490387503191922757839194e-03 3.3506725950145695852588901e-03 -2.7495861744881305854804054e-03 1.0214942787235722909677804e-01 2.8911868531591422559756666e-01 -5.0422904392020545527586251e-03 -1.4271451101591491397724276e-02 
1.3582761692579401948952066e-15 1.7807823993252893177395460e-15 6.9828887514526760682542772e-02 1.9719387624880466147736513e-01 -4.0049658307198032769491647e-02 -1.1412816818460091994325012e-01 -5.8782810848448990409316711e-16 1.9961319178443854182547696e-16 1.1231090115913281574089311e-02 4.2692933315716490028091101e-02 
-1.4398191539337398814346614e-02 -2.1891431620563200910467572e-02 3.6368156042871609481825779e-03 1.0293471877583445367454473e-02 3.8067375125534768420058897e-16 -2.6120574816657576498480246e-16 6.0323212724182155764058010e-16 3.8349445905547951393898757e-16 -6.3361566808300823216981712e-03 3.1821389151258771404995329e-03 
-4.3330788463984033775933113e-03 -1.0797537132377008073369495e-04 1.0172703987173795092679995e-01 2.8792467796197701579430372e-01 -5.1486442504141971543418776e-03 -1.4572541156833450359808779e-02 2.6869831398745464216675320e-16 -9.8604370794718539531762448e-16 -6.9798960291751338536059279e-02 -1.9525822714306606542322697e-01 
3.8690924361138717690877797e-02 1.1348296380293665386318480e-01 -4.8340531983716880911289008e-17 5.1701256688176499998840417e-16 -1.7985735613415022859928882e-02 -4.1607877283017430380951396e-02 3.6590817215753357327656659e-03 2.6438160280145187042144528e-02 3.6344216759654716236704886e-03 1.0286731764309161446524499e-02 
2.0863222804406357927853280e-16 6.5238298736165501459772763e-16 4.0079591681304850507185142e-16 5.3757292557824829880918655e-16 7.0583023817855049253378041e-03 -1.5106978790555987933463822e-03 3.3492654294763023192782470e-03 -2.8910083668248903743247524e-03 1.1112905074832352125824286e-01 -2.8442810146038011165359194e-01 
-5.6245004024720740565257415e-03 1.4395571840237760680158985e-02 -2.5816679780026325570447056e-15 1.2866894972443016838644963e-15 -7.4748280869602876097523847e-02 1.9341759131966704265970236e-01 4.4863268302807145226918095e-02 -1.1118748966772171171690786e-01 7.2890056430534917149724138e-16 4.2349750206866972537031788e-16 
-1.3572331370321214644159014e-02 4.3249207608102621658296982e-02 1.4505331885582136916545970e-02 -2.2404476002192030836823733e-02 3.9703232429349017904018915e-03 -1.0161811091343926974350786e-02 7.2734124594663394846634658e-16 2.2729487786979743358344159e-16 1.0612744150310412628161906e-15 1.0070200575052610435244527e-15 
-6.3302211251304862926758688e-03 -3.4684493799706735996102314e-03 -4.4244218033690661459611526e-03 0.0000000000000000000000000e+00 
4 (band)
-8.0914863160200001246380452e-01 (Ry)
0.0000000000000000000000000e+00 (Occupations)
5.4351314759160808398608111e-02 -1.7622965312545094129781376e-01 -8.2199122701375609834073543e-04 2.6652323076202244500620964e-03 9.8937506165088433817934913e-15 6.1764322698100648236007026e-15 1.3151307042746421260837053e-01 1.4143310515183102338276910e-01 2.9301937629705393506540645e-01 3.2048083091826870538731953e-02 
2.9812315819284677499725840e-15 7.2108529289032828539312445e-16 2.3321827324856492236193617e-02 1.9120536298148277376540705e-02 4.8088688987966643484384122e-02 7.9347214650083569553729035e-03 7.4697068502327379491134707e-04 -2.4219899461250422867397702e-03 3.0431742175378910952916593e-16 -4.9222167537904414798883558e-17 
-1.3939944726528934517261442e-15 9.7534829607618541902295706e-16 1.1026360428195818019769803e-03 8.1223729126823074331298358e-03 5.7035696972814464711376559e-03 -1.1759121581023969371759819e-02 -1.5629576292010002869226071e-01 9.7890707168731133647199272e-02 2.3637609987541274847444583e-03 -1.4804616751776800143147739e-03 
3.7589568469154154374845562e-15 1.3384777957940681870456207e-14 -7.1394390884026714960697291e-03 -1.9299751121621239180470297e-01 -2.0087334127180320186845108e-01 -2.1572513827015890597316172e-01 1.3161168320339835307340579e-16 2.0860508799177122277895103e-15 -5.1607555992501108477199523e-03 -2.9713113935500204410011804e-02 
-3.1218189307176708036095647e-02 -3.7428685118373633544663903e-02 -2.1480312486416991424320599e-03 1.3453483780357985283293587e-03 2.7624357957676742169008358e-16 2.1047338609547893959143340e-16 3.9709378946759897568916231e-16 -3.9874078612887977888345640e-16 4.4726357813479472591566832e-03 -6.8690812444639204326080062e-03 
-1.2001226385904591523190454e-02 5.1747669400003873385607278e-03 -1.5632460534771064342152158e-01 9.7908621390398506423302649e-02 2.3470809430130717965212739e-03 -1.4700166373280282305913147e-03 4.9712949244380165439371962e-15 1.3265882670127055150584408e-14 -1.7052194120483776806906917e-01 -9.0670668051855099478508748e-02 
-1.0641124915990675392496456e-01 -2.7489233442113525374139726e-01 3.1242455283866235009296486e-16 7.4685694968400818440820004e-17 -2.4495366619812330988281701e-02 -1.7599843176031831903927127e-02 -2.0035473631627238183527950e-02 -4.4426233811581748722741025e-02 -2.1491856643254926909070157e-03 1.3460697423714172455549987e-03 
-1.1598968498506358425268587e-15 5.3782251088562709253568703e-16 -8.5398768679961321862362566e-16 -9.4929582878393563743300049e-16 8.1332387907130411497380607e-03 -1.0236441948993073997042913e-03 -9.8930268901582102403224894e-03 8.5394317395672617032609253e-03 1.8231246385167892976042481e-01 2.8029375733641323509282017e-02 
-2.7372678281458728832831184e-03 -4.2083572101301452983435070e-04 -1.3992415131287519975214649e-14 1.7359616712065801939109290e-14 6.9838183702393641372196953e-02 1.8005979721856910091837278e-01 -9.9067525690183372288899477e-02 2.7762344069783112532334712e-01 -5.6580788472569736890191860e-15 -2.7677038177413398567055886e-15 
7.0427712614556693682121846e-03 2.9328771515675349651486314e-02 -1.3862262050054136378052227e-02 4.6722030619199265977226077e-02 2.5064726256804814238932089e-03 3.8535405515437951440987918e-04 2.4666960999537648035139180e-15 6.2841767859369351012385726e-16 2.6413940996328134152453994e-15 -2.9311206209478097473913051e-15 
-6.8256917594326635065349329e-03 -4.5395322082522693643569234e-03 1.3068813086280670412997473e-02 0.0000000000000000000000000e+00 
5 (band)
-6.0063680813525155421928048e-01 (Ry)
0.0000000000000000000000000e+00 (Occupations)
-1.3020140618003368672211551e-15 2.1866258861767408800979419e-14 6.4300391542816285593348327e-15 3.0595583490378838058017268e-15 3.5127424088866487927873550e-01 8.2138730568345724725176638e-02 -5.4714488039149088196405601e-15 -6.5010772346638521952727563e-15 -2.6421227797903011281560186e-14 -8.4896204477056020060148884e-15 
2.1440930122457568796079386e-02 5.0135500028540697092793721e-03 -1.8250383723487186331709499e-15 7.0821470196094774257219368e-16 -4.3917181706428615190747225e-15 -1.4795194215457746542445208e-15 -1.1592703358464749080518535e-16 -3.5953600968903561572262776e-16 -5.2547547998782334621736823e-03 9.7675916898508491348351868e-03 
-2.5880351567104525889462252e-03 1.8413677082985240029966434e-02 -3.7749811200327979321064970e-16 -2.8799531727665592640755715e-15 -4.4948896362443989128599054e-16 6.8383325999972559027442041e-16 -2.9188269081733372600266403e-15 1.3566524862788143791495636e-14 4.1628987830711018495540714e-15 9.7944759286053054531276558e-15 
2.1224172461236529008132834e-01 2.9170843955026781735284658e-01 4.4995728668873687888440954e-15 2.7157075075049273837144453e-15 1.0223143097540745193851621e-14 -1.2589232037071599308891604e-14 1.2954721221542606079957238e-02 1.7805178073225947504854005e-02 -9.2705808154608974183900048e-16 8.4171735848659769777509499e-17 
2.4272764140899859604414486e-15 -2.1446529756522871009951440e-15 -7.5290628489926593275334246e-16 -1.0913196540987427990831659e-16 -1.0360169063398750460835984e-02 3.9604535604236710752412698e-03 -1.3991005817853716108878359e-02 1.2247987013938338440866005e-02 1.9706102269512981789458568e-15 -2.2908085396784635593164612e-15 
-5.8667056475172005450948555e-16 -5.1608723305488838539562340e-16 5.2933568088322384288002699e-15 -2.3051078226784587340113488e-14 -3.5890051881804698344583347e-15 -7.7200551191713776971587887e-15 2.1226275693752216788823262e-01 2.9173738353721884175584478e-01 1.4174416091182259132717039e-14 2.4290661011952108077164849e-15 
2.9998009604730879488259554e-15 1.8649383553478842161481298e-14 1.2933364012930777253718162e-02 1.7775824922700377006545835e-02 2.2323932331242104318798660e-15 1.2363416396182753256650281e-15 -1.4449031316128893269575056e-15 9.0487949180528048908637749e-15 -5.1885456888549090915070323e-16 -4.9384652130568476756227203e-16 
-6.9582958944081462621111811e-03 8.6395860935548959153029713e-03 -1.5961788763736911578305921e-02 9.5454388427191356331080740e-03 -7.9777070630284176425972601e-16 -1.4928350461206265361216932e-15 7.4300577257329108448100936e-16 -8.3065504288416192656898469e-16 3.6132828228850959593239780e-15 -7.0966983022106444740244629e-15 
1.3433652101861787168228497e-15 -7.9777367652524551424250398e-15 -2.9945359831063788486060773e-02 3.5954061573131274043291228e-01 -1.0385211331122479201667349e-15 -1.9843101367459811758118707e-15 -1.4232802604106683639832626e-14 -7.9258219513818227196568947e-15 -1.8245976451195051928205748e-03 2.1907138101697663790101700e-02 
-1.2092214594245960677481275e-15 9.1609322673372721248850260e-16 -3.9977157440484197525579064e-15 5.9425533234159768564259955e-16 1.1299362990204902003321370e-15 -3.2133662960456140938708438e-16 -1.0912679151161274251902178e-02 1.9934300504104275966743565e-03 -1.8320181587693978170205966e-02 -3.2039116454946137482751034e-03 
1.1566841994399282084835773e-15 -2.4442212605121465209638960e-15 -5.9719370964190938107932191e-16 0.0000000000000000000000000e+00 
6 (band)
-5.4772178608415633682682255e-01 (Ry)
0.0000000000000000000000000e+00 (Occupations)
2.3194319077467534517822401e-01 -8.5338248683603901145744430e-02 -9.8525035778872921410354024e-03 3.6250024788291590471800419e-03 1.7656344111389746631159783e-14 6.3550915231704274547024562e-15 -5.0956913998570690926825932e-02 2.0860781586293042355606531e-01 1.7144762884541239755797903e-01 2.6529317884726111298476781e-01 
-3.4548678969548529915323830e-16 1.5583691453897985317379706e-15 2.0967013634532738475257929e-03 3.4973088156840109741452238e-02 2.5519114523460381671604580e-02 5.2433186240154951163194852e-02 3.6700022790803876054921417e-03 -1.3503003123310815952740072e-03 -1.5981061254585839311387318e-15 6.9612764394821566325641201e-17 
2.3171290947714322964937802e-16 6.1890044885652558439323438e-16 6.3395868827242352061546171e-03 3.6031158675513458300443403e-02 1.7740054597829041371781500e-02 1.5558632908254117072077705e-02 2.3134161861299959439541851e-01 8.6955827479459429918406954e-02 -9.8269478037012469862077069e-03 -3.6937198847661833166211576e-03 
3.9507311379013562545723437e-15 1.6745785609749657652270058e-14 -1.7488277697752335759773246e-01 1.2461878766857376055199325e-01 -4.3563021795366634048018994e-02 3.1285303788143054015691291e-01 -5.3135071183032721717965282e-16 1.0539813320877698644949249e-15 -2.1264943819546827663558020e-02 2.7844482688411276161133401e-02 
-1.4943080699283191326021125e-02 5.6366377962144581514891684e-02 3.6604876252437912320658597e-03 1.3758844455031213338536134e-03 1.0213675261359249155893820e-15 -2.3313846942118879930963993e-16 -1.0354973683960348027757505e-15 -5.5198590768768260091055511e-16 -1.8744465536882873313295761e-02 3.1417825658057757509666885e-02 
3.2628023070405999528365015e-03 2.3369525374145279361659533e-02 -2.3135741145580121513880556e-01 -8.6961672830358771602021761e-02 9.8389645581789045292175899e-03 3.6982262628650064417712429e-03 -2.9742665231511971291849047e-15 1.7844488221081679078830995e-14 -4.9240682385902789786058520e-02 -2.0890607215773496219135552e-01 
1.7318044435222765264903444e-01 -2.6421015191079894046666254e-01 5.3216596123828390186512649e-16 1.2484810671119771988220320e-15 2.3759088163291253170683603e-03 -3.4959874634302973150923322e-02 2.5876093651067411105515248e-02 -5.2283652891461904199665867e-02 -3.6581089429606255744586996e-03 -1.3750012176092637691815490e-03 
-5.7617364926521273517326392e-16 6.1864328900285312246996676e-16 -1.5153638040481647119106163e-15 6.7064479785387522332173594e-16 -6.5750617101544839293580935e-03 3.5975218444158171826607884e-02 -1.7863198510718190231694180e-02 1.5419099333928501516233212e-02 -1.1831386779107898321594661e-01 -2.1700325588641281027157959e-01 
5.0315502855553667638233151e-03 9.2285211595485583391251794e-03 7.3148758821216254348009716e-16 1.1510072665749867514212784e-14 9.9228578729917846223962385e-02 -1.9031574015158875257114346e-01 3.0373709714589364194736731e-01 -8.6846108123195958627960067e-02 5.9941042701851710320705133e-16 4.2414235812758140409915930e-15 
2.4642053623828708008858257e-02 -2.4911984472328653483774730e-02 5.3751291002973607124904021e-02 -2.2670493991686444662514432e-02 -1.8707162570061205107696534e-03 -3.4311528780884476864943000e-03 7.3163617569432489008244657e-16 -2.0310763669112503527279102e-15 6.9179369276097497965288582e-16 5.4805773059832727762082262e-18 
-2.8484238168016685899264218e-02 2.2936781696329282265178762e-02 -2.3597510150498900161064597e-02 0.0000000000000000000000000e+00 
7 (band)
-4.7665079603487348069990048e-01 (Ry)
0.0000000000000000000000000e+00 (Occupations)
-1.1770486529871115877199372e-02 -7.1385059267719222497738940e-02 2.9889879125763463285636590e-05 1.8127493191860688526162448e-04 1.0342035733632140728885088e-14 3.8657738188357288711932900e-16 2.3833197723504867537869245e-02 -3.6088679476239982069074586e-01 1.7345631306885400668704733e-01 1.7778460774716980941079214e-01 
3.8214194871960141994721694e-16 3.4989453519538785343957513e-16 -3.8749482382333111374350665e-03 -5.9301254176893129776981795e-02 1.5502956418100297467099757e-02 3.2100017516994018562659363e-02 6.8363814926371627156420629e-04 4.1460262019562483040702183e-03 -7.3621949110028529641840936e-16 3.0452317950658849291700583e-16 
-1.5997181091697860541230699e-16 -5.2726701109288940945502986e-16 -1.5511839490012273301555723e-02 2.2726343423311166913602932e-02 -1.6417653607403132065556406e-02 -3.2326505446510417352001809e-02 3.7734268432466140652525866e-02 -6.1729215333369447105127392e-02 -9.5822284782332012298411428e-05 1.5675489005417819754484299e-04 
-1.8904170540416647514519458e-16 6.6974078406868324891265123e-15 2.5385248022441175841379390e-01 -2.5761641685172065319164858e-01 1.5137445608050519030296499e-02 2.4792199788586938291601314e-01 1.3398970261270480238480630e-15 5.2100258382471943934349760e-16 3.5815344661017878280517834e-02 -4.7422727226662207689056316e-02 
-9.2391514751044290232329104e-03 3.4429505693700984680916122e-02 -2.1915882459393057693497475e-03 3.5852245880415509193817059e-03 -1.5353802411923631294639100e-15 1.2445487534988993677401945e-15 -3.7025989966121445822854629e-16 2.4112004226790273839205912e-15 -2.6592246843646187570708861e-02 7.0679740778245431220838668e-03 
8.6947221050341153003593320e-03 -3.5198637926378457951859247e-02 3.8742249481161943058804553e-02 -6.3378798624249971238597823e-02 6.3605223244617842270898223e-04 -1.0405173875451534382108321e-03 3.0005930297182886583197417e-15 7.7439716351638629670503098e-15 -1.1283494169365129722315544e-01 3.4141181051336594309830730e-01 
2.2629052961340295757608487e-01 -9.8949647002747498358843359e-02 -5.9263497186816739964822532e-16 7.3613019113421943479834535e-16 -2.6582550506301261261654645e-02 5.4871257379623256111855767e-02 2.7061196338065168776054747e-02 -2.4578602344451055961016550e-02 -2.1958422324393866813252441e-03 3.5921776694416017623734394e-03 
1.8061070348786557568707490e-16 4.7575480865072364164263148e-17 -8.8048292664749996164019916e-17 1.1978576976109368422150686e-15 5.9536650272672304862187076e-03 2.6655585262014627745408291e-02 2.7114995301671766803064401e-02 -2.3405036099479942235390695e-02 7.0740704177673863206621263e-02 -2.2662453140820271180189138e-02 
1.1613838948973664866315403e-03 -3.7205688387353941237734034e-04 1.6112669501588623934022707e-15 -2.7315149768032772371700111e-16 -3.0850100438870303731775380e-01 1.8471837676905072944677499e-01 2.3595655017249381191213331e-01 7.2958500980862192597520277e-02 1.0836611460923894685192454e-15 8.6742340915573382325078927e-16 
-5.5976869436847709327054190e-02 2.4167684330328276925969888e-02 3.6545357017020288492581415e-02 -9.2353719626708232967593482e-04 -4.0094446152638060776318696e-03 1.2844521772890531759875321e-03 -2.5598841811146779447296588e-15 3.8210491706903749619050088e-15 -6.7816745335810731127767839e-15 3.6823982180236821239448225e-15 
-1.2910413631254715957630275e-02 2.4068393647837069138084587e-02 3.5819250201917486597924523e-02 0.0000000000000000000000000e+00 
8 (band)
-2.0454665734214910743915539e-01 (Ry)
0.0000000000000000000000000e+00 (Occupations)
-4.5479782221018202116179815e-15 1.0609091429643715241872336e-14 -2.4294530217933477812196414e-15 6.9446649974843630129856287e-15 -8.5592384480144945158031078e-02 4.7121837058426868649618768e-01 1.0226571850111452735703379e-15 -6.9179642369645761715586122e-16 3.0129500776879829560525796e-15 1.0946664393742425426241975e-15 
1.3576832218537004948188951e-04 -7.4744465726041264819201615e-04 -5.7770344354952507326238589e-16 -3.8177877556535258694199758e-16 1.1436434327029995046178807e-16 -1.9256204994446740970279660e-15 -9.7853224525675029958556931e-16 1.1366491011095425316266197e-15 -1.9465711023017123054712485e-02 3.1180348833566864930055829e-02 
-1.9579646574296921679447792e-02 -2.3628644099650097931686332e-02 -2.2951243430793979634991494e-17 8.6690735056968083652261047e-16 1.4150158502745802190157792e-16 -1.2143666445041309707322053e-16 1.1539666553833498606750990e-14 -4.9812533890358341015394361e-15 7.2926232551222749858222003e-15 -5.2460082814385128439023653e-15 
3.7269680414989925232305268e-01 -3.0078214912713874262806257e-01 -4.5928855974669948240842387e-15 -3.5512861800364075720760731e-15 -2.7073187197583981492445316e-16 -3.8049926366454082914006870e-15 -5.9117168797162555904378678e-04 4.7709809087798094040522301e-04 2.0199438665499167675070528e-16 1.7661585527398024270725004e-15 
8.6831112237935821765589703e-16 -2.1072097803685915290841790e-15 -7.3359024361048769097490877e-16 5.5758589597519794072481610e-16 3.5109329365846264625616868e-02 -1.0884073249250622930639487e-02 -6.1774724872464079755696176e-04 3.0680511245724351176988876e-02 -9.8225670693551846199574553e-16 -1.9400949380109411011606664e-15 
-9.7038437654077294999138399e-16 6.8994932874110088192942631e-16 6.4086719378726516906398400e-15 3.5170635560356826159985326e-15 1.6976418170399597682052091e-15 -3.7816837935768212243517101e-17 -3.7267710165624257090399851e-01 3.0076598249500163806402497e-01 3.7802112117354637449897376e-15 9.0796917956591724688981180e-16 
-5.2521582713277468264274943e-15 -1.8821164708994735491779248e-15 5.7533519120785212973973044e-04 -4.6432218024004129341975045e-04 -9.2555364782145998661194005e-16 -1.1860820642501472411642566e-15 2.4730679785387481182886198e-15 -3.0427998883698166534241544e-17 1.5139661092586245145133933e-15 -7.3120870448756201038805488e-16 
1.8049073251487281199789692e-02 -3.2015248513364798210734108e-02 -3.0115431912773698436280867e-02 -5.8745184341055444940393748e-03 2.3872516433285542058837844e-16 -9.1368338616025037784004906e-16 2.1348840645301831890328669e-17 -3.2542261198860769839287434e-16 -6.4823997712372208713885067e-15 1.6275545576028325134820857e-15 
-2.0353737017091909065769243e-15 1.3827285575920570612031147e-15 4.7864141325109499369716559e-01 1.5836535166460177781466712e-02 -5.8592919363887804006589272e-15 5.6844607242660232488899145e-15 -4.3965549245319939902420114e-15 2.1957459534914643200546232e-16 -7.3892357454628191520962233e-04 -2.4446273413250606612590055e-05 
3.6077826852329213720398362e-15 5.3941797933095953839388715e-16 -2.6053352371790901200380807e-16 1.0178085484113494397887316e-15 -5.5876890681902716870226410e-16 -1.1041589753838155071207624e-15 -3.4582482230082221830169686e-02 1.2441748487092431363354450e-02 1.8958701675140621906168192e-02 2.4125025117468466839820707e-02 
-1.0880787295847769036401459e-15 1.0371440390773289474998141e-17 4.3767308213066100147319917e-16 0.0000000000000000000000000e+00 
9 (band)
-2.3276541852922334741027299e-02 (Ry)
0.0000000000000000000000000e+00 (Occupations)
-7.7259329899697037477800112e-15 1.4594963144249470868961449e-14 -2.4580125322287965397547446e-15 3.9744749940310799764924764e-15 3.2539310742364097039924786e-01 -4.1262239503530045992008013e-01 5.5908044773385040327768114e-15 -5.9625340438019864651816164e-15 -3.4003404652875104786148566e-15 -3.2586971345024567521472262e-15 
-8.1266760284007949488582767e-03 1.0305224059194054153643094e-02 -1.2235770131792705739238962e-15 1.4428462834707233651541949e-15 1.8510817289231541600551334e-15 -8.2355792713522371006021879e-16 -9.2716235159851523077762513e-16 2.6636501447200330451261097e-16 -4.3155286690246236203094554e-02 3.2769598995222193327236937e-02 
3.1695501743591800170030126e-04 -3.8373534285034205382203254e-02 -1.0199581686532574966766028e-15 9.5699862281904357326919616e-16 4.2924464346170447276802412e-16 -1.1297185979773340150069257e-16 3.8617853786392583526757631e-15 1.4593612475187380938496114e-15 2.4852502368802719186716558e-15 -1.3832799206292320230924699e-15 
-5.1593694803957967920382544e-01 9.9734552142675583774611425e-02 -5.1102224044706222669816322e-15 -2.4739745752311080540465517e-15 2.9803893533367041530693219e-15 -8.9858493355568852996293331e-15 1.2885499301225566970430236e-02 -2.4908661022010752938982137e-03 1.8839395857064877308449673e-15 2.3185046566921824277413854e-15 
2.3658848155745234724231491e-15 -1.6594966113716349218000959e-15 2.2502103410316670387129152e-15 -7.7287219323029180272987379e-18 5.4080669817964312218183665e-02 3.3921290755807090300244511e-03 -2.5313991328770935052006053e-02 2.8841470784525299886347227e-02 -4.2927286939490241628034490e-16 -1.7567767699725696412133193e-15 
-1.6336106520825225962079510e-15 1.3198581062257841982290050e-15 8.4127580132999434336937639e-15 -2.0127231716647405800560581e-15 2.6270491267293741273061506e-15 -1.8067546459922935140754014e-15 -5.1595590467728003059022512e-01 9.9737969852010999183278273e-02 -1.6629752460265108973210257e-15 -3.5253157613130659139897258e-15 
-2.3773122382250822511337916e-15 -8.1468081372687480720023973e-15 1.2911092243743281515744314e-02 -2.4958057948587866747836017e-03 1.8363141017411541726084934e-15 -7.6461870205839421072023053e-17 3.4063150638101427567481187e-15 6.2984444533101556470377509e-15 9.4387318759203591849921751e-16 6.6770366562436305754708496e-17 
-4.8923437992617190006594541e-02 2.3305408339020762531479392e-02 3.4241757849907440702796890e-02 1.7332057231935944080492007e-02 6.5308754564571309738845078e-16 -1.5027024878748196550096083e-15 1.7155585099058136430114262e-15 -1.0236888200771418112174819e-15 -1.2506943143975104695013962e-14 -1.9706304456782852410685274e-15 
-7.1126555639028537339849448e-15 1.6613692794236059081991058e-17 4.5574691329511612947200661e-01 2.6163506879532594240345134e-01 -6.1426446717799233345156427e-15 2.2552774813806457159531996e-15 -4.1659810188500353689109843e-15 -5.8264658016183301591587141e-15 -1.1404443921965965597076220e-02 -6.5470610446962378831115004e-03 
3.4516508603998702717888959e-15 1.2199727655942430791782437e-15 8.4222173072827608291146474e-16 2.3929102653032854812789217e-15 2.7902308091167440321470471e-16 -3.6625524258899601174715146e-16 5.2263034660035942446931756e-02 1.4325503516102691681233239e-02 -1.4595718086850111017138687e-02 -3.5494551723780402852082005e-02 
6.8310840197922633670422420e-16 -1.3499687043329456875347291e-15 5.7297714036221526277338496e-16 0.0000000000000000000000000e+00 
10 (band)
5.5229462211899238432977199e-01 (Ry)
0.0000000000000000000000000e+00 (Occupations)
9.5357198134844509789434008e-15 1.1894949555620394753954506e-14 4.5840063394433939262851616e-15 1.8172084217031748413323953e-15 -6.9291249628562867624026467e-01 -1.4315467623390198959043573e-02 6.1017405291263076836387926e-15 -1.6753227989419687730070832e-15 -5.9606607437554141227305127e-15 3.2678357227018153178945508e-15 
-6.9628152803887788380166057e-03 -1.4388061645345673333906689e-04 1.7337888203595733833973332e-15 1.7320664891933451550600038e-15 9.5155074564029563258895918e-17 -8.5222974821832539236477743e-16 -5.2915865031714264399142420e-16 -1.7179725545922245073505699e-15 -1.9828677578775211198802708e-02 3.5441693438625680723230715e-02 
9.7559524003543521275538808e-03 6.2208761565091599821109014e-02 2.5591701260738878945017768e-15 7.3931466587621514657851013e-16 1.4391746434291673371833926e-15 -7.7013920107027369455793439e-16 3.9103064177965940351367844e-15 1.1649576476981322876326079e-14 3.9543215064924203635037077e-15 -2.0729248690437472263970164e-15 
-5.1517731221967477672762925e-01 -4.6360004000881199770489616e-01 2.7600854186269358108827440e-15 -2.8353142755443648429917920e-15 2.4871288935445595664776773e-15 5.1147528975123153078594652e-15 -5.1768021816930853695737369e-03 -4.6585638808704227242785123e-03 -4.0056572116825340136917399e-15 -5.0308469099095605056549512e-18 
4.2205082866094978535372744e-15 -4.2189496548960530964276365e-15 1.6958971265857730543411176e-15 1.7131525521329126246255520e-15 -3.8168543619356599949643538e-02 1.3872720219833302446321710e-02 -3.3263278821286851316685329e-02 5.3466465235300762726122770e-02 2.7820116171823009855031095e-15 7.6545233922176842005609776e-16 
3.5242595297807724832056101e-16 7.5307979963912102281898990e-16 -6.6192474709411608461736479e-15 -1.1795039861882849352725996e-14 -3.0801081401020713141613159e-15 -5.6499469454961193487711001e-15 5.1518386646132474648851485e-01 4.6360591161592507036814936e-01 -3.0449902797170176000365607e-15 -2.1102885554734909650963308e-15 
3.3923653112910493596152335e-15 -1.0526571576704931839448840e-14 5.1905307242281900625968660e-03 4.6708371753373875701065288e-03 8.5082289050427968946688717e-16 3.4712537157833683366722303e-15 -2.0631809609175883671024065e-15 9.1914436538970993395028521e-15 -2.3660516673939103914283724e-15 -5.4278197772298006965096484e-16 
9.7860844530593439627441654e-03 -3.9410656713059710742896868e-02 4.9669988431013861740481730e-02 -3.8697141866431493395506180e-02 -1.6390414464491880109934166e-15 -2.7251093016136602902090020e-15 1.4521232052353560909998862e-15 -8.5342040403665282212751692e-16 3.6533279108885004727854162e-15 -1.5399308181079383475516808e-14 
-4.9162501894196154379295899e-15 -5.5372666543292015525057095e-15 8.7061984930277086514038842e-02 6.8757913604709397503711443e-01 -6.2677528809724836727457967e-15 4.0075902058983958875290711e-15 4.8648252204755946564019990e-15 -6.2082056042683046500111041e-15 8.7718484669697493853746106e-04 6.9274003682729193287492819e-03 
-2.9092750391056024420574806e-15 1.3394786844282676011318459e-17 -1.1986464877198309845801182e-15 -2.9106362738103064245413361e-15 3.6569700011577542939232370e-15 2.0734248353479010626273108e-15 3.3159752656580422647270012e-02 -2.3439243060121316142296877e-02 6.2885445467837544630818059e-02 3.1618487755523659067657949e-03 
4.3692551717972296602505005e-16 -3.1833144823094100542584335e-15 0.0000000000000000000000000e+00 0.0000000000000000000000000e+00 
11 (band)
5.6600132067013664283194885e-01 (Ry)
0.0000000000000000000000000e+00 (Occupations)
2.2615978244927897877758483e-01 -5.3593254479900487297072686e-02 5.6708365702217086723457840e-02 -1.3438110688153703797809158e-02 -1.5856858744840651374319748e-17 -5.4655498236770959086768583e-15 -1.4933161715202267205704345e-01 2.7110455155859097819970316e-01 2.0839214503777975240339515e-01 3.5830669344907900564223269e-01 
8.8050972783927392280113896e-16 2.4351487124833550087022848e-17 -2.8417024274266108885278470e-02 1.2118390105169074555391262e-02 1.9218130633123900463665734e-02 4.7586861867877916498770219e-03 -7.3163315049762339681294065e-02 1.7337458493185339825082281e-02 -1.9333110778718355592545492e-16 -1.9135381189217804498947539e-15 
-7.9759079567337547906669726e-16 4.6601586119454059652683419e-16 -1.3479129605631495758544247e-02 -1.3384323276488568899011966e-01 -4.7695775132611389901526877e-02 -6.7588864777724563803751323e-02 2.0622077382102982356926191e-01 1.0720763297401968150435181e-01 5.1708690854910976941738454e-02 2.6881831216517548810429616e-02 
-4.7059391995869321664805743e-15 -4.4810051243374167001292085e-15 -2.9018859565278493084505840e-01 1.0764844964091768719782749e-01 -7.6373152587912454536400730e-02 4.0740411663071218750786784e-01 8.8986052744718510321786485e-16 2.8576333441469605679737908e-15 -2.9429952654531743583277148e-02 -9.3947077707194071027885229e-03 
1.1438606266925173404747085e-02 1.6159824439838321730178450e-02 -6.6712920350501511701502011e-02 -3.4682047148071819264725235e-02 4.5330324282374269549813054e-16 -1.5575818837537520345817480e-15 -3.0894900383921287439991255e-16 -1.8715868300709445157236516e-15 7.7252291519427571109268627e-02 -1.1012620644913841128076371e-01 
8.0584908893365433946165410e-03 -8.2329838649353670465558253e-02 2.0514507126218992083543924e-01 1.0664941867146529586030113e-01 5.1245667336237185618408319e-02 2.6641111213375451294282925e-02 -4.1560606001531185143942855e-15 7.1963869428314244596254633e-15 7.8104131527414855096225210e-02 2.9926975665782801216963094e-01 
-2.8946051023575963823120105e-01 2.9689728303925899677295774e-01 -1.6614700413734373547826488e-15 2.3224859190142500060496615e-15 2.5148354551945521773159697e-02 1.8901827005282423321830265e-02 -2.0044579238609569471485372e-02 -3.4076217362643407282618568e-04 -6.6674604063061498893105750e-02 -3.4662213862663236729755312e-02 
1.6435642369652846911254784e-15 -1.9491008145919671300821683e-15 3.2994581812221535129918820e-15 1.0224235972882757475244287e-15 -4.5890724226818668807226231e-02 1.2647189378795173353431380e-01 -6.2574300412135269722213593e-02 5.4012687214268481628032248e-02 8.5606877088604843573094172e-02 2.1477909898606339922366715e-01 
2.1384865820920570533836269e-02 5.3652164366784854676595273e-02 -1.4921180421589243852175324e-15 8.1166472631002931351768113e-15 -1.3642458373931773407683465e-01 2.7758057490257492805341144e-01 -4.1311897705890215926061160e-01 3.5610313897031668772807933e-02 -3.8835867806912301492085691e-15 -3.3791036341593714387706454e-15 
6.6863368374805217525524981e-03 3.0741042605995860803602682e-02 -1.4950986351889595030173474e-02 -1.3355496352344446708837467e-02 -2.7823340900467816855234915e-02 -6.9805684567688985886491082e-02 2.9787956256729880908600969e-15 -2.8987271640360626455348292e-15 2.1382714139884681906417294e-15 -1.0112399845194904680860651e-15 
-1.1737839256199243676004329e-01 6.5752653542923159002420164e-02 -8.2661438725526753534822433e-02 0.0000000000000000000000000e+00 
12 (band)
6.3360943061234309414686550e-01 (Ry)
0.0000000000000000000000000e+00 (Occupations)
1.2643307023609373640482545e-01 -6.7118822784241305434704827e-02 -2.9121909391987305104620987e-01 1.5459713079334430618771989e-01 1.3267430803605660115093352e-15 -9.4073857866793227347169525e-16 -4.4827959355613955505504009e-02 5.4623396217471087421557741e-03 8.3950744690211298593141009e-03 -3.6167772316411384014855912e-02 
1.9203701844344920928167449e-15 -1.5493758368330682997871299e-15 -6.5619927968318392252911053e-03 1.7735674248215177462029146e-02 1.7415524316698571816175445e-02 1.5404815186268072668696050e-02 1.0596849820264592212382126e-01 -5.6254617506405812932257504e-02 2.9674068754559422800079834e-17 -3.6190165134158933677279884e-16 
-1.5960742755879322530500771e-16 4.6108583606923195602582619e-16 -8.5250242061387614123102452e-03 -3.2591538404580691623557698e-02 -2.0743006694510360277128314e-02 -1.0356291500060468835364702e-02 1.3956603076463225399095336e-01 3.1805356119242012002956699e-02 -3.2146836479207219205989077e-01 -7.3259292591165300900790669e-02 
2.4400028140987837011933438e-15 -1.2139915337146550388870873e-15 -3.7503748843790651879004372e-02 -2.5156548189164372464343700e-02 2.9987797495294260530229735e-02 -2.1893310189498971229937752e-02 3.1683248084774161154611866e-15 8.5099069721535356627076710e-16 -1.6556251081210546227673319e-02 9.1380764190459456974835462e-03 
3.1176421575939416985789876e-03 2.3041031346834772719489592e-02 1.1697555534441091140696045e-01 2.6657532781236302488192536e-02 -7.9519963907470101564546775e-16 -1.6814054657106545856465273e-16 4.6615217535595513701655970e-16 -5.8826480886575798153765363e-16 1.4842581533776252888934266e-02 -3.0242059895214570830468404e-02 
-8.9353392615528007270064847e-03 -2.1393569422695206394546830e-02 1.4136093797319077003393772e-01 3.2214971425021027284785191e-02 -3.2124602524398226943702639e-01 -7.3208598236444238915865412e-02 -3.3564232975134911146958830e-16 1.0010843466361508594872381e-15 4.3875068681687973137783843e-02 -6.6466598354323093433837499e-03 
-1.7046011867814153672995303e-02 -3.2673225792672247469461411e-02 1.5349932431722040843189160e-15 6.4109741832526069874028710e-16 1.0595302340531119814071026e-02 1.5349895251702043441621726e-02 -1.2592978156162976111076546e-02 1.9502705915342061215866920e-02 1.1684592402334254002127523e-01 2.6627935973714177142479542e-02 
6.3074575897735909873904806e-16 5.7143390631838821088873471e-16 -3.0730113898152665842700738e-16 5.1978907492091065986658748e-16 5.1399860506545769212038977e-04 3.3665678550037839156239272e-02 -1.7701537822640677627417105e-02 1.5279557571219062536704847e-02 8.5959605030264465974632060e-02 1.1675472355160269877227819e-01 
-1.9534564629943582114712797e-01 -2.6532731872663684047353172e-01 1.5903868685290867663750489e-15 2.8474521312146041695577463e-15 3.7556274544297954531835160e-02 2.3637385243397042444701839e-02 8.4456122266718149094177903e-03 -3.5871685748134346516380333e-02 -2.2979811954098239902390590e-15 -5.3921427551617492124443831e-16 
-2.0093463403185150839558304e-03 1.8542983665261796033529862e-02 -2.2276292078325616446976554e-02 6.5349405584957040438176534e-03 7.1052544758647931399941911e-02 9.6506750118367054525059245e-02 -4.4720217593385792981014819e-16 -1.1902632379947577302207157e-15 -1.4202734146835167739478860e-15 -1.6356885812184440050543288e-15 
-2.1608753607417166553439358e-02 2.5820609488053765379067528e-02 -2.3383954346059325490880809e-02 0.0000000000000000000000000e+00 
13 (band)
6.8589990204847828270118271e-01 (Ry)
0.0000000000000000000000000e+00 (Occupations)
1.6339323790020329751904171e-02 -5.0099837292484050710328347e-01 2.2690170541259102598985464e-04 -6.9528386285530475313665377e-03 -4.1076970919643667988412772e-15 -5.6306193350006051502811949e-15 3.1003106340862618406362117e-02 -4.4161979356150132813851883e-01 2.0342610003908578875098101e-02 2.5658369192789848289848464e-01 
9.6890212008969865120802311e-16 1.1111235488537901827650353e-15 3.0216006503826220441766282e-04 -2.4825153622937412567495130e-02 -1.3446464908987154629471661e-03 1.4315229835014209314181244e-02 -1.5184694346820990645818839e-03 4.6557899088475199200765076e-02 -1.0817456347984108090969920e-15 7.5092858313257584061797855e-16 
-6.8069381407090440237403691e-16 2.6928485978087083114234175e-16 2.7646197020117585507748004e-02 -7.2025406003021597012292432e-02 1.0420898300449385476262876e-02 1.2701724684690923750096658e-01 3.3973144673007515947915635e-01 -3.6857684039819760268841264e-01 4.7148914848598594273809681e-03 -5.1150022155078134211692031e-03 
-1.3002923135794067099412160e-15 -4.9941064499395307144724861e-15 3.1203267043047033801883572e-01 -3.1404593175543155103568438e-01 -1.5225781574673513674156311e-01 2.0752486667660219321618342e-01 5.9554586247013810370507651e-16 6.2434622439871588817829985e-16 1.6450000548365206753942402e-02 -1.8595080937328034575983793e-02 
-1.0371756869549927926321686e-02 9.9579384841314011467261480e-03 -3.1571364394671751207877008e-02 3.4251900198606202718742963e-02 -7.9018571918671527961945822e-16 8.8395264643518668831353880e-17 -6.8744171957463088628492545e-16 -3.0267422178706841105353239e-16 6.7990918742333525393028992e-02 -3.6458281475525579351515404e-02 
-7.5107117655645594389568487e-02 1.0296065751255981113310156e-01 -3.3906757270664783510127904e-01 3.6785612350645541246407788e-01 -5.1339073120775322728315260e-03 5.5700173660906682204796425e-03 1.2234482641364115907916316e-16 5.9059355466101225881319877e-15 2.8855076190272366254419012e-01 -3.3711850070233290166399343e-01 
-1.9451354908236198615334445e-01 1.6940197045785609919477110e-01 -9.2470715199522182227532536e-16 2.1864955965217820420158809e-15 1.6210278644741032971765549e-02 -1.7244241855792891843224268e-02 -8.9786509453919777223873666e-03 1.0333236962962566440893397e-02 3.1885656264447920227311783e-02 -3.4592986753655727283351951e-02 
-6.4243478236395442412949586e-17 -2.2016185113601988787984632e-15 2.0663579810781376624604609e-15 -1.3389153305608210617747061e-15 -3.0935296061299692033097486e-02 7.0779100313023257662337073e-02 9.6630203716695339810627274e-02 -8.3408954385830832989334738e-02 -4.9703724646976465972869619e-01 5.6911528569543727573698533e-02 
-7.5259065629499442146022048e-03 8.6187478987461438664774427e-04 -4.4901766430247283219429631e-15 6.7380060475350312716216228e-15 4.3871167440533886949793896e-01 -6.6652025107381954183161099e-02 -2.5793653276621758552167307e-01 1.1372933469438392672934413e-03 2.9246850848541584514829250e-15 -1.3227518484264639935523008e-15 
2.3538843713394368151181624e-02 -2.4616757620715551402312826e-03 -1.3548744309465104301848370e-02 1.9553737670525272313026832e-03 4.6741054436413659312066216e-02 -5.3519751611291171283779633e-03 -8.6332881138940373797143804e-16 2.4968998993677418133751696e-15 -1.0481722617590529456880986e-15 -8.3355547433436873928696636e-16 
-6.9666388637568854580450761e-02 3.3365669148407661737110175e-02 1.2764971579314005056815517e-01 0.0000000000000000000000000e+00 
14 (band)
7.7497653511394248848631605e-01 (Ry)
0.0000000000000000000000000e+00 (Occupations)
7.3764179762401113626957283e-02 -6.3758881232112241121967600e-01 6.8955760116020808903058992e-03 -5.9602450327065181756580614e-02 3.8391596108520406962020314e-15 4.2127629563714288715043931e-15 -1.9444696628591698339683091e-01 2.3885137038809495235724967e-01 -2.6745366394751080019176470e-01 -1.8204800364371900855964270e-01 
3.0527651687513240893239061e-15 4.2401124791234679860609449e-15 -4.4569380333531249949174935e-02 -1.5599632639919300269859548e-02 -7.9837124553801375181905087e-02 -3.1983962203649407562977558e-03 -1.0541108309827386391166471e-02 9.1113109698475136521977902e-02 5.3671206035343297884249299e-16 -5.4695325494839207741979908e-16 
-1.4487674040581160001532629e-15 -3.4874752624198995433941722e-16 -1.4352986747080215268468351e-02 6.7282080984517822486168370e-02 9.9400746826272257106182906e-03 -1.1860607792278871075453139e-01 -4.7245278617762187511885941e-01 4.3445254360639196100635218e-01 -4.4165386035754067295400205e-02 4.0613048763094516946381418e-02 
1.0502794205767248533921491e-15 5.1252070022279743908414487e-15 3.0326579876392556478492679e-01 -5.3753652286447739516717093e-02 8.3507184750407678630601538e-02 3.1256917327955374696912827e-01 -3.9498773840445986052104086e-15 6.8507993729102783995421905e-15 2.3545679167263744435700801e-02 4.0931396193732372257301222e-02 
5.8346410558447803218484751e-02 5.4588392267455154716060406e-02 6.7514750037804091564730413e-02 -6.2084396193078636438933415e-02 -5.8095876921580649100597212e-16 -1.0794584593886553533546025e-15 9.2366832745955074721886761e-16 4.6846022622568699367436206e-16 5.4828637993030310271436178e-02 -4.1553665373804296589987928e-02 
-8.5024242454825788017913624e-02 8.3289164961021219801828863e-02 -4.7200859467122291412977120e-01 4.3404444896934757380790870e-01 -4.4041267168841019552516514e-02 4.0499016484789436554070363e-02 -1.9482713566879810527521796e-15 2.1020621686467837504600105e-15 -7.9097487222076878765619767e-02 2.9809110172017433404434428e-01 
3.0485260277480880075628988e-01 1.0943419151502184472057877e-01 -7.8026321993529850993978650e-16 6.4237551344538425732628733e-15 3.8730374102727616048014170e-02 2.6925312536025765297598156e-02 4.9517769144290901817129225e-02 6.2633053903725727229456766e-02 6.7466346365849264032910071e-02 -6.2039975418765713754964963e-02 
-9.6399332185882066486249648e-17 6.1265484028900858207835920e-16 -8.8328729047380040710391325e-16 4.2868126674888206068537661e-16 4.6022744998091863477540642e-02 -5.1148214522206129906134464e-02 -9.0114988098695836260532133e-02 7.7785171123525426173372921e-02 6.4092175839389320390893090e-01 -2.0149360829924873456109324e-02 
5.9801913303802300969636008e-02 -1.8800838480454349320447616e-03 6.5326321676582658267011770e-16 2.7187293433925038406687174e-16 2.5465527445925340011001481e-01 -1.7396956227935067573753258e-01 -1.5926535750624162823818608e-01 -2.8203811371784087702607735e-01 -4.7073187873576973422385995e-15 5.1488762496459111486735571e-15 
-1.1725147722650004072919572e-02 -4.5689552899775040528673742e-02 3.4410214967032660277057587e-03 -7.9768842748236853945620339e-02 -9.1609888831287678012671449e-02 2.8800538599017869688390103e-03 9.6394486836273137062985294e-16 -1.5372271990945482583183393e-15 2.5575403186920892111447878e-15 -3.2204825852150030040184767e-15 
-6.8260287636577571257490149e-02 8.6467356696439574836876574e-03 1.1904303392783087411910259e-01 0.0000000000000000000000000e+00 
15 (band)
9.9053545799761899548485644e-01 (Ry)
0.0000000000000000000000000e+00 (Occupations)
-3.4932048410385706832974171e-14 -7.6727156294522644520782850e-14 5.7655361800734375294850576e-15 -1.2449228730818621454263268e-14 -1.0627262048654409487546957e-01 -1.6036476167465263387157393e-01 -5.5507568001703009469986263e-15 1.4923013810316307576823198e-14 -1.3847779255026078659661373e-14 4.4403164318893496664569220e-15 
-1.9878334980874381998638967e-01 -2.9996266889092970675534389e-01 -8.6788242051926147046779204e-15 -2.2927138761031109709992647e-15 4.9109220255911393922760395e-16 4.3599617390335543104321069e-15 4.7692664953937553156824160e-15 1.8235948055741918545625311e-14 2.6709060628056092989712766e-02 1.5950525272826913958379436e-02 
1.0436362385653888407155421e-02 -2.6372128299127352984987382e-02 -1.5089513214687508868875442e-15 1.0614267079150867105809154e-14 -5.2791973299975647493021044e-15 -2.7446645595154728363419471e-15 -7.1864651659018702443002119e-15 -5.5403437851024307911344758e-14 -1.0308563960379849634459229e-14 -2.4373735356389905047472938e-15 
2.4337791159123017825649526e-02 -1.9083605155615293580417813e-01 -2.2112154954509020158180847e-14 2.9303563182647276239291477e-14 -3.7731621785980186135111500e-14 -1.1464701804345940410437981e-14 4.5523775304663477436761809e-02 -3.5695939372898050079285781e-01 2.4550451841949086814330641e-16 1.5129481515343505133668313e-14 
-6.9295777681807105312325463e-15 -4.4937073842252256680168503e-15 3.4824612624922923953382191e-15 4.4218804798373628069096989e-15 9.7962249809143784468057348e-03 2.9526719293471909849602142e-02 2.5132366725711730026660007e-02 -1.3144236517750672310622662e-02 1.8640946805934843455404517e-15 1.1303420939368503437889450e-15 
2.9015632622238540756087112e-15 -3.9975010744215233458670297e-15 -9.3532926191547873077224681e-15 6.1039460845445791122224419e-14 -5.5363458973408493549966921e-15 -6.3132196365008730803615535e-15 2.4340269299465158714390611e-02 -1.9085672286398921992933708e-01 1.7106151414883136804943917e-14 2.6962894686284875882305869e-14 
4.1148066026713772326519854e-14 -9.6909985739143461104898499e-15 4.5517163710197178216887437e-02 -3.5690775686702536084737858e-01 -9.8221028068227691092164913e-16 1.5857514537762439388125725e-15 2.0091572785549680935761436e-14 2.1536380471949387926358970e-15 -8.5695306747569134136745492e-17 -2.6149094664117188738859035e-15 
1.6900560261562190544903928e-02 -2.6131124966316750940498181e-02 2.1038807959148191073506240e-02 1.9037804168473056870558580e-02 -2.2932422579975457685029865e-15 -6.0006122881744353285173264e-15 2.6566310337748735252158542e-16 7.5576510298196457515527698e-15 -4.9022611942068351181829287e-14 6.3030760722410733055656101e-14 
-8.3147469682794914275534948e-15 7.6882257416102077657840064e-15 1.4313517863313046651896343e-01 -1.2857316208919208899708053e-01 2.7252301139241707156201356e-15 2.2612667871505173701209659e-14 6.2544154077887806898593411e-15 7.8090054333733032301303747e-16 2.6766714991959011937794344e-01 -2.4043555468772156991086320e-01 
3.7770821398878261910730878e-15 3.6671456266681335917202100e-15 -4.1447837973794612447553394e-15 -9.2354941629228264433983839e-15 9.5943677588669600193101538e-15 -1.2121002750553444929305673e-14 2.9868256013558202449642565e-02 -8.7379581063653666977986134e-03 3.4865801054752986083695721e-03 2.8158714229652929972314013e-02 
-3.4954041374377837282004004e-15 1.0864621119156504185369746e-15 0.0000000000000000000000000e+00 0.0000000000000000000000000e+00 
16 (band)
1.0009646108874805658928153e+00 (Ry)
0.0000000000000000000000000e+00 (Occupations)
2.4625915078221316534268226e-03 -7.8035637060661822150819944e-01 -9.4126954756690306425070958e-05 2.9830202762271634808755039e-02 -4.5877036306150181652108886e-15 1.2376475441921615007519883e-14 -1.8247622879693997655081716e-01 2.2923802430195192036954666e-01 -3.1393083670851423816472447e-01 -1.3386472159255990987958285e-01 
-4.4386721228988575542430167e-15 3.2200878596417029069580956e-14 -4.0619791333663141097432003e-02 5.3668229785360233030644395e-03 -7.0214552693452170206711571e-02 -3.3987050474104107955497511e-03 -3.4419531830710489717084499e-04 1.0908134917466204283353903e-01 -1.8658041925610248011729397e-15 4.6156532705604148466018127e-17 
1.5087530213995295319701207e-15 2.6121179254128139798491978e-15 -1.6972115320577081665209818e-02 3.8650356185343265336129548e-02 -9.4882261291427613669746677e-03 -6.7260010874864939456330148e-02 5.1176510056281576677150724e-01 -5.8911680620164219579493192e-01 -1.9562922743840582828767083e-02 2.2519811509860154785656050e-02 
-1.4308685801079459279564306e-14 1.0275847206811543766174869e-14 -2.8792245126627524776097289e-01 5.4298323350056076908032310e-02 -1.5017412399078122753337539e-01 -3.0646380929430605544183663e-01 -1.8229727330964608261776435e-14 1.8908490049452660404063274e-14 -3.4255773914930454093763501e-02 -2.2479150125462005194165727e-02 
-5.0931285322317651487189494e-02 -4.8452438342721892983178122e-02 -7.1536555210034422080944694e-02 8.2349137681378498099249441e-02 3.7735045266764298619284668e-15 -4.9849938124078463306287935e-15 -5.7500793557428125936912499e-15 -2.2224742418292390931266656e-15 -3.8102746463404092713833649e-02 1.8168198690437981079881524e-02 
3.6766536659502156714207644e-02 -5.7115298126067158557273018e-02 -5.1174177145921417864116165e-01 5.8908966932164052998643911e-01 1.9543239810572710091207682e-02 -2.2497115464208683466296179e-02 -8.4226885875783412437653425e-15 1.2396924806100809853364940e-14 -1.3429701038064623119794305e-02 2.9261749140636283961214303e-01 
3.2442766584382753958237799e-01 1.0589888709549957757083405e-01 -1.9104112271083158001301674e-14 2.1333653163180981499814661e-14 2.6927089469480636196863088e-02 3.0902127948131935530895475e-02 5.5153274184128527057868752e-02 4.3569109216091625458311398e-02 7.1562358595677125205902769e-02 -8.2378692472453260431386468e-02 
-5.9811781127819963159206363e-15 -2.8165106564651903754598175e-15 1.4581062419669487673316892e-15 -6.4667071614928098443514732e-15 1.2638129749938825999167058e-02 -4.0250143894488762952299510e-02 -5.1381487925527387361501752e-02 4.4351310644249908321512521e-02 -7.7230931828964066720999426e-01 1.1155534967309799210255505e-01 
2.9494214682388303350180081e-02 -4.2602496140060064355736813e-03 -1.8280241622348233334419074e-14 4.3544496536863537647452989e-15 -2.0136851524235152566255636e-01 2.1273475084249796052127124e-01 1.7639362421346330145333070e-01 2.9215265528449158027868293e-01 -2.6857436154183611336431944e-14 -8.2424317770556095888292802e-16 
1.9158648595608146480984146e-04 4.0987473130697095469177071e-02 1.3281802206027610441241293e-02 6.9019885984228313002830646e-02 1.0800028661785138206496981e-01 -1.5599943323828266081298999e-02 -2.1185339381695182941112616e-15 4.9155552486761184569081349e-15 -2.5156134282217273063097082e-15 2.6871891170696321495077141e-15 
3.5867275066045443965290218e-02 -2.2211145545449707816576534e-02 -6.7875592500575510079841024e-02 0.0000000000000000000000000e+00 
17 (band)
1.0184148449769392374975041e+00 (Ry)
0.0000000000000000000000000e+00 (Occupations)
-4.0768895665581350584716347e-01 3.5589771487868859800585142e-01 -2.2135274041160796221205942e-01 1.9323313834186883752863650e-01 2.6034639844139205022416971e-15 -2.5375828176159112710451940e-15 -3.3937106057859073304783237e-01 5.3817531074540958524465850e-02 -8.0966213782778878593759941e-02 -3.4863655389891290425907755e-01 
1.0481725445258715670529276e-14 -7.7892249248908349487382105e-15 -9.8288144043215064371565859e-02 3.8013609403607651060497119e-02 2.1917981437654665555214706e-03 -8.4565854152373109986484678e-02 1.2253595455015249549024503e-01 -1.0696949053892289283052008e-01 3.7940349171611938507335592e-15 5.7983859054754976293518164e-15 
7.7835474506694964872911438e-15 -4.1717733218984021871351730e-15 2.1347053631212621616075609e-02 5.9384641304896006175351175e-02 5.2312233238645089450358228e-02 -7.5146533262996847990500271e-04 5.4116942424673752931596482e-01 -3.0204462214183103174747203e-03 2.9382544401268095857204798e-01 -1.6400889991600720030362481e-03 
2.3619002978594440050157781e-15 9.7658324865536054623228276e-16 2.9206769856216396874515340e-01 1.8101243842844499942756897e-01 -1.6651528409074289882596531e-01 3.1682113984555110297591796e-01 1.3019399801107824329154157e-14 -4.8697302395917852931774495e-15 9.9242514688761301888675348e-02 3.5447384072712043168174034e-02 
-5.6916251850551449753545796e-02 6.2583767407448365194255757e-02 -1.6265518085042340867829580e-01 9.0785802248388378088428396e-04 -1.3223754161967813135634179e-15 -4.6621588525141969525420713e-15 -5.1599111718509189846731523e-15 1.4060500040912421365097123e-15 2.2643534133426623800033894e-02 -5.8902484528190177104356451e-02 
-4.0091124845679906862905284e-02 -3.3613035494724510798825179e-02 -5.3847769061662897893683066e-01 3.0053116800454471313486238e-03 -2.9212373497634680497014870e-01 1.6302296718149339449510649e-03 1.2264163928761287382092002e-14 -3.5132277759852810603846877e-15 2.9045754751232233381585957e-01 -1.8436015463288352167481321e-01 
-1.7029031489649115727047501e-01 -3.1510827744607378120278440e-01 1.5794655148334075106065419e-14 -1.7753274716046876984044395e-15 9.8340466193495207347652354e-02 -3.6368120757867383741057665e-02 -5.7319724355814144489684736e-02 -6.1631372572780451779550503e-02 1.6285442197259206165149692e-01 -9.0888722007604564462335262e-04 
-4.4744729505546100135808193e-15 2.3806737954856229662159521e-15 -3.4362185179110418156590423e-15 -5.2124915449501851491171096e-15 -2.3160469261913584071432837e-02 -5.8670725432348372341273546e-02 3.9471449740465222588703398e-02 -3.4070841458608537577479325e-02 4.0958868197357900520216845e-01 3.4957741172636525028849519e-01 
2.2220144868593572073933728e-01 1.8964559153112597877921530e-01 6.4069787010468823867222917e-15 9.4925459958565869086369104e-15 -3.4033965093903123522167675e-01 -5.0231220588424892181667047e-02 -7.6989314544133380380230847e-02 3.4980660844041316925867591e-01 1.1892624704877121015349962e-14 5.8421143109126377152703466e-15 
-9.8206926113170514569539193e-02 -3.6727199212782300763446841e-02 3.1195392434286602079129835e-03 8.4108533219542924719291932e-02 -1.2387387786809743450699983e-01 -1.0572441162723612839702270e-01 9.0381050204750557452602709e-15 5.8552581159682864857113182e-15 4.0983535434778970038353997e-15 1.1473050254941204308957982e-14 
-2.0804300126463719233793626e-02 5.9546976879081982281238794e-02 -5.2142282097275192975782687e-02 0.0000000000000000000000000e+00 
18 (band)
1.1251837575059613349992560e+00 (Ry)
0.0000000000000000000000000e+00 (Occupations)
1.9731684543139489261628973e-15 -1.1772933657266734538319644e-14 -8.8073642797226069404893327e-15 -1.8376738826923544939015539e-14 2.3698206863834864188689266e-03 7.7816928784821312592434595e-02 1.0580979389525143132247738e-14 -1.4562146963215739348112357e-15 -1.8363315995825988155393764e-15 6.0096300591200570002415747e-15 
2.9012646295366395846060392e-03 9.5270856217038790703099949e-02 6.4951570716591576487307710e-15 9.3308743004585002704730998e-15 9.1776234957550104756008895e-16 4.0474472021035714000958907e-16 -4.0222467680727828531384752e-15 4.6458347603642485659609107e-15 1.3263211507783351228439983e-01 1.8917632863781286278737070e-01 
2.1582945091815441962523892e-01 -1.1828611327684447618313612e-01 1.8167927552368503409604723e-15 -3.4640987869901602279995609e-15 1.9189321687259078011077464e-16 2.1208338786398423612974246e-15 -1.2612716637554369658771475e-14 2.0049745745886624065223670e-14 -1.5384419264519405582961413e-14 6.1452432194795630735839243e-15 
4.9053242060553128855993066e-02 -6.0455520003855789390456721e-02 2.5135156120694963866263773e-15 -1.0771085893303840595430383e-14 1.2704829907977718997636123e-14 -1.1003257740320153732749990e-14 6.0055697427024205825585312e-02 -7.4015313194845389066500729e-02 -7.3570266753677986703004181e-16 -1.2179191189696664431083462e-14 
1.6688439790601753649370887e-15 7.9326527041031065035281360e-15 5.6291110382216403769210454e-15 -4.9100568158057091375287912e-15 2.3209855568225856714548172e-02 -2.2987010216947131868714393e-01 -2.4067241079374029899540233e-01 -5.1485407257817840387392749e-02 -1.5364809592649130764075594e-15 2.9500729396428026923299711e-15 
-1.6921800902336629673676121e-15 1.6810380163353807426419953e-16 2.0110564605344149149901023e-14 1.1768430698107245091995818e-15 1.3128418737737003279048801e-14 1.2301093625475305864331118e-14 4.9051425749508881235527724e-02 -6.0453198279902024825371853e-02 -1.2693812780429035182416574e-14 8.2708111985970911150532768e-15 
-4.2311003604525588494664281e-15 5.9227968029866255184731308e-15 6.0060953280417217481357284e-02 -7.4021985618450816812874393e-02 -6.7511684575078604968431838e-15 9.1563136749436824390344818e-15 -4.3393901536063135870260654e-15 -1.1372475234575510620731574e-15 -5.2955500446167932888772895e-15 -1.6684407940819846226822946e-15 
-2.2015752049569367598813585e-01 7.0068098463935829522952758e-02 -9.9961028990979958197549138e-02 -2.2490283455442053317518969e-01 1.6898970663982035380608059e-15 5.0968855093217459690472111e-15 -5.8217859641346675288629514e-16 -1.1541602060222276208824698e-16 -3.1270921896941638501343240e-15 -2.6441733307464892165634478e-14 
-4.7754897414484242223019341e-15 -1.0232937924661841915983404e-14 -7.6633052097262038815372875e-02 1.3711559961862938156196279e-02 1.3617901875123424708196208e-14 -9.9400189505172161982628082e-15 -2.1580082282465247708180273e-15 4.3520249854357166259182995e-16 -9.3833335221165936612663927e-02 1.6789212760666728796454805e-02 
8.5168757204379397222725616e-15 -6.7248687991141148979334939e-17 -5.1498076744247551152051749e-15 -5.3093999485560451968660978e-15 -6.1753402149302030060238659e-16 5.3913436802896112371851272e-15 2.1244209370499919642405473e-01 9.0814255904010945941173816e-02 -7.1286141272831185511371643e-02 2.3556692970359782712819197e-01 
-5.6176137923107235671574631e-16 8.5044431022481784733988469e-16 0.0000000000000000000000000e+00 0.0000000000000000000000000e+00 