159 (index of k points)
0.07846923251973270119208337 0.1357176088777138356356033 0
18 (number of bands)
52 (number of orbitals)
1 (band)
-1.3617500908895414646337940e+00 (Ry)
0.0000000000000000000000000e+00 (Occupations)
-8.9883474593140305630711850e-02 -3.3700679658858578857660859e-01 5.7614092360394261738143484e-03 2.1601727776029311378636066e-02 9.8331406563873363000497289e-17 -1.4651429013169532381598593e-15 -4.7911562664777015974060248e-02 1.5949692693246156349751175e-02 -8.4688391102038573787780251e-02 2.0753824927739486505551270e-02 
9.0530808672459968637787032e-17 1.4375475406816431792539450e-15 -1.9967140766798979756302401e-02 -2.4219075073089735283815571e-03 -3.0082631095658667053083235e-02 1.2502723890034456166731047e-02 -2.8377454183462413536687130e-03 -1.0639767623762286241628772e-02 3.3597415262344870126546565e-16 -2.7770344775847178104480288e-16 
8.5444245361315520238660006e-16 -2.7822233917625407351741148e-16 4.7390363583090459181912379e-03 1.0431448028181355101862149e-03 1.3996423734455535475840193e-03 -4.3808254027486309700734068e-03 2.8453953399500048204728841e-01 -2.0171731097192627246705854e-01 -1.8238644171945782301857975e-02 1.2929823589818575935161959e-02 
5.4985705923080054745607118e-15 -3.6833701792519252769639589e-15 -3.1649991192538737272421656e-02 -3.9347027734025812051310567e-02 -4.8972192197431332894019818e-02 -7.2142700448232607857157461e-02 -3.2529880452495344421852270e-15 2.3696272395364889137040618e-15 -4.6899768518052983856669869e-03 -1.9559050680048577913749952e-02 
-2.2204542234455816596128130e-02 -2.3837808256334015039046292e-02 8.9833038351064976173576682e-03 -6.3684932561165578934758713e-03 1.3306204834008462453724796e-15 -4.2360988488140685769835093e-16 4.7441151764088648975173271e-17 1.6436202608591028802228877e-15 6.7417477021828459138319545e-04 4.8054245456775890321665656e-03 
4.5939449567088301920603222e-03 -2.1517369179225968867097407e-04 2.8533552663291605888673530e-01 -2.0228151495472024290478430e-01 -1.7696356815714180121812404e-02 1.2545406578975045255863741e-02 -8.9257127448267921163108235e-16 7.7194739094897543848184490e-16 -2.5891966316028802719273472e-02 -4.3914161548947540369969289e-02 
-5.2829587991975894556428983e-02 -7.0247150117250994894035898e-02 9.6909306397573922973271241e-16 -5.3065362161127353746971053e-16 -1.7424817705799469647054423e-02 -1.0241369843639379008659596e-02 -1.4526186194218622046991918e-02 -2.8780255155469450928373831e-02 8.9976706164139434729332123e-03 -6.3786738504245351147337040e-03 
-1.4453651465790175562983019e-16 -4.1273900953965159869637836e-16 4.2363115696153343799254565e-16 -1.9567534199151875628001356e-16 -4.2353548182845583702782477e-03 -2.3212013133269843168093871e-03 1.5479040567247222617841551e-03 -4.1621885760393453890237936e-03 2.8905480949018874659017797e-01 1.9693016823696007921995488e-01 
-1.7927038964207202970113642e-02 -1.2213498465110654567222781e-02 -2.3240131737867523308679819e-15 -3.8134336042459013002916909e-15 3.2134736990697229663815904e-02 -3.9575322901987487755892658e-02 4.7426470963524237911546066e-02 -7.4002414277796982333690323e-02 3.6614072850182118059224084e-15 1.7659056722477746670283255e-15 
3.5252471178319842032289344e-03 -1.9901823060030545547993697e-02 2.1911792345832879075340216e-02 -2.3647125160498150969745623e-02 9.1149525854925753792779020e-03 6.2099272117978037560659388e-03 2.4303444436150761433812227e-15 -1.1209906277762466486737068e-15 1.0301677399154638378097894e-15 -4.1504811588789372790780969e-15 
6.9929388424137860560958480e-04 -4.7788276844055142811296122e-03 4.4407004753019277062953130e-03 0.0000000000000000000000000e+00 
2 (band)
-1.1001536961821596349864194e+00 (Ry)
0.0000000000000000000000000e+00 (Occupations)
-2.1022140544804862605232643e-01 -3.0007171293269113698798378e-01 1.1120191822244829271681965e-02 1.5873044110512712911997824e-02 -3.5948043328531073220137945e-16 4.7558688087372456244528734e-16 3.7530028244127960901366237e-02 -8.8886944273943974126339640e-02 1.3279303629846564427374744e-01 -5.6840224516969795054421866e-02 
2.7653616077953820045767336e-16 6.9730101860843627247125910e-17 6.8149277568976124319632959e-03 -2.7412173783198379162229230e-02 3.6337082014229138415828402e-02 -1.2368026789386681735249951e-02 -6.1075090996210168459157330e-03 -8.7179091383253748404058570e-03 -1.2393631346977794145570142e-16 1.3290682755576374262128894e-16 
3.9288449594725842170754567e-16 -1.0908498328272458282519323e-16 5.3171390081207837996490895e-03 1.8014715355980509547961788e-03 -2.9452987470839006589606868e-03 -7.5363786720092917903457419e-03 -2.0797450636327269313241572e-01 3.0163334847770117974619097e-01 1.1001330331163350351175723e-02 -1.5955654998860077653510814e-02 
3.2049368031665039969046293e-15 -3.8953475170648695843780738e-15 -9.6394050750545426375914815e-02 -4.1927153808881921503992629e-03 -9.9563259263787576291981907e-02 -1.0465160781028808034687216e-01 -2.6396717789008984729338747e-15 4.0671490216247316200510500e-15 -2.8068430100003843863376574e-02 3.1676084943343969096973822e-03 
-2.4258419830257053895206099e-02 -2.9746944100369390739935227e-02 -6.0422322694239551793549126e-03 8.7632777171768594381973116e-03 1.4717585700959218750019635e-15 -8.6253360401413003455767757e-16 -2.3574899181503574304670641e-17 2.1147978301595892881967242e-15 -1.6491920574062193804998344e-04 -5.6116012492732417205054674e-03 
-6.0370631803655424446608535e-03 5.3875464131422296301665575e-03 -2.0813006060675917630042875e-01 3.0185973147932082527589159e-01 1.0862041477987128407223238e-02 -1.5753666679954980711642065e-02 3.5757824112295622472017437e-17 1.0435944511444814233590979e-15 -3.9747540971094286188503020e-02 -8.7724971906773585583749764e-02 
-1.3379856013235935652261333e-01 -5.7377910459773875939681886e-02 -4.0849400512116837060322815e-17 -4.0679745571605056050266860e-16 -6.0644545271314950762864271e-03 -2.7921647262081676632572425e-02 -3.6091991420652308475425230e-02 -1.1159102116422982969856648e-02 -6.0568493967943486805394215e-03 8.7845036470229863334591158e-03 
2.8753384196690205750531440e-16 1.2564165063838346408051545e-15 1.2693794448254870873214289e-16 7.9183096199603198504153028e-16 5.3122641198301446402441073e-03 -1.7343361734696552574341855e-03 -2.7749717958176715187912365e-03 7.4616742925490394180987330e-03 3.5547601101423653702227057e-01 8.9856692629628948099096419e-02 
-1.8551832084235164721519595e-02 -4.6895079967181080987659314e-03 -3.7980464900822767115101493e-15 -2.9164798051056987308675630e-15 -6.8368154456354676695717387e-02 6.7833127345892585413622555e-02 -7.1408440169087915652679222e-03 1.4540731635289197432037156e-01 3.8103248182262650664372226e-15 1.6685151525359170621214925e-15 
-2.4056557763409997657833017e-02 1.5416809758038180905304060e-02 2.1214339133769520226446836e-03 3.7718124594213364719763604e-02 1.0344805449857975843119817e-02 2.6149434304765951236904087e-03 2.9671902915444547067101777e-15 -2.3539745183027182762736675e-15 -8.2737881473525439762496165e-16 -6.6488270593923823958903119e-15 
-3.4772688398144796159683345e-03 -4.3745483717892736513777052e-03 7.9609705259892412504418857e-03 0.0000000000000000000000000e+00 
3 (band)
-1.0022579294972888686032775e+00 (Ry)
0.0000000000000000000000000e+00 (Occupations)
1.6789240622680383363540813e-02 3.6954643203612858037843125e-01 -7.4604888777277458822290157e-04 -1.6421277597062060998878152e-02 -1.2202494695692974814065719e-15 -5.7953766401727457731376450e-18 7.0777063587445440684398079e-02 -1.2298302800067342777090573e-01 1.3494481253319967617443353e-01 6.3116114444887197465483553e-02 
6.8006988805581013922376758e-17 8.6945488257949574789811587e-18 1.8784064107682504896068565e-02 -2.7199273593071032761869787e-02 3.5244840252301845584526063e-02 1.3631364264896660143389084e-02 4.8601978927721722900656687e-04 1.0697719335129512313597999e-02 -9.1248998264842789281874060e-17 7.3598848874999164809619175e-16 
-4.7479410965192875270203022e-16 -4.0222589703759855969194849e-16 9.0998388399998568487614392e-03 2.4067974781511458637339729e-03 4.9429752922116061003565690e-03 -5.1234210236661345549968871e-03 3.4051695503403917042462012e-01 -1.4454980928955429853033365e-01 -1.5131315947192164328427566e-02 6.4232565392744120358337057e-03 
6.2109791369402623237567305e-16 2.1102023194735030201457780e-15 -1.3994068311914609203938653e-01 -2.3469621096605657040168325e-02 1.2119607717704317106921508e-02 -1.4848185559525062249264238e-01 1.0145750362520416877511047e-15 -1.1554283233211852976648823e-15 -3.2040988950079375696677886e-02 -8.1250584916948628833033297e-03 
4.9106608883103114449042437e-04 -3.7785866540671883551105736e-02 9.8573667479584792250335568e-03 -4.1844635265445018212915329e-03 6.9075522902362151092676540e-17 -1.9036405567744540609711505e-18 -3.3060670049997694996877724e-16 -3.8551701245947320419331428e-17 -9.1610152726939036993414334e-04 -9.3680573763475199350336808e-03 
-6.5250732678783038981373821e-03 -2.8470803595905466720772381e-03 -3.4004534500571731436835421e-01 1.4435006180051584978585311e-01 1.5333547507225181449896922e-02 -6.5091298582971648944983656e-03 1.4347555186726875739097513e-15 -1.6314291305401463983470962e-15 -8.0182852714871605259716603e-02 1.1687551493573655747582052e-01 
1.1512051667953476785655198e-01 9.4404338066569393195237581e-02 -5.3008626942922046341992727e-16 7.0858705280922961029564195e-16 -1.6472027177170379258486221e-02 2.8784867144924085324841911e-02 2.7612887310357783765546458e-02 2.5969753985225777631606903e-02 -9.8338169890308749915286413e-03 4.1744781256557389817474224e-03 
4.6980410310019339377013462e-16 -2.2449529368559232605838758e-16 -4.3898047391006893661847029e-17 3.8773315630112579428193099e-16 -6.0926822038476699527898006e-03 -7.1579904394663707717372247e-03 2.4773403611476965680004980e-03 -6.6613674829135239088828691e-03 2.5382701523116130148949310e-01 2.6840198088076749893815531e-01 
-1.1445736232216327521449273e-02 -1.2102957191153198429622861e-02 -7.4660579744863646236141795e-16 -1.3614305832289664540137049e-15 1.3749481629697160589564930e-01 3.4414406176091767719515957e-02 4.8355691594866904992056078e-02 -1.4080710030654136621919292e-01 -1.5237746188913753270929343e-16 -1.6162703936543660574920433e-16 
3.2721225782191769304585449e-02 5.4053343270126681663345636e-03 1.4715902015398879543184307e-02 -3.4933392270724727968200796e-02 7.3404568845017708483835506e-03 7.7619531641262120083557541e-03 -2.1933714627684297580046212e-15 -1.9776290210973086547921408e-16 -5.4077046714722505056669103e-17 1.9205952419781836551853510e-15 
-4.5853168093924557072171844e-03 8.2056366801186702425452424e-03 -7.1071113687205655223833034e-03 0.0000000000000000000000000e+00 
4 (band)
-8.8038035817564030960369337e-01 (Ry)
0.0000000000000000000000000e+00 (Occupations)
8.0122068289695244636128280e-02 -5.0599166968321632187333137e-02 -1.6098298380908572513536825e-03 1.0166517937322955278389713e-03 -9.9826901475371834339056462e-16 3.3747567554470283732026544e-16 1.5456432744244258392640745e-01 -2.1869161596853997631129118e-01 -2.1551666350494239066115654e-01 -7.3312369747420114141078784e-02 
1.6425293561179843311022983e-17 -8.8715887318928418551572496e-16 2.8528781002325587223822367e-02 -3.5668232392496168614570706e-02 -3.4885544754101383002620196e-02 -8.4985251109925465801131494e-03 7.5959028556730340264735446e-04 -4.7970199651314952534256197e-04 -1.5865396595726328319845822e-16 -9.3101102273534790382639980e-16 
-5.4060241069830076628264277e-17 5.2570379887185292746986730e-16 6.9092470771405858909197661e-03 8.9710822744664998895647301e-03 1.9211893837962038152078481e-03 6.4632586637361488790531894e-03 -7.5354001269080428393465354e-02 -5.7459516336685861892519256e-02 1.5140310984952665140923500e-03 1.1544881160517050933123073e-03 
1.0296139774498643933541130e-15 2.1223539604470852818931368e-15 -2.5885251696805844368043381e-01 -6.8640575988014526642722046e-02 6.4087208863047306905968981e-03 2.2755452995466021737236417e-01 -8.6992904473159766167136963e-17 1.1254789293443995865726545e-16 -4.3375527421812894168784425e-02 -1.4306563820966761158004488e-02 
4.1946112374245669851546836e-03 3.5659941088278232501629361e-02 -7.1438798268696167281799347e-04 -5.4473958693920104812136174e-04 8.3049205073079289065452378e-16 2.6589412359826059784113900e-16 1.0408686677378313408485934e-16 -6.2220201995485414543697124e-16 6.0000634418087717830703198e-03 -9.6029813621851915772520414e-03 
5.3882230216525488220025153e-03 -4.0536075132783754015886046e-03 -7.5472109877836146551999263e-02 -5.7549797668966451436034504e-02 1.2745126434306752738478963e-03 9.7185811228756198432154889e-04 2.1473489136911573604143534e-15 -1.5980603015812436043610690e-15 1.3385470325157253212999819e-01 2.2963648603859024288631474e-01 
-2.1934096740454656071506179e-01 5.3383905950710797139180386e-02 -3.6804295309020415569648568e-16 -1.0876177857273404684274038e-17 2.5904053174838979900496128e-02 3.9179310135825935745845783e-02 -3.6593858993925837408411894e-02 5.6958940843937428191723349e-03 -7.3395559778246448161265203e-04 -5.5966451663580583236745625e-04 
-8.1146500120926880675044609e-16 -9.0734946630997289344218495e-16 5.4036177251556515736045475e-16 -9.5104591890382027124248509e-16 -7.7965460081734338365633263e-03 8.3356479559215674451921885e-03 -2.3819896408489305006384029e-03 6.4049771226567554782693747e-03 -2.7632920987179537819500297e-02 9.0798900097226464822597336e-02 
4.6664562334865905546266163e-04 -1.5333403180312829561238175e-03 -2.8117876352938293019078435e-15 1.2482352980755126885856141e-15 1.6857613451316266761637053e-01 -2.0550446266522348626182293e-01 1.2649190366879367597441330e-01 1.8697620089936961562671058e-01 -1.5681984271361651322112274e-15 -1.0152766275439374011593225e-15 
2.7692632897330947405745150e-02 -3.7936214845680549245798829e-02 1.8094255292201509577321161e-02 3.2313335496490465381658197e-02 -2.6872706612997613283277953e-04 8.8300676929859507786890749e-04 2.2663512461688078808984002e-15 -1.0825493639251484204959368e-17 -2.8660834758802927310256075e-16 -5.4199563287160025490926900e-16 
1.0530510704469170368824393e-02 4.4019882786759424730949064e-03 6.8335647059843181855276484e-03 0.0000000000000000000000000e+00 
5 (band)
-7.6126637101784300210027823e-01 (Ry)
0.0000000000000000000000000e+00 (Occupations)
1.1136939575664255019926685e-01 -3.0501323279133485399938763e-01 -3.5219577095662590870972508e-03 9.6457820979309813469448898e-03 -1.5034132309992092048761904e-15 -3.5663708491288974387642956e-15 7.8753569004732293379333896e-02 1.6926748508958133765389675e-01 2.4068019791452011091337226e-01 6.6381917719638694475037255e-03 
4.4233288427747855407400161e-16 1.4242253495781021212543558e-15 2.0721637211311150217341037e-02 2.4490362091089123985909737e-02 4.8422594669366186836967358e-02 7.8952395277925024874576820e-03 2.7347094253776411953982262e-03 -7.4897031868662649820023169e-03 -1.7373014892339087528478382e-16 9.6501344030832258516830822e-16 
-1.8034621420061771474789408e-16 -3.7942488084223692950756173e-16 2.1026542598096026326359720e-02 1.0808250371822744617666956e-02 1.4437645314379670552495938e-02 -1.6680056208361049296939882e-04 3.2470366793965710350278187e-01 -1.9345582304605424273091785e-03 -1.0268473844352643542521264e-02 6.1182486224622967263542250e-05 
1.4442269776111684018249275e-15 3.5331882737277320776813025e-16 -1.3120007238303363350517827e-01 1.3281621567496126878893392e-01 7.7672531773898129126010303e-02 2.2789910281964009808319815e-01 8.5498283922139440735053423e-16 1.9329599166927048668585071e-16 -1.5731391794112502269253895e-02 2.7958673006605337663099675e-02 
9.4786971542660629352905488e-03 4.8137685673211742798383028e-02 7.9732071669188844809106342e-03 -4.7507283745137213193387993e-05 1.8809621834193746893980597e-16 -6.1140612957981143027470178e-17 -5.2650250267252449052486021e-17 -7.5692519924379855916039880e-16 -2.8011134070596577227973967e-03 2.3475253638892620844380588e-02 
5.1888987500553276910331135e-03 1.3474002909787990284185000e-02 -3.2462389236993449692647573e-01 1.9341712967057833605366568e-03 1.0325976424605615155982719e-02 -6.1520702063166954332018577e-05 1.6424502135931106101030615e-15 -1.0887241234970394404414339e-16 -1.3256145426083631999603085e-01 -1.3124919756734693132571579e-01 
7.4828859697612298829128008e-02 -2.2881547871348684175529797e-01 -4.2457230657021544744222496e-16 -2.2980548697494878024516299e-16 -1.6089653938923722392706495e-02 -2.7802239017918624341962897e-02 8.9191403259549825038865478e-03 -4.8304650047312963634382754e-02 -7.9671978981046727430470611e-03 4.7466349698457172001653248e-05 
-1.6066410872442678733700187e-18 9.8321312035729136088220948e-16 -3.3073353046339721630506639e-16 5.7282702477715579196189593e-16 3.0819457998763205575087909e-03 2.3425577676055991949155555e-02 -5.0304498371898653807932078e-03 1.3526471975913872264341009e-02 -1.1496767873084778877057488e-01 -3.0358992961435549151616442e-01 
3.6570089901079086414092956e-03 9.6569073291887866372640303e-03 -2.5150814135280998165227859e-17 -1.1937455286193038306169308e-15 7.6810291486830578611133546e-02 -1.6999726509427567910925916e-01 2.4054787593750961982586034e-01 -9.6229374145284009983702944e-03 2.2610422671709421954321064e-15 1.6969033921396680634350176e-15 
2.0450134281847616446459170e-02 -2.4771626231194578821037666e-02 4.8384041500786706402337245e-02 -8.4779011787606307903875091e-03 -2.8216318383457094851052283e-03 -7.4509656535764363927132337e-03 -2.2264229149012514415672126e-15 -1.8954383115669252620376301e-15 -2.3793900554477901731896340e-16 1.7884880267199664072084866e-15 
-2.0882091890669318007267563e-02 1.1054153863591948542266508e-02 -1.4431592763088326933362815e-02 0.0000000000000000000000000e+00 
6 (band)
-6.5662668140334157218518385e-01 (Ry)
0.0000000000000000000000000e+00 (Occupations)
-1.2942303084740688912113171e-01 -1.9852468347603707821136254e-02 -1.1063805815187122139064968e-03 -1.6970500252910802885253361e-04 1.1398916285797582676473623e-15 2.3141258433232488856079754e-15 -2.8483604822840541404005421e-01 -1.3922002803164845730066190e-01 1.9772534436614572217472130e-01 -1.3489418375259201732241365e-01 
-3.1417666187912161954965823e-17 -2.0700368055363045138749604e-15 -4.9145824601495746719592717e-02 -1.5542429855466527444107783e-02 3.1183334170397696005760935e-02 -9.0600805790427008101772799e-03 3.7097297096327979878949144e-03 5.6903529660909044074479368e-04 7.3585135368201583776997751e-17 -5.8324264004000028188864789e-16 
3.1899571814303734259913856e-16 2.7952783232213969695391399e-16 7.3014447422687922539807914e-03 2.0530945062676643486643258e-02 -1.9410641209785084448924408e-02 8.1973299251425716521746168e-03 -2.6505889819492187142735418e-02 -1.2822589137181533702758429e-01 -2.2659190215652824651471064e-04 -1.0961450127162652989909475e-03 
6.4577307783425602207990420e-16 -5.0995167255302114398161545e-16 3.1202540330250480571372407e-02 -3.1549990816551781724896841e-01 1.9535541702843620126550661e-01 1.3830406231429945296262929e-01 -7.6804177458509409884867182e-16 1.2721086591576128328118840e-15 -2.5632211284392497629980312e-03 -5.1481152852469069802765489e-02 
1.9361488987344195600304175e-02 2.6069486651527647158577139e-02 7.5976154544689757444619893e-04 3.6754126409685484999645411e-03 9.4603142182487047972827421e-17 -9.9118481554036260683866901e-17 -9.9219076117666760573149318e-16 1.6453645009198380016631898e-16 -1.6698205490574383885737930e-02 1.4000026210176090557535389e-02 
-1.4449216648946714910972666e-02 -1.5335884334086728048029968e-02 -2.6821217977076320521101493e-02 -1.2974957672095721594729412e-01 -4.7097724164946348779370311e-04 -2.2784206949642837880531943e-03 5.0231602670612575646842981e-16 4.3163502913681405636150283e-16 1.5262774719406024814816192e-01 2.7548756750954733751868275e-01 
1.2351171176525772843479700e-01 -2.0305498109124595074170827e-01 -5.3042798006816585703658192e-16 -3.2038717257938399181524170e-16 1.8686485934715404977346509e-02 4.9599630888833859398978632e-02 7.8607834799470366338169924e-03 -3.2535868138665977045143052e-02 7.5579235590455227933315285e-04 3.6562372168033561992128710e-03 
-3.1463351270332934738082700e-16 2.6089695024463801002685686e-16 1.1695562809579891296389148e-17 7.3343083020926292353911226e-16 2.0808828881109360520174079e-02 6.0410192438459762998004265e-03 7.2376317304915947434262868e-03 -1.9461405230750520450877517e-02 1.1226281453426809053830482e-01 -7.0366120156563433107876904e-02 
1.9713531803619011029127250e-03 -1.2356322526101623515693007e-03 -5.2968226477379013880264767e-16 2.8066124471387817912572425e-15 -2.0500776900904285615645506e-01 2.3908250398512895240621390e-01 2.3337250689713789908452668e-01 4.4986012422664839460750841e-02 -2.0180744178647863089678750e-15 -2.9796816144094227727203435e-16 
-3.9975254053805225895601438e-02 3.4803551603686533333359421e-02 3.3235332609534914971582964e-02 -3.9733233934712832921554160e-03 -3.1634772035293826260293759e-03 1.9828526555256192551168759e-03 1.9992071146723495076248761e-15 -2.9263079545652183156261974e-16 -2.9201605225950153470158414e-16 -4.3993489364063033025573700e-15 
1.5912375526476740545539501e-03 2.1609470978227102166968621e-02 2.0763660723042698386109350e-02 0.0000000000000000000000000e+00 
7 (band)
-4.5523762785935850683216586e-01 (Ry)
0.0000000000000000000000000e+00 (Occupations)
-1.0832337514986304658511100e-14 -6.1346610427524587467772785e-16 -7.4767850821674756558135484e-15 6.4249157159079128992575514e-17 -3.8247234553218717456601894e-01 1.0575148823575900025595331e-01 -5.0819357308101884302444851e-15 3.5624704479755024782135227e-15 1.3359704613295020025182754e-15 -6.9725350547449372070985335e-16 
-1.3072295084620044747225620e-02 3.6144192194398974682378878e-03 1.4372886998103100809200250e-15 -2.5001306748775634014681530e-15 -5.7062695814407122582902127e-16 4.2981227372842994119280444e-16 -2.1997948814939036677623434e-16 1.4777281522274204447521318e-16 3.1719798303991575405547110e-03 -1.8357285331975801978554586e-02 
-1.2195608417808180556907161e-02 -2.6861208751619389256681814e-02 4.3408997519605493403725415e-17 8.9783753155669162901160532e-16 -2.5590283020017597926597547e-16 7.0317370350568205584462939e-16 2.0977071034842866506404828e-15 -1.4167482897849429375499090e-14 -1.8423495915125265237766625e-16 -9.6483296424776681368307808e-15 
-2.3243813385053976872107739e-01 -3.2162242815613301116783873e-01 -2.9076093998614697511155111e-15 3.1745098182044275639878965e-16 -3.9102865999787051965315061e-15 3.6304856900182869189860209e-15 -7.9443666990299324770496980e-03 -1.0992541235971965696283092e-02 6.9238812542138951579532404e-16 -1.5745247287821270810018914e-15 
1.9898470547357106111318775e-15 -1.0686170776555844046754760e-15 1.0143594429323733617425931e-15 1.1072322685035333608816196e-16 1.8311616420754746326071682e-02 -3.4257969675972757897519649e-03 2.0925478981818949886228864e-02 -2.0793790651539283825810500e-02 -1.4368972946595767717284343e-15 7.8317160634902518723515008e-16 
-1.1342511986205886229943052e-16 1.5407765634313746327954329e-16 -1.8089159028026186444005074e-15 1.2397789859103072913447135e-14 -2.5858559353259395944938322e-16 5.6734227038734144344326134e-15 -2.3245685503936036608862992e-01 -3.2164840866915445083407121e-01 1.8314775209719006810977074e-15 6.7616931517160231840536306e-17 
8.7245451210125860301729163e-17 2.2006238304372115157441118e-15 -7.9236411993816313614757973e-03 -1.0963872625934126953106684e-02 3.2904690466135055028948608e-16 2.0937963219742670958226301e-16 1.5580182027730402904870947e-15 -1.8690989200712200760477778e-15 2.4859707117505917185057374e-16 6.4927959434422884884746192e-16 
9.0013877779386904792735535e-03 -1.6313854340873866488603738e-02 2.6314580382132163327568719e-02 -1.3346594584871154798300097e-02 2.8404884306711936439817121e-16 6.0600981090732838256495138e-17 2.5306434460054309412361939e-16 -6.8958901562576880347394627e-17 -1.4635167427060999692910509e-14 1.8404483011875638174543823e-14 
-7.4429588880062691940711120e-15 9.2568403482852931774420443e-15 2.2044729847918842491338864e-01 -3.2999526791671635050917644e-01 -2.1370794797016450190587278e-16 2.1080070703888270221891894e-15 6.4654929836338040671176450e-16 3.8453807685774621561025043e-15 7.5142805108926145896131032e-03 -1.1248385716086342633879269e-02 
6.7018279607712011224380897e-16 6.5398985021324451540583235e-16 1.2174769083546396569134776e-15 -6.9280400187962164597760070e-16 -1.3413131089781984577755286e-15 9.7731630682653420762788401e-16 1.8428314019722787098221062e-02 2.7502850351467903085300737e-03 2.1682049886094706403483201e-02 2.0011932451352246881137731e-02 
1.7218438939492311888727178e-16 -2.7985109492889691141721606e-16 5.1047160591738152918510438e-16 0.0000000000000000000000000e+00 
8 (band)
-1.7194617445481502615578506e-01 (Ry)
0.0000000000000000000000000e+00 (Occupations)
-2.6505384309915068081463438e-15 1.3047325212969770041927219e-15 -4.0613298696999828774251275e-16 -6.0575088937971223068941285e-16 3.2182293424255281610868451e-01 -3.6519043373858162127021387e-01 6.8384277239196563575099909e-15 -3.8767382911606118752667822e-15 -3.0868201493567958590358688e-16 2.5713406494013653782382797e-15 
-2.2142910770633168413001890e-03 2.5126862615158507274770727e-03 -3.2726144282434553872435517e-15 1.3950164995185788727878556e-15 -2.1948191775214343232439575e-16 -1.9388395614576238967507261e-15 -3.2204981906430201472143254e-16 3.1965564721145794862708040e-16 -3.2952799449169900558587187e-02 5.5439558463184915662602670e-03 
-1.7405864216152873436005422e-02 -3.5334313580654197473052136e-02 1.4268635768038213998783408e-16 5.3095471982191920397717923e-16 3.9560738158065786351078804e-16 -7.3061601075030449647761704e-16 -4.9203551734893844436340033e-15 7.5903333281869615865344997e-15 -4.0549046193782360420080171e-15 3.9927916262185980559998797e-15 
-4.5446489536313583457172172e-01 -1.7434366286517460897798060e-01 -5.0188230673085272985555536e-15 -3.4140989565299911809300143e-15 -8.9417862631528880851310086e-16 -6.6009931318097504850652160e-15 3.1269355524103648047429260e-03 1.1995629511917407609977726e-03 2.3898148519537027684526588e-15 3.2404848240940098857191994e-15 
5.7067910339523012081202141e-16 3.9851782012179185370782187e-15 3.7195462196359392662719243e-16 5.2149623648339453794650645e-16 1.6682674737792776292755192e-02 2.8953597385405323294538249e-02 -2.7051018001497770248953145e-02 2.8630757070146541087840575e-02 1.1161043261630582020250091e-15 -1.8811945931746339124526263e-15 
-1.3741802290248442029539191e-15 -6.8258386342697253752631416e-16 1.2716745766649294943489868e-14 -1.4727789000317800923288909e-15 5.6338289927736164688002382e-15 -1.3948499742987708720274338e-15 -4.5447564887183383719460039e-01 -1.7434736799707073462428752e-01 -1.4109177484162586573286687e-15 -4.2527306659434778994977354e-16 
2.5627388793638823973817779e-15 -4.2069981902553150851980159e-15 3.1542790695678890600106570e-03 1.2100592433936256577670099e-03 6.9912590103903002849130417e-18 3.6941576651617248530830822e-16 -1.5023028245001144838313744e-15 3.5067907726899062255599621e-15 2.1184143208095275365622014e-15 5.6946076625039250574473669e-16 
-3.1771123850581804715087486e-02 1.0369272614568419282887746e-02 9.6112497680827732593478174e-04 3.9383266741437376878831600e-02 8.2931999905917473865864780e-17 5.9827502449818905085388108e-16 6.9306442076541039545916762e-16 1.9104392418892110099011589e-16 -7.8919886949456673183713261e-15 -2.1204390648904297929648976e-14 
-4.3605930385783412721412152e-15 -9.9669515973602967585767320e-15 -4.9951404946779855500982315e-03 4.8674445935872839852365246e-01 -5.6317475829830551255647830e-17 -2.9376534417376733093389303e-15 4.2493015572488984336930657e-15 -3.4672159031104185093063167e-15 3.4673221536869264702493409e-05 -3.3782417895946003499885180e-03 
1.4373279833163692697445508e-15 1.1393841871472857180776527e-15 -1.4301797972976362105063368e-15 1.8344491825027059987991099e-15 -3.1208292738533956065299450e-16 -2.1562440118779435119489919e-15 2.0793458155257096148238460e-02 2.6164063584043179694349490e-02 3.6578205301429571327798129e-02 -1.4628751053140804858077040e-02 
-1.6929060291582687553455565e-16 -1.0600421346070334753972026e-16 1.6931885743299086791420513e-16 0.0000000000000000000000000e+00 
9 (band)
-4.8480003290391870951481224e-02 (Ry)
0.0000000000000000000000000e+00 (Occupations)
1.9043530546827439217804487e-15 3.1416829142396079714636477e-15 2.0511530957024155998425179e-15 2.9579007890798277326746698e-15 4.2721111078091844603932259e-01 3.0326793489651326929390507e-01 1.8325830695925010115830910e-17 -4.1499608262166435486227920e-15 4.5336539482977627058961170e-15 6.9273085933701680145555547e-16 
-7.4722772694167955559452210e-03 -5.3044140819287904919931975e-03 4.9037942003676150861973283e-16 1.1584365543136044100299428e-15 -3.3937608415166521392548599e-15 -6.5702264181274111785163458e-16 2.4582822058104527962656942e-16 4.5007460473193657805484007e-16 1.4721883368441122941217003e-02 3.8575894255673370825121538e-02 
-3.9148429383956226401686251e-02 2.0853692753020521000184573e-02 1.0288353043809905381202423e-15 -1.2164385686626177422364052e-16 -6.3239483851247035618229078e-16 -5.7324746158499684371462595e-16 1.0950095301740948415085199e-14 -4.8572842350584774117830511e-15 5.9491909924783490816768348e-15 -4.0024322308135540561652461e-15 
1.3533372178388752837818743e-01 -5.0612800481614805825358872e-01 -6.6235729428317676112706045e-15 2.4596849939710284253054983e-15 -2.9822164045157972037907839e-15 2.5478917034661263927453751e-15 -2.3671047967683510326875052e-03 8.8526013817841614494952296e-03 3.1017073096713050876130762e-15 -2.2519077219645136825480418e-15 
2.1621103403337014561077051e-15 -5.4648332865139992989705904e-16 3.6545482364607445010886534e-16 1.5513602824704559531041214e-15 3.1024853884906285206302101e-02 -2.7245034574378219904833287e-02 3.3191838815177114596632890e-02 2.9424103397305667595418299e-02 -1.0944767952850294206148508e-15 -1.0381321976527017459347763e-15 
-8.3443759640856088955846869e-16 9.3594080017016107698826368e-16 3.6290255062794966378634303e-15 -7.4532526518580250804620192e-15 1.4935812057270257319565790e-15 -2.6492004676743469871097742e-15 -1.3533241598918496761960739e-01 5.0612477388471688311000207e-01 1.9714387547995809830442914e-15 7.3377074347648077662770156e-19 
-3.8786883945894809414444597e-15 -5.8246404052463240315408021e-16 2.3628219713101349455652844e-03 -8.8366511526653812591547421e-03 -4.3740573825626331904591802e-16 2.3470461404166668158304480e-16 7.2837014535125670090671354e-16 3.9498759000517554382453146e-16 8.3381336316802035210980808e-16 -2.1323375042627269593160324e-15 
-1.3285422903912656386604674e-02 -3.9087568417592165326279741e-02 -4.3442458595903399309889892e-02 8.9296384915852691777082839e-03 -1.1899345139987389037245732e-16 -4.5490049313996584130525435e-16 2.4845941837972383174589011e-16 7.5062492152756086607086761e-16 -1.3318955052150700563614417e-14 5.5801460994238069981305114e-15 
-5.6035889616900747296139344e-15 3.5083103985117227235036288e-15 5.2155473230214166591167668e-01 -4.9576312595555213635911684e-02 -3.1153745466499664274840521e-15 3.7300310778061204243095111e-15 -2.0178959863906350115272030e-15 2.0508342855424257428992920e-15 -9.1060476647060548810452829e-03 8.6557910677520076992569331e-04 
1.2723723203170733535353218e-15 -1.4573811647249790431387401e-15 1.3900209125854920977852351e-15 9.6787413350567551167952704e-16 -1.3292247539876718237208195e-15 3.3168899053390609581804399e-17 -3.2005146826520468328336477e-02 2.6077021362658627662289845e-02 2.3512416068872363933417446e-02 3.7605211647473817115905348e-02 
9.0142004893719467472656515e-16 -1.9881411146721683844171120e-16 6.5090413030678083922206268e-16 0.0000000000000000000000000e+00 
10 (band)
2.8839412714106099633326608e-01 (Ry)
0.0000000000000000000000000e+00 (Occupations)
-1.5341962254088930843376141e-15 1.3198000525838457173478808e-15 -2.3370885750632072222965392e-15 8.6419551269314543405091816e-16 4.3861964600518432710885008e-01 -4.3241608357738092749400494e-01 -1.0013994697297028837161233e-15 2.7126882462815240927618591e-15 1.1797183487842537899025889e-16 -4.7704858054462048767811056e-15 
-4.5830194448037153698294333e-03 4.5182236522495408670430095e-03 -5.8775322127717403682067535e-17 -2.5343444847672714981991844e-15 -2.9133003626556238776291973e-16 3.2672340894533790456253712e-15 -1.8197193297511336988117363e-17 6.1001912468166776418704034e-16 -2.9753372784266790551654935e-03 -4.7718967259208773523670999e-02 
-5.6719964625770384614167341e-02 -3.1688510451693324698752008e-02 3.3063457537195706273380191e-16 3.7658224060496139323599277e-16 -1.5404976515728989265452487e-16 8.7627793878743548142191458e-16 3.0364194258931560571465369e-15 -6.2234170148470795181551224e-15 2.0900394438363477669862089e-15 -4.3844041682252767921746688e-15 
5.5818635513893366528748174e-01 2.6038213482271455045946595e-01 -1.6451019602996707958799948e-15 1.1958696932736797707791895e-15 -2.2460542408320899977373576e-15 1.5607679237230776531746444e-15 -5.8323621248749235590480566e-03 -2.7206551136755834779945573e-03 1.1715916069411934950760491e-15 -1.3534992386978799038360724e-15 
8.5890260939854487231182903e-16 -6.6482011477767424880430134e-16 -1.0393534510416069963799497e-15 -4.8587265678243738798288047e-16 4.3689009160235534046101691e-02 -1.9422228162663462275316917e-02 9.9300759187703341313024907e-03 -6.4208330254283102478396472e-02 -1.3122868988816007711243836e-15 1.0554091378896920445785961e-15 
-1.8377979684418264343429214e-16 6.7230975876225437919352365e-16 -2.6395710023622426320965828e-15 6.9895776402583727554336285e-16 -4.3141471371481496209759710e-16 1.2431686253983963472788517e-15 -5.5818658653493324894867555e-01 -2.6038228389618045532927226e-01 1.4033644443130981619009750e-15 5.7873568197642256602705407e-16 
8.3881414458965345010157714e-16 4.3490146110860106075060607e-15 5.8203270256880212940586716e-03 2.7150786253706147774233948e-03 -2.6935459810146136584080696e-16 -6.4983752105055838848696146e-17 -3.9457982911774903254712672e-16 -2.1818988937223281567960716e-15 1.0727726206034421053069565e-15 2.4516225669427138667791056e-16 
1.3188577624611768496221131e-02 4.5951793830752762914926279e-02 -4.2813216510135990167107423e-02 4.8864493273044672105864805e-02 5.4221956332787693565314834e-17 1.4949308800120033627372721e-17 4.1188136914868758917603349e-16 -4.4173326806552391535035184e-16 -2.6646062454794964885196576e-15 1.3191841125183035447906450e-14 
1.1046348685943483520366909e-15 6.7200706939950450759018107e-15 4.9483383748020845493975628e-02 -6.1394022012517301956080473e-01 -4.7359647862824248190450115e-15 -6.9495063025484375078367835e-16 -2.4434714909897376012263594e-15 1.9603000632734224160862286e-15 -5.1599098741193761240297899e-04 6.4016882092772977447259208e-03 
1.2213375697782861913401562e-15 4.4946618188487967608377700e-16 5.5367199831520374872937179e-18 -8.9805457233802677365822601e-16 -3.0358713939168937905645177e-16 1.9706994351851586291820476e-15 -3.8472619235087553157814710e-02 2.8378927132933801091851933e-02 -6.0723300004648074479352005e-02 -2.3095260278263498449069502e-02 
-4.6139700839888610625100708e-16 8.5823369136403883749645140e-17 6.1068301573777619070583452e-16 0.0000000000000000000000000e+00 
11 (band)
7.0104416858157991843114587e-01 (Ry)
0.0000000000000000000000000e+00 (Occupations)
8.6097052076492194827572746e-02 -3.7393935480715312369426329e-01 1.7972910264133938607056251e-02 -7.8059806388673214083695484e-02 2.8703200789142379345581768e-15 -1.3347275807484573612670849e-15 1.2283958609714959453462768e-01 3.2049238038409527673522348e-01 3.5990853612626350077619009e-01 -8.6081459687524675139513874e-02 
-2.2761987577468428759722109e-15 5.4442618747215059660295915e-16 -2.2435399798929125947388741e-02 5.9609021241743026520154558e-02 -6.1181202466031453512940175e-03 -3.8860039267831034126565726e-02 -1.9813803750912920009774609e-02 8.6055316420191721449306499e-02 -9.6835685058924122747607663e-16 -5.9296632761938494719264894e-16 
4.1956786781140631467547513e-16 1.7763604458257458274439133e-16 -1.2724585515179026584675626e-01 -5.3906737000593826780736606e-02 -8.5698671770420023485748118e-02 2.3014630663841170732375474e-02 3.8049764812757080889582539e-01 -4.9647590265934793407609504e-02 7.9428904757157969829250987e-02 -1.0363781446778908001959962e-02 
-2.0961338051613123018212011e-15 -1.5655756870663342469471167e-15 -2.5757328985779859298332894e-01 2.2685001685833397488956109e-01 2.0613665711774825650692833e-01 3.0733019811075534821753763e-01 5.6457355424213183476144905e-16 5.7441761838508833644445057e-16 -6.3690815261543382019837622e-02 -2.5025757777034224327294964e-04 
3.4290209214220643274551037e-02 -1.9279927367439983476593568e-02 -8.7564636317971275558669220e-02 1.1425356439093013044550062e-02 1.3112884255409577587461663e-16 1.9362476184479314449046225e-18 -5.2278796000092901528173896e-16 -2.7768619589124990017584005e-16 6.1714654426931261910205251e-03 -1.3805562995275702520281413e-01 
-5.1443360296585534385815919e-02 -7.2301564638693832653970617e-02 3.7864757539980137268642579e-01 -4.9403949931341090140435313e-02 7.8677491310859853923531659e-02 -1.0265590229310506131810143e-02 -2.0693371687156925705625313e-16 -1.4180308322110176568847973e-16 3.0663036899316786776381605e-01 1.5367474911369466417099261e-01 
-1.1994355522912457379103301e-01 3.5063868764202305028376827e-01 -1.2140542371236572428370492e-15 -1.0635621532591432105243518e-15 6.2253893863618972592810508e-02 -1.6840816054054935646533409e-02 -3.8575028221045054577231781e-02 -1.0045187929072774135619284e-02 -8.7465252595059772566798983e-02 1.1412146751756106766162446e-02 
-2.2768684096165766699329123e-16 -1.7830863280299514507678772e-15 1.3776973631236067378272160e-15 5.7949621973005035819918248e-16 4.1239546123350276363161981e-02 1.3192271209291411837583041e-01 -3.0895523106854432676682265e-02 8.3075558053799278268591877e-02 1.7829139309193348106319377e-01 3.3767871679199468193388611e-01 
3.7046527066307267939127001e-02 7.0164697776378778804051706e-02 5.2892307772175438368724770e-16 -9.8963289654790261316440302e-16 -3.7153799051528449415293665e-02 3.4096584421331682657196893e-01 -3.7045629735400681381563004e-01 9.8019111947361611814066862e-03 -4.0797112827441177881822978e-16 6.1635184723894927103199191e-16 
3.7484560819979646784094740e-02 5.2479215759024248899589082e-02 -4.0310028403483660897066443e-03 -3.9657150917410705082133404e-02 -4.1184341787912227828005740e-02 -7.8001650601116578886973230e-02 1.9177622056644530279780599e-15 -4.5215065880107115143202036e-15 -2.7254831544220143238814520e-15 1.4570903376308121846160847e-16 
-1.0927382901648551027928846e-01 8.4637653691990055726535047e-02 -8.8634540073244602598201425e-02 0.0000000000000000000000000e+00 
12 (band)
7.9385561295154283278918683e-01 (Ry)
0.0000000000000000000000000e+00 (Occupations)
6.2394973452809465719326454e-01 3.6424769936870610154144856e-01 4.0808273893254233544158893e-02 2.3820202730342059788126718e-02 2.2440484777241959724544120e-15 -3.2996188460106550382319432e-15 3.6531676338755003641267649e-01 1.1360989631495441165576210e-01 -1.1108694383706688157964493e-01 -2.3720856174900659119053614e-01 
-1.3406057821709539637279417e-15 9.1159577416551496292060344e-16 3.7284902968966054936927890e-02 1.7288510924990674322287987e-03 -1.4240813632170334912530052e-03 -3.5486967198301522241621342e-02 -7.6783119491244236631821707e-02 -4.4823324777954060005313863e-02 -6.6707203846769886584310480e-16 -9.3313496632716354579053973e-16 
-8.8994925322481006562381119e-16 -4.1078225750764857739472119e-17 3.2466375020541372864446572e-02 5.7631274603313013826788591e-02 -9.5342631445546208168728697e-02 -3.3392355682066915401051688e-02 -1.2391137185527048569788633e-01 7.1178341483762141983504534e-01 -8.1016234208848431075367102e-03 4.6551916976700719041915022e-02 
1.0662236517413259727100258e-15 -4.9155488736488352725422390e-15 2.0854702537352075297771847e-02 3.8200605693465133905206699e-01 1.8360950921390919998721358e-01 -1.8680406575957586579050940e-01 1.6430222893985902000478812e-16 2.4570887831302273651761183e-15 1.1376053974897687437461968e-02 3.5549097196201480397537154e-02 
3.2764900258655818565678430e-02 -1.3704530626847660074174584e-02 1.5247645852060495719193511e-02 -8.7591593083609364800423691e-02 -4.0220808265206302905483823e-16 -5.9271351157984836278476257e-16 2.6776776746883892745404648e-16 4.2834517592666566549509546e-16 -4.2699884900975627888275454e-02 5.0518799954265704299505302e-02 
-1.9357226847849266435086513e-03 -1.0100257306943373480923043e-01 1.2385599031735913810869931e-01 -7.1146111547043666689660313e-01 5.5163418938461439289255850e-03 -3.1673463420984107608013858e-02 -4.9987511677804173821607698e-16 1.8391887667044014719320882e-15 -1.5070676651648329258392778e-01 3.5122631302461559954508630e-01 
-1.1347399122349756395156106e-01 -2.3799421144084581536404244e-01 1.2166250067642425703583262e-15 -4.4385680567742016363973156e-17 -2.2777541927250281872385784e-02 2.7487855761449093289217060e-02 -2.7130699946688922874482586e-02 -2.2908356370704680005090381e-02 -1.4539755251533755323056774e-02 8.3515506164892699958457456e-02 
1.0085753387226304346631472e-15 -6.4902265440412135096811830e-17 -3.5126862853354478840243622e-16 1.7004619462888769095605450e-15 -2.1975332037248967997911109e-02 -6.2408944280784084401858536e-02 -3.5543697347316577372922097e-02 9.5574121927356911476714174e-02 7.1001242585620771841092846e-01 -1.3190746868044242456896598e-01 
3.1609809396244206713966207e-02 -5.8701160892767785537404990e-03 2.0066558429315594833133576e-17 -3.2514086184705777419939196e-15 -3.8173026358583173056615578e-01 -1.8827062899773580606499479e-02 1.8351382652528192007679309e-01 -1.8931525780446326057138151e-01 -1.8616631735989595461880871e-15 3.5097854516055786720711706e-15 
-3.3703486558935465133846066e-02 -1.1767481649960897377438229e-02 1.2014586205379370470458511e-02 -3.3414329104724034558149270e-02 -8.3345732025357513461649717e-02 1.5483320248244850092511626e-02 -3.9273344748049422517039781e-16 -7.8364860626264819943993256e-15 6.9218619794844810416840978e-16 -3.0250783604087768655047981e-17 
5.0834792973645764879719877e-02 -4.2351096416933679822403036e-02 -1.0196944249775750923614481e-01 0.0000000000000000000000000e+00 
13 (band)
8.0031399557949212120178117e-01 (Ry)
0.0000000000000000000000000e+00 (Occupations)
-1.5569987515762884200398730e-02 -4.6048359977391262187751408e-02 1.2962551942139632910055980e-01 3.8326212538713944066870454e-01 2.3410844207760736308514512e-15 -1.3314920515139714886620562e-15 -3.3247702899505654494660689e-02 5.4426843056848299429173466e-02 -8.7753470981000961104179225e-02 4.7114715616506097628501948e-03 
-1.4605290270353584294372265e-15 -2.6315589748552758703111903e-15 -1.6033235307904042388216226e-02 2.9904803565498870587813229e-02 -4.4878195380324892305168305e-02 1.0231825136639283169159853e-03 -3.9504875762569655051059669e-02 -1.1680222939624186617724177e-01 2.6519176053366450559132360e-16 3.1810850789928789181430296e-16 
2.6563550959528298186329640e-16 -7.1856586409196234191214050e-16 -2.6855889676948185851301787e-02 -7.4224279934552578330553274e-03 -3.8758943078852081676188845e-03 2.9982079787064623566106292e-02 3.7733036023600820263457223e-02 -3.0644639992845071341243113e-02 -3.1404085465888037509429864e-01 2.5509012847746059815534636e-01 
1.3382581659775948039079994e-16 -1.4175561153579803584709040e-15 -6.2602519611996698678524353e-02 -1.2190796998486706781417155e-02 -3.5004384487978414119968562e-02 -8.0607460573509454038187982e-02 3.5680892785360059936649135e-15 -1.0285681622682202445429050e-15 -3.3617971438259300342998870e-02 -4.6036840797185271667579798e-03 
-1.6602294990915058420233308e-02 -4.1706871425285597931864601e-02 9.5706330512400045185117392e-02 -7.7741200793396303403426373e-02 -1.5182962864074723821836676e-16 -6.8578092482142013735500276e-16 -1.1756947442172194015326340e-17 -5.9886894123974135693691109e-16 -2.4043043741463973606009574e-03 -2.7758792627470482705653865e-02 
-2.9452691805197803859295291e-02 6.8181090099662744821729099e-03 1.8062503524112843988902455e-02 -1.4677099304406027169278559e-02 -3.1505235164403289083168147e-01 2.5591123064261983577338810e-01 1.2216791964083864182943949e-15 -2.0084634393289350325033941e-15 1.3137304811086727984736910e-02 -6.9825559975712339633169279e-02 
-7.4407097344904665758846818e-02 -4.1877864165129688456268298e-02 1.1710772814115076212302233e-15 -1.6967521987998891501961866e-16 3.5110526768497227201315525e-03 -3.3898476707236564753333852e-02 -3.7093626620195684073788556e-02 -2.3566955704779266739246069e-02 9.8106976487807681652775216e-02 -7.9689937276873804017363057e-02 
-2.7905792713328831604501981e-16 -2.4569674709270674897431886e-16 -3.1876690295566200025580518e-16 1.9185975313007340675878520e-16 2.5842350302437717274317563e-02 1.0211979903545415071519642e-02 -9.5726815882252163508736587e-03 2.5740165080320440149641570e-02 2.0052664670566905380511002e-02 1.1813632682556376995997027e-02 
-3.4967943064119944018841579e-01 -2.0608939330280953705631930e-01 3.1924062210488714625588976e-15 -8.8458585203836145813115499e-16 7.0025537004248780692527987e-02 -1.2025879214747153822528958e-02 1.3315133573325360974437537e-02 -8.4337885082863939256725416e-02 -2.5637998909326867043135703e-16 3.3243858758102030648033014e-15 
3.2996286507688592226639201e-02 -8.5252149927680723195955181e-03 9.1590817504247461211530634e-03 -4.2981970156322421572347992e-02 1.0888929261205675114165814e-01 6.4176217504750263098678431e-02 -2.1496683805548177842455853e-16 -1.4353945412712199741269673e-15 -3.1797303468256833121232852e-15 1.9578730952065933391066130e-16 
-5.6358388474076392873207686e-04 2.7781180246873513756122875e-02 -2.7462562355899219207477913e-02 0.0000000000000000000000000e+00 
14 (band)
9.3174568196767204586450362e-01 (Ry)
0.0000000000000000000000000e+00 (Occupations)
-2.8379756529124877673098126e-01 -6.2239045139531279371425398e-01 -6.2638247007557656953480318e-02 -1.3736953663204207187753525e-01 4.0607004305998928419761577e-16 -1.0315331129504248371020322e-15 2.4934585425642696865367043e-02 -3.7035151929087761768499831e-01 3.5584765994228162444557029e-01 4.5303123276153073328842424e-02 
2.9929335417548664979497337e-15 5.0738867360742225554610389e-16 9.5942612760888390521785141e-03 -7.2883282627702244971246159e-02 7.6273104614208789286955437e-02 4.8320673840785699493238781e-03 5.3756367617554881577213166e-02 1.1789160258379147161456046e-01 1.0131363601320998821698207e-15 1.9443690942279085462000945e-15 
2.1351564872159749798729199e-15 2.2765084692686548127351803e-15 -6.4416551402290980754550276e-02 -1.3219942220511083502687555e-02 9.9225704831354399892973106e-05 7.3936738713962182889538610e-02 -4.8443146210737109136346135e-01 4.8294626054440503715170507e-01 -1.0692005057703085624254413e-01 1.0659288140998278426874180e-01 
-1.9787162086595543629812538e-15 2.6455273095615794174637532e-15 -3.5581530829040380892180906e-01 1.0572344951632656195883442e-01 -8.1576745888724100375100079e-02 -3.4932100508729646559658022e-01 2.4173060467159134289240784e-15 -4.5551549981914789462001932e-16 -7.1656479435534645161531841e-02 1.6412546753214116157515434e-02 
-2.2057662508751102459214621e-02 -7.3173730855708760123512491e-02 9.1759708685973218056375345e-02 -9.1478592474275616241996545e-02 2.6366584887488697683428253e-15 -5.5030018625697516164710233e-16 -9.0355216051403070466327998e-16 -1.2649614496034813184647216e-15 1.0062995466191160254254555e-02 6.4984575778609610097191762e-02 
6.9264986248142576541475535e-02 -2.5865282860273390574956665e-02 4.7893626142420114844000523e-01 -4.7745515387711867649755959e-01 1.0454247767901680976621037e-01 -1.0421853686841858754874579e-01 -1.2287097234697787112626403e-15 1.9228884127837678248291880e-16 -1.0778389238830984875328056e-01 3.5917616076704605987401919e-01 
3.5277258603654926272241710e-01 8.3678291750923006198092935e-02 9.7146774112773898333583554e-16 1.5046417093353752392113496e-15 -1.6627829897572929396254438e-02 7.1459988123979606422508937e-02 7.2940628897089701543343665e-02 2.2205384622724450016661990e-02 -9.1108759659517563056496670e-02 9.0826805734581766982316253e-02 
-1.5817672097443496783837257e-15 -2.5780363569460064983343769e-15 1.4201811343569047414869796e-15 -1.5275585657525387695845651e-15 6.5464762301796278198828816e-02 1.0717835934276243384233318e-02 -2.5852067895236762601340885e-02 6.9514115679937385494646662e-02 -6.1445390973468327899809083e-01 -2.8247081138154900292747129e-01 
-1.3412274306213578523028218e-01 -6.1658112683993959723949274e-02 6.1701452802852508692322547e-17 -3.6903088548061571688047215e-17 3.7421979857692133641933196e-01 -2.4174868660308351797638693e-02 -4.4536506827873009739526822e-02 -3.5981530474513384598722610e-01 -9.9613379099381523668338855e-16 2.6489202555606943391663986e-15 
7.2774156546697860159511606e-02 -9.3239888834858522526083391e-03 -4.6123572802277135185278212e-03 -7.6106114146420322796871005e-02 1.1688829606809258976340971e-01 5.3734913873010534124396997e-02 -2.5608558294679889763955284e-15 3.8806749987831070072656551e-15 -3.8502857260882427643260541e-15 3.0100408246222939381843947e-15 
-1.2773551643355113283107016e-02 -6.5094880664764681599265828e-02 7.4165636875999876864717919e-02 0.0000000000000000000000000e+00 
15 (band)
9.5396742043167304103690185e-01 (Ry)
0.0000000000000000000000000e+00 (Occupations)
3.5366113472389471006351869e-01 -4.5596523297426283516387002e-01 1.2026239496197160816493010e-01 -1.5504984906258845178683714e-01 -3.6177011898432091403168770e-16 7.5728824641902838349881052e-16 -3.3624236466356766106500231e-01 1.5494913231738910441848134e-01 -1.1689499519584800601990082e-01 -3.3105424231522334599375768e-01 
2.2881155527597404457019515e-16 1.6966927302697504609288455e-15 -7.7129639201687680283292536e-02 7.7345753007350706575984134e-02 1.9904452094865042466320659e-02 -6.3871726348091906189097244e-02 -8.1874579580261813704922247e-02 1.0555824691134210735476984e-01 1.3878284032430495864930869e-15 -1.3766920812522430394073492e-17 
-5.9592295514778430318928140e-16 2.0600343293636597087136389e-16 8.1153692644849229065329155e-02 6.5542547274629991971295340e-02 4.9627018828306140862949292e-02 3.3985024316499447272210688e-02 -5.5064438651106695221670861e-01 -1.7254347712770728984210677e-01 -1.8724554023463149676764772e-01 -5.8673733463594647530303661e-02 
2.6861446952957418265404589e-15 4.5934856060279540193114089e-15 2.6243572048730157142415464e-01 2.6114297618880277784825239e-01 -2.6954485104253356198000802e-01 2.2495982870994390978580668e-01 -2.8688758346455270760653578e-15 -2.2056127459881759398446374e-15 9.9380017508704399098462545e-02 4.5331654190254026814965727e-02 
-6.6803954360908635035087855e-02 3.6078139680278432932514221e-03 1.2747703350510464215261663e-01 3.9944914584730283058089384e-02 -2.4128866021581692817484780e-17 5.4607711981298328243921419e-16 -1.1795393602545117225261508e-15 9.1741769857449446853246491e-16 3.3143940300976761081930277e-02 -9.8910194391011091452625692e-02 
1.4554959641762454936042559e-02 -5.8360740445991432512329311e-02 -5.5532186666388272389127678e-01 -1.7402044619196055386112221e-01 -1.8790098426095519501544118e-01 -5.8881612813417201490739927e-02 -1.4486673531941013691096719e-15 -1.1864871881833568643894510e-15 -3.6072727269987603371248497e-01 6.5043974739221854797222022e-02 
9.1305402357387946410405277e-02 3.3660744232476552673105630e-01 -4.0186513999326041388451150e-16 5.9827381297571641644267095e-16 -1.0764233357413155456328013e-01 -2.0237232681659625410652836e-02 5.3352416194333951438011354e-02 4.0054920841763513861266688e-02 1.2844285136916458456290968e-01 4.0249764132515235270926013e-02 
-1.8009765337953981196256044e-15 -7.7775150760996424322681601e-16 -6.1071988071398224174903547e-16 8.5519638566558100926028093e-16 -2.9317717596877630736873499e-02 9.9593578932501827805090500e-02 -2.0859109945605965735770937e-02 5.6088456351516158271408585e-02 3.0463450037088928706863200e-02 5.8115184719635459842379532e-01 
1.0308355599250503334407547e-02 1.9664069268230827125520932e-01 6.2111586979017204881036209e-16 -1.2297453695256257523325625e-15 1.8670399005616722387657092e-01 3.1543066435662125979177972e-01 2.8366958216402965442526352e-01 -2.0291085452224227880790863e-01 -1.2217098143050189857351206e-15 -2.4934015428963385756089354e-16 
1.8553114895870331801930320e-02 1.0794535419161643829966124e-01 1.8945594945315426260723513e-02 -6.3968284560254259907274843e-02 -7.0462086792252966518934620e-03 -1.3441711395433719733460975e-01 1.6717634894154873348907524e-15 3.3043523615588211082669092e-16 1.1680642090380061388063366e-15 3.2333855542199939400906565e-15 
1.0356660464714284586307258e-01 -7.2365690446256729362328741e-03 5.9841602615735740855473779e-02 0.0000000000000000000000000e+00 
16 (band)
1.0720824830772093250175203e+00 (Ry)
0.0000000000000000000000000e+00 (Occupations)
9.8737134401158554975735458e-16 -3.7412882859736681493036040e-15 4.2842224887697402308722655e-16 -6.1526509434072339472470101e-15 1.7186674026873627330047611e-02 2.6274778096678386152262874e-02 -8.0428122103085864376910283e-15 -1.1782257123200422899252917e-15 7.6110967302460598752703837e-15 1.0664259347900953521122416e-15 
3.0237629811137395341447132e-02 4.6226763003661713868908123e-02 -9.7755884806592110568804070e-15 -6.3592111061093577798657400e-17 -4.8184276267371396712900247e-15 6.9161225340123370693663553e-15 4.7428806801065184531202941e-15 1.3500960269908150493494102e-15 -2.1363532118384997993132401e-01 -1.1675572628308852896061865e-01 
-9.8328957944230757637349427e-02 2.1262010271483727796848484e-01 -3.9559474258514424137420056e-16 5.0177574229939371515261807e-15 -2.7044277899591449442824171e-15 1.4027959090015286777496554e-16 -1.6145838514679005349843554e-15 1.3004176281375783382537729e-14 -1.2418963437516282016074634e-15 1.4725682549183996193564133e-14 
1.8636082132639952835262420e-02 -2.5267413220996459699563275e-02 7.0639481506381327326126896e-16 1.6439562475640699807436578e-15 -2.1799754839906201282998130e-15 3.1452022789114787357793750e-15 3.2787519861004435495210885e-02 -4.4454543252109887663259258e-02 2.2099657130768745330742004e-15 7.4189175860195852702545827e-15 
7.5109505309797528243532925e-15 -2.0796362871793393659469205e-15 4.8862995381200626425619495e-16 -2.6071290110317022736292973e-15 -3.4965738100604347449174014e-02 2.4093432141622039832640212e-01 2.3355971906236663859779412e-01 1.8048536793181448045775284e-02 5.1806076827893932359340613e-15 -3.7577170639279123786205629e-15 
2.1570035363302540730679840e-15 3.8718296156946382892200756e-15 3.7230447687525282760740055e-15 -7.2003300910705512802473060e-15 -5.5199655919329952249229697e-16 5.2593839250461885590124965e-15 1.8647670497974746378622157e-02 -2.5283163927144542554303897e-02 5.6888678591483687171470881e-15 -4.3784988408245945926303305e-15 
2.1534527151372620150006415e-15 3.7509898677520302735333823e-15 3.2769309181934873353991833e-02 -4.4429634352222989457370517e-02 3.9220052207191264657692967e-15 -5.1215513995430699826495428e-15 1.0827799989250491964368850e-14 2.9018056737025514978899778e-15 1.1799834256450894978387512e-15 -5.3220036369224649088494165e-16 
2.1986005875767983264168492e-01 -1.0457288331594351282749500e-01 8.6218138321777090804509669e-02 2.1780934560047010561945058e-01 -1.7724312479433310149404251e-15 -3.9166465568723866816699269e-15 -2.4675634970232842235228413e-15 3.2588692919347809340726380e-15 -1.5565036103248672091411449e-15 1.4289793521725193027972528e-15 
7.3630245957634014477675582e-15 -3.6846850625848286061336004e-15 -3.0197510870604859362087424e-02 -8.6651214872053017312936163e-03 7.4381531858561004508271175e-16 -8.3290111241653297652147710e-15 -1.5137065229131305315785600e-15 -1.1594033034202582935448410e-14 -5.3065561270791053449791264e-02 -1.5227154689961224995342626e-02 
-4.5005667880300662781778812e-15 -5.8853513536101965186367070e-15 -1.2048468835346608062787303e-16 -5.9395559205055610016725553e-15 -3.0373103334741576112782505e-15 -2.7065223022987951617416240e-17 -1.7465135094734282605877240e-01 -1.6961968922919845592645061e-01 1.7409554376420488530641251e-01 -1.5673295775944573460236597e-01 
-1.6304934234709500881527721e-15 3.8698495892179205724120915e-15 5.6549801503681008511381225e-15 0.0000000000000000000000000e+00 
17 (band)
1.1467193590361746124983711e+00 (Ry)
0.0000000000000000000000000e+00 (Occupations)
-4.7229206218297523411919328e-15 -7.5916695183896428633072605e-15 -1.7776045950179189495759091e-14 -8.1610584201289413038532396e-15 -1.1319564336683533845029359e-01 -2.9286254642904345490972418e-02 -7.4693223063205326770976876e-15 2.2662781315620169299083944e-15 -3.4541512278113209054589015e-15 5.6803512896167010254085425e-15 
-3.7749217651788136151935760e-01 -9.7665615278031206458742020e-02 -9.7572401854870016329473754e-15 6.4714629085596471879327928e-15 -2.7476737702561297725936891e-15 1.6029507882192167944195818e-14 6.4043235283776192541754971e-15 3.9841125321381202212144278e-15 1.0782115065192648950542775e-01 5.0066174080693290338039958e-02 
-7.4746788940547967405869656e-02 1.9006590727438207183430663e-02 2.1699459356838556600838354e-15 7.7297703638573682181429797e-15 -8.0830282820956510357794052e-15 9.7743879411463989290073813e-16 2.6916353558616689596362953e-15 1.6990722612802279703163975e-15 2.4754747198015398614409014e-16 9.3937600951742252602371449e-15 
-1.2007358153950650064833994e-02 -1.1630460755449315013443368e-01 1.9111398083127651305274920e-16 1.0770907655413532082285695e-15 1.1888699174039781390025415e-14 -6.9370846999282225802626093e-15 -4.0042998671176326108689381e-02 -3.8786012168984734804766390e-01 7.8085026138764120979783735e-15 6.4999893856187858963544852e-15 
1.1733281177080041029730502e-14 -6.2174843690069852557529878e-15 1.3553295192485582817466320e-15 -5.1651200480612613150440314e-15 -9.3426840068621206519816624e-03 1.1851049139436983792528224e-01 -4.3869176429900631764002839e-02 -6.3433652798533746164366676e-02 4.9517485368649566332151266e-15 -3.7451726967443840415649512e-15 
4.8822057045734235554035295e-15 8.4081392671552961102658872e-15 -1.1226313379607784050555953e-15 7.7210595708945881422012786e-15 -1.0784264061773541536286907e-16 1.7406055038520067340432679e-14 -1.2012191395706212776461896e-02 -1.1635072572478941110851736e-01 -8.4133162801702210851904153e-16 -9.4592145126790727138395439e-16 
1.1077791913049345128523372e-14 4.8016024013925660254529456e-15 -4.0037106897469670885314486e-02 -3.8780239888193246411418613e-01 7.5353874114737554977953335e-15 -4.7484372156193039440320025e-15 1.4263208165994109525804882e-14 3.0738434664049628859623021e-15 1.9119964571716545496968142e-15 -4.6397577197152361009726838e-15 
-3.3351229377257020358715778e-02 -1.1411702513991413276972509e-01 -2.9969340473871383667692214e-02 7.1065073455321522977179427e-02 -4.8270124174718079610763840e-15 -4.8979338212722153055428537e-15 -5.1744283853721011976951480e-15 7.3356616950669690226570116e-15 6.6461314485454157456558319e-15 -8.6350931143037315382126245e-15 
1.9142468086370876932080364e-14 -8.1234210683721638055941533e-15 1.0486632553223526609365024e-01 -5.1815421335530909008326717e-02 -7.8260663417240646300761607e-15 -5.5417563202554333755591092e-15 -3.9280923539818218308948481e-15 -5.3727662131262374528095441e-15 3.4952438761271198419677830e-01 -1.7270313538340428816120209e-01 
-8.4303262550342055487463186e-15 -7.5527260064382282183134831e-15 -1.7063976836241949303310307e-15 -1.6443092872276100965838472e-14 -7.0466589222445871532934345e-15 3.9574219417103805723544948e-15 9.5334526044658682297772145e-02 -7.1037511721595641978055369e-02 -7.7054487797852261321551737e-02 -3.3184249063675308813459175e-03 
-2.2779322080821240454580728e-15 8.0410137783988365863032680e-15 8.1754528511345044831920217e-15 0.0000000000000000000000000e+00 
18 (band)
1.1468954796509491789180402e+00 (Ry)
0.0000000000000000000000000e+00 (Occupations)
1.0719355315878997814138529e-01 2.5650140702979898343905063e-02 2.3747954233640494736690130e-01 5.6825556365475704545531244e-02 -5.9944028529887439208660879e-15 3.0029680917075007811426115e-15 7.3552532419280725051180525e-02 -5.5284277718932246792338248e-02 -4.4588392415575136065730710e-03 -1.2712535337876301744231000e-01 
-2.5119104230990626182977947e-14 -5.3329792301151739620653079e-15 1.4158035704739652116401771e-01 -9.4610234260080611212728741e-02 -1.4748904652521415553634299e-02 -2.2575830106937838648306638e-01 -8.4676293617523712420336324e-02 -2.0261915233055642626691650e-02 -7.3487523958796837542939009e-16 4.7964328529273468577676427e-16 
-5.9777710893623959803991138e-15 1.1300435203518294738983079e-14 -4.1279373480379258354311389e-02 -1.1826351634395620981976549e-01 1.2843678900192226355336800e-01 -3.1663834373945758116075666e-02 -1.3323261388722140718954279e-02 -1.0941150882266523214347842e-01 -2.9517159774483034406777904e-02 -2.4239309842360975966180092e-01 
-1.4250927642896200509264128e-15 -5.3341291977250646871441696e-15 -7.7455314625150803453657034e-02 -4.9668910039526691091449351e-02 -1.1759807740069506964974977e-01 4.8491534423205820414359835e-02 -4.3920283486203217184907499e-15 -2.7199862287703788180500696e-14 -1.3802742352225755295691556e-01 -9.9722235655952395916301612e-02 
-2.0645813366889259610204022e-01 9.2516915924263531945115346e-02 1.0524660815831247961948947e-02 8.6428302218802058320967774e-02 2.6123733082210047495569816e-15 1.7435337863609707023761554e-14 4.0673576796913797785375694e-15 -6.1143887165306407954273966e-15 -9.6457428147240703575349130e-02 7.9913769327873362957603831e-02 
-7.4447416184077325196355446e-02 -1.0934436153684376491490582e-01 -1.3437352738192964718422218e-02 -1.1034476915765945026493000e-01 -2.9590942238119557344822042e-02 -2.4299841212607384277610834e-01 -1.2262896777127466281276834e-15 -8.7948803519045245756596620e-15 -6.2768990359821960622888071e-02 6.6230268964068528259048207e-02 
-1.2478687742946352468020876e-01 -1.8677957212417047733188369e-02 -4.9479370310722515279486362e-15 -2.7035085616557589757241413e-14 -1.1005239341297967659016876e-01 1.3039567131069965122414089e-01 -2.2274048254477954444929821e-01 -4.0519774960447174638744627e-02 1.0558260106185502966158474e-02 8.6703144827139214112499133e-02 
3.6640963306514780077642426e-15 -1.2229280732562580396894916e-14 4.0552234791327419183347176e-15 1.1719894097795068755109245e-14 1.1284698659931828579328084e-01 5.4344485788772142753622063e-02 4.6070123997019783723683162e-02 -1.2387883019243738080827910e-01 -9.8740279205357828207212378e-02 5.1057690816500897468266373e-02 
-2.1744345982911322812114463e-01 1.1243751124902695570639821e-01 9.5733282759328958762393751e-15 -2.9044680050407935795109600e-15 8.3955953741625954922511710e-02 3.5746223705153387650845787e-02 2.5990704463774681742815886e-02 1.2347110652171747191552242e-01 1.3761204612354104914594567e-14 -1.5475688402544843901101549e-14 
1.6057870231886306466861924e-01 5.7697840116288895417895333e-02 3.9662650760464247812198124e-02 2.2289470353011614500715609e-01 7.7584981732536223431040412e-02 -4.0118359748957943544667160e-02 -1.1421111259166900258551591e-15 -7.5346357060590123195701259e-15 -2.5956982423066806371505696e-16 -6.7004150024562906326158562e-15 
1.1600802589846444592969199e-02 -1.2471241678143135667156116e-01 -1.3216815386070526749939802e-01 0.0000000000000000000000000e+00 