198 (index of k points)
0.1312330268002426525431048 0.2269760010541076455936604 0
18 (number of bands)
52 (number of orbitals)
1 (band)
-1.3925576185796058048538271e+00 (Ry)
0.0000000000000000000000000e+00 (Occupations)
-3.4854349951823099251768667e-02 -3.4601492449128445905159879e-01 2.2871254526084933145213540e-03 2.2705199387851426884310513e-02 5.3216212671695128872275805e-17 -5.8966937983904011906625037e-16 4.4569314364667912686801543e-02 -5.5661156210723428117148615e-04 7.6180465637932015532385321e-02 -9.9476536244778868134375216e-03 
-9.4867859836942443073936539e-17 7.2222069861605349076971781e-16 1.7270239550578686538173656e-02 -8.2902866797906760165659534e-03 3.1377464505166416386394701e-02 6.2675352871152667511012169e-04 -1.0947152616387727241953343e-03 -1.0867739768607900807673161e-02 -1.0313640778061102907986729e-17 1.1505160196157706369805082e-16 
-3.2321038104194864553156420e-16 9.0055039961298923972324122e-17 -4.7586757491299563893605296e-03 2.3961043445888952074795952e-03 -3.1815809542737882864571475e-03 -3.0090071688668174054726023e-03 -3.2542710724630624641307008e-01 -1.2263095673839094490453760e-01 2.1354250547353105516013017e-02 8.0469252288593810101824388e-03 
-3.1454359569431932064723869e-15 -6.4139599551268884803253901e-16 1.9318521548450852398648436e-02 -4.0168748107820076431728751e-02 2.4962284636313711305710683e-02 -7.2658815729274239814117209e-02 1.5554164490730420785900565e-15 3.7293500380665994816240001e-16 2.5324877840684351104627581e-04 -1.9155309771021838960436412e-02 
1.4512915053411470922561932e-02 -2.7826487299175368950177045e-02 -1.0221111235261790689543560e-02 -3.8516300833123223029685889e-03 -4.4405215530313074230536819e-16 4.6488772654123192732155975e-16 -2.8859599716198831388820796e-16 7.5120670959663139217419460e-16 3.0344196894384334317606999e-05 5.3277941162567579724829159e-03 
-4.1098459251866755262416753e-03 1.5118690360350745503781322e-03 -3.2638582949915068143198482e-01 -1.2299215607652538850835811e-01 2.0700090845590237570439385e-02 7.8004410492133746668486083e-03 2.3348660078742191881957617e-16 1.6892047882520339612286485e-16 1.1001381168950503941506014e-02 -4.3673099213688802711086367e-02 
3.0053005380800232315685605e-02 -7.1380756756634966553320965e-02 -5.3673392507654951413015760e-16 -3.7545046361048966028061534e-17 1.3130318386892329135529067e-02 -1.4083785421288984307519598e-02 6.9008753983189723146818295e-03 -3.0316078100794219968294740e-02 -1.0234453299417117094760599e-02 -3.8566543148125633291845027e-03 
3.3292371218761454885388770e-16 8.6720440602336570103621869e-17 -3.4849890548744947217974990e-16 6.0324178103798672075404296e-18 3.4375529974903142743647422e-03 -4.0614950780996656592991556e-03 -1.8831221315446415934258262e-03 -3.7935249368781539906769762e-03 -2.5528814234945329531001335e-01 2.3766098655432485453609104e-01 
1.6190935382031545336500855e-02 -1.5072964308076700762351052e-02 -6.0458680482447037486678665e-16 -3.7148133342407082646071959e-15 -3.4226907490417395052428873e-02 -2.9272662779394241494568263e-02 -5.0573959861091768996921303e-02 -5.8657225910678643943096944e-02 -2.8899394548371146969526276e-15 -3.3218625157576027307321982e-16 
-6.7768107654858815783183168e-03 -1.8023127047848787329886733e-02 -2.4086095713945494811714099e-02 -1.9660790063862117887927283e-02 -8.0050486000879765569049340e-03 7.4523159992144578575579139e-03 -9.1909119614817412336034328e-16 6.1638497916576979107132398e-16 -5.6450743342337691973588200e-16 -4.0674850493460409726394361e-16 
-2.1094719136021864401564496e-03 -4.8849402376827544963733274e-03 -4.2352072451116943435645013e-03 0.0000000000000000000000000e+00 
2 (band)
-1.0634627764793118664954363e+00 (Ry)
0.0000000000000000000000000e+00 (Occupations)
-9.2301537597552829605973557e-02 3.6189989922552540102529406e-01 4.6193856753695139438775641e-03 -1.8111879031982691667934660e-02 -2.8441752415550245760686387e-16 -1.1193024527973270166907775e-15 5.1619950946860754248390890e-02 1.0165203851434043147428099e-01 1.3818148989824433070516818e-01 -1.5917765448483806034474242e-02 
1.4797324107024662848975122e-16 7.7706940277088964047679956e-16 1.2996262200222818972150662e-02 2.8570698126249821635624926e-02 3.6435412602922823133155816e-02 -5.3096198614364514822838714e-03 -2.6342563994309203811994280e-03 1.0328512804391997217945409e-02 -4.4978414366211559722315296e-16 4.9339375403092000572974251e-16 
-1.4991537888159469202531214e-16 -4.9013166273405398061549679e-16 6.2643331230855664459866716e-03 -2.8965248116159629521160213e-03 1.1172502229432057507807485e-03 8.0916468877011565874468602e-03 -2.8311748510652606780624296e-01 -2.4358899919594456662252924e-01 1.4169081673963933309945418e-02 1.2190816650396812947931835e-02 
1.8176136340488156816624321e-15 -1.4989682509469021852108369e-15 -1.1400297248817119200037240e-01 1.0385247899130714555049337e-03 -4.7182621785429708360926071e-02 1.3084838405125243099291765e-01 -1.9194275437327211460930906e-15 -6.7699010150402895270553504e-16 -3.1369705682276677327635639e-02 -1.0626325825389467544246358e-03 
-1.1444577251975462245381365e-02 3.4996471338431783815181575e-02 -8.0800873199108735195350661e-03 -6.9519545763093906071139472e-03 1.7994771159069351719074219e-15 -9.9670390286702176828475561e-16 5.3591290696055446429010822e-16 -1.1255420958551261689172392e-15 -1.9089154166849336968780904e-04 6.8989336770698822531855399e-03 
-7.7445520306182839831432574e-03 -2.5970966984203338462355859e-03 -2.8326644330618211409245077e-01 -2.4371891178492804952426809e-01 1.4052864321309858908204404e-02 1.2090906623416863494013818e-02 4.7374697331742763882957091e-16 -2.8472547934513621044962834e-16 1.4043349141854247208449635e-02 1.1234271357399340518501418e-01 
-1.2251119823559156185588392e-01 6.8000133816304153544507471e-02 -2.7248572598974004220166579e-16 -1.1812785516901396691224436e-17 6.9211822831541994216486557e-03 3.1176006295076566510182658e-02 -3.2777691832728078624725754e-02 1.5420298305637472613405237e-02 -8.1014724722052455785359371e-03 -6.9704072763770476284239663e-03 
4.0887085676704548877317847e-16 6.9005484332377091614070507e-17 3.0362438814233427185256911e-16 -1.5116120998410904196772306e-16 6.7884164349685405942524952e-03 -1.3396798988796016979807568e-03 -3.5816925262020724018974249e-03 -7.2152728103988972990778805e-03 3.4425212122548320969883662e-01 -1.4535908260823943161099692e-01 
-1.7078365098664134019701422e-02 7.2112734080997387131617415e-03 -3.5172462133717871484505363e-15 1.5773205781356416890298231e-15 -1.0687085679507141167121631e-01 -3.7372729578871617672763961e-02 -6.4357310059086686102047814e-03 -1.3996997270334243790301798e-01 3.3303579555684118691939540e-16 -4.5592963665871343168280951e-16 
-3.1002116601997163625181742e-02 -7.6625647732023408759127747e-03 7.6197233520106468808441580e-04 -3.6215771148451487981834163e-02 9.8456754346061305105397565e-03 -4.1572958822886007732022584e-03 3.5457139916571327444688671e-15 -8.3054775268607687204188978e-16 9.4084572237229493196487876e-16 1.4811703635890724734429280e-15 
-1.8184017162090220821879516e-03 6.6761332464611786163821705e-03 8.0553512077831210952405527e-03 0.0000000000000000000000000e+00 
3 (band)
-1.0291310627865251081658471e+00 (Ry)
0.0000000000000000000000000e+00 (Occupations)
1.2125547074440867073574779e-02 -3.7317761152063044782778434e-01 -5.6837256765836230432142884e-04 1.7492387708651923466929290e-02 -1.0335958100118739713383876e-15 -6.2566340913214263425220178e-16 6.5683478376885096050585844e-02 1.1821027101968722972102910e-01 1.2229934629212152463750840e-01 -6.3138408147865102137963333e-02 
2.7183084526595308192699833e-16 1.2707837706098366384254409e-15 1.7377018573757285757608315e-02 2.8955438256476395686433989e-02 3.2181512951670085409539013e-02 -1.5369186745503669172530081e-02 3.4821283767094354799631617e-04 -1.0716609931029404817470763e-02 -3.0121143629541132562106303e-16 -1.4993842359238452087834843e-16 
-5.5096027404185657815092541e-16 7.4543631306823397662930770e-16 7.6012977382021312822146797e-03 -3.2588845408023925376284069e-03 4.1127917158986435075540555e-03 6.2235290842065776883984540e-03 3.2886813053681307472686512e-01 1.7678888921338775652714048e-01 -1.5415418948538595067532242e-02 -8.2868289331236438810535105e-03 
1.3057567973039502427964515e-15 -7.9703511449916091062158626e-16 -1.3508751510973224241318746e-01 6.2730190267158772443600867e-03 2.1752229759985780566111657e-03 1.3761852016328474102024870e-01 1.4647501510666876185597548e-16 1.3060434176766827487439693e-17 -3.3662160335911683883836076e-02 2.6901934237042318676103037e-03 
-5.4267145719862075470274476e-04 3.5659040715735446092082839e-02 9.4441658686800211697232044e-03 5.0768801087897226509415560e-03 8.8550737046967313612819421e-16 -2.3109207765701324239164184e-16 -4.7286984484952227634661683e-16 1.5180436958639196761687600e-16 -4.6078317172636162890597689e-04 8.2575864890261571615859282e-03 
-7.4031800722782099832830482e-03 9.1667593933229818414787360e-04 -3.2823063991959000595954876e-01 -1.7644772644832790176039339e-01 1.5625637070034305992072277e-02 8.3999119646767164693024199e-03 9.0907771017070475752052390e-16 8.5452686693884308073194215e-16 -6.9189330639962492996986043e-02 -1.1607560565258910612040921e-01 
1.1592288079827013647093992e-01 -7.4114307625574499249765381e-02 -7.9519071340566892458670215e-17 1.8382158208269071567440618e-16 -1.6390032175335595560072832e-02 -2.9672779956562034264777594e-02 2.9554895024965922856186040e-02 -2.0194436074315282730884391e-02 -9.4154914601719957856218457e-03 -5.0615069300784867878384432e-03 
-1.7882691489410425099961828e-16 5.4166103405969133086236166e-16 4.0417058358096708754505589e-16 -1.1419856408891845281831069e-15 -6.6243017418431172915749272e-03 4.9352940954372342963196729e-03 3.3117915151602041190503911e-03 6.6715607490675137361546554e-03 3.0398919299811827388069219e-01 -2.1554517784253937606742113e-01 
-1.4471607868162414400892146e-02 1.0261170526244051820485836e-02 5.7621199453278705611196050e-16 -5.1803092405539220527016966e-16 1.3473429548462656502039181e-01 -1.0362399446344762801719419e-02 1.4841666094645352205749766e-02 1.3678731606009869592455175e-01 -1.5676352815457213035892573e-15 3.1855496521446678875496066e-16 
3.3865842858907806156576470e-02 -1.4871827441297158327315753e-03 4.9472478451462820539519250e-03 3.5451823747938059072648542e-02 8.7201100130543281185868665e-03 -6.1830423902798446050832482e-03 -2.6074172017187095818039531e-15 1.0608710157201485906423985e-15 1.3064314887798151345641582e-15 3.2043787031969857639552413e-18 
-1.4752033712128157123821826e-03 -8.1278703477000429494792044e-03 -7.4483344358586972555613670e-03 0.0000000000000000000000000e+00 
4 (band)
-8.9670517274159200482586130e-01 (Ry)
0.0000000000000000000000000e+00 (Occupations)
4.5430818019590299416954338e-02 -5.8034962075985546681167193e-03 -1.0287168311324118574745512e-03 1.3141039404476057006476708e-04 -5.1577341920089837154486477e-17 -9.2139522352179616338579368e-16 2.4470663456041408245766888e-01 8.4091119492946023172841308e-02 -1.0802489736640963347014122e-01 2.1330668959417692365221342e-01 
-1.3255762525178543087895098e-16 1.7598762839707435858123012e-15 4.1594106306550193696836004e-02 1.2964277010567666278961774e-02 -1.8747118990786182379792990e-02 3.4007307654507684668843126e-02 6.2051643013591450959154372e-04 -7.9266870853675341912492058e-05 -7.0729170895909979972453313e-16 5.1214001625819594185249476e-16 
4.9194777027537738302842517e-16 1.4128012538649379926902676e-16 1.7183240041774017203835001e-03 -9.2702940702920361842886976e-03 -5.6158216100221508559897643e-03 -4.4930792090504614866297572e-03 -1.5001880098229558591071964e-02 4.3273356556646686010836333e-02 3.3969785697690602077614130e-04 -9.7986344777439837727683880e-04 
7.2063186455288625734381499e-16 2.5168562871837111668805640e-16 -1.8412658293010872312400750e-01 1.8179674043817464768046932e-01 -1.4302964084922081822170981e-01 -1.9160282908973957916032305e-01 -2.7289608678872846700929746e-16 -1.1930128120088689264512768e-15 -3.0106458285620502079993344e-02 3.1491956549944064014390221e-02 
-2.2125116795037272354740310e-02 -3.1912860278717383732960400e-02 -2.0490316555966947564826341e-04 5.9104870326078494391364160e-04 1.0591527728047256843243744e-15 -1.2659444605976591684094414e-15 8.8433732212373265334351853e-16 2.5795668618449738823934550e-16 7.5394841192905695526071952e-03 5.6610218819532313883069463e-03 
6.5214957344613237733010891e-03 -3.0323763816210574928433630e-03 -1.4973804937507148582476191e-02 4.3192638649658561533772883e-02 2.9132510605267558645437020e-04 -8.4034625843715238247000343e-04 1.3344005777566523889009671e-15 -3.3403320376418726053131141e-16 -3.1829213346925913641349837e-02 -2.5507310204986605173260727e-01 
-2.2934405417260939064050262e-01 6.1590272681696742185231130e-02 8.3843554148612370646379824e-16 1.1246038821381911774890744e-15 -4.2513733935090128324141290e-03 -4.4465887075926482929766337e-02 -3.8058113915008351391122687e-02 1.1663317355016425413971604e-02 -2.1049649452837800381321820e-04 6.0718687415435134563379549e-04 
3.2242553385100127423276647e-16 7.9435271254837483379710599e-17 1.5528004905118835769151891e-15 -1.9539047295906328549711980e-15 -9.5254286847728745352137381e-03 -1.8162743449381783811258373e-04 -3.2501461768745104619071640e-03 -6.5473770202907925416790924e-03 -3.2030273959422525531515191e-02 -3.2617179797013409747741264e-02 
6.2317463575636833361670597e-04 6.3459083260961057781912587e-04 1.1038924672883117657768391e-15 -1.1081082071535254880862014e-15 2.4262436522389507764785321e-01 8.4904673671891472963579872e-02 4.6807303017386135690625082e-02 -2.3281136840277166788482077e-01 -2.3319708396136764270590068e-16 4.2168840885398561861538012e-17 
4.1718928157235060649732361e-02 1.5963092513411464290484787e-02 6.4750057737721460060509315e-03 -3.9275021409562627106026866e-02 -4.5027027737229023988604903e-04 -4.5852083013435423640077881e-04 6.9737806486304936599988765e-16 3.3225111119286149530938465e-16 -1.1128860830346573222424143e-15 -3.8245028937904621991484036e-17 
4.3980265174056853288986346e-03 -8.4512805482838959658664635e-03 7.3096919235285098478960286e-03 0.0000000000000000000000000e+00 
5 (band)
-7.1846133629805897236053625e-01 (Ry)
0.0000000000000000000000000e+00 (Occupations)
1.5073478016247982003150696e-01 2.7389812316692691007702365e-01 -4.9038394818624875259871487e-03 -8.9107063329428720654945550e-03 9.3433525712111422774538962e-17 3.2989742857464671836317277e-15 6.0249334852523123151613049e-02 -1.8350035937254766116311089e-01 2.5075840626176892911303185e-01 -5.1074854925024837370983732e-02 
-7.1189965569592348053541749e-16 -1.0495934146534754317623139e-15 1.8298608866926940885733188e-02 -2.6726941070290277657761635e-02 4.7885361448617935753446773e-02 -1.6722275649699358535116289e-02 3.4666380393851697894191943e-03 6.2991895133037521109509171e-03 -4.3356960416032258315921363e-17 1.7171452432632849748559340e-16 
1.4231349356944512276311834e-16 -2.3963747522052029356846406e-17 2.0912102990330097562754474e-02 -1.5872906765118988126062050e-02 1.6302459537898477542894327e-02 -1.3907304518077576171997123e-03 3.1235575601238291243433309e-01 -1.3230174259358434829536577e-02 -1.0161844001080277966053700e-02 4.3041318927265759253231181e-04 
2.9354575224897193962777883e-15 1.0999600532611228010099409e-16 -1.3757445612776231236296098e-01 -1.3555675291615640332132386e-01 6.5747660641206684406512295e-02 -2.4731693075233168732651734e-01 -6.6099170870366774009200857e-16 2.1426139495681834573750575e-16 -1.5803430205247624706910159e-02 -2.8274017386774451254805030e-02 
6.3131773004199160520544254e-03 -5.0326793424013943623052114e-02 7.1836473527936220428991021e-03 -3.0426720386305533549986535e-04 1.2102742457952740157542392e-15 -7.6523912461160832297798112e-16 -4.0617727428218077504086349e-16 4.5529415430915308023920342e-16 -4.9192926037009351847295591e-03 -2.5788869322470639455779917e-02 
6.0029533936895689005819321e-03 -1.5220672413780000908900547e-02 -3.1231218534652616103386435e-01 1.3228232564371431023708681e-02 1.0203547601153748619617900e-02 -4.3218211700295217081446708e-04 2.2573324285670695622666358e-16 -5.6484951037939928739859694e-16 -1.2540261628886242850633437e-01 1.4671042976682649450204110e-01 
8.6301694908174519937915647e-02 2.4090273627960165359063183e-01 1.1733037422722192448986884e-15 7.3061453099451785678666241e-16 -1.3369156195077409182703221e-02 2.9537149304166704366636509e-02 1.0556514790992933827684652e-02 4.9659824318779119400879551e-02 -7.1790487808746838646611899e-03 3.0407868420363227957015084e-04 
1.2786325373582556670304217e-15 4.4383407451151939249694889e-16 2.1025610192674501116177373e-16 2.2109935165768997371977444e-16 2.7239893903856296497600908e-03 -2.6098189470156855224169945e-02 -7.2723648302508644980512997e-03 -1.4650083959774917036211761e-02 -1.2701630096008423298492573e-01 2.8562343486332614217459991e-01 
4.1497456092912388125881762e-03 -9.3316009563865348619415840e-03 2.8048189499675425939468622e-15 3.2718336584492437130036938e-15 7.5651842564146379310763280e-02 1.7755721638704041742684581e-01 2.5415218354501112330012802e-01 2.9812388202348570620525692e-02 7.7744460090871957070643887e-16 -1.0893561250908983938900329e-15 
2.0512374840443641649256890e-02 2.5108166097703325803092156e-02 4.9174686501978516484090420e-02 1.2624910428846374682576581e-02 -2.9196907862500641461789286e-03 6.5655625011904342538948676e-03 -8.1072498305778942347228477e-16 1.9848137468217999277406815e-16 1.8279288320376016046420760e-15 -6.8402533712807066607997487e-16 
-2.2165273721536100925977308e-02 -1.4044082478698011184903294e-02 -1.6355801730661347070938660e-02 0.0000000000000000000000000e+00 
6 (band)
-6.1794150185160068300405101e-01 (Ry)
0.0000000000000000000000000e+00 (Occupations)
-1.1141538977097850682262958e-01 5.0343000799912690501614065e-02 -9.4607477917676291445658876e-04 4.2747848200339055857455151e-04 2.7600063040984735171414565e-15 -2.7092183515234629456317973e-15 -2.4589650460182080338178423e-01 2.1435688496182514484189596e-01 2.3158141284484015653966082e-01 7.3936526057805235234710040e-02 
-1.3455853151794925737847887e-16 1.9643977977914006164700485e-15 -4.4520134195830396439674814e-02 2.8268147020657122259201799e-02 3.2799787177185048270278145e-02 -7.2139391064277025300555124e-04 3.8837626027275334861244005e-03 -1.7548671107209673492022262e-03 -3.6108044912605912481230927e-17 1.1001949655507335077052542e-15 
-2.2950031306402132291507802e-16 -6.5479375436909434140335066e-16 3.0317038392690606740664805e-03 -2.3003349835953132429544610e-02 -2.4040177648760596706978276e-02 -1.5917186104793881740171457e-03 -4.4463839077393402243743026e-03 1.2218034407179789724295915e-01 -3.7760625176814360814958604e-05 1.0374822772156178096736312e-03 
2.6721203979824910435425374e-17 -2.2785753385442618133252927e-15 8.2667746428112434675661291e-02 3.1556300291134570246143198e-01 1.6919505886192348631524851e-01 -1.7455541446034164576595060e-01 2.5468849203349150222868855e-16 1.9478118087623089036978859e-16 5.5248938917390744141044934e-03 5.2446220381274145927452679e-02 
1.3937778233196383703695886e-02 -2.9699912221502908216130834e-02 1.5500237118021200494188960e-04 -4.2590074894942320238300226e-03 -2.0127792774740294389141105e-16 -1.0300756263483212221902320e-15 -4.5432466939284078169432839e-16 2.3875327310712923054142914e-16 -1.9256368795786741460185354e-02 -1.2943631354646639025629540e-02 
-1.2114829770662683544601990e-02 2.0825335751118712740437289e-02 -4.5072209051362915888105931e-03 1.2384225770053780557589107e-01 -8.4235814719828272512103240e-05 2.3146831568466585959953363e-03 8.3339114113271700312895800e-16 -1.1087571398249482322436132e-15 1.0466336566971456978336619e-01 -3.0677828930611983349052707e-01 
1.5497146804998462865654574e-01 1.8521560943723630598967134e-01 -3.8738378458107177221825492e-17 3.2570681915517242298534001e-16 9.6668844986263907648194049e-03 -5.3329331623383574578767252e-02 1.2216979252584816983961957e-02 3.1482036289681047946942272e-02 1.5453136124622419284024843e-04 -4.2461985394160956311382371e-03 
-3.9607701391283890069398570e-16 6.3322381213042316892684206e-16 1.3000649334460364775063096e-16 2.9509319683195703240411326e-16 2.0102611752465204125739362e-02 -1.1296032077933339590747330e-02 1.0561907855473576245408651e-02 2.1276825416468025942151598e-02 1.0892289767419276180770993e-01 5.9101795191934022866142584e-02 
2.0358347184653916017715858e-03 1.1046405696580677280316252e-03 -3.0079418684391561465195979e-16 -4.7111623626523398747399814e-15 -2.2824790721573329221882886e-01 -2.3015262708590067397551593e-01 2.3480556600632498942538007e-01 -5.6456390791661550943025816e-02 -3.7742920199354014357081993e-15 4.8044898378129158064682536e-16 
-4.3469472586140214809269366e-02 -3.2370839043640312060468034e-02 3.3630928900645451484763271e-02 3.0551288487889083529680523e-03 -3.7346598889807310246713445e-03 -2.0264248052627152098248420e-03 1.7376687899138523596947463e-15 -1.4491087966462641729809581e-15 -9.4622198364299363956451113e-16 1.1736223233178889195224519e-15 
-1.1796604022886328713703996e-03 -2.3028759005024167921815703e-02 2.3754098537943277996697944e-02 0.0000000000000000000000000e+00 
7 (band)
-4.9095287238997725731692867e-01 (Ry)
0.0000000000000000000000000e+00 (Occupations)
-9.9514375147863546721537234e-15 2.3010655122702179885607780e-15 -7.0793128322761845174700943e-15 1.9340513136435040745637879e-15 -3.8666207681418018893282351e-01 -1.9123317561289650962086384e-02 -5.6428791992179036223737850e-15 -2.9937263251626999052918780e-15 7.8188594893519477120575548e-16 4.5225895167762726585471479e-16 
-1.5790159919081170336596642e-02 -7.8094209658475383095677103e-04 1.2656214714319781563261223e-15 2.5554137351534574689977440e-15 6.0457098994048369858667209e-16 -3.8470942366999426812534588e-16 1.5299492783891875189211623e-16 6.1379403351185780615679218e-18 5.8726594957803357477388317e-03 1.5992157261840382609374700e-02 
-5.1831954118735160119690875e-03 2.6900778792017930596269792e-02 -3.6351269531100651087351322e-16 -1.0808411032507344941043285e-15 -7.2510306510924064874555575e-17 -7.0774009910833525481334307e-16 1.0656389364472914408142522e-15 1.2436869899404154919633712e-14 7.6166738486041785379484515e-16 9.1356715792287016179396689e-15 
-1.8905254217409525607784815e-01 3.3783486974898419008539463e-01 -1.1402168821691680920642437e-16 3.4787667502270634721026804e-15 -3.2157450516624063693048416e-15 -2.7550528979294254473699689e-15 -7.7203596021535522697654130e-03 1.3796197608100961573551757e-02 4.7967721223879666206061225e-16 5.3156898779727470097897612e-16 
1.2821765895163628718840952e-15 1.4654327595557225377031615e-15 3.1157298549083167830227548e-16 -1.5323853776651100487730550e-16 1.6935554338602505641819818e-02 1.8504655319792600448591813e-03 2.1790712906273615456775872e-02 1.6603681680008912369128637e-02 -1.9609917924751978320078406e-15 -6.6632046644518860618076503e-16 
-3.7512013685157600262801391e-16 5.4678819224315732831971200e-18 -3.1580127620134871055215934e-15 -1.7598686821535386990384464e-14 -1.9923528796958416575488427e-15 -8.7494550850269791238390185e-15 -1.8906883941155749884188708e-01 3.3786407034624638123787577e-01 4.4006267601159342237745671e-16 -1.2269333287215828562772071e-15 
1.6472545341085720572906051e-16 -1.4337762723570048398823672e-15 -7.7028133170627677284159063e-03 1.3764850654656345108062254e-02 4.1959368849547186630360474e-16 -2.2250195745578356640072714e-16 2.4585742378954169809487849e-15 1.9139613454466721726324913e-15 -6.2065856867531851153419688e-16 -9.7890136150055853571987393e-16 
1.0437986985367469702778997e-02 1.3467878128967361930912183e-02 2.5553698399059458779003506e-02 9.8902104280971202265870801e-03 1.8279592173749900697070029e-16 3.9144737243970934338738771e-16 8.1295719688322684540432799e-16 1.2979075398913849675711357e-16 -1.0028375769536850138464467e-14 -1.5605486080145457472164072e-14 
-5.9213436530735719148499725e-15 -7.2153161847384324241614145e-15 2.1856216394637145716828286e-01 3.1957743436990382335238792e-01 -1.3495214267338042773533708e-15 -3.1821826637609147624721368e-15 5.3714096067576015427721729e-16 -2.3713436517034963401024734e-15 8.9043968325003240715798114e-03 1.3019837310499320082168850e-02 
1.1010868993295365426168371e-15 -8.3628117117413114372364597e-16 2.2200060828958956358965390e-15 -7.9910007176319562652793544e-16 -4.4987293872932830895535597e-16 -4.8753061941465617853979324e-16 1.6704433038473381900601566e-02 -3.3611352942989917644278641e-03 2.0220851054435134974696098e-02 -1.8491212691881354218681466e-02 
-1.2124900547474209340367852e-16 4.6544927721492699962762934e-16 7.3193378208115879168944403e-16 0.0000000000000000000000000e+00 
8 (band)
-1.3257631250668014399884953e-01 (Ry)
0.0000000000000000000000000e+00 (Occupations)
-1.1892301744043054600801557e-15 -4.4522144816584851957756571e-15 -1.4027067294661049209131861e-15 -1.3416441109058476898495389e-15 -2.4454390616142113179520834e-01 4.3521289415279396095570519e-01 -2.4898869713224180911843102e-15 6.0910069851513635707399702e-15 2.2488000367980196700224998e-15 -1.1442572768712820761031627e-16 
2.5406607080365462003612720e-03 -4.5215864863012988905666134e-03 1.8289718029595922252205664e-15 -3.1636940244238325657614585e-15 -9.1391219766110343505321549e-16 3.2438097032157123996674474e-16 2.8394286029893604234061958e-16 -6.5324975567010239196474559e-16 -2.6601092645300210629000226e-03 -3.6949563064359342012821230e-02 
-3.9543366135094154545370770e-02 -1.7200329507941619633371033e-03 1.1276983628460921251319759e-16 9.8493584360581194999725876e-17 -5.5092129505527582881098764e-16 -5.2753767530390675443093484e-17 3.0420564024862811471404991e-15 -1.7135950402715489816761065e-15 2.2750091355363205181277975e-15 -2.3957554842731089778933596e-15 
-2.8109248404963821377222644e-01 -4.1255181576179245084290415e-01 -1.9711183439510673052029283e-15 -3.9747190296955219795857266e-15 -4.6176002976964613496066961e-15 4.6466420966870698876360126e-16 2.9203710624266035478235892e-03 4.2861560919136149072627973e-03 2.7551292422135705232999782e-15 1.1980524256547075841964281e-15 
3.2997584491101495980642465e-15 1.6092814036246164111869464e-16 8.9672320713601831539948178e-16 1.1403159182532644487841476e-15 3.4278936334793813633936566e-02 1.4046384435200537366128515e-02 1.9123025422037955023402134e-02 -3.4654670931260470045920385e-02 -1.7002367248211072435033469e-15 1.2269808497620242478573330e-15 
-6.8730047289426948515856009e-16 -1.2738846641955970087615705e-15 -1.5909801943782880057359140e-16 1.1822568061680501209977434e-14 -2.5970121950694377741308707e-16 6.0050667139596362104236120e-15 -2.8108801325580101693191182e-01 -4.1254721225043189392067688e-01 -2.0417551665986644429658971e-15 -8.4416481195724339987881624e-16 
-1.6917648957109074538195044e-15 2.8541801438083429093275762e-15 2.9363273466560639579636671e-03 4.3095815132534326385993495e-03 8.2358561093083943946065095e-16 -1.9662189060585985096041003e-16 2.4875003506990788974005218e-15 -2.3469492987521700902462279e-15 3.8611225367206928426009532e-16 2.6406916614610268180896337e-15 
-5.2898985013924513381988746e-04 -3.7047316162320091670334676e-02 3.9255666163237973309563245e-02 -5.1184557510489392395669483e-03 1.2287960456535155380662326e-15 -3.3038786719474634793559896e-16 2.5583708302045025708312706e-16 -5.9250003469634609623067827e-16 -1.6614308025004898371184662e-14 -7.9117777985493634352101239e-15 
-7.5842015397376565922465542e-15 -3.7467323419032109636828074e-15 4.9450500879354597483228417e-01 -6.8340835594800919405855666e-02 -2.3350002731378128051744846e-15 -1.0432683848800560508695319e-15 -1.4644760225024435076021696e-15 2.0840411773098431298088683e-15 -5.1657372789145200586702344e-03 7.1391138900426089411443975e-04 
1.7624202014950634995377138e-15 2.0873101290601258410689832e-15 1.0725542520264577123911410e-15 -1.4462423573048348041432997e-15 -1.5006177374286855241588764e-15 -5.4499572476647012792269931e-17 3.3418924271951699900284893e-02 1.5998717623547691751850763e-02 -1.2869789140429651816410761e-02 3.7437607331077107919448110e-02 
4.9787068408757509502061415e-16 2.2587288334362159180151895e-16 2.9314016906095972268350188e-17 0.0000000000000000000000000e+00 
9 (band)
-8.7372304169450937250118727e-02 (Ry)
0.0000000000000000000000000e+00 (Occupations)
4.2234038028823439816849078e-16 -4.9094798849936933285779110e-15 1.0586996977788221782967632e-15 -3.3064783162119447052911275e-15 3.8180409706480344933510196e-01 -3.4207619505098385559449525e-01 1.7496467333150232195092641e-16 2.8446993717351326658551205e-15 4.0074096982032503933078943e-15 2.7462351849243146237421697e-16 
-5.6288901984021776081501542e-03 5.0431917774069051629837190e-03 6.9328423672923312116460831e-16 -7.8833049248115612734252203e-16 -2.6310250332895395082284383e-15 3.5467808879509634363782939e-16 1.3629887036171094021702035e-16 -4.1975583406670201727211515e-16 1.1530842309257091637952897e-02 -3.8454089264865043418240020e-02 
-3.8922465096633898640199334e-02 -1.3768413500198452281697570e-02 2.5145933911976195217510267e-16 2.6578225153340788526750517e-16 -8.0133624151987526409114724e-17 -2.2317371795007448891868189e-17 6.1331069064734112707557402e-15 3.8594418949256505587658119e-15 5.1954805512767047822912371e-15 3.6545849726784638124785716e-15 
1.3663813779354486155348525e-01 4.9408553010216227363571306e-01 -2.2424204121711465536530245e-15 -1.3094703344240529443181825e-15 -3.2728457519062349458529128e-15 -2.5595384973635732595708475e-15 -2.0144435836686206894863282e-03 -7.2842436270083577021239307e-03 1.4756061619813439040743172e-15 1.0494729416940185794336307e-15 
2.2100165525561714283985648e-15 2.0383013754608661069609083e-15 -4.8873168517529386449228794e-17 -1.0429518882355390079554622e-15 2.9316761853078149996365553e-02 2.7426351926587266838453161e-02 2.9638827128688708528736484e-02 -2.8741388726831559874419497e-02 -1.3912244235595292839078944e-15 6.8096105082843108891902949e-16 
-4.4007339655458530890903666e-16 -6.3763516056176927532849600e-16 -1.6914861343181458139368983e-17 5.4229693295020977827744951e-15 -3.0791214329716289395652193e-16 3.1713844814554415214109409e-15 -1.3663988285815165113490366e-01 -4.9409611623677318625880162e-01 8.4811053037878851731588939e-16 1.1278633077311744516244634e-15 
-2.1009603534472993393955881e-15 2.0298587073009177861074967e-16 2.0098175020759039693940551e-03 7.2676076061546565632021100e-03 -6.1364015500593481728218431e-16 -6.4254357534611472543238998e-16 6.9144546874584600796191645e-16 -8.5523231129712563655317550e-16 -2.4714992127981272709242675e-16 2.2564803430535337117466094e-15 
-1.1058221122071987957413697e-02 3.8585035478253551510796626e-02 -4.0188378998974365330365544e-02 -9.4269570433330625303103290e-03 2.3376028458632437254805399e-16 5.4689049333272434062070066e-16 6.8214450841528518750365175e-16 -1.1541588632185369244612971e-15 -8.2898986036984366222124221e-15 -8.6603437985581728262499012e-15 
-2.9270077056266740876141941e-15 -3.5054639193359763863336338e-15 5.0332260082011359703102471e-01 9.7302565081483105569049030e-02 -2.4421248244226290059278022e-15 -3.3758425814623481171276713e-15 -8.4789260086642879289511787e-16 -6.4314357464361648776298228e-16 -7.4033171670918693912932795e-03 -1.4312168361606692618126502e-03 
1.0908746619294226885546612e-15 1.0174537853288351944327915e-15 1.2347040664502677077488937e-15 -2.5002624489796550387659596e-15 -8.5914268514587990899770434e-16 1.7878270184934619382419744e-16 -2.9644195922546107135886473e-02 -2.7061242864074047664857403e-02 2.6313003377885533368152338e-02 -3.1805646965553137361926161e-02 
9.7572930729112354317045570e-16 8.1380618183817735516770596e-16 6.1122916315786219713472337e-16 0.0000000000000000000000000e+00 
10 (band)
3.4468135605169597512897894e-01 (Ry)
0.0000000000000000000000000e+00 (Occupations)
-4.6866889388524801617137083e-15 -7.0611620069564004634093031e-15 -3.5560151254074961950990463e-15 -3.3732836668082245909446613e-15 5.0417555688706672256671482e-01 3.7946399168542022106720424e-01 1.2903560459015970661996500e-15 -3.4505447961721717532670765e-15 -1.2551805643530708627656584e-15 4.5847272480810851540202220e-15 
-3.0118377104852989134542440e-03 -2.2668614109728202343774228e-03 -3.9468038614126939370240536e-16 2.9994756854295477472345303e-15 -5.2666247079939467507740636e-16 -2.2234908083220924784662493e-15 4.2885458541987310986205945e-16 -5.2045049834099052550834970e-16 1.3289070373208866637781966e-03 4.7621460186196784558632089e-02 
-5.2462104249914015552391788e-02 4.1149253384529030364014091e-02 2.0141276454985634274380487e-16 -7.6067673444170604200077118e-16 6.7150933069081640268776208e-16 -5.7838406171021119838593241e-16 -4.9591261910675044033947825e-15 -6.0123834090091454088320036e-16 -2.1300540293948518177765797e-16 1.8583425702356300603804211e-15 
5.6406454895970314922237776e-01 -2.8287293570631782957391920e-01 1.6893539404709000739243363e-15 6.9022218467531155974036276e-16 -1.3410460315587503897665630e-15 1.0307301237034635811812306e-15 -3.3696234243806855168656966e-03 1.6898121282436671594662236e-03 7.2171127911416709913153792e-16 -1.4669056436558550738636404e-16 
1.4301850338067098108143935e-16 1.5331189875108623551767059e-16 -1.8202600312228066965026866e-15 7.5192896418751898396564997e-16 4.3245980751269175179629656e-02 1.9983858812557552669941785e-02 1.3531373071276581177002640e-02 6.5287329392761037083481312e-02 -1.2374402453919451490862410e-15 -8.3850306307219410282445396e-16 
-5.5126493141320024195740070e-16 -3.8716666939305440928671610e-16 -6.9060664469975047446869791e-16 -2.3179277649461825155084073e-15 -1.5978030618158243789670233e-16 -2.6903976042425788817482925e-15 -5.6406603952482325947670461e-01 2.8287370910631814968638764e-01 1.0474061954626037023811065e-15 -1.3075249624613563551150809e-15 
1.4872844872482651778179234e-15 7.0096185942164772718301173e-17 3.3574416085459940495283604e-03 -1.6837464601410952191873349e-03 -7.5992528259496314092474576e-16 7.4597129154358842538889195e-16 1.5547718439971563162440845e-16 6.2833680959583328088007453e-16 -3.2784368887363476268926072e-16 -3.9870780220710425406670156e-16 
9.8466229413916236956616501e-03 -4.6606649064362092038660279e-02 -4.4225993020581534642676758e-02 -4.9889706349675405627763780e-02 3.8183145887685195720959942e-16 4.2838365351592406862513186e-16 1.7806224932988507196405980e-15 5.4211349059650309990613459e-16 5.1755804877227742115130273e-15 -8.4186426312050372798825194e-15 
3.2682941733302790034617331e-15 -5.9237244553667902755856017e-15 2.5697034810136065545449480e-03 6.3101618748871468600469825e-01 -2.8089871731364963962965357e-15 2.8908012661338366085925906e-15 1.9244640818537329721585901e-15 9.4530690791728073191093815e-16 -1.5314855154315574255891041e-05 -3.7559528420946196314300636e-03 
6.3117820633506983369895803e-16 -9.4934011881468870275935221e-17 -1.2591557247348805282406766e-15 -6.2103945355049937436256482e-16 -9.1551240477685503544507524e-16 -5.2350724966602045447660339e-16 -3.7367968722388768265663117e-02 -2.9542691717597657774518893e-02 -6.4351229020091715860019121e-02 1.7431023547606089296735377e-02 
-8.1870405073564408402258273e-16 2.7566261064406489442570874e-16 5.7614925553973324765940675e-16 0.0000000000000000000000000e+00 
11 (band)
6.6690856557647437696800807e-01 (Ry)
0.0000000000000000000000000e+00 (Occupations)
1.5352053312771113402490641e-01 3.1928899733710680575171637e-01 3.1710575987348318949266002e-02 6.5950732287513191831607173e-02 -1.3215640966745704353994954e-15 -6.4666085107522607648176274e-16 6.1148621273052448932272540e-02 -3.3199124079823749688955559e-01 3.7847155553811373529526918e-01 -7.0268166426906975008392919e-03 
1.0068451189445037860617263e-15 1.4859208854064216635500674e-15 -2.9080752939955850644437874e-02 -4.7221214301586683648181975e-02 4.8633307426664967865193034e-03 3.3048418859621980780971739e-02 -3.7250536747435530893213240e-02 -7.7472651731487249260332817e-02 -1.7891902327245762231497566e-15 1.2783440653335655338009211e-15 
-1.5668225029520437555109338e-16 -1.0474933268233194343514871e-15 -1.1214503846053322511089334e-01 7.9631431179355546823295242e-02 -8.7781755394462979147363058e-02 -2.4508989418748003408232705e-03 3.5425153958656452335418408e-01 4.4569735100985219400371307e-03 7.3172484142690064068403899e-02 9.2047981734008632592747290e-04 
3.8115803742127375575232220e-15 5.1555151142828219945306886e-15 -2.7017963054392812871640217e-01 -2.0238652398197132242785301e-01 1.6198776553968061153732094e-01 -3.4212579312151236710093372e-01 -7.4900792763656867985485902e-16 -3.1097588904170507154266836e-15 -5.5226922775980749613644605e-02 5.0517593338397503988090875e-03 
3.1764265368181603121922052e-02 1.0338347094833305606087492e-02 -8.5956064334472531696107467e-02 -1.0813225271932083715320516e-03 4.9643656883703370551258122e-16 8.0109281279948133325654867e-16 -1.6240441499064216714468760e-16 1.2179262999360471722243509e-15 2.1463180149047925149297100e-02 1.3585656546842667102836799e-01 
-4.1226155528624318369335100e-02 7.7537394759472633154473442e-02 3.5255172214537833230707520e-01 4.4338306466337185085535566e-03 7.2456330773969832015346526e-02 9.1137902522367419955173773e-04 -8.1556887449902319605555986e-16 -2.1597732116529339808113043e-15 2.7459639111296091362746097e-01 -1.9588547291997848720512820e-01 
-1.5298025062686543273926532e-01 -3.4669590632217134329451369e-01 -5.2939186668511976889312609e-16 1.1001098867724726978879769e-15 5.5822732700627923640990247e-02 6.5809416685551624937033921e-03 -3.2446162547017459720777310e-02 9.7594782718851691427630612e-03 -8.5876029572754322694017048e-02 -1.0801377132996364816008850e-03 
-3.6693721950729352236727217e-15 -9.5543291087504247509584745e-16 -9.7332428592628700744577212e-16 -3.5990746314863451734365162e-15 2.4726016765124370078154925e-02 -1.3532430124561817263995067e-01 -3.9004805780038405427223580e-02 -7.8574671767756093521128946e-02 1.6072833233738803571100107e-01 -3.1381328656687801359481682e-01 
3.3032966514581457717625312e-02 -6.4494756408567166516832003e-02 -1.0694367829577847263962050e-16 2.8355493482324358694253324e-15 -5.3361706256086563482377016e-02 -3.3305678917986519804728118e-01 -3.7856000167232406461437222e-01 -1.7126986782470623310592472e-02 -3.3740970281107987127387211e-15 -1.8039846532596211150590857e-15 
3.0715377593343081569221553e-02 -4.7074959996891103941596413e-02 -5.6850258292436214868637023e-03 3.3401816739332880479285137e-02 -3.9150995833715895866333767e-02 7.6439902393237835198647190e-02 1.0208475952179110429357012e-15 5.4094885154831170937070504e-15 -2.0429792828655546417928020e-15 5.3178301426734478800992254e-15 
-1.1021751119370727656221476e-01 -8.2317328910428061439219505e-02 -8.7723166366406549188106112e-02 0.0000000000000000000000000e+00 
12 (band)
7.5702621090927690872263156e-01 (Ry)
0.0000000000000000000000000e+00 (Occupations)
-6.2264448020505347436426291e-03 5.7410443770262442608753872e-02 4.2102887979383302186064952e-02 -3.8830025288377456593735815e-01 2.5923935767788837598687348e-15 1.4689239039578913752381687e-16 -3.6624227483366834923206312e-02 -5.3411179288914090168560733e-02 -7.5569440059074732829458299e-02 2.0390997080189821044626797e-02 
-1.0443060343581675098793310e-15 3.4355852383564086486126449e-15 -1.1536833413820002380845153e-02 -2.3759252386432852532927029e-02 -2.5520270671717679156209613e-02 1.0246675011702649493727790e-02 -1.3251742354056541411955195e-02 1.2221749901468215160349473e-01 -3.4550093861081996100842248e-16 3.7210608807697548932246185e-16 
-1.1296907430812353639324619e-16 -1.4119791163691540684359114e-16 -2.5659685843966086038481222e-02 9.7860421554529786192233587e-03 -1.1656718689547648087900811e-02 -2.3095392103535932609714720e-02 4.8654713251688047614962329e-02 3.1103802776662733964307961e-02 -3.2908467791374373945245679e-01 -2.1036400435484922666340424e-01 
3.1372812485862115146778925e-15 2.7650553224248030795376214e-15 -6.4125441365080193545367138e-02 9.0562620059606857569889371e-03 -1.5336375618239424245548008e-02 7.6754990819260932033429867e-02 2.3439052502683041427711111e-15 4.4790422492639106297682108e-16 -2.6411123769247171061413937e-02 -2.3052207209763031503513275e-04 
-2.1691428060645855102617219e-03 2.7414838745465464064920980e-02 1.0357946035183962507630895e-01 6.6211941023073261902709419e-02 -5.0510604828504968080915849e-16 -9.6419317912806791382451719e-17 1.0749177799313274165831722e-15 9.5372352616632532689191660e-16 -2.6437259626679171509167077e-03 2.7334900982326659768517629e-02 
-2.5869801517677860208666019e-02 1.7203621498334317058143128e-04 5.6286948542017350982646917e-02 3.5979097433472218003913667e-02 -3.2865859265282082457559909e-01 -2.1009183423679761437696811e-01 -6.5717855565215370194834531e-16 3.3353266797438548035918365e-17 1.4316496415991719973193064e-02 6.0287488637545030845110716e-02 
-6.1828804129643068210331336e-02 4.8916955374869980355256871e-02 2.2421486679417390339649006e-15 8.6962803109159204826567316e-16 1.0718566985361527299502882e-02 2.3659327718967556458684598e-02 -2.3799097491761039835367342e-02 1.3856313940660409250726914e-02 1.0274631587285765199624166e-01 6.5679762047943152092344121e-02 
1.9637722698634702103034053e-15 -4.0063318652630546628494022e-16 4.5796341754795774033132223e-16 -7.9731313882305025495271126e-16 2.4137812359188572791657279e-02 -1.3129242864688058303745954e-02 -1.1954872776150905766545662e-02 -2.4082935054434709970516693e-02 5.7254058137691972441007948e-02 -3.4419309334429534774635329e-02 
-3.3431489885021409280696503e-01 2.0096914624963671536228560e-01 3.2483355966491033183089558e-15 -3.3995043788148041544236838e-16 6.0365830520010710369405160e-02 1.3982484095485789299395663e-02 1.6324230817064355747447735e-02 7.7130986195421233353464174e-02 -2.4300365258482189162301766e-15 -3.0429761286008558899437051e-16 
2.5957790029559335565068068e-02 9.1902291273829761920205472e-04 1.8293473781126412883168975e-03 2.7478136137935940674914548e-02 1.0451476183202731973231892e-01 -6.2827550702814552452402097e-02 2.5770760608744814801611230e-16 2.0420114536770123787089933e-15 -3.3332819878332731605199973e-16 1.8825079732976833931538375e-15 
-1.0274967190602366223090014e-03 -2.7458245650073140331492993e-02 -2.6886925148296370730038873e-02 0.0000000000000000000000000e+00 
13 (band)
7.7395274914738976246297852e-01 (Ry)
0.0000000000000000000000000e+00 (Occupations)
5.1398176100802550614332631e-01 -4.8148298812361167708928633e-01 2.0517971549844193912548462e-02 -1.9221692322975020283948311e-02 2.1727467717822622453476063e-15 1.2442878741405276999792389e-15 3.2623013911108267315341891e-01 -2.1299990344114860807422929e-01 -8.1993959282991274450935748e-02 2.3697449154119940017970691e-01 
-1.4964583651293895202367154e-15 -1.3937268121775421112148817e-15 3.1228043178514498789954956e-02 -9.3318523158555932717206360e-03 4.8828409536554318037815392e-03 2.9882117343726921632196536e-02 -5.7910202695234357095355193e-02 5.4248873796318319850939815e-02 -1.0847856916393429000427764e-15 1.0442194685478766117904355e-15 
-3.6897586590558104808820460e-16 -2.0555464285706714995903681e-16 2.2851449586092045795915340e-02 -6.3598379242316066539686403e-02 -8.8379603136707396426885452e-02 5.8501877488766923507412798e-02 -2.0273560255090747328488021e-01 -6.7446378254108774186192932e-01 -8.0940839142669349093317521e-03 -2.6924829022073604178899586e-02 
-1.6434380585406452815171346e-16 5.2273371157991689339630754e-15 -4.5733122161530082028235711e-02 -3.8691542236998760495580996e-01 1.7580344020866886523002393e-01 1.7881014907131542734930463e-01 -6.9703139680986992116098265e-16 -2.9936423312019296188197191e-15 5.5264367036267428301421489e-03 -3.2120595351963154850949422e-02 
2.8936846789799922086139361e-02 8.9130225281054444030903738e-03 2.2842440902505374566988650e-02 7.5991807308333769732655583e-02 2.2475716765204913810215421e-16 -2.9303596359985941899967892e-16 3.0398579705423462385835162e-16 -8.5705822974478100525296535e-16 -4.6805257848059424186093480e-02 -4.8746388873550143550072988e-02 
1.3104139007155225088441242e-02 1.0517464267204695849144969e-01 2.0210494491362679392310042e-01 6.7236199071758195877634989e-01 9.3076115379041104991308941e-03 3.0967231731579940301468667e-02 -2.5793055156584386469616542e-16 -2.0292579583602864785304483e-15 -1.7555475507360907005960371e-01 -3.4940058115467625965422371e-01 
-4.7773936251305271216693882e-02 2.4688690860661821613319944e-01 2.7319524314848197379031387e-16 3.6162186214514552261836986e-16 -2.1460892252613238129210771e-02 -2.2990011370280456770576194e-02 -1.8387944763040731110947945e-02 2.2549444170410382071167987e-02 -2.3352464099343321624058234e-02 -7.7689657070657947013359035e-02 
2.9643100211112023281739548e-15 3.0299772147696834709220880e-15 2.0420189341024638341392012e-15 8.1173672501572283646358676e-16 -1.2292407370652552039969052e-02 6.6463376818537131529573969e-02 -4.7096424520801566382388614e-02 -9.4875132029271183609075990e-02 6.9210551064348613259369358e-01 1.1792801811757543106740087e-01 
3.1876205169052589105671558e-02 5.4321835091377980442306495e-03 5.6693719686259684874825202e-16 -4.8834436950840650162025049e-16 -3.9102002955329090427838423e-01 1.8906687557833645740856809e-03 1.9989753481360456044413354e-01 1.5256628133929736601537286e-01 -3.6856229155870115060356869e-15 1.7286746273725285081805912e-16 
-3.0134691222790249698348930e-02 9.0006057569374936511152896e-03 1.2021875221135815831052795e-02 2.6496574517684560318153686e-02 -7.9970866549146299440131713e-02 -1.3626477851832130561149370e-02 -2.2714116787740455232701958e-15 4.3383812325269185750678080e-15 8.6020180331181244442574337e-16 5.0113154450389259274342481e-15 
5.4066391495965052116368099e-02 4.0562409293506754281999349e-02 -1.0592149866866505669715792e-01 0.0000000000000000000000000e+00 
14 (band)
9.5172040245351052778488565e-01 (Ry)
0.0000000000000000000000000e+00 (Occupations)
-1.0647487069758393429808052e-01 6.5548424130969573653260341e-01 -2.8531418593515101012059176e-02 1.7564384370206809204972842e-01 -2.5111766169923839137151139e-16 -1.6753115671323645046299639e-16 1.2751881056303562833598164e-01 3.4598247528367254144399112e-01 3.3933331152511392314607974e-01 -1.3295318133856171005646729e-01 
1.9318738469484805893231263e-15 9.1172738383746811215852354e-16 2.9527177223299005959233909e-02 7.3248010296493915038951172e-02 7.6065570875724783372895388e-02 -2.7223339592155448851684696e-02 2.1931521855499649248377736e-02 -1.3501490415605388317743518e-01 -5.0192524433450163782468937e-15 1.4612073452095564796326656e-16 
4.6432697463352652732591721e-16 -6.2816812176445880712744457e-15 -6.1031106809320681549912990e-02 2.5882233192964516910183903e-02 -2.2035193752438231307166916e-02 -6.5754597172711870545214197e-02 -5.3978247045997596043065414e-01 -3.8682214683176646685680566e-01 -1.4464018401991576845411203e-01 -1.0365335905833036878043174e-01 
2.0610216327430305056356224e-15 1.1763514605296729715692479e-15 -3.6659992114053507883397742e-01 -3.9615881545086342740980001e-02 -3.1791799613441376615163847e-02 3.6306049938818962807829394e-01 1.6015090322196944900155727e-15 -8.8339658619993587022114600e-16 -7.8737925973449265915071749e-02 -6.1208022815403967387126727e-03 
-9.4371632941536304217677866e-03 8.0237280862195975439377094e-02 1.1118291132634572360160519e-01 7.9676698125397765748445522e-02 2.7629768319022086616814616e-15 -4.9251525643350725964724454e-15 4.7827993953880292854448979e-15 1.1358628753578743983355886e-15 3.9535564463795275225166392e-03 -6.6174431503805253296235378e-02 
6.8694788301828499377243986e-02 9.4996248989505996385140918e-03 5.2959139947386402180740106e-01 3.7950119420491712496357195e-01 1.4076736852490195905929227e-01 1.0087237421713896035058156e-01 -1.2184134520889492160175738e-15 -9.5532892883665585796206263e-16 -1.5798432828498557012331105e-01 -3.4026295917120491507645852e-01 
3.3942731567416051241536934e-01 -1.4944967274579817884117006e-01 3.1383772650727302421673531e-15 2.8530020878129301094714981e-16 -3.1302326293747725904914603e-02 -7.3081681740646498024460698e-02 7.3440130987158819264593035e-02 -3.4971608528885977928979401e-02 -1.0960673486818173216761352e-01 -7.8543233342678375752399234e-02 
1.6668123198639362233016909e-15 5.2042405007474427932030389e-15 4.6624680538431888933542653e-15 -4.5525370130468113234204578e-15 6.2256792767948945788170079e-02 -2.5672161841882874810938375e-02 -3.1176789358396312518140192e-02 -6.2805234934982148709003980e-02 -5.7539864941200891124140071e-01 3.0562166326110384861891589e-01 
-1.5294269598052767644702499e-01 8.1235581291937086767518394e-02 -1.7199113103976436180447004e-15 5.9985392800516735212836578e-16 3.7502292422086214163101658e-01 9.7844609665006208876203431e-03 -1.7057495807402990595225134e-02 3.7047962041975474045685246e-01 2.5302783369613025383613185e-16 -2.4084981047053260725448790e-15 
7.9378237254609004813765694e-02 4.4568248556043146835214941e-03 -1.3295847505119771925219396e-03 8.1330796423630932756587697e-02 1.1908710797740498787966601e-01 -6.3252956815985805771873629e-02 -5.4316169126725892157202972e-15 5.5593607822883404669662826e-18 -1.5913733361268529482319154e-15 3.5948821570594911538267208e-15 
-4.6867029216600955207616686e-03 6.7178887718630939107633537e-02 7.0117684858636605826909260e-02 0.0000000000000000000000000e+00 
15 (band)
9.6545977330641341573880254e-01 (Ry)
0.0000000000000000000000000e+00 (Occupations)
1.5102198254219201256631777e-01 5.9898382513763670509376880e-01 4.9355015106217224596374393e-02 1.9575023787003220654412416e-01 -3.8142541447546524723660653e-15 -2.6401869792428463378536770e-16 -2.5597989526503761581466279e-01 -2.7416843779322941365705901e-01 -2.5741438844833225418895495e-01 2.6074712534562022314688079e-01 
1.8549266727345659724071593e-16 9.6284135074377852602560212e-17 -5.2851231972838204342668433e-02 -7.9952500897309014549207973e-02 -4.0374727622132483562111815e-02 6.4113244332465638142259934e-02 -3.4175845622726422345927233e-02 -1.3554782214408489515733436e-01 -2.6998611003971806718129751e-15 2.7920045480023193875610182e-15 
-3.5873374522033753782918696e-15 -3.3439352086110996742280052e-15 7.0510754605893080637635251e-02 -3.9354223544207200813360714e-02 5.2422450018170210772616713e-02 2.4257707093631682149226236e-02 -6.0366654266409580653629519e-01 -1.3105711447857196216837394e-01 -1.9728076612397532629827879e-01 -4.2829574593306315999363676e-02 
5.9281261809351435716815306e-15 2.7613412298839473146428648e-15 3.5939356059495025652594791e-01 -1.0737927018172224724601449e-01 -1.1909877395858886606205829e-01 -3.4650643976381195754399300e-01 -3.7846497892518243147791925e-15 1.5159632599035711121828182e-15 9.5113912310260728677491215e-02 -1.1789775477778721701760389e-02 
-3.9474962698025375940069637e-02 -6.4671122221479540592703472e-02 1.3660756161758702553754574e-01 2.9657623319014669860393951e-02 -1.2275863657198319856167383e-15 -4.9218535198397739226507102e-15 3.5548873054303040584632814e-15 -1.4623145519505854570718447e-15 3.8984788513695689537996714e-03 8.0655584360323953618809867e-02 
-4.5036778969996922594720701e-02 3.6169575050801081039786311e-02 -6.1311711391695811190771792e-01 -1.3309292681851087047917304e-01 -1.9953799402545480123905008e-01 -4.3315321418626984151245551e-02 -1.6034909229016853905648387e-15 -1.1189878594444995888905861e-15 -2.7730585609935082258559191e-01 -2.4330498927063043401730624e-01 
2.4794004592748447590722094e-01 -2.6285787834471424639914972e-01 1.5932451625447046371570403e-15 2.9058759665807728622726296e-15 -8.1589461654725317640846072e-02 -4.9182106184328833187180408e-02 6.2230532909168495558915879e-02 -4.0917853188892856775016327e-02 1.3862044701008646718776163e-01 3.0091269216640809808227530e-02 
1.1453097672336104580362638e-15 1.2572586782337661531814614e-15 3.3305983173949564962104087e-16 -7.5256829780543186569428010e-15 3.6309096666428807009818769e-02 -7.0976097782375180411662541e-02 -2.5258253314691437446670719e-02 -5.0882421382151210575983669e-02 3.9182633746427558696368010e-01 -4.8999841205487004724972167e-01 
1.2751965448850938189551130e-01 -1.5946901218865799920720860e-01 -2.3000410787784551998575645e-15 1.9599993181216874970840868e-15 3.4123107920189094111051986e-01 -1.4020415905984692783725620e-01 1.2520202622573167738906363e-01 3.3895867478408520101496038e-01 2.1768177068166048259716205e-15 -5.6514958210752730217576288e-16 
8.0330535794690308137866452e-02 -5.1212545736091762138553207e-02 8.9807181692210941159615345e-03 7.3934137155398135798911596e-02 -8.8588630990388078645381142e-02 1.1078432773453648907402425e-01 -2.3562884688647906552463318e-15 4.7169727539445215672922696e-15 3.6773627091579980396826815e-15 3.6527158021580590571533797e-15 
4.7429823790275126016435792e-02 6.4080954833477560272925189e-02 5.6806691209920205654082537e-02 0.0000000000000000000000000e+00 
16 (band)
1.0600714588579565056392084e+00 (Ry)
0.0000000000000000000000000e+00 (Occupations)
-8.8883947639364829573388329e-15 -2.1050245694686011290290288e-14 -6.0473581260409651320777554e-15 -7.9971283456633367143729798e-15 8.3978406878901235010914661e-03 -9.0361818661287632292733463e-03 -1.3585892560952741924324608e-15 6.0504007293006295762700706e-16 -7.9902324301685527815338728e-16 -2.7964810337790135604903543e-15 
1.3974747974141332740316557e-02 -1.5036870721340647727437556e-02 -8.8000380014607562949746305e-15 -2.3950485859288359857818364e-15 -4.8587414366636432388254499e-15 -2.0415658612999576897288648e-15 4.1408244924460857781995607e-15 5.0045136360019336937742850e-15 -2.2989645526244811835070436e-01 7.3756243015635339355107192e-02 
-6.6871105503921335344585941e-02 -2.2832368645226944203763253e-01 5.0200878026831236977545159e-17 -1.8303446337398629714756169e-15 3.1820114709642952296367585e-17 -1.5619854264356377072499486e-15 2.2523807541632109735400570e-14 2.0236133623227535516934609e-14 1.1299915555762355207140730e-14 1.1986519053452000046702002e-14 
4.3598389684706140290160192e-03 1.1539849007064312269577044e-02 5.7333112467484903218286449e-15 -1.2985325251870165950716739e-15 -1.6716245735176626146501900e-15 5.4935768973010646487706173e-16 7.2550373766576831124908153e-03 1.9203267812909666223397664e-02 -3.4391182775311454858639233e-15 -4.8849026157990432060904672e-15 
-2.0046923911698552861319271e-15 1.6908654246091389820901653e-16 -7.2359771428442027065224780e-15 -8.8365266636319604220986588e-15 3.6155717270920623152008488e-02 -2.3871557895253570080740246e-01 2.3424545708300134605472920e-01 4.1623507570205942052155024e-02 4.4442917511930085100330364e-15 -9.2665958511577404491256785e-16 
2.3739666126967912300211553e-15 -3.3109712363789801514300754e-15 7.7367433712506961230846006e-15 -3.4019177244591339709898495e-15 9.4261680619933247416945369e-15 2.7584203054625118187992320e-15 4.3651274086494371018396521e-03 1.1553934478485357317811832e-02 1.0649468003458442169563434e-14 1.0040079395820732217941168e-14 
-7.2096467212554978823069930e-15 5.9560623253113968945521088e-15 7.2460898295938960117501537e-03 1.9179223467122516466609738e-02 5.5996238300523584374594019e-15 6.8613675115797524959821179e-15 -5.5248118101109134545406035e-16 1.0277531726884509883961535e-15 1.1420281742711381537576091e-15 3.0467700381976125737518456e-15 
1.8496855430726011348951943e-01 1.5517912533004379893597502e-01 1.4819900853476947188980262e-01 -1.8611647289030064378323459e-01 -4.9227828672249523745068433e-15 3.9177334955847210809343775e-15 6.8279855416136171090120427e-16 2.8793651801360534269041497e-15 -5.0112216031101558211346404e-15 -3.0695876163512235591404039e-15 
-5.8256430178648422370480156e-15 -9.4111297225786178746793853e-16 -1.2289884197174839874922014e-02 -1.2273897697651350510716917e-03 -1.8065206974651081791986936e-14 1.6040889443193820444612332e-15 1.5734673911816349308208717e-15 -1.3618150439855706040465462e-14 -2.0400922461949209940623717e-02 -2.0373495826687335052973538e-03 
4.2247113071428197895180577e-16 1.0883943056173865409258072e-15 1.8981126637544248255615661e-17 3.1413217817554980330079798e-16 5.2311253859313996964263387e-15 3.0341840324554336930395827e-15 -2.2123929377013112906880110e-01 9.6680411215552486403623789e-02 1.0081222087101764095518064e-01 2.1549752605277489037050032e-01 
1.5262057226344644820601929e-16 -5.2272546000230409003599672e-15 0.0000000000000000000000000e+00 0.0000000000000000000000000e+00 
17 (band)
1.1134470599310450911190173e+00 (Ry)
0.0000000000000000000000000e+00 (Occupations)
-6.3886766233682689519436043e-15 8.7564324231057553783576065e-16 9.6308225548905219879802732e-16 -2.0948408839430965589625741e-15 1.2211804132580157677967492e-01 -5.2285278463942125304342312e-02 -2.7603897735378702886172513e-15 3.8752103566491689899631132e-16 -5.7109062333205327149022476e-16 2.8657589663331382845399016e-15 
3.6299881276975559663000581e-01 -1.5541913472861604295083282e-01 -3.6010641835389849550338897e-16 -5.5669136607552125380779347e-16 -1.5193584059165861558056080e-15 3.6473805310464046830952879e-15 -8.6798166999702466353620636e-16 1.0549233552364703049953089e-15 -7.8436805943159021436983380e-02 4.0369099197343008555982635e-02 
5.1017033214140999897168172e-02 -1.0106053290313332659877688e-02 -5.2582288136024035999657979e-16 3.3443464522532923786764337e-16 1.8765993050111827847264606e-15 9.0522120730062400919910856e-16 -1.9331975069606865566990177e-15 -1.1905675627095670350500421e-14 9.3366661289729960112115692e-16 -4.3858613434826919109488203e-15 
7.4654383521203029894230951e-03 -1.3263043991299391932692231e-01 2.8828703780251184506446435e-15 -4.4708566088537628759720743e-16 -8.4196282590787187586277598e-16 -2.8484430955141073866200976e-15 2.2191295337046779145850905e-02 -3.9424712037414094689680155e-01 -1.3237907785093483353488387e-15 5.0154828816719769577666310e-16 
-1.0313458649240826301129640e-15 -2.7145698783274325286071348e-15 -1.3005888350211238322214611e-16 -1.6163808216779401772678484e-15 1.2833136540212081860845572e-03 8.8206291173789613813127630e-02 1.3631856912716087959491773e-02 -5.0190063440792180571303760e-02 4.7882305231298800028003153e-16 -3.4575154391210743091698819e-16 
-4.1329900354051987257590012e-16 2.2195170600172789724396724e-16 -7.3753286535530990602284970e-16 5.9197143799072466261936385e-15 2.3702411578658332817713556e-15 3.2284388586995512261109661e-15 7.4679383409741346977472887e-03 -1.3267328692578045368222206e-01 -1.4256114056118934208924161e-15 -2.8828683615767970127127666e-15 
1.0608740480339376252051075e-15 4.4266483477772610977744385e-16 2.2188170823488142374690923e-02 -3.9419065924988000437778624e-01 -1.0300894935939499349339721e-15 8.1578095627871122420965330e-16 -2.0922089546895188646344411e-15 -1.0344162415463571352337984e-15 1.5492950330669524172207345e-15 -1.0077267370356041956152101e-16 
1.1166698463457590956293686e-02 -8.7518814832988719998319027e-02 7.8995270352506322120156312e-03 5.1409714406245254902927400e-02 1.0305774234912294840475619e-16 -8.0654380464571388218869995e-16 -4.8151633826575591042730737e-16 2.7136699518297263702114085e-15 1.0138668248715298847822956e-15 -4.9576367697083924602026809e-15 
-3.7214880762196468046378652e-15 -4.5177315760084583451345598e-15 -1.1551651528000006496910146e-01 -6.5680330878582687814670749e-02 3.6450979837123663798056712e-15 5.5339425117468051627371645e-15 -2.6636903363310430719368681e-15 2.1940274293361691564972681e-15 -3.4321556799640373647264369e-01 -1.9514523988366597184729301e-01 
3.5294548969437648049556528e-15 -1.5689865504504365308818691e-15 7.0005764172855035008471536e-16 -1.9503819041745174145937765e-15 1.8679955244560137465756603e-15 1.5119493379297165618909218e-15 -7.3426524725855160657950194e-02 -4.8916087037168196061109882e-02 4.9560693406225368728978964e-02 1.5782868300991396981469705e-02 
7.9362697576992153067130030e-16 -5.8949696036756191852170115e-16 0.0000000000000000000000000e+00 0.0000000000000000000000000e+00 
18 (band)
1.1596158109737471075817439e+00 (Ry)
0.0000000000000000000000000e+00 (Occupations)
5.2591683214266660151281485e-02 -2.3646594090801789644906705e-02 8.4285843418986761133027130e-02 -3.7896682735765255256588091e-02 9.5825112159673408432452350e-16 -1.5027880844939785260225193e-15 9.5457393954283362158541593e-02 2.9525814249145687639952484e-02 7.3375101714247270567881287e-03 1.2200015505310241037406627e-01 
-3.3998977990335139352883378e-15 4.3094112929804479560850115e-15 1.9713062478738785365806052e-01 4.1838687654189243847469015e-02 -1.3634429644017523330923325e-03 2.2627388865937833606345464e-01 -3.1848261174938774509257655e-02 1.4319717188270736710209441e-02 -2.5223807838892598191853253e-15 8.0601148063446365439761144e-16 
-4.0498418977552653369304153e-17 -2.3543123333776710279764056e-15 -1.8410887840580279772861871e-02 1.4738073365108617096552734e-01 1.5230255533867176342965877e-01 1.1602158396951195440394144e-02 -2.2035800612002220955076837e-03 5.7621096746927766285573114e-02 -3.5319466721199649361651041e-03 9.2346019491534314660441396e-02 
-7.0082284796500796106887119e-16 -3.7205092992898787641958694e-15 -6.8890334504285916095156495e-02 7.2374094671396757560977164e-02 -1.1253948879162699314715468e-01 -4.7673266628359356467115049e-02 1.2868297545871294229517424e-15 4.2231243362630001202922426e-15 -1.2512661520792223157627632e-01 1.5796926656883714112922235e-01 
-2.0206994842121378530563902e-01 -1.0183058288551195824656048e-01 1.3345182183252465857314917e-03 -3.4893912095723039756833828e-02 1.1158088313079983303331688e-15 -3.3180928614054358922963110e-15 2.1235698551200933624213962e-15 1.0836856971776890350721236e-15 -1.2382452796669875250135107e-01 -8.2021507645457139568101468e-02 
-7.8111263676984038495376694e-02 1.3126046216947409583930551e-01 -2.2300942639119081256637855e-03 5.8299089294936434768601430e-02 -3.5610561955516234489138583e-03 9.3103255204014190304917520e-02 4.3602817226008515375560060e-16 1.7402821624680573997476330e-15 -6.2501036547752103489372644e-02 -7.6415752990822788381919395e-02 
-1.1462423050901683618807425e-01 3.8415991267578400436555341e-02 1.5847095856637449465316981e-15 3.2259905106754369985818656e-15 -1.1281627745885758340449456e-01 -1.6779750827504116839072879e-01 -2.0953203353011523590865295e-01 8.6508368619000491905879358e-02 1.3457017295594713574002910e-03 -3.5181480263003134245636261e-02 
4.3512748284330580920003140e-15 2.9848966766923971936344256e-15 3.5701202869247966148116171e-15 -1.5634404183749135440306171e-15 1.2972673261664943722415444e-01 -7.2246411164320692432916360e-02 6.7863082997972751231330335e-02 1.3670929427990202720266666e-01 -5.1227601535745487248973973e-02 -2.7919347663223070821203464e-02 
-8.1810309752270479743962994e-02 -4.4586662456948644717158459e-02 3.5907727523435409440282393e-15 -1.0605150833412933557959822e-15 9.6236648201617980280531128e-02 -2.2005781458902966274404633e-02 1.6556310087372547862338834e-02 -1.1975137243949422749533795e-01 -1.9079025351424003753797830e-16 3.0287541561109179072452242e-15 
2.0046028723835096485572649e-01 -2.6442191348406220846589676e-02 1.5678750096535309238587885e-02 -2.2614497056488991333367267e-01 3.0914119287972541966214024e-02 1.6848284639394597861361547e-02 -7.8934983583281340252302651e-16 -2.6161823577784823091457403e-15 2.1505045082795311603681650e-15 9.9800044719702799927107686e-18 
7.0308911430282585580675558e-03 1.4832105599426265163387484e-01 -1.5262643668938763452658236e-01 0.0000000000000000000000000e+00 