194 (index of k points)
0.1258213555919852066899978 0.2176161659590929164931339 0
18 (number of bands)
52 (number of orbitals)
1 (band)
-1.3681136513226008766253017e+00 (Ry)
0.0000000000000000000000000e+00 (Occupations)
-6.5326569020181163294225257e-02 3.4241589518943493786196086e-01 4.2058351877280707176165464e-03 -2.2045381860693380460247681e-02 -6.9751254910354517513079557e-16 2.3464871342725842757659357e-16 -4.7712783557778984389052823e-02 -1.2449933228295920195627389e-02 -8.3944310174082562014952202e-02 -1.4079690434145641919627678e-02 
6.2998033257198708046397118e-16 -4.1137332661095475510039911e-16 -1.9576930232812601861969171e-02 3.6924560478815288133702666e-03 -3.0704329196340324897862573e-02 -1.0152148386932208223853991e-02 -2.0608147947673775661481255e-03 1.0801968441342679749794797e-02 8.4145929956665345930185146e-16 -2.4571072434297133093447219e-16 
1.8422518885752893120267450e-16 4.5190879172490323984663205e-17 4.7771783048896777207348308e-03 -1.2911267154550694000181288e-03 1.8125014231810190890037404e-03 4.1716649810518841023920800e-03 2.9432193377890675245467378e-01 1.8679080597012465148054616e-01 -1.8949006481694959103112552e-02 -1.2025932993609565746506718e-02 
2.1484169481271070165261443e-15 7.5034467505614207408232083e-16 -2.9139902263347429445250469e-02 3.9779098133359766520378287e-02 -4.3992926713316220233007670e-02 7.2866365989538939285097285e-02 -7.8648134075243916526505499e-16 -4.1062888333034619572637407e-16 -3.7735898725880234749752162e-03 1.9561453128011840191247117e-02 
-2.0742246297474807581462386e-02 2.4810908222037263148873620e-02 9.2847797347252233185477266e-03 5.8925669367205849025204145e-03 6.8159327528364253108690722e-16 -2.3507024167199398985297323e-16 1.1902826317164805762340402e-16 -3.6509184164519406608570865e-16 5.5813736529368440653087191e-04 -4.9170035014759853886356922e-03 
4.5459422820032235890153061e-03 -1.4952889969749479093241717e-04 2.9515462280294246788514556e-01 1.8731917971418365898017555e-01 -1.8381434002906947566824414e-02 -1.1665748252399906620402348e-02 3.7439020115265571677613616e-17 -1.0151617140983652648994626e-16 -2.2775966899858758607511078e-02 4.4274758644030506871125397e-02 
-4.8149376185159901975207930e-02 7.1018555711509889771804183e-02 2.7589714418085524505644834e-16 5.2637071598466277026605696e-17 -1.6650232547079278633272992e-02 1.1116989952502012023449751e-02 -1.3012923041438646809542234e-02 2.9245293696638273439614153e-02 9.2990968970655570047245675e-03 5.9016491390746902631625481e-03 
8.8334107803390310740425610e-16 -3.1312589275320267856443698e-16 5.3767752642537910678676593e-16 -1.8428628994297189942738765e-16 -4.1304785783505045676511358e-03 2.6902897456607946166662337e-03 1.6170241298573886229439367e-03 4.0841367492238621339506466e-03 2.8281863210625274307474797e-01 -2.0547103879691752670311189e-01 
-1.7613195582901527286301402e-02 1.2796176759101642039784252e-02 -1.0137286692774780073710783e-15 1.4040124305801072734669715e-15 3.2781236885928502489129244e-02 3.7475184181530014904115689e-02 4.8306415605914525268627102e-02 7.0911831831347346688509958e-02 2.3835601666120573679709125e-15 1.1790566440719852992557566e-15 
4.2069564470149402313214893e-03 1.9573431659491255518723563e-02 2.2401209932730759000207854e-02 2.2865020512446099232306551e-02 8.9104404818138339960942318e-03 -6.4735396871975769972351600e-03 8.2235242391360060470987492e-17 -9.2808363126426617736596310e-16 1.2451403884403029544315264e-15 5.1506113626818533840105481e-16 
9.8083756765416393701151332e-04 4.8307835666382935302376467e-03 4.3926005990655853095105954e-03 0.0000000000000000000000000e+00 
2 (band)
-1.0923204997732995913395371e+00 (Ry)
0.0000000000000000000000000e+00 (Occupations)
-1.9006664345958024231464378e-01 3.1496247440480812374019592e-01 9.9452717027500026070185868e-03 -1.6480462116406136008350813e-02 -1.8760255147090928048986047e-15 -1.2256088942883439376651067e-15 4.0133837684397266620806022e-02 9.0608350337773146954134518e-02 1.3718878705950965368742800e-01 4.4402991853487623619134439e-02 
1.5261051428068802528363454e-15 7.7516498356743870096318472e-16 8.0023906431633401448166865e-03 2.7610389162591342238073366e-02 3.7097317232082066551512867e-02 9.2150809442757136702439880e-03 -5.4965778856638364269215913e-03 9.1084692737965593234417128e-03 -5.4078150723618086108506663e-16 6.0734894035543241555916336e-16 
-3.8673792933347547333006950e-16 -9.5403205413024009555723395e-16 5.5107142737919959096792866e-03 -1.9695650152466853688437709e-03 -2.2447641805421469918258026e-03 7.8431075424774641946523701e-03 -2.2287650459195468277684427e-01 -2.9266491579973669123759805e-01 1.1662047458485480522227817e-02 1.5313742517359896222473026e-02 
3.9126333166420108505188520e-15 -1.9302226455051967323337881e-15 -9.9019764613504090977613714e-02 3.9603401491145190371767626e-03 -9.1787418576436879957824999e-02 1.1120907683940992050075636e-01 -2.8722370916855047026428148e-15 1.4629208203553598142368490e-16 -2.8617367086052142299834600e-02 -2.7236275034509330184029352e-03 
-2.2224398883347713795632927e-02 3.1099915705693016720889688e-02 -6.4454152794040080881599053e-03 -8.4636400467470954828153040e-03 1.0567899047728601024019806e-15 -3.8678415426539106790435888e-16 7.1332897571721595035872146e-17 -7.4231017203913956551639102e-16 -1.9737398727163665834716255e-04 5.8487777924810871454930350e-03 
-6.4659841604134161985317775e-03 -4.9743694059038437091380125e-03 -2.2302579467281913316867303e-01 -2.9286180436562175843917544e-01 1.1523366315780297908233365e-02 1.5131669644983887848543880e-02 6.6269548567730298153868431e-16 -2.1159787184748242682192789e-16 -3.1771392404523333963251019e-02 9.3581828187711768585188565e-02 
-1.3213258080093948088062916e-01 6.0506453259653453224942155e-02 -1.3568042254560966039663904e-16 -8.0148620860362575050454177e-17 -3.9825481532900636194582944e-03 2.8834546650496971353927478e-02 -3.5588412000701091786325492e-02 1.2184053023938545834425895e-02 -6.4610614079168111542617048e-03 -8.4842135119619979666261145e-03 
-2.5961521712685709640787513e-15 -2.0744736851149740018468410e-16 -9.0527212070571854397393303e-16 -3.8625993573834323988351592e-19 5.6979881811798872501273472e-03 1.2553434741960790149706284e-03 -2.9562805063743161082534527e-03 -7.4667122364891203023518074e-03 3.5439729019562837830648050e-01 -9.9554518971849567665621805e-02 
-1.8311104697562797377630162e-02 5.1438159228187237126395104e-03 -2.5718650416929793436804414e-15 -6.7527410216709613896461693e-16 -7.5314353750747714544289124e-02 -6.3990062207999659493751210e-02 -7.6162303111720766959913398e-03 -1.4512767768770734599925731e-01 -3.2481703443482623692601540e-16 -9.0106979226823907991986207e-16 
-2.5343609702194312693901423e-02 -1.4317584209491427196803137e-02 1.7725222367251660619130726e-03 -3.7574517718031566482217443e-02 1.0266897564773875758947774e-02 -2.8840956689890570076306719e-03 3.1404783041168836398910095e-15 -1.8774476552680606511737396e-15 2.9305364890623184425085723e-15 2.6971645278377805793437444e-15 
-3.2647581934797257133262782e-03 4.8357326734628971326435121e-03 8.0306529034014483697800912e-03 0.0000000000000000000000000e+00 
3 (band)
-1.0078190767740240474381608e+00 (Ry)
0.0000000000000000000000000e+00 (Occupations)
1.7008564030442763215233981e-02 -3.7024028885273757571994224e-01 -7.6475254746059817545500437e-04 1.6647098080991587498722595e-02 -8.6711444423685930441927387e-16 -9.1498130109903380732000815e-16 6.9359035858487294579077798e-02 1.2226441189463957415206607e-01 1.3255869501020750567121809e-01 -6.2758667049542776750215012e-02 
-3.3040310197552719596667349e-17 8.4891110894350641705365889e-16 1.8428591544342239061382571e-02 2.7592379464756011664405833e-02 3.4702997631466558914326015e-02 -1.3869588428286285311519244e-02 4.9181571376187734057072731e-04 -1.0705763054755165764042601e-02 -6.7845500187458249219439441e-16 -4.6443076483478037600037578e-16 
-1.3904516673435166584168352e-16 4.8529732006807702618758573e-16 8.7927069181699419458952960e-03 -2.5581798112766229724712730e-03 4.7478285281875309831178811e-03 5.3634337147829766467843626e-03 3.3797944470783236603494970e-01 1.5210870354815816951621343e-01 -1.5196556165878616351250230e-02 -6.8392544677563990584978626e-03 
1.9742155073857823885570934e-15 1.3445578055342641846776976e-16 -1.3921133928682974389978710e-01 1.9479868714247276784146123e-02 9.5534226317612880308161039e-03 1.4635296385336654667597145e-01 1.3650473591386990296925032e-16 -1.4658137892301413801866147e-16 -3.2438762633553067105118828e-02 6.9770387443168907504187359e-03 
1.2059171694966952514960212e-04 3.7371767223636290222721357e-02 9.7729173130264371249786848e-03 4.3983329198231703449639696e-03 4.6975747790432910454134143e-16 6.6086765113790085100126552e-16 2.2577557365151676875941959e-17 -1.5452986747424378281601293e-16 -8.5827586416384327172579560e-04 9.1169809387022897329000415e-03 
-6.7345868043117759066396033e-03 2.4400076887427686600506860e-03 -3.3748930252633307924625683e-01 -1.5188866176162951759920361e-01 1.5401107772647760693618402e-02 6.9313437209018169404828313e-03 1.4358686595949361402840611e-15 1.1434969714814901445126021e-15 -7.7601430322995407218300556e-02 -1.1702212214361609743384918e-01 
1.1577272065981507320753252e-01 -8.9888586222350255749979908e-02 -6.3060308136486255452261103e-16 1.0201022096869193210397960e-16 -1.6349397780714675088020726e-02 -2.9001528930343044299089428e-02 2.8145722670547157484577383e-02 -2.4766605604203045798428207e-02 -9.7487479808478130077764590e-03 -4.3874694646544500770124486e-03 
-2.6022652640453324096176608e-16 -1.4541160122643513502964731e-16 -3.3872734791730216126925556e-17 -8.1820359688692452619045611e-16 -6.2446429789217040157156546e-03 6.6805731918235375030312717e-03 2.6323617067337979485985855e-03 6.6485867373378016581542127e-03 2.6546060465714810261417256e-01 -2.5787567211066025896215592e-01 
-1.2114126314659530436745882e-02 1.1767990059231688004803829e-02 9.4531601912515727183012363e-16 -1.1081095647140477863163087e-16 1.3737140931756913753147842e-01 -2.9073268844047359116267160e-02 4.0957512840708379386889249e-02 1.4073294896339963444553689e-01 -1.3875775803887590845597596e-16 1.0294133255503821796928155e-17 
3.2983554398041958766185644e-02 -4.5251107567118751748291849e-03 1.2666275964840559287161170e-02 3.5286426724503140717192906e-02 7.6681194290221721052147608e-03 -7.4490214068423004148411515e-03 -6.4364309894941316696358769e-17 1.6337201793633387790380240e-15 -3.8353565110308684458958495e-16 9.2454600826885518010769937e-17 
-3.9126334643313741279424534e-03 -8.2654052217268573349295835e-03 -7.1507365885618099504705825e-03 0.0000000000000000000000000e+00 
4 (band)
-8.8443688427098532400805198e-01 (Ry)
0.0000000000000000000000000e+00 (Occupations)
7.9413433287890911049800025e-02 3.6220495965429082285691464e-02 -1.6625562873495735357470826e-03 -7.5829467741790612667074356e-04 -9.5237358373828509763032561e-16 -1.0709162197844827526650290e-15 1.7976095102508260481499747e-01 1.9654896870281884924125393e-01 -2.0375121569393128684311023e-01 1.0520839815392188376641514e-01 
1.6987654685958392429421049e-16 9.1729019953370740073142434e-16 3.2384450582754187308864857e-02 3.1757142251072137395517814e-02 -3.3524608796809379773762316e-02 1.4088921072144367646616914e-02 8.2444903108693651239136102e-04 3.7603225574205003528538427e-04 4.9464700221062788179434457e-16 -1.7651345478923608946924118e-16 
-8.1846677101186607035647092e-17 -1.4452351264312982631590855e-16 5.7850770543676349744188769e-03 -9.3130690487755810047509897e-03 3.8712278177954403957095053e-04 -6.7039011103348644660115951e-03 -6.2911000050343390821439016e-02 6.0503089071689150624244746e-02 1.3170723497858694006623637e-03 -1.2666588537758594057436312e-03 
1.3674064093667427196322649e-16 -1.5800383226822060031939284e-15 -2.4892102909328886473083742e-01 9.4783004208160978598662894e-02 -2.2814469629634334668644158e-02 -2.2817288382800518520276967e-01 1.5215588599910965959722861e-16 4.0116059709827582381154588e-16 -4.1448555505185766256737168e-02 1.8419716882606896463103752e-02 
-7.5831591424393995914954303e-04 -3.6356870725218447260029819e-02 -6.5312587998287569002187070e-04 6.2812661710520863167506178e-04 3.0465633816563267021549979e-16 1.3808014467149439776468898e-16 1.5910978936971191963296837e-16 2.6058758013830501878637573e-16 6.5294437118347814497099080e-03 8.8071979906324884823654031e-03 
6.0906202157838054689342755e-03 2.8278082559473685653195218e-03 -6.2981240662626308823845989e-02 6.0570863128160311317227382e-02 1.1228732950525066591751511e-03 -1.0799026515865002388838700e-03 9.4961241264678001762298305e-16 1.4010713661853532989621498e-15 1.0380353753287062390509021e-01 -2.4317353353430926077294316e-01 
-2.2529074965704015687251172e-01 -3.1252672686425925219211308e-02 -1.4798715499652470695469502e-16 -5.6161937822210262073746419e-16 2.0502505540730183580810930e-02 -4.1872573870568106924050511e-02 -3.7398480510175954871776582e-02 -2.3509959556784962297903974e-03 -6.6988467099172999130729522e-04 6.4424800874736832395628383e-04 
8.7655121275775654689950675e-16 4.6229289099438415457080291e-16 1.6282731361275726897210037e-15 -4.8922356936215994578190029e-16 -8.6675084186088064558406430e-03 -6.8658183877015020735168349e-03 -2.5094180596150726658688512e-03 -6.3380665304834347961726593e-03 -3.3132423235808547423708603e-02 -8.0856098508499188448617190e-02 
5.9071086331689490189766900e-04 1.4415598668150939043464120e-03 -1.1014411327381194388195992e-15 6.4070836424456136690546436e-16 1.8788440268542594413503366e-01 1.8603223657055475981358938e-01 1.1199305658793801132588897e-01 -1.9796516538816738561834541e-01 6.1030874725460704620490719e-16 2.0411036964316335471073020e-15 
3.1384658914091798087575569e-02 3.4477070073308899167408015e-02 1.5953199660302827544988702e-02 -3.3906768454873420504114279e-02 -3.5240565492168131073863480e-04 -8.6000652531523984027639340e-04 -1.6353792453791880318653877e-16 -7.7856279003662973488304790e-16 -4.6726526507629592745149066e-16 -2.5661110846580456617733927e-16 
9.5743991516759590493235166e-03 -5.5313691979384472727221400e-03 6.8167636267342738426444626e-03 0.0000000000000000000000000e+00 
5 (band)
-7.5282381558095023965648807e-01 (Ry)
0.0000000000000000000000000e+00 (Occupations)
1.1936596902091659022637771e-01 2.9952889320942827078297910e-01 -3.7877395980670525155176165e-03 -9.5047074597267230955388584e-03 5.0039397335259899924251925e-16 1.2370796638335473108437977e-15 7.5486098655279776359350308e-02 -1.7217219946916953454696397e-01 2.4332422534390085733235765e-01 -1.4814137254624187844953553e-02 
4.9382961298276694933729730e-17 2.5699753354053996166918050e-17 2.0287991541084654523174891e-02 -2.4914749006830050337413240e-02 4.8445867281528803838241970e-02 -9.5756508021576786093831402e-03 2.8957176084824891304503325e-03 7.2663279460895300113087991e-03 -1.1383782540717253732190465e-15 2.7231692008432919908035226e-16 
8.9015239549357645477045836e-17 -7.6968035705850526774867501e-16 2.1098949581511844408865386e-02 -1.1766280975988030466083956e-02 1.4817346306214559253922047e-02 -7.1731816880082899245962835e-05 3.2243646570172040943802472e-01 -7.1973144486177365042323117e-04 -1.0231613446519793875211235e-02 2.2835032928270049268348885e-05 
4.0951358626690111557675011e-15 -1.0907462325017034584856051e-15 -1.3229337631472265490728546e-01 -1.3356601342966992196359399e-01 7.5799785088861523774106388e-02 -2.3169059083674944932162987e-01 -9.7839552687262868370417555e-16 2.4773192184051675339143988e-16 -1.5696639972888330738509666e-02 -2.8035028311137855094870019e-02 
8.9308982600548661445749588e-03 -4.8568860406777297766822699e-02 7.8220456123476063414745596e-03 -1.7456418849762928013902297e-05 4.5646955048624151851547733e-16 3.4186467836326620999847183e-16 -5.4524740805175752718668588e-16 6.2231689321522151917902475e-16 -3.1729700056824135245836516e-03 -2.3948764118259205369021458e-02 
5.3879344216370070319577223e-03 -1.3803226422833110575982829e-02 -3.2236460434667890684323766e-01 7.1948070144098319467218516e-04 1.0285671990208904158503600e-02 -2.2959751932512262317942486e-05 3.4083115851811926423572999e-16 -1.0414398268649356625712050e-15 -1.3148319131571822859783083e-01 1.3416140409292018342846120e-01 
7.6710396907295558266426383e-02 2.3136166195956020530388741e-01 -1.9004186289233221825695857e-16 -1.8555964268340825445783218e-16 -1.5594990839028191956239233e-02 2.8136859673915833035540146e-02 9.1614631488506157591666934e-03 4.8583803482374170179536321e-02 -7.8163560503145199098717910e-03 1.7449068086778513064771801e-05 
-2.0453917471890428369715982e-15 -7.2851608672871291154296423e-16 -1.6940002083267996688663927e-15 2.1910008890298254727430242e-16 3.0676194385235774214626403e-03 -2.3948118193278147836089431e-02 -5.4521824793427788730104666e-03 -1.3770641028907810304859893e-02 -1.1800136947980557899917642e-01 2.9999188753857763956034432e-01 
3.7650609611214781724530809e-03 -9.5718280071970113231927257e-03 3.1726981449314726402153633e-16 -3.3161089957432674497244592e-15 7.6337927884125689192984510e-02 1.7163808642929781478336793e-01 2.4335361357648879754300708e-01 1.3846385002294054819560465e-02 -2.5474005267569323143190078e-15 -2.4455957549195430070019567e-15 
2.0420091489649596500077777e-02 2.4857724657197453888013428e-02 4.8544637598356872587590516e-02 9.3667779030784711208346138e-03 -2.8611688400199150432434703e-03 7.2738874918522357371220011e-03 1.3512491007188849801908905e-15 1.1899760831347184474576607e-15 9.6694199362609216412841834e-16 9.5998176445351675489367871e-16 
-2.1137131146044131624339713e-02 -1.1668090715016623051814015e-02 -1.4810700460649247472977308e-02 0.0000000000000000000000000e+00 
6 (band)
-6.4891233533571479608070831e-01 (Ry)
0.0000000000000000000000000e+00 (Occupations)
-1.2660880074394950667304727e-01 2.6646890139939150010661706e-02 -1.0944229376503647466201130e-03 2.3033416013112928411032954e-04 4.9079874295092417156665748e-16 -8.3380994304753370584628067e-16 -2.7857338480290988469434410e-01 1.5511488152726865541453094e-01 2.0594075736625194750217815e-01 1.2353380841512302812379431e-01 
8.7644114656725844777091595e-16 1.0776346540508104819055635e-15 -4.8466580877199627597207154e-02 1.8181652086169702853268859e-02 3.1734469670789813844358207e-02 7.1249230150547127049520668e-03 3.7853125336029126019044000e-03 -7.9667271077314000260471971e-04 -1.6439426218990165423414515e-16 1.3524608649231784896018425e-16 
-4.7215909839512335777860082e-16 -7.7231376167295983799140938e-16 6.4989281339884533150730306e-03 -2.1098734704204480383538112e-02 -2.0485503540578237080538315e-02 -7.0474645111010016107488951e-03 -2.1832156240817357506500684e-02 1.2752726035568229256966788e-01 -1.8872466817537736361032330e-04 1.1023603727361996895695029e-03 
1.6794843665848937697747786e-15 -1.9408761893506333597959114e-15 4.1672466846526950989826332e-02 3.1611257915288626385574844e-01 1.9067067943316493017213986e-01 -1.4600304575804790019333268e-01 -1.0075546150189653310139090e-15 6.0905551126448950143346833e-16 -9.3686581116456807416525976e-04 5.1756199792491804079208606e-02 
1.8306823330171709263147761e-02 -2.6883104597767118471018932e-02 6.5273892903581435392945664e-04 -3.8127693708992077548103339e-03 -1.9763505975845482863855599e-16 -9.8734277220723348375889013e-16 -9.4874634893560965348830622e-16 -2.0134759359354477031868548e-16 -1.7224692400399824188106379e-02 -1.3809512834303677708547298e-02 
-1.4093783611745909489787465e-02 1.6452594775644698715799663e-02 -2.2098938487703157634856055e-02 1.2908349272516062011817439e-01 -3.9506686399791782204893309e-04 2.3076908629887787904877428e-03 3.7016568295689102559027730e-16 -3.6506104730863108940507067e-16 1.4342048208846069901056808e-01 -2.8242792684418566162563025e-01 
1.3022639158885407351107233e-01 1.9978503742651940178198799e-01 -5.8099515901547226229799983e-16 -2.2935606670119753595126902e-16 1.6904800167597280879938637e-02 -5.0466841950243875036807850e-02 8.7564219898284001430965873e-03 3.2351334673563686417097074e-02 6.4965277007800800029846400e-04 -3.7947731384823856978782963e-03 
-1.5519205077083143899078118e-15 -6.3007879544863870108923824e-16 -1.0700732846578771900434720e-15 -9.3388755564873553947678483e-17 2.0770717737797608770655700e-02 -7.0975876092007391532368032e-03 7.8595758984164008909001353e-03 1.9851022732020977973332876e-02 1.1188363441983431578741204e-01 6.8065876365592775654178581e-02 
2.0002028887466105633308189e-03 1.2168415467844057031854277e-03 -3.9449775916291598807625470e-16 -3.9676681356076993740015699e-15 -2.0979824456948698019331800e-01 -2.3731764603492097598369526e-01 2.3369496217360641310278879e-01 -4.7535659251167178274144476e-02 -1.4556571628865866011738608e-15 -1.7015409518231897471931640e-15 
-4.0699810969134005145253496e-02 -3.4295769304886772332885414e-02 3.3302964195442555372927984e-02 3.7678053323089402866508113e-03 -3.2891376984435930289074612e-03 -2.0009810331181251963350576e-03 7.7635585916016972020161996e-16 -2.3370070100059955707138321e-15 1.1235974004146769920513639e-15 2.1294499258548545773614177e-15 
1.0470411063276568227470298e-03 -2.1924921211609944837750419e-02 2.1350317018961728621206930e-02 0.0000000000000000000000000e+00 
7 (band)
-4.6258491988634520275525119e-01 (Ry)
0.0000000000000000000000000e+00 (Occupations)
-1.0891836963986696782622631e-14 3.3815471539723481509147796e-15 -7.5649043947869423937463496e-15 3.0377647810209790948229885e-16 -3.7963026892604123663232940e-01 -1.0834102075314572255493317e-01 -3.8575783690511456371375745e-15 -3.3555396337029747768837118e-15 3.8712210880913964210670388e-15 -1.8856634632570766395382425e-17 
-1.3492627523606415262946712e-02 -3.8506036913540792054888584e-03 7.2393772189519503797889802e-16 1.7493217432289452200138495e-15 -2.4689364348849052847313084e-16 2.5619886726153199143420691e-16 -2.6956392079316095672756528e-16 -1.2980398418843526510916012e-16 2.8212931936258192622268837e-03 1.8089147641505744223966445e-02 
-1.2157118195410869521122521e-02 2.6424316918665417819322982e-02 -2.1567341755979150326720961e-16 -9.3880916739789666458972196e-16 4.1839427819682686956286935e-17 -4.7115075220247621529947395e-16 4.5395881358731566227382647e-15 1.1624456353861344193450211e-14 7.1559436105492402816834461e-16 8.1730722625317075613209842e-15 
-2.4048415642638443223688682e-01 3.1308830762355210897140978e-01 -2.8783341637566282195569592e-15 3.1199388337255732985670422e-16 -8.9146482348014312215192638e-16 -4.5118636178874644691958446e-15 -8.5471682381957764240709707e-03 1.1127626044515351311225970e-02 1.0261370478101362123953546e-15 7.9599075862888017452224133e-16 
1.1451862642138899112391210e-15 1.1352946144636999261614512e-15 6.8536900423838626539385668e-16 5.6104198868937986358930663e-17 1.7857451422515362854381848e-02 4.0358873092686143452256786e-03 2.0093374833110674848590804e-02 2.1030842476024703274761762e-02 -9.7613108156134382571421882e-16 -3.5563932279054962006945764e-16 
-4.5799625202771127510370935e-16 -1.7174627108738444575377135e-16 -2.3593038431372222132280930e-16 -1.3566748465628868962341206e-14 5.1859846949749616076344709e-16 -6.6537653985150175493132293e-15 -2.4050381934951681195400397e-01 3.1311397774577437447263151e-01 3.3999020526199844731530346e-17 5.0603726213289562481047926e-17 
2.0860312769868271116267313e-16 -5.8043833991626667874820592e-16 -8.5255388430671291688511815e-03 1.1099474813974032072483311e-02 8.4133086174392400474032724e-17 5.9001806342985798335216316e-16 1.7837085203161338557830357e-15 1.8454941846107132886464540e-15 4.1841267242007995041766952e-16 -6.6071915136319993342563576e-16 
8.5067818527672402206807334e-03 1.6214916965496605633090255e-02 2.5505668264740131295775782e-02 1.3993723610135191948167233e-02 3.5075847102209545484278431e-16 -1.3851846477003527327584800e-16 1.4586504946701943702851176e-16 5.4569448386376481583152376e-17 -1.2185618675441789356496870e-14 -1.3974269445958865043723517e-14 
-6.4541612538437931081892909e-15 -7.3015562515871756671008141e-15 2.0259065305997567274509663e-01 3.3887973895502593313366901e-01 -1.2780520579695970196582316e-15 -2.0301373782532355218426733e-15 1.3003787929068041906625333e-15 -2.5991492817250090167048516e-15 7.1815705170825729075634314e-03 1.2012834745340036229910297e-02 
1.1682224495120755589378070e-15 -6.2352933637748565948923932e-16 2.1000618102748842227778538e-15 7.7814194556353324369077300e-16 -1.1677603851846597131715518e-15 -9.6720273288247479167229288e-16 1.8207803779107387814883978e-02 -1.9402966860867613962948752e-03 2.2400297879988265853379303e-02 -1.8563137369409610927251109e-02 
1.3616744937033602518460179e-16 2.9390875764235537785305007e-17 4.9454365463627376714717048e-16 0.0000000000000000000000000e+00 
8 (band)
-1.6383539003175451309601840e-01 (Ry)
0.0000000000000000000000000e+00 (Occupations)
-1.7236851885150658715078701e-15 -3.2537778820902393935421433e-15 -2.6098570580849240994650507e-16 -7.8595288623276255552633363e-16 4.0600378356511723776378631e-01 2.7322254218719566054573988e-01 5.3726159941335949095020935e-15 2.4214386470420059019611683e-15 -4.0142065294720430426920774e-15 -2.4929444068113846118708766e-15 
-3.0939451970901157840110329e-03 -2.0820931198415326690565053e-03 -2.5641788872840394563176015e-15 -4.9149363641688190856466032e-16 1.2696119327180801858672097e-15 1.2323094389384202194929314e-15 -4.2374477510661582031362741e-16 2.5387992397143356134566670e-17 -3.4013736436286565179010211e-02 2.3879246226596838320599403e-03 
-7.3539537089928191937460156e-03 3.8770540202217831926567726e-02 3.5988167303668784691397180e-16 -2.2824901382851092933786819e-16 3.5021729169577015513776277e-16 2.4691767370676559227830337e-16 -5.9791536473686498011393858e-15 -3.8771408813278260248811067e-15 -3.5174963893917195355583892e-15 -2.6860349132880731167886593e-15 
-4.0349585629953765852917513e-01 2.7691284509307378947084999e-01 -2.5230494603588504054001312e-15 4.7397253080850443566050244e-15 -1.3148744991999893188267406e-15 5.8372000781345082941236741e-15 3.0748384155614566504155505e-03 -2.1102078950929747946929638e-03 7.6062943219320982448141982e-16 -3.1221740060694446050246073e-15 
4.8493160935148955795143903e-16 -3.2027014930336571884021754e-15 1.2328760381516931319190102e-15 -1.1665271801783359703677508e-15 1.0301055340189020984031920e-02 -3.2504226021227128340385093e-02 -3.3340765709731268184867758e-02 -2.1109920999722545098542525e-02 7.7738916198189346246579996e-16 8.4674758929563679019777261e-16 
-1.1633287379812224507183845e-15 1.1024819175643804860687509e-15 8.5723826019982211575849013e-15 -3.0203553605996317942365087e-15 4.2751529542295127694881663e-15 2.6939775816329545845664214e-16 -4.0350404009005641503549100e-01 2.7691791013507749408262271e-01 -9.7519945155092504419799838e-16 1.4932857303924301313697705e-15 
2.4207588827682475352577240e-15 2.1109610189766380657699299e-15 3.0988434866822123225915675e-03 -2.1266885840276333885512372e-03 -3.1376426152339480049270717e-16 -9.9640033869133509426758779e-16 -2.4514071387512855008296832e-15 -2.4718271387153687076925480e-15 1.2483431934927077935250266e-15 -9.8634058241943803695000972e-16 
-3.4038711316790620786676413e-02 -2.0787857010721292640165192e-03 -7.7089586587203266787593492e-03 -3.8707893754758707083318825e-02 -3.1600394839454360135775444e-16 -5.9958460915188561304402840e-16 -2.5859275940672751568075747e-16 -1.0788054459251386511749544e-16 -3.8371356072132351271746604e-15 1.6450889908634186140932103e-14 
-1.4458655389135913897796781e-15 8.6121232924880043880700610e-15 -1.0893201719323097886871210e-01 -4.7710885021428134367127427e-01 5.0358544491067076788003461e-16 3.1425499666073129314558194e-15 3.3265007711728777787167004e-15 2.0930961611419530080824519e-15 8.3658466657592382362262917e-04 3.6641180908997903614698899e-03 
1.1604038128477600470502387e-15 -1.2070165018414327624568516e-15 -1.3868540745348287411418034e-15 -1.8808924685402922048278859e-15 5.5481895942450654458848614e-16 2.1062413329124979715875669e-15 1.4463291435498064341214075e-02 -3.0883141338773373307802217e-02 3.8827546390720280022890165e-02 7.0817175747099961324870776e-03 
-3.1154637249775506584098837e-16 -1.0650573530253890082246264e-16 1.6321734819605849676348874e-16 0.0000000000000000000000000e+00 
9 (band)
-5.6515991008878357915179436e-02 (Ry)
0.0000000000000000000000000e+00 (Occupations)
6.9568022415540652038339211e-16 -1.7617767177718970859415786e-15 8.9848782219338507952327513e-16 -1.6959789940439177240466544e-15 4.2095566148365820557941674e-01 -3.0797215547584577688411400e-01 1.0243360199281800546935223e-15 2.2152771142648373534962965e-15 5.0631875507540419541676913e-15 -2.4930519459271764210744264e-15 
-7.1529714717394402012651256e-03 5.2331365422332853931663976e-03 -1.0450661487926205204624962e-15 -5.3923878272915037105170402e-16 -2.8497031030543084713931562e-15 7.7038304690867218323473922e-16 -3.0228081134132357239734030e-16 -3.8452851380369113534610152e-16 1.4391742825842775144185026e-02 -3.8449236785303028685056859e-02 
-3.9025695647904992680032876e-02 -1.9738575530825176740368221e-02 3.4132803500024555808820521e-16 3.7696907594854445571476749e-16 1.6115665410102848492897889e-16 6.2616911734383555461804498e-17 8.5508963345963722553318058e-15 -1.1012235071817038291480470e-15 5.4260432398943347629573035e-15 1.5290540674429475324915213e-15 
1.3138115398432700930975159e-01 5.0476678759732607204568922e-01 -4.7582098878000141404198503e-15 -1.2984643546757990786006329e-15 -2.8592431830342403810660183e-15 -4.3524302504723481761287771e-15 -2.2324628826839599399223246e-03 -8.5771107269674295991990221e-03 1.5517723114336276369074786e-15 9.5934654093259326594806310e-16 
1.7432297250152429409085663e-15 1.8706086474914444942072131e-15 5.1349752220412195429664387e-16 -1.3289366421852522576228982e-15 3.0451242378571156954603083e-02 2.7535212157144502154171306e-02 3.2718780141431764996173825e-02 -2.9018919877309354293792865e-02 -4.9684865971914907211644869e-16 7.3254652358059554845373804e-16 
-9.7125001536546343313329122e-16 -6.0870064536579834460497779e-16 5.0758358207862805638449743e-15 4.1113648749288144976702797e-15 6.1707091578758454751551968e-16 1.6533014691715871827752447e-15 -1.3138006693385254064487810e-01 -5.0476455573050704739301864e-01 1.5416369351377190410104381e-15 4.3076824346433494498432668e-16 
-2.1135324695329046106511180e-15 2.3034970711488445570903295e-16 2.2282421636066968365086360e-03 8.5609650159971795169155939e-03 -1.9398693090056704415426559e-16 -1.7262999847572865012449618e-16 4.3037578481437735462211806e-16 -1.4387019280381675518724924e-15 9.2445636764217058431022806e-16 1.8894427123409606090196423e-15 
-1.3161582342606836792953118e-02 3.8881073626829187883657823e-02 -4.2709247882370196536250262e-02 -9.3831850051146678537428159e-03 2.3403197537682531355931672e-16 5.0870040384217020154447154e-16 1.6704904495491252889348567e-16 -5.6450175394869116738670025e-16 -8.0213329673565965082605803e-15 -5.4089649798331071353068918e-15 
-3.6061990274800598479425110e-15 -2.5805329520528622073073247e-15 5.1768244321216494441273426e-01 6.3662129239019538129440434e-02 -1.9287771864971805615090257e-15 -2.0381687873894217834984269e-15 -1.9474151428269182434710287e-15 2.5556310869184619733436251e-16 -8.7800546183455768084469284e-03 -1.0797342467681048105987429e-03 
7.9902269060696400060118076e-16 2.3591337824543707538810658e-16 2.5688187533104982030367340e-15 -1.5318404789118432668351412e-15 -1.6786776179611196980830698e-15 8.3753340873777433339303754e-16 -3.1305606396992792517242066e-02 -2.6550407609915522427757040e-02 2.4446587545631462412565327e-02 -3.6255873632994942146190454e-02 
4.5910486354369770484800487e-16 1.6913372263229803264457984e-16 4.6232321553367751667590223e-16 0.0000000000000000000000000e+00 
10 (band)
2.9960689332812034946229574e-01 (Ry)
0.0000000000000000000000000e+00 (Occupations)
-2.1929396265732179683493154e-15 -3.1136594683233742508227529e-15 -1.4011592544156213170751908e-15 -2.9141095465825133694471046e-15 4.4075901829666648545913432e-02 6.1733820657287963307169321e-01 3.1225558954039006780353873e-15 -1.1126644423202190021939747e-15 -1.0727229559580154277447806e-15 7.0102353521255700752505073e-15 
-4.2234770447442671059690156e-04 -5.9157510333487928200213446e-03 -1.4810250190535523324011871e-15 -1.5021883455385272984230979e-16 9.3241252153661529309548420e-16 -2.9172825462163618669689119e-15 6.2586007691024380395204674e-16 -1.4365935294705517581697193e-15 -3.4035364343173890588900576e-02 3.3591137605107977692764365e-02 
-6.3974572970273757555048633e-02 -1.3449154598099727353499588e-02 -2.5862971995190223852386248e-16 -9.4451277968343754468846664e-16 2.4088329305397764983169315e-16 -4.5129913141351461068334725e-16 -1.1981423245990961108280780e-15 5.2620538649844827870954170e-15 -6.2804042138616012212773724e-16 3.8141018936217912156324907e-15 
5.9021196999339398114869937e-01 1.8627661391930458445465035e-01 1.1493690481574030060335241e-16 -3.2511501627099844737885905e-15 4.8562229320161010034558419e-16 4.5129030014490253457590076e-16 -5.6558027673154487313667005e-03 -1.7850442373580910349062378e-03 -2.1284133715112446916227614e-17 1.0954307143345605277087529e-15 
2.3569838768921672741996268e-16 4.5705787077300348432298292e-17 -2.5164041563605090278583268e-15 -5.3763049876739372271818725e-16 1.8702996613748312099145821e-02 4.4011003956329015907034119e-02 -3.6055318747644268806418211e-02 5.4531089629111642591574594e-02 -8.5988329909237734695280867e-16 3.8294915076745471663617171e-16 
-2.7824062256183983918016621e-17 -9.9262549412204153697095807e-16 -1.6741467711917737698331570e-15 3.2547154595952143584474436e-15 1.8722453020770952778722546e-16 -6.3149549697618889280473757e-16 -5.9021250163538141464414366e-01 -1.8627674574881014635252541e-01 1.3748383963530881109082009e-15 1.0667741617819876956034650e-15 
3.5658220795395123553311673e-15 -2.8068671996210705686170588e-15 5.6431198301653898163898759e-03 1.7810046751391486741233905e-03 -9.2244778851369201680302334e-16 4.3374789482692399827144496e-16 -9.5261863484618763964963858e-16 5.7755461917051171666313869e-16 7.3376139164687854582567536e-16 8.0840052985546765086646815e-16 
4.0573703669339093724754974e-02 -2.5300212016171438195177856e-02 1.7810849764764800223781904e-03 -6.5344056811388648298155601e-02 1.1649539769155453806256715e-15 -3.2233767646070065759566266e-16 7.1415030715174899362653208e-16 4.3068175119104503180144099e-16 5.9051951837005558452011996e-15 -7.7601074105185461436670490e-15 
4.4998931243333968251458714e-15 -5.2819523138335982996258048e-15 -3.9046745112492059481823503e-01 4.8019266206956934261995684e-01 -2.9514346867075950012535914e-15 -2.6632709131114459090517501e-15 -5.3582018567102605379940603e-17 -1.7989822250933371257535320e-15 3.7333072305322113210168666e-03 -4.5912085764992349029567364e-03 
2.3029546721760479847484979e-15 -1.1051044100404067823618832e-16 -2.0450246850599863559270791e-15 2.0121474555508284206993001e-16 5.5712029622103797231808710e-16 -1.6920918793051065357510688e-15 -8.5873657157485034502331089e-03 -4.7038104846757529398093567e-02 -6.0099706410525602362504571e-02 -2.5710762603082370353346775e-02 
1.2592399205191530017018551e-16 -7.6308502508594614827897984e-16 3.6080446114107398858678580e-16 0.0000000000000000000000000e+00 
11 (band)
6.9399610882700690783764230e-01 (Ry)
0.0000000000000000000000000e+00 (Occupations)
1.0088039299958012628977144e-01 3.6423985003605846566543391e-01 2.0966283019492378686399192e-02 7.5700534193898938450928426e-02 -2.2985754757568477424875710e-15 -2.7518954979166803041224482e-15 1.1065757959284973355185144e-01 -3.2378118149980439355317685e-01 3.6540191956532375172628235e-01 6.8280000506037968888151113e-02 
-2.2106870194225729271619920e-15 4.3907742738998437072176806e-16 -2.4091955099238906989889131e-02 -5.7123201171241422269275745e-02 -3.7976280514808724575459564e-03 3.7937208893943336063259153e-02 -2.3437751599328170148961448e-02 -8.4624105746119143711680977e-02 -1.5862803765680678722117158e-15 6.3552166092798334705810545e-17 
3.6008831897193754215481832e-16 -7.7260889154385596085539223e-16 -1.2470726741576179663617552e-01 5.9285562480704143140108897e-02 -8.6514474370374655487481164e-02 -1.9023417529404819392713222e-02 3.7579819734245173412645613e-01 4.0289414493108910431118375e-02 7.8102780222298939794001171e-02 8.3732683249150563487006593e-03 
-5.0418863310919146807807163e-15 7.1205587253028611699485648e-15 -2.6030835718608186235556445e-01 -2.2207861804738998623420798e-01 1.9799855705577151798735258e-01 -3.1460656810526144155915063e-01 9.7892258757986197752365208e-16 -1.0648467624682745077517130e-15 -6.1980649441629565021827375e-02 1.3716804833432960641914633e-03 
3.3875124645507903586860721e-02 1.7496563312003415857631694e-02 -8.7309515487323144378173367e-02 -9.3603407379812507416172451e-03 -2.0465085491533681115828292e-16 -3.6134339798511676840848083e-16 -7.9829197358886001446154995e-16 -5.5356018994068765017539968e-16 9.2145149400999215583141222e-03 1.3777435602963014615873760e-01 
-4.9535628464117943681177536e-02 7.3436136899661885735213218e-02 3.7397950772249144435477319e-01 4.0092305656681759273851640e-02 7.7357414644799060710056438e-02 8.2932244709229968604446981e-03 2.6634944666487991659428583e-15 -6.0679743451858401257419719e-16 3.0092552899820229628247148e-01 -1.6233105466226119273365214e-01 
-1.2639218580380692791287345e-01 -3.5011156427654671619009719e-01 -1.7885578749327480353512897e-15 8.6472969595652817032975446e-16 6.1037842816778799248655929e-02 1.4712409737247786334357613e-02 -3.7288821183532938619009656e-02 1.0130570377395384240593046e-02 -8.7214634918741401614639130e-02 -9.3499420162030250081031113e-03 
2.0089675562241531988520079e-15 -1.4018821732149186224013632e-16 8.6461911667718908228983360e-16 -4.2450447485829580940554034e-15 3.8061912761518275349903462e-02 -1.3275807619063251241442458e-01 -3.2572493940765716302632171e-02 -8.2268728747457497973982754e-02 1.7494792199336950400123669e-01 -3.3295839043260105905019941e-01 
3.6188008754803407951428085e-02 -6.8872165604243432146525095e-02 -3.3162028912131473758595520e-15 -4.0399924545024322475433790e-15 -4.0153521866681182728164856e-02 -3.3955152774258173797861105e-01 -3.7205356676595724430001155e-01 -1.1368180556181720769481913e-02 4.5144408082871982833695024e-15 2.3185278769584874335943536e-15 
3.6148781198209620213468440e-02 -5.1335551753978546363210711e-02 -4.3077644853109185729689301e-03 3.8399580812399733420470227e-02 -4.0799204682977846525560039e-02 7.7648173558394678606120465e-02 1.2483437930088182368702173e-15 6.0869794649887818613290505e-15 -2.8522087856680260285470995e-15 1.9435381013739467818162081e-15 
-1.0942381296056216677392570e-01 -8.4260578885231793289101176e-02 -8.8482264275075092618827455e-02 0.0000000000000000000000000e+00 
12 (band)
7.8989062187755254562659957e-01 (Ry)
0.0000000000000000000000000e+00 (Occupations)
-5.9564560156069568108705425e-01 3.9455155156401755522921349e-01 -5.8649000592738198545106343e-02 3.8835991595397190145888544e-02 -3.5829812725593064276464615e-15 -2.2382040612798818749161655e-15 -3.5785180004161842859389253e-01 1.4217098103581837786890674e-01 1.0610820081598110187215411e-01 -2.3436191567120745471441978e-01 
2.9205669309245163906553070e-15 1.0354674821732572652703350e-15 -3.6529472682713573505886018e-02 5.9063563688252496142183645e-03 1.6872482075873454498982085e-03 -3.2750735711106343517329265e-02 7.9337676488149613818201544e-02 -5.2548625162575079983184878e-02 1.1391973106478275083088293e-15 -1.1195668735472851687324314e-15 
5.8943340589598897878500204e-16 -6.0573415262622131988104990e-16 -2.8176696848655091720559085e-02 5.9871885094724346110250934e-02 9.2819258546478947136115778e-02 -3.7760614237852097030412324e-02 1.4757298461789078447559120e-01 6.9906138765564818093878330e-01 1.4518654696325034719750491e-02 6.8826943703253817830045591e-02 
-1.0687825349369730915768157e-15 -7.3397782331911733459679259e-15 4.5320140002887143726439945e-04 3.8505881790998464087039110e-01 -1.7884316445327880229498874e-01 -1.8493128541654121899107110e-01 2.9342300638692899121173285e-16 3.0349993566926138111551917e-15 -7.9558045150836080583456322e-03 3.6138519540094123094764456e-02 
-2.9829746470687756865203255e-02 -1.3625113637206068620266741e-02 -1.9652329391804643915486750e-02 -9.3110745172024098059715413e-02 1.4158870798120479248679261e-16 -4.1533069603413399072340630e-16 3.6732124482947784834050036e-16 6.3941458327745617944749309e-16 4.5294937012725730585138706e-02 4.8238341089939233696792797e-02 
-9.3988319762170749113727730e-04 -1.0020177325932147494036428e-01 -1.4862228523971843241469060e-01 -7.0403731302677508008258656e-01 -1.0068185168854645872293929e-03 -4.7183617958902347028216084e-03 5.8834610524210505680956409e-16 1.8314919026381032748415435e-15 1.6163262238036127382834195e-01 3.4405598459595232441188273e-01 
1.0317765173631893160788309e-01 -2.4043172346799607241862873e-01 1.3147496192964551756374758e-16 -1.0400312468871416863488075e-15 2.3924200054676016818921980e-02 2.4297569811590036259474346e-02 2.7690153886687978584957293e-02 -2.2812503671456624276814296e-02 1.5580948122643756975636009e-02 7.3791865759482599962382210e-02 
-8.8606709476757332602159786e-16 -9.9413503624879277118634636e-16 -1.4931397460631966406240467e-15 -3.4242650372063550397817091e-16 1.7511003509705583974787046e-02 -6.3948458609444994160675435e-02 3.8241179750242132451276689e-02 9.6586194768408642485901794e-02 -7.0930885113665376184854949e-01 -1.2098791469822950395140992e-01 
-4.7576564660368747539109791e-03 -8.0082864202749362569910829e-04 -3.8000883189048647295569692e-16 -1.7987156446495084725703486e-15 3.7939610111490296162628511e-01 -2.3626756287730768524291136e-02 -1.8556553608554393619556322e-01 -1.8444097507024892479421396e-01 2.4837628220323102420081711e-15 2.0446176609726829577066546e-15 
3.1398394515925333314587675e-02 -1.3299626642427064826534888e-02 -1.1017103991312143795866518e-02 -3.4143496682007258569147012e-02 7.4345671193506976393017283e-02 1.2677798367708447563328988e-02 -1.0770088005740598156844640e-16 -7.1115211944438915376689371e-15 4.7536813094467100475784991e-16 -2.5002226981460527609056107e-15 
-5.3011542797546350180848407e-02 -3.9822317017776831526987280e-02 1.0388108994678725560678600e-01 0.0000000000000000000000000e+00 
13 (band)
7.9129399065275229929738998e-01 (Ry)
0.0000000000000000000000000e+00 (Occupations)
7.7808293198358968734140717e-03 -9.8692471123762393059308806e-02 -3.1365855273484177789811156e-02 3.9688033945791212353526589e-01 -1.7590772134130328265503563e-15 -8.3137310687071330096671940e-16 5.1563879123998963838193532e-02 2.1151885783533171114800808e-02 9.2300910939187283399398609e-02 -2.5841217725927900783489122e-03 
2.0395099763565613890370002e-15 -3.1779352573491569666120384e-15 2.1860486257832142942270082e-02 2.2600296943918962710995402e-02 4.1594205196601383156540521e-02 -8.7820873855970343901944375e-03 9.2240483050670396547587870e-03 -1.1668982933925689526866165e-01 2.9019700030647681017459716e-16 -1.5713983625585774125775324e-17 
-3.3541517012872865675179373e-16 3.1703350026561568619931520e-16 2.2368066098348557413366677e-02 -1.7138366752509313906127630e-02 9.4463668234915018628861105e-03 3.3589144039134322117234888e-02 -8.8897624680709691480373635e-02 -4.3565553910751245170196455e-02 3.5746346593131411717436663e-01 1.7526463205571990444653352e-01 
-6.2781865100101583593584113e-16 -4.2847906635841065284957366e-15 3.8648455963112698929862177e-02 -4.0156353845702520699578741e-02 3.1575575874147859822826945e-02 -8.6770495295103902688715891e-02 -3.4831287293943963066434431e-15 -6.5883758526607145709645177e-16 2.9060606395339382002074302e-02 -1.2005641895253243989216685e-02 
7.1464698259654478584845805e-03 -4.1906215932858446870934443e-02 -1.0509986081574501648461251e-01 -5.1532694426643092799888990e-02 6.3142241358740065318893373e-16 4.9444849010014397266367843e-16 -4.7707027639134447721425499e-16 -6.6537337863445050002139397e-16 -7.7006160914178389820250459e-03 -2.7106355486052939596230971e-02 
3.4707835870791022003789550e-02 3.5819788681507227362521562e-03 1.4874096121419905225380376e-02 7.2719385715103723732966046e-03 3.6281691384010039680418913e-01 1.7788728675513112986728004e-01 -6.7280490062000869183310175e-16 -3.8473502751109037256506343e-16 -5.2081943130432170607768683e-02 -6.9773877356696906160138383e-02 
7.0481003015916823817299530e-02 -4.1981026413720631818016216e-02 -2.3259422915631839584824590e-15 -1.1320467732199804445181738e-15 -1.3841615264581705324609118e-02 -2.9959146889527291102162110e-02 2.9142671057915646437574964e-02 -2.5791996912380068390779897e-02 -1.1748512129219264299440084e-01 -5.7600213121029496254887903e-02 
-1.2780810452032717674641391e-15 -9.8316099963887407419482887e-16 -3.4964200124490581459730748e-16 2.0106269767611678612077120e-16 -2.0082938529497711133142701e-02 1.9295348954712285283186191e-02 8.2443611852304650444711598e-03 2.0822879429412410878796891e-02 1.2236797469752438982659726e-02 -1.1152605691147883179570321e-02 
2.9895723042426552984451860e-01 -2.7185395736428685786734150e-01 -1.6771830881497957777885955e-15 1.7139847860770412825893681e-15 -8.4046752508917160762180742e-02 2.2739088687392293441913438e-02 -1.3087183520695242627818189e-02 -8.0985825873257338836097574e-02 9.6275631220089703983038870e-17 -5.4640688315254170517050705e-16 
-3.2950748742501527466242095e-02 1.8409108586202294587097494e-03 -1.3252659513124829052110876e-02 -3.6590837609265763896715384e-02 -9.6804481447732154686391937e-02 8.8030850548340242034406344e-02 -5.5914984746504986465992978e-16 -2.5812199150859402611796695e-15 2.7171610211951080734411119e-15 -1.4987308192908712874892978e-15 
1.0547338987357065751004903e-02 2.5775735713060833609322486e-02 2.2395575435435782080118017e-02 0.0000000000000000000000000e+00 
14 (band)
9.3578758732805988884706494e-01 (Ry)
0.0000000000000000000000000e+00 (Occupations)
-2.4897649242677433178982938e-01 6.3269639144138434261321891e-01 -5.7128699597741416926766078e-02 1.4517370087311670667773456e-01 6.4979126678673876349167350e-17 -1.1568040834550238420461581e-15 4.5976329725742615117667356e-02 3.6818549861594951355669991e-01 3.5481116292759462549355476e-01 -6.2799049973914194966440050e-02 
1.3478471891245220825968107e-15 -1.3140192749399396153209139e-15 1.3506179641273319269600961e-02 7.3405031798779413199085297e-02 7.6900917743218041855435274e-02 -9.1074517539003474464465171e-03 4.7940717419816411548616486e-02 -1.2182607286249058642368936e-01 -1.2113723255769239324652307e-15 2.6184947738238596699657897e-16 
2.2200671092290203821764015e-16 -2.2362113997884115785581500e-15 -6.4006971535874271350685660e-02 1.5749290705986677962879838e-02 -4.5888915660715901001509565e-03 -7.2912246636691130374785530e-02 -4.9661186765538101184347397e-01 -4.6440356418519612713424749e-01 -1.1394861647707098251114388e-01 -1.0655892522864827964834689e-01 
7.6627397508912767388972066e-16 -1.8076058385791961927988073e-15 -3.5925523489060090520652579e-01 -9.2790411626616914331222574e-02 -7.2225620569622908662132943e-02 3.5301294841550212577629964e-01 -1.0414639143906308363978312e-15 9.3841937215410903315184461e-16 -7.3222228854117582530491859e-02 -1.4464466236829537360009112e-02 
-1.9841221443545969949084906e-02 7.4853341667733677700091732e-02 9.5622862777513542575924532e-02 8.9421320332773904238088392e-02 5.1368384758328802740088039e-16 -3.7608201406229131829929204e-16 1.6570329296847880371750009e-15 -8.9155352092139034487723401e-16 8.9192175847767271590349480e-03 -6.5309877664956494935921683e-02 
6.9481376115549137173488248e-02 2.2574144690411083319370178e-02 4.9077171183666595810635158e-01 4.5892973902890021875577986e-01 1.1145170463669537563866641e-01 1.0421997779917296922391756e-01 -5.9320561306965522515796363e-16 1.1574672182951356623950222e-15 -1.1775164286765071874896194e-01 -3.5598217063689230332812485e-01 
3.5114430089345100016728907e-01 -9.6871947087035781276398438e-02 -1.3143253699549073754576052e-15 -1.6572345314465353108721661e-15 -1.9317811746929966498775855e-02 -7.1984077224984982512623333e-02 7.3244375584506693499520225e-02 -2.4761212523296299847785917e-02 -9.4918414064801920337899332e-02 -8.8759794986409665251692047e-02 
1.9382871539583524694606992e-15 8.9740985174169892448261918e-16 1.4377855533577772247940783e-15 -1.9935650826826763891679672e-15 6.5076393600465048949743618e-02 -1.3723263543168910325031895e-02 -2.6992754904748835625971637e-02 -6.8175916632123967353606986e-02 -6.0736719685806561663810044e-01 2.8736469282945786840599567e-01 
-1.3792939362009742909620513e-01 6.5259241602091205836089216e-02 -1.7227192231645453587528695e-15 6.9870900220078007899602405e-16 3.7433112251634736988847862e-01 2.1563068543435853080536546e-02 -3.9195580079892641811589726e-02 3.6214665632113735016517353e-01 6.6376312576452552388740352e-16 -9.4100900177427761145069982e-16 
7.4040463172010489989460780e-02 8.5378590933345155367106827e-03 -3.9406598174385604194114308e-03 7.7216108426890833760225519e-02 1.1746856897893566407109489e-01 -5.5578249672385442170519099e-02 -1.7273922426738480242935236e-15 -4.9242455356127793720006780e-16 1.5125349620966805055413818e-15 -1.1283971087096810061294328e-15 
-1.1196650519647138519174767e-02 6.5558370811505187192302913e-02 7.3325060013455164997786540e-02 0.0000000000000000000000000e+00 
15 (band)
9.5797255994354779673471967e-01 (Ry)
0.0000000000000000000000000e+00 (Occupations)
3.3240169303481359452945298e-01 4.8212532270667896039384459e-01 1.1310929716340975548227732e-01 1.6405608207552785371419191e-01 -1.2408709174240972024796370e-15 -1.8226349573940923583572454e-15 -3.2859119211861992360113049e-01 -1.7291069550740537086319648e-01 -1.3751136198183366854408405e-01 3.2577436510788942980454408e-01 
-7.6704980057554024200081545e-16 -2.2860028132457551364020508e-15 -7.4140388981400115464559519e-02 -7.7959360426945817357236024e-02 1.0973761922336910251685183e-02 6.7064359628112718558767824e-02 -7.6903388602095154591431481e-02 -1.1154266086799075052837793e-01 7.8040451100145595760283660e-16 2.2767589978547670443001981e-15 
-2.7406060808625271935551642e-15 3.4085732090596895363269737e-16 7.9308131852386470894700210e-02 -6.1056761303555917574925616e-02 5.2548841636382841169261582e-02 -2.5155266310337529023222203e-02 -5.7063401283839831901190109e-01 1.3157710940503120067290865e-01 -1.9417379689480099291820636e-01 4.4773293046462825373055239e-02 
3.2655725096953839966376662e-15 -5.2187436256862208448802051e-15 2.8173078440903837060815817e-01 -2.4186369151868913895953028e-01 -2.5227603581213742245381582e-01 -2.4778037329552016210243437e-01 -2.7286853903152467773813646e-15 3.6360754395927913248531379e-15 9.9777677701668593401862495e-02 -4.0235235664196032645545387e-02 
-6.6394575825120358270048371e-02 -1.4484891579118587892627268e-02 1.3201976877162807655352594e-01 -3.0441370295778508170414511e-02 -2.3313493444443161502370940e-15 -5.4508294279643749720901592e-16 2.9552111672318185894491024e-16 -2.5474850228778647822252990e-15 2.7573870420862497954139769e-02 9.6215329073948627214285523e-02 
4.0442563014468704829518231e-03 5.8118948471543370459801992e-02 -5.7561076983029968445748636e-01 1.3273554442641910533495775e-01 -1.9495031870393630946125541e-01 4.4954855578643121427617757e-02 2.3480791338776546980754836e-16 1.9160093387988648728157751e-15 -3.5529694987962778807144559e-01 -9.4086985492325692082005162e-02 
1.1649390320195376902212558e-01 -3.3128537347632935894381490e-01 -1.3401062874360053109875163e-15 -1.0877029383896094549753173e-15 -1.0749700580894339108084523e-01 8.2552388039612289993840477e-03 5.3800134648130881753758104e-02 -4.0998591005556167532475342e-02 1.3305527508399356273471881e-01 -3.0682308075823880311183700e-02 
2.3672291718768398822964407e-15 -3.1094771525249969435675312e-15 -1.5081451085431608240527902e-15 -3.4650891111657626999315858e-15 -1.7476762156786868063207407e-02 -9.8015214510568562933379155e-02 -2.1313817444613601670422298e-02 -5.3832557897233013211035768e-02 8.8482069001223545567924589e-02 -5.8405257174681846077390901e-01 
2.9968031186558958395282914e-02 -1.9780920835406007318724164e-01 -1.0715527465108075979230317e-15 1.4462521733749910914390129e-15 2.1827339742593759863709124e-01 -2.9571102010057942477416759e-01 2.6513708441515526637033418e-01 2.3026757181681162256481343e-01 1.6943716241029859318632268e-15 3.9107855428103759475855794e-16 
3.1896760232984162908298487e-02 -1.0298714440276471315804940e-01 1.8314375382480856807587699e-02 6.5114688104514872879491350e-02 -2.0453225014653422797472615e-02 1.3500657703621701810625666e-01 1.4241300455726685665951463e-15 9.7540839085408402499908891e-16 6.5471156216470593080946561e-15 -4.3627801161668422712264123e-15 
9.7565866966437139740087048e-02 1.9832324476149802011670786e-02 5.7898386020867817491897256e-02 0.0000000000000000000000000e+00 
16 (band)
1.0689052362920044014771292e+00 (Ry)
0.0000000000000000000000000e+00 (Occupations)
2.6274766481519849216698266e-15 -1.0522753022533244078115541e-14 -4.2732293659968917455175684e-15 1.1167195115471398619145572e-15 1.1513790179040639394258960e-02 -2.5291918225510842677117296e-02 -4.7051031306069820252688745e-15 3.0979602738787402308113074e-15 8.6377111210781017738917392e-15 -7.5602574605102612380941229e-15 
1.9904254100790011450250461e-02 -4.3722730525839602344628787e-02 -8.9317747055185004485116957e-15 -3.5206740699152184869855207e-16 -1.6015341239803354137231672e-15 -7.3425392695721270964093048e-15 2.3137429774255672856897340e-15 1.2482934516486778633149927e-15 -1.9382314361587521522878319e-01 1.4678581345536784175109801e-01 
-1.3070852824789314094999781e-01 -1.9538791656219650638703911e-01 1.0306294224769806946355611e-15 -5.0177043679546953515537376e-15 -3.7442524672728932565028197e-15 -1.3999328532304916376575950e-15 8.3906033916687244968946798e-15 3.8541235024668735215662801e-15 5.1545958569915603499903130e-15 -8.7650660502901274383203163e-15 
1.9277321993623523777028339e-02 2.0015827451467765873971416e-02 1.8088714178690692521387592e-15 4.7418073240104222349821138e-15 2.7079814671642197861815755e-15 2.1901839115942213388209200e-15 3.3325122111111424305640583e-02 3.4601918042533694186424498e-02 5.1790058201744286645812716e-15 -8.2987276074602184268797621e-15 
6.6872916891414688086396718e-15 4.7591531091621913280084740e-15 -2.3351699957311182982765345e-15 2.8173492023193473641297067e-15 -6.5126939814872664147316073e-02 -2.3424766326100651681052511e-01 2.2978410892989187264134898e-01 -4.9602626730261702159285875e-02 6.1114063059087917415881463e-15 3.5028523570284821409180679e-15 
3.7078547398445553781843064e-15 -6.1112014755133355711880087e-15 1.1221263267638623608421671e-14 -1.8497095406731664849836551e-15 7.4388946217247824697804809e-15 -5.8826347228944267434339403e-15 1.9290208173462886076521272e-02 2.0029242956645612605548479e-02 5.5110707974227382610778156e-15 1.4636879059895272287474541e-14 
-4.1886685811434260171198522e-15 -1.1395301951624834205660811e-15 3.3304550436108637523346943e-02 3.4580371936396250842626898e-02 3.8669468437701422112897473e-15 8.7875375417850514693943167e-15 8.5569895155426119817670148e-15 -2.7104166563257369410151989e-15 6.9446658268464635087493542e-16 8.3213643496869484342412214e-16 
2.3163688955463476726315264e-01 7.3890026754171236889057184e-02 5.8195694035756258266633978e-02 -2.2775656999810187097743608e-01 -6.2923978318675460011250080e-15 4.4144560847302839834955528e-15 -1.5653710278751260853643590e-15 -2.6981561880563547463751226e-15 -2.6032116983162202204014835e-16 1.0951848441538936821317299e-14 
7.0708869094308113865206489e-15 8.8283766641398953921182150e-15 -2.5723918384230538142221079e-02 1.0562325868559071032071195e-02 -9.6219572991762702154538207e-15 5.5136128177266523177014982e-15 1.9860585546551439684828367e-15 1.8548832025425646600391483e-16 -4.4412239427847839678964448e-02 1.8235903926468642610725368e-02 
-8.3015314365016783400261516e-15 3.8533733620698983646057108e-15 -7.7442615044567815704137011e-16 9.9558219057897063473435411e-15 -3.3700739872665311173966639e-15 -1.9426444128917115870294309e-15 -1.5397243573360672175276420e-01 1.8816980015544415572037451e-01 1.9033943948258486011937407e-01 1.3795177330886362887518715e-01 
4.2818841305515046082934830e-16 -5.6911281499533603569430763e-15 5.7744691507682624547797188e-15 0.0000000000000000000000000e+00 
17 (band)
1.1405362867830337592067735e+00 (Ry)
0.0000000000000000000000000e+00 (Occupations)
-2.9997474510143579268717516e-15 4.2404309468098046756113236e-15 -9.9569278133130377758837393e-15 1.0255873823003114624448009e-14 -1.1095825015025052862061017e-01 4.5595124587791899251065786e-02 -5.1057729029140431173935807e-15 1.9385911550312952961489585e-15 -3.1552269779163414076748765e-16 -4.7767477419040662480375164e-15 
-3.6281581783243482819401038e-01 1.4908870443839161712418218e-01 -7.0585289247681223580480327e-15 -4.4351903337896342766652171e-15 -1.9248360017069915253864954e-15 -1.0599345000944717601346392e-14 5.3392013561692687795920277e-15 -3.2278176582470257243737282e-15 9.5465353987588000284070233e-02 -5.8604050955273587208971264e-02 
-7.0915519491866724210993311e-02 -4.3701958741128588137314637e-03 2.6763914772430279881364363e-15 -6.2718090803756530129708266e-15 -5.3425059489066364696931962e-15 -7.0428197488361788838927361e-16 2.1324740670850538152720771e-15 1.3494809844476267850055341e-15 1.1018106893169335507864125e-15 -5.0216806706243951022748943e-15 
1.5468185330041600566985949e-03 1.1995105674819409036224727e-01 2.4195179920686653378775377e-15 -2.3049296785282090183032441e-15 7.3803875669149453033740468e-15 3.4823255420151210639029448e-15 5.0577611282649481694306814e-03 3.9222082875964559001147336e-01 6.8211350659046289461626188e-15 -4.8098880777528698544759370e-15 
9.1345201714740386099331452e-15 4.1951581512613961338823140e-15 8.7610437396670480263326118e-16 5.7093958794894791952264865e-15 -1.9345527843935082790149949e-02 -1.1033503139431766193467865e-01 -3.0169049241283336926233716e-02 6.4326806112663462156042726e-02 5.4436703435632976275506799e-15 2.2157200867491807527381845e-15 
3.7558832591538678021150510e-15 -6.8973188006624933228389908e-15 -2.5534757367282796701789527e-15 -3.8007799944477021165347597e-15 -6.9715471300412278201932233e-16 -1.1141639989372355579316424e-14 1.5473341670456108865039369e-03 1.1999684561266597826456604e-01 -5.1791272742843342494492051e-16 5.1171710864462692681911983e-15 
9.3173019913628358973262972e-15 -1.0031207654312448935666596e-15 5.0569522642610175572341902e-03 3.9216307833966390639091060e-01 7.0532141622326397771795901e-15 2.5089285650547727703513624e-15 1.0161182271548266889682084e-14 -2.4028123613404009534349608e-15 2.2810923165652843660797202e-15 2.7319119589025839365184517e-15 
-1.6485778273285206507736689e-02 1.1081115071313676900821577e-01 -3.1803933694752616057055405e-02 -6.3535794758329877662816898e-02 -4.3679186418940507286268220e-15 4.4318647114800507090712132e-15 -2.1037392286013254401103770e-15 -5.6916469265283326718165781e-15 4.0752738940139701572610406e-15 8.3118536259593728915673530e-15 
1.3984928683137077438115477e-14 6.2163237061890430699332346e-15 1.1213985713783905517892947e-01 4.2735110168561213361826390e-02 -6.0943206826516477316931296e-15 4.8367258255069606401329346e-15 -1.5403368855819173157811334e-15 1.0936067280209389251194400e-15 3.6648559719120293864946802e-01 1.3966302241628297808873072e-01 
-6.0181226469315475969143687e-15 4.1707601256848463707023314e-15 -2.8491197381356145040067547e-15 1.3659651548931710285416029e-14 -5.5209235357480854154347830e-15 -4.3508067797347999303856504e-15 9.6960782565704631275060876e-02 5.6120394259932405989221849e-02 -7.0781896842301836314526042e-02 6.1814636970488985243110669e-03 
2.7756519221208689113949697e-16 -5.7157680724058827201603032e-15 7.2261203346221718199683927e-15 0.0000000000000000000000000e+00 
18 (band)
1.1511949354143145018980476e+00 (Ry)
0.0000000000000000000000000e+00 (Occupations)
1.0102759870045341372701841e-01 -2.8419650136242841087508282e-02 2.0845385278436556752978959e-01 -5.8638823599562538146923174e-02 -4.0162522197285333668690340e-15 1.0898321439878583357636420e-15 7.7038243508088410926859524e-02 5.2384081920080600991429520e-02 7.5487640699145597267261110e-06 1.2808134468068385625194594e-01 
-1.8384874279684934592036145e-14 5.9157846275618960106737229e-15 1.5404326851423694177967150e-01 8.6781323636624954631635376e-02 -1.0791636945584024559474656e-02 2.2807674989218396088830332e-01 -7.5331653394537442802736393e-02 2.1191123772120960128129141e-02 -2.8380939524939013288290197e-15 4.2064169433202137707191839e-15 
-9.3498898644042895038955667e-15 -1.0031124978746181597486034e-14 -3.7853747525584652278141107e-02 1.2520351671633372925285244e-01 1.3481569793388809008760632e-01 2.8024390935381449097008044e-02 -1.0766817126243069524527129e-02 1.0439505669339887994340188e-01 -2.2215981926674316371261853e-02 2.1540188142358240863671881e-01 
-1.9652515044672801206775251e-15 7.1806098615362685182496285e-15 -7.7065156524958267070246620e-02 5.2344480618341002187143829e-02 -1.1908980145962914931612175e-01 -4.7142869031306794402880200e-02 1.6036986051506602664530487e-15 1.9623789295479251391507533e-14 -1.3739434342580544856637914e-01 1.1127947295554671547357373e-01 
-2.0808773252254908481262419e-01 -9.3994461767550094299927821e-02 8.0284226008398573704027967e-03 -7.7842572930387793350703873e-02 -3.2468254603570214603444034e-15 -1.5085204537732492531378885e-14 7.7073594549634323247066181e-15 1.9034978511072264902422931e-15 -1.0247639193390203904421298e-01 -8.1286012917831690360870311e-02 
-7.5685388197441916258156880e-02 1.1503199950493676884111238e-01 -1.0859645052543437718228780e-02 1.0529060049308663904454875e-01 -2.2282040588717938467411273e-02 2.1604158182090346662640457e-01 1.3436367152527420384204216e-15 6.6820361630540583388883697e-15 -6.4228031842295515985163945e-02 -6.6311411781177442836821001e-02 
-1.2514365680270914116256620e-01 2.1603022106507743099745866e-02 -1.2840474410172421494087263e-15 2.0537744244775892444591938e-14 -1.1180168078306298995450163e-01 -1.3749526346314966396278123e-01 -2.2303416684382987300594436e-01 4.9826970049934318773843245e-02 8.0573496903060381341132867e-03 -7.8121698237536119080459684e-02 
6.1094114408158105106923756e-15 8.1519997638637775842113783e-15 -6.1130662436720446074786141e-16 -1.2195395445319781489078336e-14 1.1693544660301609383612487e-01 -5.8575351006329434699893000e-02 5.0647451144642280373986409e-02 1.2792085946952500008499953e-01 -9.3899022555758424046778998e-02 -4.8857097805087984498939591e-02 
-1.9266781654608022833485848e-01 -1.0024752802857980760187218e-01 7.9579805877358310352542482e-15 4.0999996521838253642173910e-15 8.5298706905092419594538455e-02 -3.5306854958619272866204852e-02 2.5982470678859691248785424e-02 -1.2430823230788812239211438e-01 1.0172550242408348914503728e-14 7.2913426796717228107738477e-15 
1.6899680660631766215828975e-01 -5.3335191549166743874010876e-02 3.5776407743340753186966907e-02 -2.2571445494930192365856669e-01 6.9669609815409302977506911e-02 3.6250049485717084074565264e-02 -2.4445318130364462947211488e-15 1.3797144212494763173715705e-14 7.3465983873267337995373288e-16 6.1952143021132210624006992e-15 
1.1415175069998395596115870e-02 1.3028685350365618034196302e-01 -1.3758237748662024979573459e-01 0.0000000000000000000000000e+00 