4 (index of k points)
0.1968495402200489130528638 0.1133247357551593337277041 0
18 (number of bands)
52 (number of orbitals)
1 (band)
-1.1752560123223607657649836e+00 (Ry)
0.0000000000000000000000000e+00 (Occupations)
-3.4192936321232580976214877e-01 -1.9958609092294282705282171e-01 1.3498952684347215874582915e-02 8.9812090348858480970406504e-03 -1.0294148462008278223587511e-16 -1.8522051393706131579887449e-16 -9.4392186691022714195575816e-02 2.4497476231414773428785026e-02 -5.4706378438274486097903093e-02 1.4051686599728500232098227e-02 
8.4958685533629223264449357e-16 2.6371398849423233360963414e-16 -4.4602975126997457255839663e-02 -2.1174282890493601599901652e-03 -2.4928100680991563398158917e-02 -9.7007847020814019691620222e-04 -8.0282361894782987288277099e-03 -6.4334723620687109257865188e-03 7.3916476727191545727038730e-16 4.5681462644522490756638010e-17 
-1.2276173539554302274142305e-16 1.0816001567758119181739164e-16 -6.3769760790645200337900533e-03 -3.4743431902130948035756219e-03 -1.0829910079847529513763504e-02 -5.9074320558922359392095558e-03 3.5919457897394380108124778e-01 1.6652192514063862693873830e-01 -1.4284250288364677694552540e-02 -7.6709864425921325120638627e-03 
1.2952866948828817600529965e-15 1.9041586890541812168450969e-17 9.1667854656601960305906118e-02 -3.3271845044695012860724859e-02 5.3141209069122223584979992e-02 -1.9137649719803494219316775e-02 -3.3735601694754054323861099e-16 4.0885515215722700586763621e-16 4.4604293149430818132827881e-02 -2.0894796908376852238864441e-03 
2.4908761336376501055456245e-02 -1.3801682817011443754617872e-03 8.5980498258750488738133555e-03 5.6493966172842394538045063e-03 -6.0352849312390500444532902e-16 -4.5013247052110694828585681e-16 -1.5119306448550091198791029e-15 -2.7646595293320111513996033e-16 6.6756394110174263958890073e-03 2.8587974692831814860216610e-03 
1.1337785022391647093975564e-02 4.8620300923179560551035117e-03 3.9455936906329924784841978e-01 2.5358854083788368721785744e-02 -1.6557774667946428132081493e-02 -2.3622823789018650153526124e-04 5.0067108582944662569831220e-16 3.3740111243946233768486336e-16 -6.5282693305611316780812103e-02 -7.3352098188990785820884355e-02 
-3.6104412540679711729474377e-02 -4.1872062775202001372321092e-02 1.2880396536818844587271624e-16 -7.6198003201105368434462814e-17 -3.7691528649378462645369581e-02 -2.2974178998929471740009234e-02 -2.2197338232319400314063174e-02 -1.3394340863511237579852597e-02 1.0227282078742950394145694e-02 -8.5999881602498733004086295e-04 
3.8884105518658900464956057e-16 8.1617637760810840055039944e-17 4.5396143807198117342921546e-16 4.2684682871081876090506646e-17 7.0909841134012847191359086e-03 6.5675758519788234035541308e-04 1.2370871615202358104190772e-02 1.1693916635822330929439516e-03 -3.9519477960249516090840416e-01 1.1885006134788248313705061e-02 
1.6506521718908290230487523e-02 -1.3230443976966215109680736e-03 6.6459934878620140943523913e-15 3.7208113112117538234589073e-16 7.1896008640859890292951206e-02 6.6882914824912501061682235e-02 3.9884689082839555607229443e-02 3.8288507710878105783081082e-02 -1.3515770386788263117499767e-15 -7.8829588054280706606489083e-16 
3.9686313546531702678432652e-02 1.9325132591726912334451072e-02 2.3359344486235184695788192e-02 1.1245942243424488990455323e-02 -1.0100960000824939916119760e-02 1.8186543770996174348986152e-03 -2.0043679730569158128569181e-18 -1.4041418301205442970603277e-15 9.2133410925206556733133161e-16 -6.4355968133280545451720275e-16 
-7.1213204235133428787740684e-03 1.3477682893525778158767825e-05 -1.2426018726152277676932911e-02 0.0000000000000000000000000e+00 
2 (band)
-1.1698977671542958312045357e+00 (Ry)
0.0000000000000000000000000e+00 (Occupations)
-7.5776412980309675038181894e-03 4.0183003970522890302419228e-01 -1.6995358795782525285211761e-04 -1.6176643596099216093620043e-02 4.1310140887665708137134608e-16 5.9989164323421579203432012e-16 -6.3897685491412364866548046e-03 -7.0259949580947901690702873e-04 4.6652620495841949643800461e-02 -9.3341233965318723408977064e-02 
-2.3180454144270581202920861e-16 -3.1608549817147588494064278e-16 -1.2309596026346264485695770e-03 5.5268264714445291228839263e-04 1.4249270277494452408006964e-02 -4.9408160603472146832348955e-02 6.6703877764792696147821971e-04 1.0067633522631463591223699e-02 -1.4096622014934129538065405e-16 5.1113061518259950483219398e-17 
6.0820829762383946471368560e-17 9.2895310328267169634068782e-17 5.6920140159835708182356484e-04 -1.4924658358387365292285764e-02 -2.2642092878099890490561918e-04 -1.9711865089345526926012386e-04 3.0271535819778108700184305e-02 4.0075982280678318359079526e-01 -1.6915559719077122649566469e-03 -1.6088857033707004012823560e-02 
-2.3078360957952479021854779e-17 1.8034104179566149534081729e-15 -6.4275309836336474988982559e-03 -9.8150993769953128777194795e-05 3.7661388423174825546002609e-02 -9.7317381691766749463035069e-02 8.1388254386707591616696507e-17 -7.6633345478124996984056526e-17 -1.1734845286188403529203939e-03 6.6607335394362862830697214e-04 
9.5363128530626048440232978e-03 -5.0529860229662458548371973e-02 1.6115264458696132096604536e-03 9.9601791144075923351008939e-03 -2.1363937084869720326923650e-17 -3.5537357354408911464033378e-17 5.0666510183475536273480058e-17 3.9842861195425113698878781e-16 -8.3785915933020662337005202e-04 -1.4911988780152988370852896e-02 
-2.4396656843942180967199640e-04 -1.7493573964309501282687886e-04 -6.8984972448622450258426397e-02 3.9531106941605842486353595e-01 3.3644237499573757810278352e-03 -1.6223979262336832296576006e-02 9.1400021064461344688096169e-17 3.5279835818199513482903233e-16 -6.2777021249488182408349246e-03 -2.2161331748924237988740416e-03 
2.7978182330653862674996191e-02 1.0045438683206210639387024e-01 3.8639432437937518398616480e-16 5.5103482583697463756605108e-16 -1.1986945886558464380300393e-03 4.0031204325013323682205812e-04 4.5798520282240365308901175e-03 5.1285188625425949526803748e-02 -2.5621068418017747467252399e-03 9.7272673821013240502697528e-03 
1.4264832931798792239182547e-17 -1.6134947276794665966975673e-17 8.7124468876047210574192604e-17 1.1737392004087685556079000e-16 2.2876987088203642843609043e-03 -1.4766952828192221255920735e-02 2.3950912715206508149523579e-04 2.2640278330625894509520180e-05 -3.1476756720202531125707424e-02 4.0004872429883364670644141e-01 
1.8226809945733044894533581e-03 -1.6468596912506038021373200e-02 3.7098724695626489283739702e-16 -5.2510424284324256852204168e-16 -6.4583980158421233630505753e-03 -1.6155139389600334850344288e-03 3.7307607077366453096622934e-02 9.7375587158647733398986190e-02 7.8473859699078176958022289e-16 -4.0233594933175068672977131e-16 
-1.1557020484357300241229360e-03 5.1134257013403961334568892e-04 9.3858890825790249057281045e-03 5.0626580993333974989312196e-02 -1.6353193944195858460649573e-03 9.9252129785722537080872030e-03 -2.8560670520304542324838058e-16 -4.6476239212517356263791896e-17 -1.6800798462831784106883372e-16 -1.2233886003736769042974668e-16 
8.8785279745643428447182677e-04 -1.4916708035701269075001818e-02 2.4057681557310470589830520e-04 0.0000000000000000000000000e+00 
3 (band)
-1.0928762392958175642121432e+00 (Ry)
0.0000000000000000000000000e+00 (Occupations)
-1.0179640892900881921079304e-02 -2.7890106077369464232518226e-01 -4.6243593205771982290741562e-04 1.4258678392516654920285646e-02 -5.2276112842509179227604207e-16 -2.0144981862040189521832456e-16 2.3569232352011700894200974e-03 -1.0062514008325612602234855e-03 6.5025702792472522828504111e-02 -2.3534594866430735837781185e-01 
3.3736724725272937990556647e-16 -1.9163505706899906162577904e-16 -1.9677897565622496506287931e-04 -1.2945507966223568363517415e-04 1.8207848802728580223098120e-02 -4.8817063369805860362227179e-02 1.0098825978927740594504048e-03 -1.2547678499501063384413690e-02 -2.9225631160930796263400471e-16 1.2625030502271247619090790e-17 
-1.3643540990650735348847739e-16 4.2587728202031505788224359e-16 1.8911996859162446844165872e-03 7.5583052591279746915131632e-03 -4.8960460438816216788282532e-04 -1.1534174361006841076637830e-04 -3.6381371698651146506797716e-02 -2.7670529915902414286321687e-01 8.8147654865876074598007861e-04 1.4238916938674964912658893e-02 
-4.3717238844637614058163924e-16 -5.4776509672376039565946044e-16 2.2517665044477662081301439e-03 -1.2235916919082407729180151e-03 4.2589106146681696141165219e-02 -2.4042093422583118988988815e-01 1.5150872618508584727625260e-16 -1.3499661590691679209356589e-16 -2.0808846277854502193616071e-04 -1.1036201596147186126950501e-04 
1.3532950230355115378566566e-02 -5.0313921454597163029909268e-02 -1.7544015648230607690161165e-04 -1.2587029806103856854893053e-02 1.0246782519048923917529470e-16 -1.1747155853511631497878474e-16 -1.5432247195259224492834864e-16 6.4881945841449554264135919e-16 2.5941058342468393399515847e-03 7.3467836202576299389765957e-03 
-4.9828633877496740847701240e-04 -6.8753989356572968796865730e-05 -9.6951264222556884919690390e-02 2.6185675742326885995225894e-01 4.0780247643547873348524035e-03 -1.3631996911900404537143494e-02 7.0748307672182406637186299e-16 3.0674450418602275768829444e-16 -1.6816081040168882193563960e-03 -1.6047763254246998065877250e-03 
1.1972343848639138003120408e-02 -2.4390013551802761093689753e-01 -4.7297959699638737177055147e-16 6.3320927909378718016641656e-17 5.8412468218900157057582589e-05 -1.2994833067064316678429492e-04 -2.0164094840539499575715610e-03 -5.2027755785818474709714110e-02 -2.9677645431332123557299774e-03 1.2241418389500173871664579e-02 
-4.7500042185019707955050704e-16 4.6710162862356783678344236e-19 -3.8867045302513285216495889e-16 4.8820797781361300220871851e-16 4.1652997324942838894279440e-03 -6.5886395722138703379133773e-03 -5.2681066917749483531629995e-04 -4.9798270004084940233701762e-05 -7.1878093308076027034836386e-02 2.6981854781514424956867515e-01 
2.7770421095644898246135313e-03 -1.3955273659335907729395210e-02 -6.4294692203107414518693120e-16 -1.9350709967454339583471666e-15 -1.8251678610903196431358708e-03 -1.4394009688516635776106556e-03 -1.1033820208975838109144441e-02 -2.4394439516930271905081895e-01 -3.3340090181267618160779619e-16 -1.1112384606426895342513159e-16 
4.5924013369710641949139607e-05 -1.3486871422062866746408027e-04 -6.9037049301569316031579326e-03 -5.1607093868500306110824738e-02 -1.8025742617841316282889519e-03 1.2466381856865474744844313e-02 1.3314208250277018343727213e-16 3.1324823562701307110015058e-17 -2.0018693329704806358010186e-16 2.1030399960065167033311889e-16 
3.5267682276384553982651049e-03 -6.9513882888614774574476129e-03 -5.2915909597690314897927566e-04 0.0000000000000000000000000e+00 
4 (band)
-1.0875810626696456040463090e+00 (Ry)
0.0000000000000000000000000e+00 (Occupations)
-7.6771077960858052913195593e-02 -2.7694618686873462287678649e-01 5.4127101373808161888234736e-03 1.3138696381572403937276761e-02 -9.3714626243582274911509514e-16 -8.3508263989104634896822481e-16 1.5321900889438766490968646e-01 1.4124866316409742661441840e-01 8.8532742977711881282587569e-02 8.1569710338931719628696726e-02 
6.0677334822391969198034863e-16 4.2613345160104320534646500e-16 3.7905683074562580847644000e-02 2.5138006810518462308401411e-02 2.1561160995293579545339924e-02 1.4542122769109511529195267e-02 -5.6967005160495354232352838e-03 -1.1035732726434497111278610e-02 -3.9662516306728805154560771e-16 -1.2124294206013688996630104e-16 
1.6493595464510228866381708e-16 -2.1100617055105282006179142e-16 2.5568866234151887972814166e-04 -4.5982854277869158327041177e-03 4.2478413689205074543764340e-04 -7.8651773087324849953461126e-03 1.0249330372582213244392335e-01 2.6849229322979634160262208e-01 -6.6251488938829546093689515e-03 -1.2571005360455873162139895e-02 
9.8915959024840101738829553e-16 2.0329254418603179323362437e-15 -1.6583169095828989569874068e-01 -1.2620261410180710903716772e-01 -9.5816219388296097747570457e-02 -7.2876033962012476408176553e-02 3.6395522164144209874800967e-17 -4.2058146828480000184021956e-16 -4.0103151732465425194362751e-02 -2.1459203547158960112550830e-02 
-2.2834006445428389059371099e-02 -1.2448499819048441938917904e-02 6.7099725506415590706166263e-03 1.0450648876916992027763520e-02 5.2953813998710376285158219e-16 7.7008695143164953416527699e-16 2.7385066569480884675083183e-16 2.0859790646114171239686105e-16 1.7818297875193326966491991e-04 4.6019405030424710700831525e-03 
3.1727964062071073100823604e-04 7.8702470920812249433051733e-03 -2.6219119238753318956725025e-01 -1.1775174521362147261882569e-01 1.2246358159027017839526330e-02 7.2325771960667778470721601e-03 2.6059463532137198716061953e-16 6.5750577401229061124299418e-16 -1.1644237400511812940973044e-01 -1.7289900522406878580206069e-01 
-6.7631305142463959967358278e-02 -9.9458478023938395873315699e-02 -6.5667987139347367832621660e-18 -1.1720884429425172588298594e-16 -1.9247560791044192318732797e-02 -4.1123179413945311344580347e-02 -1.0915308113524219840728691e-02 -2.3732949115332750006368556e-02 -1.0050648801561829631667777e-02 -7.3012043002058449325808454e-03 
-3.2029155593387894592939330e-17 1.1505140908415983632506452e-16 -7.4840864373323711452178062e-16 -2.8637752142828236369494387e-17 -4.5557671963058496769627403e-03 -4.7325799163409508138466997e-04 -7.8603125539753477407645121e-03 -7.4301829811839804375284135e-04 2.7210899672711991170714896e-01 9.2554787917719524847903756e-02 
-1.2872654028898205744169125e-02 -6.0479946518150525663903849e-03 1.4949005184732036961697091e-15 -2.3254181241447485318879333e-17 1.3219683238366816691033989e-01 1.6117347790237143700942113e-01 7.6691024628554080311282348e-02 9.2652409723455744772202536e-02 9.8444265707357570892821222e-16 2.0303087726680670872245562e-16 
2.3032172487890346240790862e-02 3.9129317806527563750051968e-02 1.3100333401099594973771012e-02 2.2600400211162857688762529e-02 1.0693147688296796363194296e-02 6.3229516906104588427894875e-03 -6.0396600928433758121258598e-17 8.5980139542098186765110122e-16 -1.4090992259149237885581162e-16 4.6047981909701219443763032e-16 
4.5800860515864882591130502e-03 4.2422089201072819483750997e-05 7.8953524074306183355709265e-03 0.0000000000000000000000000e+00 
5 (band)
-5.9495761527485757635957953e-01 (Ry)
0.0000000000000000000000000e+00 (Occupations)
-3.1917271337376360886006754e-03 2.2073868284133026096416330e-02 -6.3549773598805441368608804e-05 2.1194570184564914816505166e-04 4.5596235290188809526234872e-15 9.6010958223584954298531655e-16 4.4113535617648014230951503e-01 3.9875261825655039515936551e-02 -9.5959101233163840438677994e-05 -7.3809224508386353513778033e-03 
-9.3239491780706790652749670e-16 -1.9653275670257172722773521e-16 5.5398085901658476737363657e-02 4.0464555004835357082670910e-03 2.5140498400800983386238485e-04 -4.8911950105681722966721736e-04 3.9421492101450830193576369e-05 -2.2638364996607762691382959e-05 -9.3433727745659905211264151e-16 -1.6247198375520026290175586e-16 
3.4985407620865038724055172e-16 -6.9704623543077430395418446e-17 -1.5456353611460922625742143e-04 2.0073400824840905570800587e-03 1.3654140164298731244252316e-02 3.3450506202852871295849724e-04 -1.1002276230857833353576902e-03 2.2276271732465154767899307e-02 -4.3321884928284486778599094e-05 2.1698564132056029352124682e-04 
6.3809097083967735638259481e-16 5.8893484945546410958053301e-16 4.4293017548394186810867268e-01 -1.8162103128359044935252742e-03 -7.9013939299261363568421812e-04 -7.3391351063543368987707183e-03 -1.1601139513730783839096884e-15 -7.8139635266285185610297545e-16 5.5533032337512805431956053e-02 -1.1849232375620401876842314e-03 
2.0425902864685407814629436e-04 -5.1060807037271900565844618e-04 3.7116079779603877611231233e-05 -2.6247785262228581770749258e-05 -6.3364182045986039572194783e-17 6.6308466463418603584370769e-16 -9.6904160971485567051313401e-17 3.7589600414226166102048100e-16 3.5029811775958065054800694e-05 2.0129771498399186800687399e-03 
1.3625022314103502410476132e-02 -9.5194758395894876756848646e-04 -1.3528945922072518719125878e-03 -2.2585828820171724440335481e-02 -5.5472604059029519130152863e-04 -3.7368480253959640569050293e-04 2.2089890793142275320307981e-16 -2.6745768402064006663214214e-16 -4.4480542694020258620568598e-01 -1.2830287591271340164045256e-02 
7.5957034087139815858868985e-04 -7.2527799153763519712789787e-03 4.0684822265735632211503242e-16 2.0109820249513961307829733e-16 -5.4009343021300462717171342e-02 -2.4638835689335001830069238e-03 -1.2849552285828244949095200e-04 -5.6227154601585713211697737e-04 2.2094142525125879186753686e-06 9.6885366715052968766830332e-06 
4.1462305176087348442061184e-16 -4.5041358756397159160757060e-17 2.4954825648372528737664274e-16 3.7216736838877553424896947e-17 7.4293020594575918860019703e-05 -2.0118592461816210519021109e-03 1.3797944878103889435050355e-02 1.3042898040578759788488128e-03 -3.4724046532902072027815255e-03 -2.2358273484214263859826133e-02 
-5.8743099327112214928792167e-04 -3.1982204411773809682451031e-04 1.2112457450623786306250200e-14 -1.2764860072888058527622355e-15 -4.4403880143585627848779041e-01 2.9086542163389326326461415e-02 7.3652457038060967090334352e-05 -7.2920737048510365224673890e-03 5.4923016104428296650585373e-15 1.3045354477741253429953630e-15 
-5.4001519572155917692235505e-02 2.6297794087235424817516893e-03 -1.8083968187380700543692713e-04 -5.4768366805180027437338630e-04 3.1113806409387908063720642e-06 9.4376143570566363861628484e-06 -5.8073475780573911991022074e-17 1.7394396170983613207377383e-15 2.7531631029414664678049794e-15 8.0678135353701181504079095e-16 
-1.1536937478563618676187519e-04 -2.0099221344937129654639740e-03 1.3859453623886176104607060e-02 0.0000000000000000000000000e+00 
6 (band)
-5.9333948516172529963341731e-01 (Ry)
0.0000000000000000000000000e+00 (Occupations)
9.9111485976151412341517144e-04 2.6599069259213709015554628e-04 2.0702998212915584702598082e-05 6.2079803578741349356917567e-06 -1.4911406220921043766101616e-15 -1.1155971246971803081376837e-16 -2.1291125714032005378228973e-01 -6.2767769301566134210190739e-02 3.6859806786910520592925877e-01 1.0865335279618390518230342e-01 
-3.4714591813732928053794461e-16 1.6831839256186906431844665e-16 -2.6142080884977544202874000e-02 -8.7008328651544709908538522e-03 4.5802227424609966155433227e-02 1.5289614970009478972512440e-02 -1.8321964923037105128084123e-05 -4.7342292755180037655549086e-06 1.5674396618493380069349793e-16 6.5406066557702917172351694e-17 
-4.6244972024524650335519074e-16 -8.8132605970955234499872532e-17 1.0948153407194002872948602e-02 4.8370415387794900297091516e-03 -6.3491599147492243371271314e-03 -2.7921592464858757676182677e-03 -1.0117481924031088841298143e-03 -1.7153806867345466891094929e-04 -2.1195340157011827164623696e-05 -4.2321048804583316638172619e-06 
-1.1231192587693630652339433e-16 -1.2287486282570212947345309e-16 2.1787331834557219223391655e-01 4.2452484423573931537898574e-02 -3.7718740036471837262510576e-01 -7.3483002910874742341640342e-02 -1.0306686775309732021865547e-16 3.6920125813212216585916966e-16 2.6844882110200449926162847e-02 6.2020311221871122012161415e-03 
-4.7037835394156846113844495e-02 -1.0911388748405963233789606e-02 1.8686181724958828703764269e-05 2.9889693825176089081452346e-06 -3.1249473437604461063836052e-16 -4.4147566942864665128620109e-16 5.3660358085379937176754350e-16 -1.5326690873594574100303764e-18 -1.1354770935508053109064264e-02 -3.7852623261056782266731346e-03 
6.5837475155434343684901499e-03 2.1822588143455765030687132e-03 -1.7675044164681154561929999e-03 -5.0362572258990517815036014e-04 -5.2268857711962042437991993e-04 -1.5124428108059459474610264e-04 -7.0473770975787818369651868e-16 -2.0537308459587164540383006e-16 -2.1735699353459234095531372e-01 -4.9021216836610120859418771e-02 
3.7674280496668088868972291e-01 8.4818129458865423875302270e-02 3.9475513423263652074265151e-17 1.3545789017026810408044106e-16 -2.6416567549919479918063558e-02 -4.9079874299072078630556959e-03 4.6166718817678427388973006e-02 8.6444024912427155915572996e-03 -1.4778772905174110305044979e-05 -6.5328942762477441624953400e-06 
-3.3596672254435650268369894e-17 -1.1930725717603021968395816e-16 -3.4778879047793395366748442e-17 -5.3555357711954093176352276e-17 -1.2086018035922296842699097e-02 -1.1247427316058496594292082e-03 7.0142063745575779221130830e-03 6.6303771602945404603501878e-04 1.8070555366059282142998654e-03 3.3505375433152441433382052e-04 
5.3460221091521824884201797e-04 1.0138371322184792922005414e-04 -8.4895233660443131279040370e-15 2.1671500664145491962759035e-15 2.2100565953574144439919280e-01 2.8348558891679944554686799e-02 -3.8305289816489451748537931e-01 -4.8987073667742415949977186e-02 -2.1098049979553170787296632e-15 -4.7514316229674721523719743e-16 
2.6761212306743640404471662e-02 2.4001869921894325096700662e-03 -4.6775339423512148073758254e-02 -4.2613662876227198506029481e-03 1.5327983848302852707464611e-05 5.1130956682507312495650567e-06 1.7184842033120856143613578e-16 -6.7845736213799120380506603e-16 7.0454961295746189427905811e-17 -4.3823989823144846286087065e-16 
1.2138227501462510102281378e-02 -1.7643688552507240732691862e-05 -7.0454744394729948084310500e-03 0.0000000000000000000000000e+00 
7 (band)
-2.9144697056941060164803048e-01 (Ry)
0.0000000000000000000000000e+00 (Occupations)
5.0248902963310886257473187e-15 -4.9382222470238001639442708e-15 3.9017316660612941113695652e-15 -1.9661377752531340673004988e-15 4.4846710212559459662884365e-01 -7.4840418869946745417109923e-02 5.4918105524281212539843794e-15 -3.9262047239599497256555488e-16 7.3657565514262420107698195e-16 1.8420810024119248279542323e-15 
5.3201656249619797001138011e-03 -1.4838950668065245541704655e-03 -6.8398920251271632236857335e-15 2.6102692782282819531539115e-16 9.3518740168190646462588470e-16 -1.6686612316904417082992261e-15 -2.8768946805318549913463265e-16 -9.5303708956155609573742648e-17 -3.2130879685155280811592604e-02 1.3217020640742583453830505e-02 
-1.8455591579798823892444304e-02 7.6002836845442435509401236e-03 -1.2367596293066727850782018e-16 -1.5249816579025782805793997e-17 1.0122401431962072498111013e-15 -5.8333045224176921464799512e-16 8.8492246759731224428030854e-17 -3.6577495259124998756566993e-15 1.2112014927516649368661791e-15 -2.4669896972282554971401916e-15 
-4.3943368366352963949594823e-01 1.1671275700149977283537339e-01 -1.1401084146747049533029346e-14 3.7374838421497282449931935e-15 -7.5745820600531658091325802e-15 3.4754448729592553316424285e-15 -5.1569076797136990247816257e-03 1.9779813015113924257182276e-03 5.0044098827996890685843878e-15 -3.6935861865149809697366100e-16 
2.6250398121767987446713401e-15 -1.6280190738142420168129597e-15 1.0096998330763357122267498e-15 -8.1458503841312710238515488e-16 3.0744450184181443957998070e-02 -1.6182145927909234034425268e-02 1.7658435132855740401502942e-02 -9.3033779514132518284608153e-03 -1.3880443867049171201997446e-15 1.3457737211793165790835846e-15 
-1.2523768598367048292574849e-15 5.4868679737031060895410071e-16 1.2153925662443492568240097e-14 3.7486036640897881713592365e-15 4.9125815228952074485081804e-15 1.7631226617442470505238874e-15 -4.1987751046224530693251609e-01 1.7434669419800502554451782e-01 4.2086153221130232919893620e-15 -1.9321511081463790645360481e-15 
6.1254004960955641174693567e-15 3.0174906263694930372152851e-16 -5.3213342616316577915469566e-03 1.5698170326876861521703255e-03 -4.7686537543730212470963518e-16 -6.4638407343367320599479992e-16 -8.6884092355067354996888489e-16 -7.5815187846921912121003126e-16 2.2639327599704815989225718e-15 -1.8046187266155275835429696e-17 
-3.4246829774234564813806259e-02 5.8308034258638622576720323e-03 -1.9673465174346413397721278e-02 3.3413964251004912159315197e-03 -1.0229189142578487939967635e-15 3.5418421187331803706760451e-17 -5.3976689095996568417864573e-16 -2.9629616951727300148030306e-17 -2.7789632605295645963233170e-14 1.4495493039715522794014454e-14 
-1.3766366264707791300395657e-14 6.4757970887789858705655005e-15 4.0160660588539764948023958e-01 -2.1308690170805141828047624e-01 1.9257708424698110608738032e-15 -3.2522199339376660973786932e-15 -4.6838544430546498410239881e-15 7.8156159294409598386933986e-16 5.1499851586599160874202497e-03 -2.0636319210984542527054231e-03 
3.2971649696166396421446878e-15 1.3293205867028870834751735e-16 1.7044339791443348451452192e-15 3.0289743665973747956752637e-16 1.0691611024819268033928233e-16 1.2347080214490509666003428e-15 3.3546114055764297834372201e-02 -9.0278375004290613986546177e-03 1.9271700457780427395704237e-02 -5.1780038141509146867869084e-03 
-1.3693685762294995398722240e-15 5.2969036373148984058145916e-16 1.0736886633516972689236663e-16 0.0000000000000000000000000e+00 
8 (band)
-2.8911253055099878084277520e-01 (Ry)
0.0000000000000000000000000e+00 (Occupations)
-9.0767254319999267835354252e-15 2.9361703506711321701531655e-15 -5.9155691433343637394282248e-15 6.8781142781399806420429915e-16 -4.4982821442107895348883062e-01 -7.2462992710244505945027527e-02 1.1023133760050337829150720e-15 -3.7146935392195650889923836e-16 2.6543921927667747394331824e-15 -1.4009386194188383749878877e-15 
-5.3077107557358378306378022e-03 -1.1669178762265162117850448e-03 2.1127470358205005452612521e-15 2.1835589475212137700044967e-15 -3.4594309397915306055881656e-15 -5.1099197157418099526636464e-17 2.2809159374178399755727916e-16 2.5017518981066547726967328e-16 -3.4163749916781959575784455e-04 1.8028315786982260227055974e-03 
-3.8543785424238689862885821e-02 -1.0804686592137686951264897e-02 1.2003707970681141092119735e-15 1.4159166149008236760286683e-16 -9.1461131173181242348746083e-16 -1.2344848259018752521614814e-16 -1.2015322246550620648055330e-14 3.5067865594750591782580502e-16 -9.6027295170116598292918435e-15 -6.5784888795792767504396748e-16 
-4.5465123090553738460783961e-01 -2.9808824841531883498291222e-02 3.8948617672771811333043484e-15 1.0887070810424306070524980e-15 7.3379993780179166039694144e-15 6.8290396661054630228609558e-16 -5.3939716206428253361671032e-03 -6.6223934658259792085388540e-04 -5.5601094788557505840999134e-16 -1.1205159885524728237932301e-15 
-2.5053840690984457336984551e-15 1.1351323618168741019354984e-16 7.2899430260786041249954954e-16 5.2446021271731570556010732e-16 -1.7045986073489961679441884e-04 1.8269814771504399100732208e-03 -3.9389537571286895034639031e-02 -7.1294443754032748444826595e-03 2.1146785955279590999166213e-15 -1.8608803399154602074610408e-16 
-1.8278311935072550694716939e-16 -3.2755636925631962852239967e-17 1.5237521172100471267554455e-14 -2.8851080093195759350247208e-15 6.2354868931823623625693485e-15 -1.1157251696303991117903043e-15 -4.4820895321449505388500256e-01 -8.1697352191798786047449710e-02 -6.5225997688680342663417774e-15 -1.5536353282652086772852846e-15 
-1.4561903946118441767569792e-15 -2.7612634622464577326250439e-15 -5.4178616383552691965208581e-03 -6.7456136039788488351076623e-04 9.8667873621853660035606018e-16 1.0365212086989381260893198e-15 -1.8382690361055352777016886e-15 7.2196460126850407450655831e-16 6.8246380923862394990726043e-16 -3.0015190294446061149096542e-16 
-2.8096201579786399130447827e-04 1.8130752236256871250813516e-03 3.9935318138505669638416151e-02 2.6679095391919649404854908e-03 1.1451931162574758458509086e-15 8.6375315513161543438185757e-16 3.0342016716214426265924867e-16 -3.0330266517962330166427532e-17 2.0755659100103817523467195e-14 3.9457044353446953271180504e-16 
9.8962355524739215070686520e-15 6.3572629454666259636519585e-16 -4.5390818603164123645754557e-01 -3.9154587849659035214688885e-02 -3.7041828697916662214281345e-15 1.1651305175386164841610279e-15 5.7436778066202436632027506e-15 1.6525348489989593429455425e-15 -5.4572988084736649347372683e-03 -1.6170181262513470647756986e-04 
-3.9430438014243250254649356e-16 -1.5656892024054506347452156e-15 -8.9142062003462279385792738e-16 -6.3933858000217361829225799e-16 1.2505909413583812569777334e-16 -6.9450430870591022659332825e-16 -1.0908964516446797705755134e-04 1.8314695930307708232609443e-03 4.0009156249866582866214770e-02 -1.1021761696252689761987842e-03 
1.8497468984145890614136539e-15 5.3196977112188355176301287e-16 4.0745688698283470898700146e-16 0.0000000000000000000000000e+00 
9 (band)
2.3503007995045933908873081e-02 (Ry)
0.0000000000000000000000000e+00 (Occupations)
-8.5716688396407883614781884e-15 3.2097530225428355326876464e-15 -4.3968464013400966933232363e-15 1.1803601336667561338610715e-15 5.0958749342252251945950547e-01 1.0644187428239594572776383e-01 1.7197323515054134512155017e-15 -8.5699524930548921537645329e-16 7.3305210384627479928086302e-15 -5.9905584240380006416995137e-16 
-2.4346565569736196288364027e-02 -6.5079872907504192000582854e-03 3.5482582481899453553367688e-16 2.1606410442239357498253535e-15 -5.8385622874894370921491012e-15 -6.8976272183458586050521768e-17 -6.9520077133706006531902116e-16 1.9910804659568945077791002e-16 -4.7434990619916843346270952e-04 1.3605546781864617800206219e-03 
-7.7202438377438564742760718e-02 -2.3278948876941256418415804e-02 1.6393921807656447318886465e-15 3.4752064739093564751850386e-16 -1.6131163777759016676643203e-15 -3.9775709173447015842722956e-16 -1.2104658466127591501123179e-14 -9.7841694006482305720106921e-16 -6.8421974888981588161489669e-15 -7.9616324750571589957682257e-16 
5.1734299134414807319615193e-01 5.8013061982270477945355935e-02 -2.3595929901343627369291018e-15 3.5020235884796727523924553e-16 3.9051033614654247763776409e-15 2.8077926074510238063032393e-16 -2.4850970356980320308259991e-02 -4.1878903919177964954023707e-03 2.5836528086404277849185879e-15 -5.8763807314940377835062412e-16 
-1.0878674095877205218867294e-15 -1.2862090812249516122127065e-16 -1.9038374191103367326055143e-15 4.7343657599969658722438250e-16 -3.4420521857466150530274751e-04 1.3991567579392041615476971e-03 -7.9050553837823472891344068e-02 -1.5910244818057080878892506e-02 2.6827082607679250096632896e-15 -1.4236971418537584535534869e-16 
-2.8428822746479685223842500e-17 -1.1640417067225835596634466e-16 2.5740609878083961001055631e-14 -1.8759230754617851316707474e-15 9.7199389093809147095638780e-15 -1.0170968048340833073155237e-15 -5.0560965402173974059252259e-01 -1.2404606150805941311432434e-01 -4.0435290481108010246791489e-15 -1.7314930116908011846845529e-15 
-1.2905259844714233771893796e-15 -2.3825096370125733001542324e-15 2.4787175967262500830834426e-02 4.6461387919954858644056017e-03 -5.2400378267706155016027737e-16 1.0067019076844899344689929e-15 -3.7940457922601126837169401e-15 4.0864158967234684940978130e-16 9.0408788940948894916284877e-16 -7.1297780376166360633367081e-16 
1.6138282554628032407564864e-04 -1.4317114925762675428644322e-03 -7.9690360986660629949440704e-02 -1.2341861600096773465828903e-02 1.0341216983952583414550476e-15 9.2026953737269574460800295e-16 9.1554470232950627763191173e-16 8.3482932041371410631610836e-17 1.2968218030786523794770291e-14 -2.3722537471654556839921951e-16 
7.5861050643746973980579930e-15 4.5435808675844382970665041e-16 -5.1503950610244397800840943e-01 -7.5913468958854535273417241e-02 -6.2381799157132264453691071e-15 1.0964360687361466576460036e-15 2.0355236781742083735044440e-15 1.1435657135349899898503254e-15 2.5114409888087173977622157e-02 2.2928397413760374587421431e-03 
1.1408586314797957870607392e-15 -1.5850017431384375558945683e-15 -1.4379365088481219597855547e-15 -1.4878595652575348458874455e-15 -3.6282285561053887349927649e-16 -1.3185283099621221123240783e-15 2.5930649120307765030527328e-05 -1.4405449717842004012796631e-03 -8.0498164122210308368821075e-02 -4.7875625212420950399527797e-03 
1.8742537523409555344747784e-15 3.9894602925334633732198961e-16 3.0147208485053355317829645e-16 0.0000000000000000000000000e+00 
10 (band)
2.6104135285979969405278922e-02 (Ry)
0.0000000000000000000000000e+00 (Occupations)
-2.9358225106538272340130068e-15 -6.0769648306515525285783652e-15 -1.7648734304303413679253966e-15 -2.3778613706349203183731083e-15 -5.1883258751916894180311601e-01 -5.3021927643482714975764480e-02 -1.9376119613466100057295046e-15 1.7067331674303591113219972e-16 -3.8940738678053131136977660e-15 2.2354029527206754148158784e-15 
2.5241159736940861624265864e-02 -1.9924534472491595149534760e-04 -1.9375859059686895808137657e-15 -1.3980817749325272541690122e-15 2.7990321100745758150926014e-15 -1.8163700101216774241209438e-15 1.2283550785889819565329759e-16 -2.3371948914191198732129043e-16 -6.9797302299523286683857748e-02 4.9420068205060854737986631e-03 
-4.0199529705685480007737453e-02 2.8439191516164284874446100e-03 1.5566892093818921325216859e-16 3.9967906201009690634522782e-16 1.0666574215743866370370993e-15 -3.6034660522245221590137767e-16 1.2932338388770255896678569e-14 -3.9958430179731285099641909e-15 1.0094787411508731752136518e-14 -1.9900636813459733755232574e-15 
5.2151979431003969711611035e-01 3.9601547455288786669935774e-03 1.0626092707621287094875442e-16 -3.4020095249541643432611695e-17 -7.1893175177013448072877953e-15 1.8618883804999187704126338e-15 -2.5110387933239688290631975e-02 2.5737640558860207240510221e-03 -1.0206514540144888540371718e-16 7.6621461573590372365426898e-16 
2.1656237563779124044234483e-15 -1.0876714036330572134969591e-15 -1.7414268515096854700574876e-15 -4.5260780683685559028086209e-16 6.9022455475022351234493101e-02 -1.1488580412895518095828251e-02 3.9753486335346345514896171e-02 -6.6144076745299528255483956e-03 -2.2757554683230041397146747e-15 1.0511983971624238326880659e-15 
-7.9455081405082344318731222e-16 1.1903004808235262608327630e-16 -1.6447986105836729754428226e-14 8.7534937036166222546010852e-15 -5.3554613838631609164403858e-15 3.6826279976117528096228307e-15 -5.1535599291223410656215265e-01 8.0159391048052461292705573e-02 6.9963973859564602517208277e-15 -4.7485975249530463512037466e-16 
3.0890870278718561261735501e-16 2.0250940429875961077874313e-15 2.5234618679456324863430439e-02 -1.1204997266592484593539236e-03 -2.1660793258549512869443221e-15 -6.4860936549341397598698072e-16 4.4624502276016456390630426e-15 -1.2805757565021786851379393e-15 2.0432498414555992886181373e-15 4.9301078034203121086450447e-16 
6.9965272737131697922130513e-02 1.2730608724361958897924874e-03 4.0294139714176946398538348e-02 7.3046520072358057246164620e-04 -1.1765164464300074922697558e-15 -5.4509805937940675147459687e-16 -4.1993334688429533624808746e-16 -9.1560335946038387826423604e-17 -1.2375214245653980883471294e-14 6.2854182741232629473298135e-15 
-5.7947633749679680056287156e-15 2.8580788585347160114042790e-15 5.0552515968556743786166408e-01 -1.2830292408459106900942004e-01 -3.3630544748274568639097556e-15 -1.2286951074462749443778982e-15 -7.2734989977164697350076586e-17 -4.8778623292775969971580966e-16 -2.5017178209184552650778954e-02 3.4903143103638795650967008e-03 
2.3188155102153476864384230e-15 1.2098068283620885058045930e-15 -3.4043106906314777972481924e-15 1.5174127829995641454455689e-15 3.2293992510014336890228594e-16 9.3981218557496026694336614e-16 -6.9774569991624679765607198e-02 5.3169028249402967151171495e-03 -4.0184055743801148918858956e-02 3.0647901548384085500253970e-03 
-3.2709712189101698815077200e-15 -6.4955010533910463436560171e-17 1.5197102843624600156790610e-16 0.0000000000000000000000000e+00 
11 (band)
4.4602859411005657541693381e-01 (Ry)
0.0000000000000000000000000e+00 (Occupations)
6.5320377732375733970116016e-01 1.1201315793939964349235083e-01 3.1026149469191612040308570e-03 1.2463535699545613688599133e-03 -3.9739336397439858457950596e-15 -2.4057159850841488818395171e-15 2.1956191051459408858370637e-01 5.0592249223290260140561969e-02 1.2690510223721152005538215e-01 2.9302593303185624218354377e-02 
4.5196336434975993925772439e-17 8.5014525356599867313072635e-16 -1.7639504408137635094178108e-02 -1.5646811907201463309746714e-03 -9.7803992515566769150314741e-03 -9.2117414176453617236095539e-04 -6.0491736150854104325791383e-02 -8.7270428192996879479537142e-03 -6.3496992575068650137310293e-16 2.4366406618342078724902966e-16 
-2.6378334802557464127364948e-16 -2.1705103781244902699988977e-16 -6.7034293018646995410136924e-02 -1.2601045419743729311679026e-02 -1.1594172651512234251125477e-01 -2.1803455760804398011476479e-02 -6.6084620519708137109660129e-01 -5.0044133841797032447029636e-02 -3.2061376641608395690608013e-03 -9.4884034915763970641222613e-04 
1.9994477262700323276062398e-15 8.6897412522050875492411084e-16 -2.2334863822536241140248592e-01 -2.9705117962709415291300274e-02 -1.2909951053488594174822879e-01 -1.7229722233971331291080276e-02 -8.2697267183777406570259603e-16 -2.8049005878100394679625156e-16 1.7708469170942327253204240e-02 -1.0228692737560647271766179e-04 
9.8236836383861700361386227e-03 -3.3309388127525374478921094e-06 6.1044558964154366220711267e-02 2.9955366354384388785647708e-03 6.2428634649288228615784665e-16 5.7551963924212249194389356e-17 1.3730746098698546181251236e-16 -3.7587959732456315700698059e-17 6.7922655584867014377792316e-02 6.2366372837473465357005509e-03 
1.1747905947503047008328991e-01 1.0795610926799394796438136e-02 6.6070478916039987460351313e-01 7.3116066009996635854939484e-02 4.3385144837260773351128584e-03 -1.7345888717575780324509083e-04 3.0371482235662455835059759e-16 7.4373295079954072026285777e-18 -2.2368856166412012798083708e-01 -1.1791099859842155139766362e-02 
-1.2960940501387191448046110e-01 -6.9887376939412812482110837e-03 4.2328438046288084759637545e-16 1.1586028842657306415124784e-16 1.6406024937158241588930352e-02 3.1858039770207985386107907e-03 9.6198240873619066809707689e-03 1.9014419832469077464853768e-03 -6.0459538285024296000447208e-02 -8.3172949526102695622098437e-03 
1.1214882274022192417014538e-15 8.5297155008358543444913614e-17 1.5142746246204192690961033e-15 2.7577699122672309692099970e-16 -6.7911502450453992141277126e-02 -6.3964908791715111013864714e-03 -1.1744078850358408150356126e-01 -1.1101423029216768781357594e-02 -6.6465338757259784241426814e-01 -1.0613761011819180385407080e-02 
-4.3029360796477686759708980e-03 5.8097935086947423075076635e-04 5.0415812151118904031426259e-15 1.2156782211891967606574026e-15 2.2380546442952736763132293e-01 -9.3121827057637135416356955e-03 1.2969189220143040319754846e-01 -5.2396010675402216599794158e-03 -6.7729206342971875509305809e-15 -2.0324935110577328819355749e-15 
-1.6633025056594041152235874e-02 -1.6277219311425011535887641e-03 -9.7560724653280306295499713e-03 -9.8769789713219801122190411e-04 6.0973943313822172307414604e-02 2.5906373312002319714286713e-03 1.2402386886628311195320114e-15 1.4188442133763337739626824e-15 -6.0699658962489025496408185e-16 -5.4231067275528900450312249e-16 
6.8212071765562001801619374e-02 -2.2933924357998718840390140e-05 1.1796431832387840876741336e-01 0.0000000000000000000000000e+00 
12 (band)
4.4775251088104561780767199e-01 (Ry)
0.0000000000000000000000000e+00 (Occupations)
-1.8484170558328358313637807e-01 6.3642881773924075972104220e-01 -6.3750691155699951151447635e-04 3.3535398268239140218138772e-03 -6.2235244115083022469766812e-16 1.4350234856327772406216022e-15 -2.7709661843766303368497006e-02 -8.2751599865642129494336388e-03 6.5423590246901613953767196e-02 -2.5160571226750061413213189e-01 
1.9840718234315711483998350e-16 -2.2312505873212642457365621e-16 -5.0093371163800470835525402e-03 -1.7808868440509738328980660e-03 -6.4044038360679417937193492e-03 1.9250411016902242017367897e-02 1.7845406141437269303962054e-02 -5.8559913033607774446309691e-02 5.5614990604465180689456653e-17 7.8813423463519726597387851e-16 
4.2469886475170261409680997e-16 -5.7053987288348897265681583e-16 -3.6959584758506802693034388e-02 1.3117041839894025279100731e-01 -1.4563928153519187236319965e-03 -6.4071191072827054710514538e-04 -1.2412812896703583065427523e-01 6.5099946526640262156604422e-01 -3.1908165657375340412693632e-04 3.3986513985516247915441568e-03 
3.3667284483727740760947516e-16 -1.7114834946284093553456071e-15 -2.8365446732773597765531193e-02 -5.6307249933349031931206774e-03 4.1455048834606780805422943e-02 -2.5664598093888602026169110e-01 7.5226903438308244284209407e-18 5.6735266985638348589202810e-16 -5.1547017580365790678786908e-03 -1.3015629384562589151985712e-03 
-4.5643571536527881987721500e-03 1.9767684654162863411297479e-02 1.2255232953691373720683799e-02 -5.9979423139602305869999554e-02 -2.1193281652115065766376569e-16 -2.2619192994167229614061470e-16 -3.6681435564455792601750333e-16 -2.5855545437062668798112328e-16 -2.4451329980204557223988360e-02 1.3406648362116072026317681e-01 
-1.5102256095902029907340758e-03 -5.0080973801907712091019409e-04 1.4398907069554287008195104e-01 -6.4892656565364648102445244e-01 1.3245429241163743025455624e-03 -4.2266028260723453868763499e-03 -5.8189303166272327063034128e-16 1.6000217821352163098266913e-15 2.8598001964737794489135325e-02 5.8382439259325128594335652e-03 
6.3176997350823091426086364e-02 -2.5076804441971944914513415e-01 7.0855321267399979879538318e-16 -1.1832205001560065473962343e-15 4.9681677485463697496737012e-03 1.2629507893074480573414320e-03 -3.4386515858703791542749784e-03 1.9106240573859664677591752e-02 -1.2453425497933238649816978e-02 5.9848482289827469038367980e-02 
2.7059566378451280353344803e-16 -1.0741328940845117672449886e-15 -2.1681926320660305120780192e-16 -7.7124862747233396753556178e-16 3.0572933473518901226206879e-02 -1.3279790041699945923880932e-01 -1.6025032582914480391855783e-03 -1.5148115663378067512895297e-04 8.2280657541353843797971024e-02 -6.5959717516011728832836525e-01 
9.2090609270813975767433490e-04 -4.3324955136098746918960067e-03 4.6210404409156140547543368e-17 -5.0663132166004807371845483e-15 2.9020510308400422616603720e-02 3.1210238619966169937303135e-03 3.9297257905816881939919938e-02 -2.5560060762427438962873794e-01 -6.1051914573715596850278016e-16 3.9870604293903080111105233e-15 
5.0649730127877903157473938e-03 7.8979988201419788935997435e-04 -1.6253346541625244767170777e-03 1.9345052102789993264675417e-02 -6.7659170317425632035224226e-03 6.0754843475196225466294919e-02 -4.9190834751749234154494183e-16 5.4724218405184273084405059e-16 -3.1501497117809597665596651e-16 9.0607350290143820917276684e-16 
1.7939863292127791044583418e-02 -1.3508570583718346180823744e-01 -1.6096469281940927169988198e-03 0.0000000000000000000000000e+00 
13 (band)
1.0633153308693767957748832e+00 (Ry)
0.0000000000000000000000000e+00 (Occupations)
-2.8023085485438753439169091e-01 -7.7799971475919604824156295e-02 -3.8207884156652405227561076e-01 -1.4180469556940389352917009e-01 -1.4619197485955035092018553e-15 9.8276376961673541041019392e-16 2.2505815844352389243354651e-01 -1.4217196440837485960084763e-02 1.3055877415490679815945896e-01 -8.9743305549735072346173581e-03 
3.1556972182859745521090598e-15 6.3351036982948716898162715e-16 1.4350624086029142856268948e-01 -2.8250835510400945649323035e-02 8.2261059670414041211650158e-02 -1.6328037180911504633318287e-02 1.8515426951000754640652701e-01 5.6615979055025064670125801e-02 1.5809982976481717081666282e-15 1.2737022771516730963569028e-15 
-1.4620700089343919565964188e-16 -2.4967943185578122844064300e-16 -8.8429633644503541356485243e-03 -5.2164429715050551761290620e-04 -1.6097902869058499514265392e-02 -1.3336581076617559649122313e-03 2.8630880449297441137090914e-01 5.1082639358653383898634104e-02 3.9372816286381917549874743e-01 1.0521856597672774036311694e-01 
-8.8559341955835260826980117e-16 -3.1703885532260686564461971e-16 -2.2272138599281013360275949e-01 3.5333943709489272488877276e-02 -1.2913479058222449014081690e-01 2.1221168183095277109950771e-02 -1.8170923857988676787790799e-15 3.6121751909947389430952276e-17 -1.4021071660395176272650986e-01 4.1630587580457088792140752e-02 
-8.0359378136969458750193951e-02 2.3997022351402583911772481e-02 -1.8966058260373747090810070e-01 -3.8940159328749127110036454e-02 2.2868147822418878718750421e-16 -6.2129711428527997498288704e-16 -2.4189426005757305506862240e-15 -8.5388365320286462995536130e-16 8.8528090449920531640470855e-03 -3.1286714568132777125608612e-04 
1.6151968121365344044360057e-02 -1.8720720120094219013351378e-04 2.9016056677988216749852768e-01 -2.7545052355169227786824138e-02 4.0172779477985748330937099e-01 -7.2483712522783821929905912e-02 4.6800841870570671737415505e-16 1.5452833241197675343610530e-16 2.1907946002005126984180094e-01 5.3422323848099154131041644e-02 
1.2634136428319442391199345e-01 3.1654178914170112701942372e-02 -3.0910466624643989205127724e-15 -3.9167088854347596847588802e-16 1.3569255245817440913569385e-01 5.3011418058478095016727849e-02 7.8496104605088323769024328e-02 3.0555313526797928808109717e-02 -1.9237049769391914577632008e-01 2.3197097566756613717942059e-02 
-4.6091762263978492720757485e-15 -2.8135089727536223554367714e-15 -2.5141634068744632711759289e-15 1.0825402366690857004989507e-15 8.9077440238009234635407907e-03 1.0373910350621896175882242e-03 1.6071361929142987529095521e-02 1.5191909872615755663916026e-03 -2.8628060549638806309147299e-01 5.4729327969168947709555084e-02 
-3.9312359267823970832012037e-01 1.0996795242102840040043787e-01 -2.1890963429208133943505892e-15 -4.8816051986190273306982101e-16 -2.2313466241263593681232180e-01 -3.2568035218647012341008917e-02 -1.2875957822345501790906042e-01 -1.9623923852794593336579254e-02 1.0626284827746943340404538e-14 1.1326897070411114514366427e-15 
-1.4007915924736724644361630e-01 -4.0006354266974464284345459e-02 -8.1023245133245352933570871e-02 -2.3032571957440291926522136e-02 1.8933371088998970921402076e-01 -4.1197811096979203293599880e-02 -2.3645563655073576393172030e-15 -1.2297698430912949236426655e-15 6.4493387647644587741040950e-16 -2.6135555537209211317344775e-16 
-8.9658382610712395593965951e-03 -1.9449429138451677380981797e-04 -1.6143005157442678887402820e-02 0.0000000000000000000000000e+00 
14 (band)
1.0688336310543515850213225e+00 (Ry)
0.0000000000000000000000000e+00 (Occupations)
2.1530234406825294463105891e-02 -3.0392139656227240562813563e-01 9.2615225382287370836653650e-03 -4.0471462418831066765179116e-01 -4.1438168093167572513259239e-16 -2.0036512856720671818109534e-15 -3.6251256918965329978377099e-02 -5.4928436323101927779566367e-03 6.3780927883777358000649826e-02 -2.6064418465992650331131131e-01 
3.5498035267388780793867802e-16 2.0393210696495804702133692e-15 -4.0248720672246794671789161e-03 -1.2414065060794340217276144e-04 5.1574778021751851997400706e-02 -1.6045393373211397358701902e-01 -1.0664490874947649481918610e-02 1.9557223589828626186815086e-01 5.6106415708341668692272109e-16 2.0773902711118828498555209e-15 
1.6158742288929923232362337e-16 -9.1822438619777440873565972e-16 -3.1018605625188549676507499e-03 1.8443573803207432421080725e-02 6.2319224604753219176611623e-03 7.4813167264640653437296480e-04 -7.1668475472751735910748039e-03 -3.0459875669182628898923326e-01 -2.8866591084069297135084042e-02 -4.0379007262535371314271515e-01 
1.2128967993070636257474117e-15 1.6655210052467881431936671e-15 -3.6607294807249439461127594e-02 -2.0569215534522581646792450e-03 3.8969081273486347316570289e-02 -2.6548975208741071307727566e-01 5.5512544993096859718811079e-16 1.9386699177366310756097192e-15 -4.0186922098319217272477388e-03 2.5518421162511097793901271e-04 
3.6245838262416230080020796e-02 -1.6459544886399959939815574e-01 7.7878117652468315662561693e-03 1.9570789664137949737110489e-01 -9.1544066481095593786998676e-17 -1.5887510090519848750726598e-15 -8.2839438064505781112094004e-16 -1.9544874504467212802579255e-15 -1.3524007733556470123303939e-03 1.8653631435510589775539358e-02 
6.2746703778665422965299392e-03 1.5833572631305170216875489e-04 4.8717970131843375825031472e-02 -3.0142421625364801407442883e-01 8.3436676837429030184623002e-02 -3.9686327767211809769420938e-01 2.5474926960483159883832895e-17 -5.5085298602052137054789750e-16 -3.6468460576121637661817232e-02 -3.4183548567848407416513989e-03 
2.5226945166236039441720607e-03 2.6799136850263366449453883e-01 -1.3991130697239763949708868e-15 2.4253574381318958264048311e-15 -4.0820231448535013174527819e-03 -1.6476597089857061839701657e-04 1.3791028397459869150876166e-02 1.6762846731870381655760127e-01 -3.4183630442605243693332540e-02 1.9301600559338424889510577e-01 
-6.8296305210052636063496924e-16 -1.6049939513631220156994095e-15 6.8859725527744665845285428e-17 -2.0000827541102673008520928e-15 -1.1876155696118701962649133e-03 1.8716406157118743031064767e-02 -6.2399225982340857099561759e-03 -5.8984634994351350153335423e-04 2.0135233470806090938509669e-02 -3.0467125090974633838669661e-01 
4.5718248232257341356898905e-02 -4.0295406932399757682361496e-01 5.0590394067562628468347522e-17 -1.7894736986126698585332098e-16 -3.6628307867248695306461315e-02 2.8801237222820066149336915e-05 2.7731714382689363895817536e-02 2.6656460679719268247467312e-01 -5.9060850159672203851890691e-16 5.8240456250306532042108143e-15 
-4.0794128293468821105927091e-03 2.2011757942654985170660709e-04 2.9505055648750534713631311e-02 1.6558667582580705035510960e-01 -1.5867511550738247483316457e-02 1.9537635753237903024626121e-01 7.8294058327812426331905178e-16 6.4357081072506343155398713e-16 3.8750228712660404801645778e-16 -1.3700253598382893772848778e-15 
5.7902452514936066096939982e-04 1.8745106582217813118163008e-02 -6.2677390459881920231621777e-03 0.0000000000000000000000000e+00 
15 (band)
1.1880507062030232212634928e+00 (Ry)
0.0000000000000000000000000e+00 (Occupations)
-1.1360888690426892977392015e-01 2.7615295367098652290493987e-01 -1.8362264794685809188301562e-01 3.2228384719834957117257090e-01 -1.9284648908058538466072393e-16 -7.6806512705255776374207959e-16 1.2538155951585080311039277e-02 -1.4183242989644868209397899e-02 1.5891886805259958226343997e-01 -1.2861297071656738189027180e-01 
2.2244463056693011078885167e-15 -4.1125542175327193568241635e-15 3.0644251541098246893746193e-03 1.4404155485890374893687138e-04 1.8669726611011921990623819e-01 -2.1438118383801138544519915e-01 7.0027093410380020221950303e-02 -1.4195593962398406207015000e-01 -7.0001502235770802333750245e-16 1.2769342539067047019740562e-15 
8.0537354571185887316339748e-16 -8.4767183970384247706645877e-16 1.3239144359068274678370436e-02 -2.1905553108013200297454759e-02 3.7304516382798873566639664e-03 6.9664958753945984554212245e-03 -8.7116397954544663728704279e-02 2.8561891781209541862907031e-01 -1.5247813486560798934554839e-01 3.3813395776182481045069039e-01 
7.2594757526580464631113850e-16 -1.5606739624207662707888280e-15 1.1147750096590516508121560e-02 -1.5300241964117626894403834e-02 1.4611003074597991857608292e-01 -1.4299776842703557089286903e-01 8.0727425496664027922620532e-16 4.3595179313036414227425319e-16 3.0643806347464153799764475e-03 -1.4498558937810299834803018e-04 
1.6569364541648551325536687e-01 -2.3099951737060461787187648e-01 5.6357076647370961397509603e-02 -1.4791606578653171411019684e-01 7.0892698451116154847412609e-16 5.9431419414453332185493202e-16 4.6868579995706229728112471e-16 -8.1655007356215635477064428e-16 1.1118893912485945663082276e-02 -2.3054249033352628567294929e-02 
4.3695009384595254881000770e-03 6.5845118084986650752732373e-03 2.1112040765856693314006520e-01 -2.1211594544892445335371178e-01 2.2615521691152368211064072e-01 -2.9388936547841942870107346e-01 -9.7813410930303254512738605e-16 1.9702158971763988475753022e-15 8.5147302475798228305059467e-03 -1.6908716773600881988492972e-02 
5.6941106789869931625869270e-02 -1.9595361338057826205982792e-01 3.0889665292708984776886898e-16 -1.5494200236636907641050524e-15 -1.4970310470013006506895259e-03 -2.6648107478457029942409129e-03 1.2585878338128958509045674e-01 -2.5568302206618920280334351e-01 -1.0363800468349253225408546e-01 1.1918046083300636028834418e-01 
-7.5457115857340386309296750e-16 -1.5558693005070398584106567e-15 2.6741564434076847558881853e-16 -1.1324944314498975298965194e-15 -1.5073026749555171188710290e-02 2.0674376415685334629213088e-02 7.8819950315289159098464111e-03 7.4506789571860050115648111e-04 1.9022157396235925275185252e-01 -2.3104275284695044434535305e-01 
1.9749409956649091602010060e-01 -3.1386816008368229047320597e-01 2.8393807251656547446703117e-16 -9.6290544976979217735638394e-16 6.8856907572103507111926923e-03 -1.7634982191958501612782939e-02 3.8247536098360075673685543e-02 -2.0044259582670606589793749e-01 -3.6360415239292313033074499e-15 8.1188230427844659057374789e-15 
-1.7411680152375598809588730e-03 -2.5121011564875395973006622e-03 1.0123831969467443625543268e-01 -2.6639264958413605421938541e-01 -9.1962183400809277555865151e-02 1.2840473154579870596059266e-01 -1.2182466798550515728713699e-15 -1.1534797625233713388063963e-18 -1.8155701564673055984939313e-16 2.8518552179572743983636825e-16 
-1.3060501429901493278262770e-02 2.2001119925338080002275021e-02 7.9171315415740035198455260e-03 0.0000000000000000000000000e+00 
16 (band)
1.1921469830274453727270156e+00 (Ry)
0.0000000000000000000000000e+00 (Occupations)
-2.4085097662911930660456505e-01 -2.0718207270614330539615366e-01 -3.2293100882332925749551578e-01 -1.7080927667491752064421462e-01 2.7004148641423357759338367e-15 -8.0749747673435011128052261e-16 -1.8215071696864942873972382e-01 4.1417109883414515714150639e-02 -1.1363339889109118352461536e-01 2.1327780084846894442796028e-02 
4.8961402445556887618253272e-16 6.2815025556844933700312345e-16 -2.4437801737696432380353428e-01 -2.4196212329607863500413600e-02 -1.4101950941834587305301341e-01 -1.4072535200536879368415910e-02 1.3291149272869640096672583e-01 9.0486072388671789923364486e-02 5.1479677959659387933886447e-16 2.2339526142174226335594068e-15 
2.3779040520919145672904482e-16 1.7394638330727282702762496e-16 -1.1040939648001934711429861e-02 -4.9067040958991970170388619e-03 -2.1611602532265707793390774e-02 -9.7668704794532847784926943e-03 2.5927962688193528784097452e-01 1.8359651216202624302020752e-01 3.3757240250278863769040072e-01 1.3966072650016875256184790e-01 
-1.1895202099689133696702878e-15 -6.3005488515590717635505654e-16 1.7744463128549944896938939e-01 -5.8375196027387832309329951e-02 1.1112196843372847132602743e-01 -3.1926974148192760472042551e-02 -2.2834857987288791586813327e-15 3.5909586347487751435544373e-15 2.4557052381665223084183935e-01 1.0908256553464898766514501e-03 
1.4171800239543735910885403e-01 7.3897261487153602290550714e-04 -1.4083711847077179379894574e-01 -7.7576415595081812948130562e-02 1.3722355944764712702066029e-15 -5.5687521638975919520332982e-16 1.5652979478200988890038005e-16 -6.9075438522109230262642319e-16 1.1453701213422023269528083e-02 3.8458837617231962646702215e-03 
2.2434833182462261824685612e-02 7.6896933001185784756215114e-03 -3.1264538330949148692283757e-01 6.0301048923857777928070334e-02 -3.6509468336752942674294786e-01 -1.1860207803023943562426012e-02 1.5430998231395683880993609e-15 -7.6370763795757400570037358e-16 1.3722924043366163671109348e-01 1.2617634742923347634935283e-01 
8.7909633713943488575459639e-02 7.4875357139334047795742322e-02 1.7510354350926844851012395e-16 -1.9534782905422603783035617e-16 2.2492111402893161242744213e-01 1.0030765017679360573410463e-01 1.2957810106569725427938522e-01 5.7878656440427951601623846e-02 1.5995135373276442303236422e-01 -1.2703279987047422575074940e-02 
-8.5896443200821715918866680e-16 -1.8701108631205611522429850e-15 1.2793666635909862797160315e-15 -9.4739038769362425958142924e-16 -1.2013459838136035170985672e-02 -1.1747226355965536929992776e-03 -2.3612426209105280561217910e-02 -2.2320314384341407611123120e-03 3.0558302202583270679170369e-01 -8.9455960424317013113260089e-02 
3.6459052439110711807401799e-01 -2.2550873072223490134469159e-02 4.1341430632928984950292412e-16 -3.9720943760085281211361813e-16 -1.4849445544439265898262192e-01 -1.1270195997788597097599705e-01 -9.4565881217474764830477341e-02 -6.6270030300607213336050449e-02 -8.1104901331186509051259184e-15 5.7306382638131081694402448e-15 
-2.3336268993444914121582201e-01 -7.8695534603742095525191758e-02 -1.3444989160151851748103979e-01 -4.5427412380013153236912871e-02 -1.5804599970976224154739498e-01 2.7699654493588916903679120e-02 -3.7557003600921853029653501e-15 3.0816069015209562289622725e-16 1.4632953499885747129841604e-15 -4.1837600604852752370326925e-16 
1.2070694844011927923665972e-02 3.8942732464226079754782139e-05 2.3717686139722370802784823e-02 0.0000000000000000000000000e+00 
17 (band)
1.3820140861309313518034969e+00 (Ry)
0.0000000000000000000000000e+00 (Occupations)
-3.6846308879974823402569939e-04 -1.0485149219655875985068860e-03 -3.2987232152109193308864299e-03 -1.2734757382472546016760617e-03 7.7415994487948577006742569e-16 1.6058842534604286843391596e-15 -3.7984687452581200606260836e-01 -1.0792436135341100522655466e-01 6.5467928085031779072977542e-01 1.8765040585711162401949537e-01 
1.6793100053539087052462658e-15 8.3011727793072403427710950e-17 -5.0156010505431600221548649e-02 -1.0865401674793842556887569e-02 8.3124521528573289130825685e-02 1.8734108599666024486118943e-02 2.0401124992090948102874126e-03 8.5535132028152945082855041e-04 -6.6561381243952659980517343e-16 6.1519080008403922334004475e-16 
1.3615304683407478102334075e-15 1.2669673894672576110373374e-15 -1.1415192643382984782896017e-01 -4.6559824914086889169340111e-02 6.6751888607336495873312288e-02 2.7138911513065973324376756e-02 4.6550180744846757219246314e-04 1.0091861357280490496535208e-03 3.4039280185586104528205897e-03 9.5738673014156283613829146e-04 
5.5321369544509987167503838e-16 -3.9808214146364006068172688e-16 3.8831768025987667414256066e-01 7.1698640535708985099816459e-02 -6.6943325421698440802487085e-01 -1.2520684382831118175438689e-01 1.4729344533550118631008512e-15 2.7634674981620712101890527e-15 5.0955940980043488985895550e-02 6.0970830859814369173665938e-03 
-8.4518647321501078062411239e-02 -1.0828257446041291561789066e-02 -2.1115540777353163093277288e-03 -6.5956369461979760804304362e-04 -3.9105968241653422302058908e-16 2.3633700532918707782901414e-16 3.4478381512312872034983328e-15 1.2014537869919011368502416e-15 1.1802698273475142887178890e-01 3.5610545504311197362312669e-02 
-6.9009638549887342140465307e-02 -2.0736560415356500297612286e-02 -3.6379724336986357657863778e-03 9.7804441512611139941668625e-05 -5.0506478190868757047193860e-03 -7.6699709677061772561401654e-04 -1.7743373149879119345244198e-15 -6.7775981613021721664162421e-16 3.8494394401664594473899683e-01 7.9098532336413784893380807e-02 
-6.6763387604337687264433043e-01 -1.3572912212846058310766750e-01 -2.6838982108698390689477874e-15 -1.0433265227675715312587874e-15 5.1351916395115743130261876e-02 1.3986223241173822984251274e-02 -8.2559440301828643238302163e-02 -2.1936925542800484595362676e-02 1.9558674074743884543914341e-03 1.0597121300658569637443557e-04 
1.6982621257793467706707675e-15 1.8797801923763615476919156e-16 3.0711213109247199672243129e-15 1.4834471629035238431303913e-15 -1.2266302906988406362653876e-01 -1.1407201784416624162910026e-02 7.1701949397257241924918958e-02 6.7778297676899905421787906e-03 3.6126227722560926361450306e-03 -4.3973383167694030104755143e-04 
5.1004136683847059105523236e-03 2.8828518927549381944963613e-04 2.5150460742519752996108223e-15 4.6885409106432025623394128e-16 -3.9067937863578300339284510e-01 -4.2521064957127416295001865e-02 6.7744413202099673654288381e-01 7.2296853491359724941389686e-02 -1.9523673072317804117071066e-14 -5.3468348302358718457542956e-15 
-5.2440234651940136056946784e-02 -9.0915096498094382510002376e-03 8.4257485645713503519260712e-02 1.4070039015355206152291245e-02 -1.9571599708194942213168588e-03 7.8562473716214405563065815e-05 8.1334057944223452924718927e-16 -2.4969559685368623923163141e-15 9.9720868295517681222398691e-16 3.4250310440751874686156355e-16 
1.2319215872459444993669564e-01 -1.8703455317504807074724393e-04 -7.2021583735981914431434348e-02 0.0000000000000000000000000e+00 
18 (band)
1.3846203073499341318353117e+00 (Ry)
0.0000000000000000000000000e+00 (Occupations)
-1.2472332983521593197107080e-03 -1.9750172418498045112666972e-02 -1.0846764864488578003487440e-02 3.2387347431000343411788833e-02 2.4981488668047981670023850e-15 1.4793045261871833716301125e-15 -7.8221974336325983401252415e-01 -7.5146605794809723244398469e-02 4.7728794324691029005158782e-03 -8.4866181433310844406392448e-03 
1.6779840575328739660820281e-15 -2.3973937380303930057835963e-16 -9.8922584097737936703609307e-02 -1.2637179181075139378087613e-02 4.5665562759546049140246815e-03 1.3007765398659068556419527e-02 5.1388604787427783621156507e-03 -1.0119931059502025247343049e-02 1.9407281150225904392271571e-15 6.4393750461625883245757994e-16 
3.1815972744514773694331838e-15 3.9015722829968572317604720e-16 -3.2646426109781551128108390e-04 2.7629016813179433677272190e-03 1.4171995932411862728628194e-01 6.0410727916777370166689920e-03 -3.1003534469444928370340797e-03 -1.9545145432195251689044824e-02 -7.7507078985444705088170281e-03 3.3264381983045543389465593e-02 
6.0036951534398276807203581e-17 -1.4892925972605997598026954e-15 -7.8582014477924599926694782e-01 -1.1997218059382648569499707e-03 3.9530359091518750200289212e-03 -8.8981218647364961060741706e-03 3.0933625249841894306763455e-15 1.8378234016649242030740799e-15 -9.9672825786065941122693346e-02 -3.2716573939814679733428804e-03 
5.7704285997672594837881732e-03 1.2520285566544955835333042e-02 4.1636843911372683688099094e-03 -1.0558627939278494509145467e-02 2.6905287078538417788756771e-15 1.5545769919786929644021450e-15 2.8167080341886012684932111e-15 1.2766045642157839505310628e-15 -6.5003384750515627935052443e-05 2.7813628267646071934304786e-03 
1.4165951629964504410175152e-01 -7.3227640387311838943151798e-03 6.8389703053002535992899169e-03 -1.9315439786297947111215478e-02 7.9041221508604521395202624e-03 3.3619442967025257862356824e-02 -2.3727187182641193298930757e-15 2.4863390534421358503005653e-16 -7.8445174802738137920243844e-01 -3.1780685516021367487127236e-02 
1.7772096110724722173301870e-03 8.9595334214933111671719246e-03 1.3919059164988226217364261e-15 8.6454371227861009648787674e-16 -1.0083967638529818533488225e-01 -1.2240439904745714638778509e-03 7.8413394600574219672761700e-03 -1.2278612250448624892973370e-02 -3.4584036590779667665052077e-03 -1.0685158210592668459604226e-02 
6.3398279560067960445950183e-16 -6.8217914525107946698073868e-16 2.7241632415385251691628146e-15 2.3152309574860365500133260e-16 -3.6669169774608025014206447e-05 2.7821070598799228779096637e-03 -1.4112367665594754972957503e-01 -1.3340115082252280986896409e-02 4.9908752535993139431980126e-03 -1.9873321141079244855909280e-02 
1.1032912449239170790682429e-02 3.2726395085235296389392090e-02 -8.0925856422103300959408869e-16 -7.4568077495613122655735290e-16 -7.8396115011028288943606412e-01 4.2183789177649054502605708e-02 2.6124888665309676898107494e-03 8.7525204964786964406675551e-03 -1.0558897344349933000965634e-14 -1.1378894495253013109175568e-15 
-1.0050733904715675182117707e-01 8.2712402202793997713081708e-03 6.6510198287030976652123293e-03 -1.2962054565381880832930506e-02 -4.4486173579652427134689674e-03 -1.0312272565105036481458711e-02 -1.6983193392885808547275493e-15 -3.2547252143453330218072201e-15 1.2573500785087012494689990e-15 -3.4790374793108927123233137e-16 
2.2531297149136841700099720e-04 2.7732108441288656763834553e-03 -1.4175278051308018434362168e-01 0.0000000000000000000000000e+00 