158 (index of k points)
0.07711631471766836054548833 0.1333776501039601602993656 0
18 (number of bands)
52 (number of orbitals)
1 (band)
-1.3681136514173062312949014e+00 (Ry)
0.0000000000000000000000000e+00 (Occupations)
-6.5326568648861410570916064e-02 -3.4241589525725291132118855e-01 4.2058351641039437573965643e-03 2.2045381866539093262957749e-02 1.6044215158132239575301858e-15 -1.8434030675887134997348963e-15 -4.7712783552951984478163183e-02 1.2449933176335845064208740e-02 -8.3944310159018958872323424e-02 1.4079690335622049857100535e-02 
-1.0054573754046799764706015e-15 1.5991447391525244836997022e-15 -1.9576930226355364339507759e-02 -3.6924560666322520097182291e-03 -3.0704329204317128143575388e-02 1.0152148351424916672414156e-02 -2.0608147830269421194038237e-03 -1.0801968443342815917596056e-02 5.9042063369122465775770355e-17 5.8588168096502139438538565e-16 
8.3680270133803334318052322e-16 -5.0169933574576915032537321e-16 4.7771783053508496200145750e-03 1.2911267192747492155158184e-03 1.8125014291926113546571386e-03 -4.1716649776399467031140489e-03 2.9432193391998662246322738e-01 -1.8679080574231998745915462e-01 -1.8949006492049405570021747e-02 1.2025932979747388715252576e-02 
3.4018719978369566424417559e-15 -2.0294023512800409797237141e-15 -2.9139902225755458242684171e-02 -3.9779098138845031540355990e-02 -4.3992926639057308713098848e-02 -7.2866365997990706349085599e-02 -1.8021705243288802922803964e-15 1.1475776452341092970391236e-15 -3.7735898589212751863541939e-03 -1.9561453127724299366763105e-02 
-2.0742246275191417170802310e-02 -2.4810908236003618998477549e-02 9.2847797390557072066963329e-03 -5.8925669294589977376119805e-03 4.7697921787245156005811442e-16 -3.3159948982146746264422890e-16 -3.4552429255967994848622520e-16 8.6741341528701698668294942e-16 5.5813736345636244529089254e-04 4.9170035031353663546038746e-03 
4.5459422810917252816276246e-03 1.4952890511494426606375896e-04 2.9515462294455924174840789e-01 -1.8731917948582141320024164e-01 -1.8381434012886894990845832e-02 1.1665748238914221829309881e-02 -5.0836367048479799066287454e-16 1.7787009440298752949767393e-16 -2.2775966853483521623591201e-02 -4.4274758647828468816065595e-02 
-4.8149376115220104965786163e-02 -7.1018555721005599545847531e-02 6.8442766669138067955258422e-16 -4.9892515683316738465971414e-17 -1.6650232535108191317396731e-02 -1.1116989965267326870290709e-02 -1.3012923018634948643668103e-02 -2.9245293703025233844616793e-02 9.2990969013945299487255980e-03 -5.9016491317948095718382007e-03 
6.5041568727204820237519200e-16 1.5034182152737812359563615e-16 7.9491345419971037611335734e-16 1.2736668543051945079627910e-16 -4.1304785765614859815997306e-03 -2.6902897511397148855305517e-03 1.6170241308851871289697932e-03 -4.0841367480700298958629091e-03 2.8281863201059942447557205e-01 2.0547103892379278700097700e-01 
-1.7613195578066797447602809e-02 -1.2796176767823644326860233e-02 4.3203571844876182486975584e-16 -4.5311866156413865071671123e-15 3.2781236894762338929254497e-02 -3.7475184150110668612754239e-02 4.8306415618218905005942787e-02 -7.0911831784985251969644082e-02 2.6375475708176867478256200e-15 2.1602424691592779226200166e-15 
4.2069564571437945837972805e-03 -1.9573431654377762556329401e-02 2.2401209939881167737540935e-02 -2.2865020500638356948375218e-02 8.9104404786741302213481930e-03 6.4735396911025219410240616e-03 5.2627571338770798922137763e-17 -1.9201554747981869493109472e-15 6.1041589540753975939984016e-16 -1.5971140844194408604318855e-15 
9.8083757188886311687014974e-04 -4.8307835673024801179109566e-03 4.3926005983717583691650077e-03 0.0000000000000000000000000e+00 
2 (band)
-1.0923204996571471703248335e+00 (Ry)
0.0000000000000000000000000e+00 (Occupations)
-1.9006664314568219587009423e-01 -3.1496247462064702604678246e-01 9.9452716846840094611081895e-03 1.6480462124976891225003328e-02 -1.1084173393250660505641476e-15 -3.7459058261119584373197584e-16 4.0133837723394932828213655e-02 -9.0608350366157219824003732e-02 1.3718878711585960616936575e-01 -4.4402991658504260830131471e-02 
7.6369638595571418173756404e-16 5.1782991881338249873595713e-16 8.0023906610066364297750852e-03 -2.7610389165639209752001193e-02 3.7097317241257588005254320e-02 -9.2150808954383697790824215e-03 -5.4965778762195161011305800e-03 -9.1084692794300495255477301e-03 -5.3564165991569528270703317e-16 -1.0003913192964212993189767e-17 
-1.5347365338039691295336391e-16 1.8036246947938442701660276e-16 5.5107142767195551463776937e-03 1.9695650179349863395650289e-03 -2.2447641695636372238809031e-03 -7.8431075465083231745833103e-03 -2.2287650481624016185477899e-01 2.9266491565735913704671134e-01 1.1662047468295938523752397e-02 -1.5313742507379254909061217e-02 
3.8413043197061859270580999e-15 7.5525626679030261907643544e-16 -9.9019764655495334793045004e-02 -3.9603401438118371324925704e-03 -9.1787418450836849581619958e-02 -1.1120907693474668676003603e-01 -2.9141881314414579907999256e-15 6.4913194057659263973038845e-16 -2.8617367094600425908579311e-02 2.7236274969733419853978873e-03 
-2.2224398851084826989055188e-02 -3.1099915725218738038471145e-02 -6.4454152854599554983705545e-03 8.4636400420633819963178723e-03 1.0619048488115377312244365e-15 -3.2524255049430391139279526e-16 -2.3925090018034516785957609e-16 8.5956784137245672902119171e-16 -1.9737398768695721407162580e-04 -5.8487777961304179830115402e-03 
-6.4659841666395330428418475e-03 4.9743693992113638055463376e-03 -2.2302579489699886350351221e-01 2.9286180422280916335608936e-01 1.1523366325615017752292957e-02 -1.5131669635303227061662312e-02 4.8500123496035714290659884e-16 2.0468060990496804040751368e-16 -3.1771392275828515272539931e-02 -9.3581828273890027558579163e-02 
-1.3213258077368034149046139e-01 -6.0506453303502183427298178e-02 -1.1847238508638618043319440e-16 3.1794737032728675351295751e-17 -3.9825481203790841222556196e-03 -2.8834546663587166948072849e-02 -3.5588411992574779663112139e-02 -1.2184053038765109422403299e-02 -6.4610614139863839500144138e-03 8.4842135072697166808808333e-03 
-1.9896735732100982646262719e-15 -1.3206138444384193623034291e-16 -6.2218065338289742998235758e-16 -3.3427696213292444325610427e-17 5.6979881867485499685743733e-03 -1.2553434665350171259290413e-03 -2.9562805090534594737450291e-03 7.4667122364003492979156462e-03 3.5439729017664151067279477e-01 9.9554519121513113111276994e-02 
-1.8311104693799519493868644e-02 -5.1438159297756691490377534e-03 -2.5833479931382740904065697e-15 -1.1066836719202452141871495e-15 -7.5314353858145860476369648e-02 6.3990062143724893428675671e-02 -7.6162303163816169604416473e-03 1.4512767768089215869586894e-01 4.2056820220528607876818983e-16 2.4160880079637048094948890e-15 
-2.5343609721980964177845408e-02 1.4317584191671769988651874e-02 1.7725222317505240528234811e-03 3.7574517715377106497065540e-02 1.0266897563551114283542098e-02 2.8840956731358050567359808e-03 2.0647935603850575241309170e-15 -9.9786125873714844779915988e-16 2.6388333177573734838595706e-15 -3.2068306013378871679272989e-15 
-3.2647581899259313018002437e-03 -4.8357326804322883426201507e-03 8.0306529043032322257023026e-03 0.0000000000000000000000000e+00 
3 (band)
-1.0078190768567436563785122e+00 (Ry)
0.0000000000000000000000000e+00 (Occupations)
1.7008564029862779237722847e-02 3.7024028886322735143465934e-01 -7.6475254756924737620238375e-04 -1.6647098084342847740257909e-02 -7.1481384176678058189852043e-16 1.4302696620904675239708802e-15 6.9359035838623017689030803e-02 -1.2226441188299641549264152e-01 1.3255869497395847411702619e-01 6.2758667045500510228706048e-02 
9.6299996686787606846902422e-17 -9.1073311655403778129844668e-16 1.8428591539240202212823760e-02 -2.7592379470507022443115375e-02 3.4702997623103165603097864e-02 1.3869588432260694654818423e-02 4.9181571373573679251123281e-04 1.0705763054857726085389302e-02 -3.7753344788548064201926774e-16 4.4715934979640157881226287e-16 
-5.1522574022743744425490437e-16 -4.2211612505745979169341176e-16 8.7927069136012267480673188e-03 2.5581798136227462681091538e-03 4.7478285253530830289925291e-03 -5.3634337183055824649358101e-03 3.3797944467000906598741494e-01 -1.5210870365766435141630097e-01 -1.5196556166806568510807551e-02 6.8392544738615432264872140e-03 
1.1910725891139342464298901e-15 7.2552474438243347324455858e-16 -1.3921133927481332825948357e-01 -1.9479868656333117205026184e-02 9.5534225953663176600372253e-03 -1.4635296382117601865502365e-01 4.4988304364564284291368594e-16 -3.3060109657004721734495637e-16 -3.2438762639213775118562921e-02 -6.9770387272635493725037037e-03 
1.2059171198390561396962539e-04 -3.7371767217360685187088620e-02 9.7729173117493822742218867e-03 -4.3983329229065198928694258e-03 4.7603743031667510526070566e-16 -1.0943162761720229789589957e-16 7.5124049360066381403947792e-17 2.8384588272677100383020814e-16 -8.5827586316516296660594776e-04 -9.1169809350485318810708435e-03 
-6.7345868073106843199049365e-03 -2.4400076826950143488170752e-03 -3.3748930248822689437204758e-01 1.5188866187082172842792716e-01 1.5401107773603640166415474e-02 -6.9313437270977287796291932e-03 1.7294788022031503302818141e-15 -1.8910187638361398001236636e-15 -7.7601430285559311328391630e-02 1.1702212214463972306255357e-01 
1.1577272066762737956491236e-01 8.9888586156156274897810476e-02 -9.9318278866871004247172971e-16 2.7592782341622375716575785e-16 -1.6349397779235594341251669e-02 2.9001528933454624736842931e-02 2.8145722677980856973878332e-02 2.4766605586268766736601776e-02 -9.7487479795628929207795821e-03 4.3874694677236997925051654e-03 
-2.8293644439672248578096424e-16 2.3282756900052706027597616e-16 -5.4989075090942111032517171e-17 5.5809811846607050116653009e-16 -6.2446429810124647399871556e-03 -6.6805731847693703567836465e-03 2.6323617091005731272179702e-03 -6.6485867372144966461200433e-03 2.6546060482564348692591238e-01 2.5787567195163330069362928e-01 
-1.2114126324476302831723018e-02 -1.1767990054035205871318936e-02 -2.1240247265786113365061042e-15 -6.2743346532014597376515311e-16 1.3737140931387770148575100e-01 2.9073268765710640060273562e-02 4.0957512732076532813163539e-02 -1.4073294895916149682690843e-01 -6.0602753392139231712791966e-16 -5.1030533641071074197449179e-16 
3.2983554401811519818377150e-02 4.5251107438286147441330876e-03 1.2666275934343874248755313e-02 -3.5286426728790239171207332e-02 7.6681194337420667192506407e-03 7.4490214021071992148148588e-03 -6.7576202256454370237026870e-16 -6.4907708252125918090595846e-17 -4.6726526506860344894184112e-16 4.7225329009706325169277583e-16 
-3.9126334544054156353021234e-03 8.2654052223005772259689650e-03 -7.1507365893179490254349950e-03 0.0000000000000000000000000e+00 
4 (band)
-8.8443688432935840815218853e-01 (Ry)
0.0000000000000000000000000e+00 (Occupations)
7.9413433253378060139304750e-02 -3.6220495752853021365069708e-02 -1.6625562875718050571266504e-03 7.5829467339703915396142975e-04 -4.0359861905037633495320926e-16 1.4215669614379371359927827e-15 1.7976095138225001157650240e-01 -1.9654896834563501117898454e-01 -2.0375121547987745662666725e-01 -1.0520839862769366945816074e-01 
-5.1900478826396926550627683e-16 -1.1526945980170708725149351e-15 3.2384450636819134272670340e-02 -3.1757142188724801767918393e-02 -3.3524608769467445501533120e-02 -1.4088921156061286199534521e-02 8.2444903178530148935010402e-04 -3.7603225401718325809907739e-04 2.0875676651704578976212186e-16 9.5028924105873554019097097e-17 
3.4419689193614994047365029e-17 -1.7961569752679482765522830e-16 5.7850770374855697841809388e-03 9.3130690528313419401795770e-03 3.8712275821995052738078158e-04 6.7039011116867552875220326e-03 -6.2910999858988569943818447e-02 -6.0503089098088269626174451e-02 1.3170723465294464915587014e-03 1.2666588550496599152594968e-03 
1.1276045923818724013981071e-15 -8.5183816813010066394921368e-17 -2.4892102892243991862919472e-01 -9.4783004593525538306053591e-02 -2.2814470077258258706720540e-02 2.2817288381056091695064936e-01 -5.9143272761496339176652795e-16 8.1541396199294017569375644e-16 -4.1448555472903728102984644e-02 -1.8419716942803487230717607e-02 
-7.5831599091233381493282195e-04 3.6356870730926797719018140e-02 -6.5312587883301770341759607e-04 -6.2812661818429683935338659e-04 7.9566346597544757472416384e-16 2.9350432167757320852199464e-17 -1.7090399328656043621074429e-16 -3.6594705788938001488614244e-16 6.5294437190532989001567898e-03 -8.8071979784803168522788752e-03 
6.0906202248265407794836079e-03 -2.8278082364537326931497319e-03 -6.2981240470612348536505465e-02 -6.0570863154158494090495424e-02 1.1228732924645073998348721e-03 1.0799026528524352953192222e-03 1.3573993770926013071536888e-15 -1.1632528864108084987654711e-15 1.0380353706319150886017155e-01 2.4317353371107580661814040e-01 
-2.2529074973218798927376838e-01 3.1252672347029705757215368e-02 -2.6320801901247823442173199e-16 -4.1654666005442760022385293e-18 2.0502505455923383109739788e-02 4.1872573905947362005175449e-02 -3.7398480520367913260137982e-02 2.3509959044271874772924491e-03 -6.6988466979798176603733140e-04 -6.4424800983853627855957313e-04 
1.3121613261117378920298682e-15 6.1226029434873276552749897e-16 1.7328956561808123717478747e-15 4.8302543690124097967400969e-16 -8.6675084300098220041475017e-03 6.8658183645875885126041993e-03 -2.5094180616553572737981170e-03 6.3380665298243994698612624e-03 -3.3132423305267250102090770e-02 8.0856098349945948466910295e-02 
5.9071086499403596681290196e-04 -1.4415598650631480937001072e-03 -1.0460211587899940385595776e-15 -1.2863720059077391569802934e-15 1.8788440296423289388449973e-01 -1.8603223625796908025087362e-01 1.1199305636222675608415500e-01 1.9796516554780088648080039e-01 9.5474592723942142136384577e-16 -7.2926710905832869417518254e-16 
3.1384658967375106408681518e-02 -3.4477070017345075314540992e-02 1.5953199627053125941866796e-02 3.3906768478206249228801283e-02 -3.5240565610625664352828501e-04 8.6000652471958708138871641e-04 9.4477275572915169164874354e-16 -2.4196227043853667827162258e-16 -6.6983691177464547212400063e-16 -1.1049157895526811415118127e-15 
9.5743991361198921979935861e-03 5.5313692140403908359402863e-03 6.8167636268711227082173210e-03 0.0000000000000000000000000e+00 
5 (band)
-7.5282381545384446930313516e-01 (Ry)
0.0000000000000000000000000e+00 (Occupations)
1.1936596914076644249114167e-01 -2.9952889312441882685433825e-01 -3.7877396020998821413172664e-03 9.5047074575978635069262168e-03 -3.1522439360872706194397654e-16 -2.2394554592419109184018799e-15 7.5486098604603008022095878e-02 1.7217219951266651833954313e-01 2.4332422538148962276594034e-01 1.4814137380065039995002962e-02 
-6.9749348313287804210145319e-17 8.6636858481824149052695356e-16 2.0287991534394395065632466e-02 2.4914749013295822699376458e-02 4.8445867281422944072843961e-02 9.5756508277224650083070401e-03 2.8957176108526903879347714e-03 -7.2663279426789422268950780e-03 -6.7776717281229985912122488e-16 -1.9816232499757097394708699e-16 
-3.7325913786394569439097512e-16 9.3849039684095731774874309e-17 2.1098949582263548663263464e-02 1.1766280990586755472726566e-02 1.4817346311904877262377589e-02 7.1731820726096684470718401e-05 3.2243646566702593991848858e-01 7.1973148629821126487371430e-04 -1.0231613446031850855888479e-02 -2.2835034246486418663124596e-05 
2.6497054683676900455156180e-15 4.0926165398072644793165243e-16 -1.3229337633184995448587529e-01 1.3356601344012930532301198e-01 7.5799785058850321917134352e-02 2.3169059089406526807941589e-01 -3.2815685956906507309152427e-16 -1.4060694382186122411432302e-16 -1.5696639972559045528299748e-02 2.8035028312225034052840300e-02 
8.9308982515090076792496632e-03 4.8568860413283315713428578e-02 7.8220456100539410837502174e-03 1.7456419851638593776499420e-05 1.9192870220809965471953110e-16 1.3445575951304843383385950e-16 -4.5711505289156681270329843e-16 -2.0781390382092160853176547e-16 -3.1729700114557120305125437e-03 2.3948764125330604390917699e-02 
5.3879344244933784213724692e-03 1.3803226427845797022464502e-02 -3.2236460431210534061108319e-01 -7.1948074287404156779146547e-04 1.0285671989668121462102590e-02 2.2959753255037684827044586e-05 6.7256737450564639077232108e-16 1.0157749533799507059238186e-15 -1.3148319129825081219564709e-01 -1.3416140413737231984470100e-01 
7.6710396937117092397429019e-02 -2.3136166199728369630150837e-01 -5.2592205850012643338361692e-17 -2.3946129434671244750692655e-17 -1.5594990831417965271299408e-02 -2.8136859678999384670738948e-02 9.1614631528187558118236922e-03 -4.8583803486534522797501978e-02 -7.8163560480256424889411448e-03 -1.7449069088654178827368924e-05 
-8.0737606446211019741957991e-16 1.3446137836738307767202603e-16 -8.2716714842297821401077632e-16 -4.0172652949666479044590718e-16 3.0676194380970418784659870e-03 2.3948118201165772417349231e-02 -5.4521824857720639287417264e-03 1.3770641032504898210175881e-02 -1.1800136952280845803464615e-01 -2.9999188748458921471851113e-01 
3.7650609626943727648029636e-03 9.5718280060096416761439286e-03 5.5096219741591352336082010e-16 -5.0191848268490303644923230e-16 7.6337927877966560430422760e-02 -1.7163808645340394853917587e-01 2.4335361361819646264237349e-01 -1.3846385064911544138244182e-02 1.3401524072074643976728874e-16 2.1192350635659575673387554e-15 
2.0420091489367606790716891e-02 -2.4857724658408950069166110e-02 4.8544637600741111227442559e-02 -9.3667779161717423797028914e-03 -2.8611688405328810150263230e-03 -7.2738874891944598280457690e-03 -7.5661228639076765767474326e-16 -1.2953497019533716326638027e-17 -2.3768406546842255507380243e-16 3.9542797985368451198062240e-17 
-2.1137131149868169932570794e-02 1.1668090724164215457592242e-02 -1.4810700466361114216451433e-02 0.0000000000000000000000000e+00 
6 (band)
-6.4891233521987423671362194e-01 (Ry)
0.0000000000000000000000000e+00 (Occupations)
-1.2660880069846142115252974e-01 -2.6646890239480636175528616e-02 -1.0944229373878039401901674e-03 -2.3033416102163917216216760e-04 1.8193335416953323689161643e-15 3.0044394679143453080879191e-15 -2.7857338470296066912368360e-01 -1.5511488176274179640046214e-01 2.0594075748427392857919926e-01 -1.2353380824122950354393424e-01 
8.6198161860916363790122538e-16 -1.4916723137592336331490141e-15 -4.8466580866059372212362177e-02 -1.8181652125445063594710859e-02 3.1734469678188034769128478e-02 -7.1249229858949270077772553e-03 3.7853125345893509634542795e-03 7.9667271424221225428752291e-04 5.1097423749964947407055282e-17 -7.4102828413604845705867274e-16 
-1.2753300970874291387792533e-16 5.5354039806252837433748881e-16 6.4989281217412049607151658e-03 2.1098734712458884488217592e-02 -2.0485503556205153508074090e-02 7.0474644931681137971501983e-03 -2.1832156171586583615074062e-02 -1.2752726034316541614543894e-01 -1.8872466759715933459773396e-04 -1.1023603727544628583245867e-03 
4.1335662679745723266436369e-16 9.4192484326799479033581460e-16 4.1672467002942581437707759e-02 -3.1611257915974799725944422e-01 1.9067067936079212797650939e-01 1.4600304587189730232132945e-01 -8.6573362407720314108736909e-16 1.0796477254159479321833960e-15 -9.3686578680547694109037593e-04 -5.1756199796294977133470638e-02 
1.8306823314224313081766127e-02 2.6883104609632099690763596e-02 6.5273892737059257401766033e-04 3.8127693728898445768571435e-03 3.4060447671433155092766913e-16 3.9942860391216674672694705e-17 -5.8569702653750812185545909e-16 1.0000224352846886422107952e-16 -1.7224692408243515162613591e-02 1.3809512831365625129542707e-02 
-1.4093783605994612481704387e-02 -1.6452594792346678792549497e-02 -2.2098938417731979477753868e-02 -1.2908349271312807848843818e-01 -3.9506686284138461950909971e-04 -2.3076908633407472448695330e-03 -2.2672098321306841624540493e-16 1.7066975271886714642298329e-15 1.4342048194885262391018443e-01 2.8242792694573393141865836e-01 
1.3022639168799896025596752e-01 -1.9978503737625510905395743e-01 -4.2838174229249595972618062e-16 9.5518188503131849585272898e-17 1.6904800140779802086754557e-02 5.0466841962779493413471243e-02 8.7564220031597639337661576e-03 -3.2351334670689707584401162e-02 6.4965276842672125406918937e-04 3.7947731404889646286693328e-03 
-1.0390335769921222682244691e-15 -1.0678446917912680168739299e-16 -5.0633922304740793888283126e-16 1.9836026629064147571993436e-18 2.0770717736839368339207823e-02 7.0975876250484910834348540e-03 7.8595759079079681452828510e-03 -1.9851022737775805143689567e-02 1.1188363441303088297029689e-01 -6.8065876331276670141434693e-02 
2.0002028891250370201682074e-03 -1.2168415464779355761315571e-03 -6.4651169893056440149396096e-15 4.2535890753005851226917198e-15 -2.0979824464073543177633496e-01 2.3731764600840590806463126e-01 2.3369496217829638373686407e-01 4.7535659288440973435641013e-02 -1.8083543895599681489337775e-15 -1.3631849719611794919830432e-15 
-4.0699810979887708628499610e-02 3.4295769297353465021593877e-02 3.3302964196494373727563953e-02 -3.7678053293168267852408793e-03 -3.2891377002895764644629928e-03 2.0009810333535553612815949e-03 2.2804267469765076184087933e-15 5.8085240048537844677334489e-16 3.2411463472966712615789043e-17 -3.7913000489924146755612624e-15 
1.0470410981281721117530648e-03 2.1924921216223212938611908e-02 2.1350317027806521574806453e-02 0.0000000000000000000000000e+00 
7 (band)
-4.6258491999580886311349559e-01 (Ry)
0.0000000000000000000000000e+00 (Occupations)
-8.9413218144190232495497813e-15 -3.7375803613782001689399443e-15 -6.5713416710730343387844063e-15 -2.3892080342517105898830619e-15 -3.9430868591892542784904663e-01 1.9431367624617626455041375e-02 -7.1351698572021663176851984e-15 3.0004346387323617392459217e-15 3.1439712404295476414983094e-15 -1.2187995685709775658376257e-15 
-1.4014320828238446825508845e-02 6.9062160199421206152603503e-04 1.3338670261033701454929619e-15 -1.6139191586712576370432011e-15 -2.3710746152271279914691688e-16 -3.2145048788319592759991984e-16 2.6709460150892281276450948e-16 2.1507356318299588182814844e-17 6.8498023764233528787315208e-03 -1.6978137851614737846572822e-02 
-5.8482759188904290259536367e-03 -2.8492766026649497812517353e-02 -1.0731651541693211612543856e-16 8.2046614136493762840326096e-16 -3.0117678103966082295753623e-16 7.1906014803993206627497790e-16 4.1879477886896146167468604e-15 -1.3070734921308037081974961e-14 2.0644032540258825901126275e-15 -8.1913256701685706178286397e-15 
-1.6322153737251920979645092e-01 -3.5946578081455865527615856e-01 -3.1983868026020999747778832e-15 -2.4681281069905513390869341e-15 -1.4596952887037322176091660e-15 2.7121105596651191820322896e-15 -5.8011393137802208519460123e-03 -1.2775951202787336202781887e-02 8.2967113906297575411755339e-16 -9.1013481235028128136884172e-16 
1.7843737802841129409628703e-15 -9.0579270709635622195841664e-16 7.7890522614907524708570508e-16 -2.1077538319487272691165525e-16 1.8307453784414673414460140e-02 1.1871577834984868918266621e-04 2.4339009910975293454749036e-02 -1.5926476183585454304836304e-02 -1.6714767306643112985114495e-15 1.8921277130685859530149955e-16 
-6.0797914286181581431205820e-16 1.6203941411184785776015609e-16 -5.0394807853750720557381596e-15 1.4240548986568633366174368e-14 -2.1911372500614578313782531e-15 6.9797893383034551135351747e-15 -1.6323486694727665224924351e-01 -3.5949524109558511630879707e-01 1.5990680789288757086484081e-15 5.2834827313507001837932810e-17 
-5.2987837463389245482253615e-16 3.2404595846340464929174617e-17 -5.7864571264486727719678072e-03 -1.2743628518958050044318497e-02 7.9139224701187625842274549e-16 2.9317661271970208285007844e-16 1.9956503577517605507808177e-15 -1.4111738491540793157040004e-15 -2.0187827901556354326270462e-16 9.7838197356154287919627520e-16 
1.1962167694173259785417329e-02 -1.3863456047063123927065575e-02 2.8014528768939891273381804e-02 -7.8453547784383473318037261e-03 5.4172700144407750896486344e-16 -1.8783624880972712067092474e-16 2.4282336534738767421981294e-16 -1.0233714664017931667955786e-16 -1.4938353407037053066961587e-14 1.0854843493895491049385256e-14 
-7.4771992526118405889641855e-15 4.9999682756544060586922704e-15 2.7415945954798459638368513e-01 -2.8411096581799438753890286e-01 -4.3249816483461216773089838e-16 3.4813342063797328519924602e-15 1.6844819554382944255130884e-15 1.8387232401782307328029061e-15 9.7185891993166306085383255e-03 -1.0071354322053402419179235e-02 
5.7662670946179024505058590e-16 1.6138568113524384604430078e-15 1.6244426077903942425919686e-15 -1.8402223666494923961214073e-16 -1.0466030382734646399963965e-15 8.6431691581603625052504976e-16 1.7293483077980099926751478e-02 6.0186636842398371499696097e-03 1.7607262270945767818064454e-02 2.3159182392032070380016862e-02 
4.0600667506967108250899934e-16 -4.0691833131331281094832080e-16 5.9880828047422972429161203e-16 0.0000000000000000000000000e+00 
8 (band)
-1.6383538991088528180561923e-01 (Ry)
0.0000000000000000000000000e+00 (Occupations)
-4.1199428772855287591995132e-15 3.0235786489255315735877973e-15 -1.3787574416938387945961525e-15 4.8701890336171080356698921e-16 7.9091465607412092531092185e-02 -4.8294323676237016496060050e-01 2.9252421484130167533820178e-15 -8.0108191172728696277716152e-15 4.4208411741328281347523379e-16 3.9166542345344571668113222e-15 
-6.0271143185131048625180483e-04 3.6802646119930004786624522e-03 -1.6454374382016965465712383e-15 3.0139922245669795434730683e-15 -3.8859759481116867180371989e-16 -1.0325600486408785970592256e-15 -6.4672124236806671958277131e-16 1.0076147429295946692897271e-15 -2.5040709409000702634351399e-02 2.3143018890436559131806860e-02 
-3.3282006315324269563049597e-02 -2.1202440388516596847523488e-02 3.1986872260454531231433144e-16 -9.0230616613484993714850003e-18 -1.0968737111256459740502044e-16 -6.5808181196243833428544641e-16 3.2342095271494154582530497e-15 5.8193013853815557123433158e-15 5.9449110261644624430007236e-16 4.3071593528171466165484520e-15 
-4.7814477594588533637676164e-01 1.0424587810611438132291084e-01 -5.2943496194869246739047817e-15 -1.3032160690548915068069355e-16 -3.6520938330642188078244531e-15 -3.6913427755065355135137112e-15 3.6436963742353944972762747e-03 -7.9440884737591588304894685e-04 3.1077558391204802370934453e-15 1.2414863405289577155840448e-15 
2.4325422471737013644075904e-15 2.3474226434495791940032164e-15 1.8628946896248249793243813e-15 -1.3741890159033177504566654e-16 3.0735934728653591802016720e-02 1.4762749317964455469942564e-02 -7.4616068247866582097138632e-03 3.8749965759907828433128429e-02 4.2306626584147079988251967e-16 -1.7727251173963417107509435e-15 
-1.3920226422600772290780466e-15 1.5210441272512499277698223e-16 6.6089915211008647182767582e-15 -7.4499445350907636675063304e-15 2.8111886084655725374133475e-15 -4.0958980471160236425677505e-15 -4.7815407211525928765638582e-01 1.0424837015591710553952254e-01 -1.3556427927055303778324228e-15 -1.6997137449158193506019265e-16 
1.4216775941425009963846379e-15 -3.8626323059754460263777680e-15 3.6721471665223867630878374e-03 -8.0060634407761593900332286e-04 8.3478058229607289545833677e-17 6.7425201482249869656442782e-16 -3.2205860259816536424323558e-16 3.7597141935418937046290779e-15 1.7068199929580039598802600e-15 -4.4105342705466441448080733e-16 
-2.1803838365835073037635183e-02 2.6221133677323142652237919e-02 2.2917517883445075871362562e-02 3.2132794099947334376388142e-02 3.1532911945018085921578295e-16 1.0730269239030880886008729e-15 1.7961478806442904055746763e-16 -2.2700681861403942431143654e-16 -1.6272024424064414598593683e-14 -9.4886632169849752549982910e-15 
-6.8879229652247263276579236e-15 -3.2411004792102611535380208e-15 2.7294793722342675090786202e-01 4.0620002822014628085511845e-01 -2.6548889952367255406000190e-15 -1.5613056428791209482899095e-15 3.7808739492177051006291217e-16 -2.0031432340567896379168270e-15 -2.0961924866183395677055046e-03 -3.1195532356152683509109558e-03 
1.7420728142695264485620790e-15 1.8834513003666732275984619e-16 3.1648062251887917059891121e-16 1.8756902935791868255363478e-15 -1.3679204407129482970472915e-15 -1.8379278136933574875337264e-15 3.2406321773007118469678289e-02 1.0620053104943332628051778e-02 2.1439815356578031946277463e-02 -3.3137039700062147218329045e-02 
4.2654362846892842788249722e-16 5.3216380185342707920051644e-16 1.6682633355777551262013328e-16 0.0000000000000000000000000e+00 
9 (band)
-5.6515991128462644832453066e-02 (Ry)
0.0000000000000000000000000e+00 (Occupations)
4.7221559716067622804155227e-16 2.6691484025784043785989999e-15 1.4554594497005125946314631e-15 1.7472465729016100417571685e-15 4.3648922443835225237762643e-01 2.8553051395022571723458782e-01 -5.1905055547104927996587630e-16 -3.0165355267566136931854848e-15 5.5390568291840877723081495e-15 4.1716862836557771015524593e-16 
-7.4169214969398520459487045e-03 -4.8518032082838641327882101e-03 -8.9601968673197248766174088e-17 9.6414412351973600906474320e-16 -2.9068754546681755641149267e-15 -7.3334205007252572816167333e-17 3.3675948976134558150600248e-16 1.0321321368133753497608647e-15 1.6383301738279738846149058e-02 3.7643770996036898801584414e-02 
-3.7939750210719630496569721e-02 2.1752968485309900903423852e-02 3.5322909787123166817546443e-16 -4.6047166815044348716581348e-16 -5.3200643758715373870141403e-16 7.2171828205710048844443345e-17 8.2075766423636242472295041e-15 -2.9835116599948964008544068e-15 5.0018061653254759414662420e-15 -2.6649504517278372710775247e-15 
1.0479715731545782841926950e-01 -5.1094820996463441442614339e-01 -4.9426497121042825321098631e-15 1.1315141433675122737086843e-15 -3.2263274862008665548629987e-15 2.8825803259225226710329573e-15 -1.7807416278256575289939967e-03 8.6821470915101062182372971e-03 2.0546419098257874106874696e-15 -7.7681855459479669809117393e-16 
2.3296210676352422962758807e-15 -1.1416661509636919807843831e-15 3.7018474553001568972118590e-16 9.4113157091068379160740550e-16 2.8969197484902089317904128e-02 -2.9090405080202906551445352e-02 3.4191952174453803248166395e-02 2.7267685829101440120325606e-02 -1.0769990711943617559671455e-15 -1.0216871213592248603639635e-15 
-6.3434839532100528757332098e-16 5.0648456524253880036610833e-16 2.0045505188953763243614624e-15 -5.3175662613104565522724107e-15 4.8547173859739343842566157e-16 -2.2714470713675578226132209e-15 -1.0479618850120589468311039e-01 5.1094592429031393532312677e-01 2.7514724737307717789789809e-15 2.7881538193994224019755307e-16 
-1.6663593688755387711433353e-15 -1.6603634405275125659242372e-16 1.7773712621848795217838202e-03 -8.6658027014079666572321514e-03 -1.0204397270924434160503158e-15 1.5026318666866163995790635e-16 -1.6740784081369221233771803e-16 7.2875750524714024964072485e-16 6.0507833045592755194642692e-16 -1.8079001772519150975671149e-15 
-1.5177414640607561971408224e-02 -3.8139365761311674885014611e-02 -4.2159945200521478647637252e-02 1.1604440330864541214284102e-02 2.9427792786796752168855028e-16 -4.0592344872239545679591048e-16 7.0336633967557375136564993e-17 6.7970330600733738955719729e-16 -9.1723112021045506577302705e-15 5.6319464783859970767784897e-15 
-2.3963307564852932390512177e-15 1.9436066267587652487442682e-15 5.1364355596982247398329946e-01 -9.0654708007618031717633755e-02 -2.2702618183074961696597335e-15 3.6128096581373160822089395e-15 -8.1989141556241201079690723e-16 7.9935553323028339991143803e-16 -8.7115535837787565903722609e-03 1.5375367378772590142704813e-03 
8.5602168649560863444777980e-16 -6.6591016784317833395304844e-16 1.3786728276985620688181663e-15 1.8383414497966335764494827e-15 -1.3841715027168699848098021e-15 -2.7650487113221894207328946e-16 -2.9873906492715391475245568e-02 2.8151640213539205759296635e-02 2.6309646723854020894384220e-02 3.4927446284684776633966408e-02 
9.1680890341587244362645879e-16 -5.0180027264135395360849535e-16 6.3973093198715370960550468e-16 0.0000000000000000000000000e+00 
10 (band)
2.9960689349653174540222267e-01 (Ry)
0.0000000000000000000000000e+00 (Occupations)
-2.7660113960515988195375627e-15 3.5950067472061968508582096e-15 -2.6658060606062417185631067e-15 2.0547114434162074604947860e-15 5.2821793286129670175199635e-01 -3.2254451146459595101134710e-01 -1.5533099085064658268158990e-16 4.4359801882739888235598948e-15 4.4038182974909870161883736e-15 -4.8290456675450505032663934e-15 
-5.0617304088043379994843463e-03 3.0908531264621803141823264e-03 -4.5865267842244442096961547e-16 -1.8168238268281507423086939e-15 -1.4447967915807817177486929e-15 1.7794044880029722533027114e-15 3.4530069219397061554987845e-16 5.7715082849512394175432210e-16 7.5882374155145232430541569e-03 -4.7214290257310276288649220e-02 
-4.8094130475055230089509450e-02 -4.4278441263673126715438855e-02 -3.8179021992251817780845052e-16 4.0150765782855289348456607e-16 -1.2148244412177526243093368e-16 8.1412068036124512493826312e-16 -3.7312418080066746430910535e-15 -5.6376594546713411067829965e-15 7.5122988966062809570422675e-16 -2.8938533769108732136192875e-15 
4.9434429271114732618030985e-01 3.7238805933611524023874040e-01 -1.7552186568641788963362942e-15 1.1127537319428033889980970e-15 -1.1921448133823375721546222e-15 -1.3612257335595733284296065e-16 -4.7371498012992174775348531e-03 -3.5684589868539562385052477e-03 6.4069074148559964829919427e-16 -8.0175235364595815296329276e-16 
1.1491579726955030934127594e-15 -2.1056641670779949359821509e-16 -1.8624636924205203122765253e-15 -1.8592084691746605601122781e-15 4.6692153382167797537327658e-02 -1.0325374768587133184061244e-02 2.3464423243572937738399276e-02 -6.1016773011512662194810730e-02 -1.5512965149824514143263401e-15 6.1144756819302266232879298e-17 
-3.4306870527284904824983224e-16 4.1235140570404458095144013e-16 3.9654281432667595536057368e-15 4.1957204987549581656977931e-16 4.1569819427099244651347235e-16 1.6983413912321270235994156e-15 -4.9434470871935443092581863e-01 -3.7238841564973795827953040e-01 6.6665407144207713092979589e-16 2.6152219539746436901961222e-16 
-9.3545933192111606033329519e-17 3.1995568757335803329376907e-15 4.7264970597273164854001948e-03 3.5604781313430906505845819e-03 -6.2005139418652637123164119e-16 -6.8446931076189200230880057e-16 2.1945327128573170023188078e-18 -9.5917339511469085416865916e-16 7.4367510915716994487997219e-16 2.2878307299462247418796690e-16 
2.9583062861935835452520394e-03 4.7723941386116193463795554e-02 -5.2168007993640325148376746e-02 3.9389300158780962690663330e-02 9.1142919455513495628847514e-16 1.8762060744693366595175235e-16 1.1789570358462831487781219e-16 -1.5836251932939643285298154e-16 -2.8128485028964694764338384e-15 1.1852403185235645464717210e-14 
-1.2670617128648464045325017e-15 4.2117231897974031149614515e-15 1.6425756764771856643925219e-01 -5.9671540504614928313031896e-01 -2.3509641074691771287861803e-15 -1.9355757679243170010215050e-15 1.9384646667399332034295876e-15 2.2935929207623824225834201e-16 -1.5705092284830227469805131e-03 5.7052852463860288106944907e-03 
1.5751950352524190655246502e-15 1.4972429846643741025444332e-15 -1.7504121244726685637659384e-15 -1.3042147382489197740026074e-15 -8.6600672969420314035253467e-16 1.6736330409207608017110925e-15 -4.3283573333984637354632241e-02 2.0318918203238733183324527e-02 -5.5827569694397387312090331e-02 -3.4004418639940671431620700e-02 
-5.2720263534580239071203284e-16 -3.3059295436056066465575161e-16 3.6077945060075694116113687e-16 0.0000000000000000000000000e+00 
11 (band)
6.9399610872208883360912068e-01 (Ry)
0.0000000000000000000000000e+00 (Occupations)
1.0088039321683925364503409e-01 -3.6423984988561575182330898e-01 2.0966283063439797307303536e-02 -7.5700534158274324081361328e-02 -1.3178578040214694034226943e-15 5.2186622042066286629142567e-16 1.1065757940926174152096451e-01 3.2378118154545071361027908e-01 3.6540191964143819980392891e-01 -6.8280000235482682380272479e-02 
-9.4786457427547420047226037e-16 -2.3271594506943366660976100e-16 -2.4091955122811883893696461e-02 5.7123201133889911496055447e-02 -3.7976280170287091131342549e-03 -3.7937208879178868636827815e-02 -2.3437751653249093430897432e-02 8.4624105723596562689259315e-02 -1.5870794333010194692527905e-15 -1.0786060926905246027687314e-17 
5.9619021851391808062125303e-16 6.9405281261213459921087800e-16 -1.2470726737582180088104167e-01 -5.9285562560635635120931397e-02 -8.6514474381169353955911561e-02 1.9023417468960218679185914e-02 3.7579819726986779526711757e-01 -4.0289414353791130896098593e-02 7.8102780202717103641418817e-02 -8.3732682954824333432242156e-03 
-2.2012671023175961315394580e-15 -1.8939871711214528999493368e-15 -2.6030835722636397333573655e-01 2.2207861797527866931645235e-01 1.9799855693107615284276335e-01 3.1460656821339144650906405e-01 3.7950035446576829706268508e-16 1.0616787556408356474712570e-16 -6.1980649416002078777587769e-02 -1.3716804995424283775129481e-03 
3.3875124638967989143534254e-02 -1.7496563285172961332847308e-02 -8.7309515483287275516843806e-02 9.3603407069847849308885657e-03 7.7648905714322414016879934e-17 1.5304134036178822479552002e-16 -6.1015801657463046288839888e-16 -3.2580457542874940598380108e-16 9.2145149858357325300950436e-03 -1.3777435602481477583403091e-01 
-4.9535628434960926602670384e-02 -7.3436136916389518902725797e-02 3.7397950765037996090356387e-01 -4.0092305518006798870089824e-02 7.7357414625324499857228489e-02 -8.2932244417553979687340870e-03 1.3772842557081085581696613e-15 1.7061524635609143062602320e-16 3.0092552891001150827676724e-01 1.6233105479149750882683634e-01 
-1.2639218590118464491389716e-01 3.5011156426770390082126028e-01 -1.6439629993656251245982594e-15 5.0945732782862741040911640e-17 6.1037842798276058242645803e-02 -1.4712409705570736462298953e-02 -3.7288821164418645137672570e-02 -1.0130570378095712924526595e-02 -8.7214634914773450646841013e-02 9.3499419852399456853930815e-03 
4.3960610053344132269645370e-16 2.6369067739377566619552607e-16 1.3785159873220701518698031e-15 3.2717328249805446197063862e-15 3.8061912713339543512525154e-02 1.3275807620261595443089675e-01 -3.2572493965723828268643558e-02 8.2268728734981574901574675e-02 1.7494792194243341532100544e-01 3.3295839036159990964591771e-01 
3.6188008742133646877814357e-02 6.8872165585490849326610885e-02 -1.8388278465699483131407575e-15 -4.0819754053601038182843136e-16 -4.0153521912619817568756986e-02 3.3955152772078139866707147e-01 -3.7205356679000411990188013e-01 1.1368180579266411178718243e-02 1.4536591338779591520682572e-15 2.2589823754034765608678477e-15 
3.6148781178068280228732334e-02 5.1335551737086634882523128e-02 -4.3077644896936800877895735e-03 -3.8399580793533290290486804e-02 -4.0799204677122641315989426e-02 -7.7648173553278174163772007e-02 -1.4791429031015889555821046e-15 -2.7822079950406510551507881e-15 -9.9395154650431261060784271e-16 -1.0885081015059963664033084e-15 
-1.0942381296296810333501526e-01 8.4260578879222711168317517e-02 -8.8482264272658303627672183e-02 0.0000000000000000000000000e+00 
12 (band)
7.8989062181765512526965267e-01 (Ry)
0.0000000000000000000000000e+00 (Occupations)
-5.9564560060920712647458686e-01 -3.9455155213806020197964131e-01 -5.8649001920371438001389208e-02 -3.8835992593299707709153523e-02 -2.5205664085331870131625986e-15 2.2433444655020877482229859e-15 -3.5785179977505304771412398e-01 -1.4217098183243856435176156e-01 1.0610820080709224000337088e-01 2.3436191544801937558517579e-01 
1.1294910106244401593382889e-15 -2.4035531399324376175956514e-15 -3.6529472679715624394702900e-02 -5.9063565522637362370517167e-03 1.6872483012530456458755168e-03 3.2750735583594425825992857e-02 7.9337676812259255720860551e-02 5.2548625537643792182684876e-02 3.3594167687908539793858614e-16 5.9996987297335419947360757e-16 
1.3055888370131199725915949e-16 8.7342014859346206457154091e-16 -2.8176696659106065939726093e-02 -5.9871885163632058979299444e-02 9.2819258415863595268469055e-02 3.7760614259849611951125326e-02 1.4757298528227261180667540e-01 -6.9906138702866660317170044e-01 1.4518655113794229349899467e-02 -6.8826945309574116826922818e-02 
4.2415836725605871973028758e-15 2.5466961953968227140275499e-15 4.5320211787158032334943414e-04 -3.8505881795553098534412584e-01 -1.7884316419093732042355782e-01 1.8493128538229727797492785e-01 -9.2249821251343925926929647e-16 -2.2776252571880311110318576e-15 -7.9558043547824086605402272e-03 -3.6138519602332885849449440e-02 
-2.9829746313370333887782238e-02 1.3625113686721302547200096e-02 -1.9652329591965975869038985e-02 9.3110745617620130354374908e-02 -1.8154557343098723333659133e-16 1.3064772229023939919626999e-16 -1.3277684052884055445047674e-15 -9.3351099163365034899116371e-16 4.5294937131418765152712780e-02 -4.8238340953295662238975439e-02 
-9.3988323467305559186235620e-04 1.0020177314627178033479282e-01 -1.4862228598464938267298407e-01 7.0403731275442138493048105e-01 -1.0068181622131799901609384e-03 4.7183600899744874979102605e-03 -1.0189360424575481105491485e-17 -1.2422339233120803912084153e-15 1.6163262280293744233006237e-01 -3.4405598410888960092535171e-01 
1.0317765169585223217207925e-01 2.4043172345350172225408869e-01 -6.6616328168003624415362216e-16 8.0083143853319516441188527e-16 2.3924200131091054311038846e-02 -2.4297569653238034609321616e-02 2.7690154004875580651123812e-02 2.2812503661502558927054451e-02 1.5580948084497513866919505e-02 -7.3791865180278373714806150e-02 
-1.6257776107264121114581343e-15 1.2100733811514609597098049e-15 -1.7669823584422382822818014e-15 8.0435586142784570776518201e-16 1.7511003315045885891931832e-02 6.3948458651260933760518412e-02 3.8241179806662237150582939e-02 -9.6586194822259163750288735e-02 -7.0930885111963104527887936e-01 1.2098791412818939161599729e-01 
-4.7576547490943074669722535e-03 8.0082834529633661890812846e-04 -1.3573349096842866369740791e-15 -1.2693093940647131210117895e-16 3.7939610082502922550062863e-01 2.3626756740741536311212201e-02 -1.8556553602901690314119776e-01 1.8444097508559079146017723e-01 1.8391383210641166120332252e-15 2.1166111983082233724410294e-16 
3.1398394401006564369271956e-02 1.3299626761912545364063831e-02 -1.1017103927817711861436578e-02 3.4143496791689396940849832e-02 7.4345670636960903276957424e-02 -1.2677798213313624248188560e-02 4.2320980195887248441438693e-15 4.1827016128725482512727112e-15 7.7787512335120115208274361e-16 -9.5672209383849393446787925e-16 
-5.3011542895575358702586755e-02 3.9822316868834223280160245e-02 1.0388109001762774186161664e-01 0.0000000000000000000000000e+00 
13 (band)
7.9129399051921056607028504e-01 (Ry)
0.0000000000000000000000000e+00 (Occupations)
7.7808279389966761296903996e-03 9.8692474353050618773863789e-02 -3.1365848708697685598423277e-02 -3.9688033963576047069565789e-01 -1.2057106418954926395506663e-16 1.5121817751251446246378663e-15 5.1563879915984101032222497e-02 -2.1151883357870528146182920e-02 9.2300911371851979136948785e-02 2.5841223239701505143273152e-03 
1.2858518173717109504052665e-15 1.9744740779489493894602790e-15 2.1860486673348847319608979e-02 -2.2600296439671575809970960e-02 4.1594205099936831793172587e-02 8.7820879817079033902160745e-03 9.2240463504589670362676657e-03 1.1668982908211718296787041e-01 6.3259721392329910661329196e-16 -7.0386309851993581377169703e-16 
-3.8312239117371642545859000e-16 -9.5549251855883830635566200e-16 2.2368065690052132965526255e-02 1.7138367366907499012018690e-02 9.4463672614644236813497002e-03 -3.3589144284289079722682914e-02 -8.8897628177852711095496829e-02 4.3565553843567320080332195e-02 3.5746346845827470239953527e-01 -1.7526462612971727139665745e-01 
1.2329383956818351270225639e-15 3.5385044789471962862451828e-15 3.8648454011954658238181537e-02 4.0156355462883423779185676e-02 3.1575575548021213301286281e-02 8.6770495890445886733033376e-02 -3.8432611523640369100132371e-15 1.0297025019532555849849719e-15 2.9060606083237485591785898e-02 1.2005642458087342760997274e-02 
7.1464692492997933942477928e-03 4.1906216060179246607475534e-02 -1.0509986128001089222827602e-01 5.1532692547655391257510615e-02 3.4786931389732070666013625e-16 -1.4417938841741286950310532e-15 -1.6277214339625726610497928e-15 -4.9145987692411509640745312e-17 -7.7006168044582989917756777e-03 2.7106355335021890817781554e-02 
3.4707836258834466602873903e-02 -3.5819785620835650069571088e-03 1.4874098908114224970589135e-02 -7.2719396397341873328201700e-03 3.6281691669177207337781965e-01 -1.7788728088103231139704974e-01 -3.9711552133607152849564156e-16 -8.1670136327408188159924723e-18 -5.2081945836106355307570936e-02 6.9773876867197395790221037e-02 
7.0481002865443995175631642e-02 4.1981026564676310330881392e-02 -3.5099610297411752851341052e-15 8.2606026469743743677311053e-16 -1.3841615901402906999018150e-02 2.9959146618667054084994561e-02 2.9142670618091906509228295e-02 2.5791997183510523283800353e-02 -1.1748512250231010756174044e-01 5.7600211359490678664219132e-02 
-1.5460151712646510266767874e-15 1.3666784741254287970296593e-15 -2.4401685807892055667826923e-16 -5.2474094705152384869586106e-16 -2.0082938043937029193308774e-02 -1.9295349507926360527187981e-02 8.2443610887095453154671532e-03 -2.0822879166518010185527032e-02 1.2236799492315245455054118e-02 1.1152607885082706923318696e-02 
2.9895722609784158851908842e-01 2.7185396208418910468651575e-01 -1.3964288760509422891340717e-15 -2.3414331737974731429146773e-15 -8.4046753056966960748752626e-02 -2.2739091356852293712709212e-02 -1.3087183690998373600256066e-02 8.0985825793037841124899501e-02 -1.0080882503630555785354270e-15 8.7607040100107630344713881e-17 
-3.2950748725670303551638085e-02 -1.8409115400785619302836960e-03 -1.3252659915629396922276406e-02 3.6590837304299045351640984e-02 -9.6804480283024241238365448e-02 -8.8030852291534955611496116e-02 2.2872564505696879954279250e-15 1.1752997251752551508625577e-15 3.0034622818282487311570051e-15 1.4902076614577146078893538e-15 
1.0547339672369081611802422e-02 -2.5775735468562526592206652e-02 2.2395575155473090162017158e-02 0.0000000000000000000000000e+00 
14 (band)
9.3578758738853595744444647e-01 (Ry)
0.0000000000000000000000000e+00 (Occupations)
-2.4897649190072135283458010e-01 -6.3269639158172263915247413e-01 -5.7128699510323233123898490e-02 -1.4517370098988852111787651e-01 1.1056391849167409620246695e-15 1.0583582403454591763983324e-15 4.5976330040493312845129026e-02 -3.6818549857364385458069478e-01 3.5481116290410774638530711e-01 6.2799050237513975858405502e-02 
2.3779186263527714617100677e-16 1.4783872702672663178059924e-15 1.3506179700438797341988106e-02 -7.3405031805021114799103543e-02 7.6900917750409206186112954e-02 9.1074518190504272219243376e-03 4.7940717330382728866844388e-02 1.2182607291965050211324240e-01 -4.9773931401589977101006506e-16 7.5322742841157510580811886e-16 
2.0418425667737821392067558e-15 1.7585071173834181698583897e-15 -6.4006971528845699181964335e-02 -1.5749290744046511025810986e-02 -4.5888916356817133213041870e-03 7.2912246619014298154581866e-02 -4.9661186783361338514808381e-01 4.6440356390376730244540227e-01 -1.1394861658433882989349684e-01 1.0655892522614640594014190e-01 
-1.4355449554652985089050117e-15 1.0286942257359868977596518e-15 -3.5925523493798561247558609e-01 9.2790411431249497642426149e-02 -7.2225620426786360517290575e-02 -3.5301294846802389049145177e-01 -8.1069212967034900661684579e-16 -7.2200481433728201473344769e-16 -7.3222228877152156778507219e-02 1.4464466207116333240634276e-02 
-1.9841221409138840026109563e-02 -7.4853341692171365684416173e-02 9.5622862835490110566816213e-02 -8.9421320300708317940774350e-02 1.8153003183196226111620487e-15 4.1144066970575267719800182e-16 3.3811818269628169980598335e-16 -8.7265284419617861471821207e-16 8.9192175673207807484743626e-03 6.5309877669635529873204405e-02 
6.9481376117652204893460066e-02 -2.2574144641010825129701090e-02 4.9077171200883462631736620e-01 -4.5892973874699283243216996e-01 1.1145170474191704035327177e-01 -1.0421997779697467212400852e-01 -3.0874927709122117307161044e-16 -1.2040754485494466740446345e-16 -1.1775164301753307527498293e-01 3.5598217058649339605835848e-01 
3.5114430086475817427427160e-01 9.6871947284905723929426813e-02 -1.3169484787109700314122847e-15 9.5395679825288057362260060e-16 -1.9317811788166952546852428e-02 7.1984077232113280464531613e-02 7.3244375588213159189443502e-02 2.4761212561701911871736570e-02 -9.4918414121771099711821762e-02 8.8759794954021795088117130e-02 
3.3828503825268810915586649e-16 -1.1992286805396569890652464e-15 2.5183317140111472042383517e-15 2.2673597304045880984492371e-16 6.5076393593642811730148878e-02 1.3723263588263553622303981e-02 -2.6992754921539859058743360e-02 6.8175916611949965995265188e-02 -6.0736719674961092696463538e-01 -2.8736469290251875907671320e-01 
-1.3792939367728640487342773e-01 -6.5259241657398298075420939e-02 -6.6172431031434494386792255e-16 -4.2221213705035107990826048e-16 3.7433112251787137303438158e-01 -2.1563068503137911013922690e-02 -3.9195579999126629877626016e-02 -3.6214665635498438645001329e-01 6.4038864444325380980644912e-16 1.0902983612657702032054235e-15 
7.4040463191132832587726398e-02 -8.5378590808830052277800249e-03 -3.9406598073496827694395250e-03 -7.7216108443245029535617618e-02 1.1746856898725707707420440e-01 5.5578249700378903885855664e-02 -1.7915268440322612560757984e-15 1.3627180582467017513797617e-15 -1.8366495968014471509443095e-15 2.1120171913622362348620738e-15 
-1.1196650495801631353121053e-02 -6.5558370818251041067803442e-02 7.3325060000881098210001596e-02 0.0000000000000000000000000e+00 
15 (band)
9.5797255999826136374508678e-01 (Ry)
0.0000000000000000000000000e+00 (Occupations)
3.3240169264662428050272069e-01 -4.8212532313112788084907834e-01 1.1310929702940548946532573e-01 -1.6405608221717368766512379e-01 2.8949595344516044035280193e-16 8.6230451847685533840328278e-16 -3.2859119197751346375113712e-01 1.7291069581029044899267433e-01 -1.3751136233017727250604878e-01 -3.2577436500448642142657718e-01 
-2.2476987264692771532731613e-15 1.0483774468538992075276049e-15 -7.4140388927413758413109690e-02 7.7959360438941902038401111e-02 1.0973761774225026383033921e-02 -6.7064359670617121333968669e-02 -7.6903388510618064799473359e-02 1.1154266096377173089759793e-01 6.5157007866544835060467364e-16 -2.3832975126691561815968352e-15 
-3.0562404258159362499303826e-15 -7.0216472205838816368841313e-16 7.9308131825852057339432122e-02 6.1056761230037795429304026e-02 5.2548841677443343389786179e-02 2.5155266165840649283946817e-02 -5.7063401313145656335024114e-01 -1.3157710870856667573214338e-01 -1.9417379699123216152401028e-01 -4.4773292808714303114836497e-02 
4.0259699687511821345631176e-15 9.3372401290598172506790736e-16 2.8173078471469870098786714e-01 2.4186369118748179962707923e-01 -2.5227603550991500869216111e-01 2.4778037366058253132550249e-01 -3.1511410511710316422045185e-15 -2.3836332029145245706594138e-15 9.9777677705589748469172662e-02 4.0235235578238083553603843e-02 
-6.6394575805566360959808492e-02 1.4484891753341810546884538e-02 1.3201976883657029482321832e-01 3.0441370133987944585074459e-02 -2.9524298631066172329995216e-15 6.3778115746047054539075845e-16 8.5106211440969329639551857e-17 3.6872583069896919888114244e-15 2.7573870332049096876225747e-02 -9.6215329030877261295984226e-02 
4.0442561337235838347936578e-03 -5.8118948457796734685665285e-02 -5.7561077012914996231529585e-01 -1.3273554372468010509322767e-01 -1.9495031880256108447468932e-01 -4.4954855340363995830355037e-02 -3.3814944952242082993457207e-16 -1.6494744944094931784490492e-15 -3.5529694976839093500942113e-01 9.4086985967919395390524073e-02 
1.1649390361491386569614548e-01 3.3128537337098623583031554e-01 1.2895777603396150244982574e-16 4.6001332248867439575061134e-17 -1.0749700579401975930604607e-01 -8.2552386099241925609959480e-03 5.3800134659532067304965608e-02 4.0998591016870353231915658e-02 1.3305527515024190288173145e-01 3.0682307912961774565285822e-02 
2.9170781256442958377214333e-15 2.4605347220766937932412758e-15 -1.8667570979613685701663805e-15 3.0456304355627261080548343e-15 -1.7476761967962033822443502e-02 9.8015214476735043613864207e-02 -2.1313817451846777534241184e-02 5.3832557866088079356892138e-02 8.8482069947188796144033063e-02 5.8405257173853253327422408e-01 
2.9968031506546338738061763e-02 1.9780920834862264490183748e-01 -1.6876265774015868381158863e-15 -2.4842094159387936800627984e-15 2.1827339792007796615003201e-01 2.9571101975351016255544323e-01 2.6513708409284059142052570e-01 -2.3026757224530047807320443e-01 3.6865957973369100662387062e-15 1.6814325555920017741325293e-15 
3.1896760440258506430488694e-02 1.0298714430743804992829382e-01 1.8314375368349823658409292e-02 -6.5114688125035236065940580e-02 -2.0453225232882246698018491e-02 -1.3500657703143625898434266e-01 3.1244249258880612442759752e-15 -2.5264749667582933581543302e-15 3.4356151281344718454224296e-15 2.0239458036319890201411234e-15 
9.7565866859232200369866916e-02 -1.9832324669913820730515752e-02 5.7898385994571935353469883e-02 0.0000000000000000000000000e+00 
16 (band)
1.0689052362470723434029196e+00 (Ry)
0.0000000000000000000000000e+00 (Occupations)
2.3415806118155290254341833e-15 4.9647274689900081466913425e-15 -5.2741628412986015005509156e-15 -4.9407635217301222422793715e-15 2.3107150595624403877081932e-02 1.5437230325220088408832986e-02 -5.6407304990550404458424649e-15 -2.9377491341473303238022344e-15 7.0776910838597708232474563e-15 6.0391201658455316622596189e-16 
3.9945953017911706162124119e-02 2.6686650654667590232271834e-02 -1.0606966005151989433798465e-14 1.1083366821798577481596658e-15 -5.3932402026570681356673669e-17 6.2610834218830817244930849e-15 2.0241260081235006180820349e-15 -4.0992273689567659976527380e-16 -2.4206961161836423879201163e-01 -2.2710992080523351166476687e-02 
-8.2196560597074426468555686e-03 2.3493317040195046963013681e-01 1.1737787779690406583758917e-15 5.9495072134221500226326909e-15 -2.4299806013636296797415470e-15 1.3009012173842607685036063e-15 2.5186521685047457264673627e-15 -2.1734621370317527063762661e-15 5.0862685250053318940459727e-15 6.1989224507728262339288454e-15 
5.8468642835534517798734555e-03 -2.7167308788552210763178607e-02 1.8145470971713609428536539e-15 4.7164684975051786490980544e-16 -7.0459896469694393706911019e-16 -2.1654106387586197852322449e-15 1.0107534173928726939362122e-02 -4.6964819158574103163950042e-02 5.4363796768686176774889190e-15 7.2798929713673991746501458e-15 
4.0646982700813397213353987e-15 -3.1026145882303547440069416e-15 -2.9737027819806385086233364e-15 -9.8421563567973446667805538e-16 6.7995621115768095643616675e-02 2.3343110662340879613019240e-01 2.2146119479569859045398061e-01 -7.8842225365045440210742811e-02 5.2787761026497412531948078e-15 -3.2106058373224710746841999e-15 
3.1655407733114527172500972e-15 4.8464151619940727895948180e-15 5.9852637793006210306296730e-15 -4.8151825069651115049667138e-15 6.3003494030106663670026775e-15 1.6277271165465632362660684e-15 5.8507539168100794468863057e-03 -2.7185499449967634455482823e-02 1.8891721591859269965909860e-15 -1.1062148586868749518795908e-14 
-2.1193786114996758475501965e-15 3.6793812655623063767591262e-15 1.0101392859395194601113133e-02 -4.6935669325691563302793696e-02 2.0401862414908441767492843e-15 -7.5213734672966536955259606e-15 8.5853942991423414286977309e-15 1.8360179297509788791609597e-15 1.5327799767999088575896435e-15 1.0463255160194368651015941e-15 
1.5800228040101127469085895e-01 -1.8479898279431211660650547e-01 1.6941377644339336572265609e-01 1.6296860537661389534136447e-01 -4.4808356972558207684437977e-15 -2.3970915377647225765547269e-15 -1.6110976583030782659612581e-15 1.4581308497622757160805009e-15 -6.3744619192459360420820800e-15 -2.9926248173751193972742140e-15 
2.8764138144434600485912443e-15 -3.3240321524693106533347053e-15 -2.7430244313652905191469600e-02 4.5677564112334579499163922e-03 -7.6832324174474989116132546e-15 -3.1927752712832501406314560e-15 1.6529410431453548832885019e-15 -3.1074411824653055492891619e-15 -4.7358252415356530407031244e-02 7.8861347257320885129061594e-03 
-6.6981495864290470329552232e-15 -3.1296607364545067885671782e-15 -6.4457117402847758816936878e-16 -8.2635012279803504691835216e-15 -1.2081081121830715487478534e-15 6.9756234255075798414247762e-17 -2.2998626762341556339919180e-01 -7.8877762128386222362230740e-02 8.9159006519365105458696519e-02 -2.1750969068914763338007390e-01 
-8.4448770363404076156969247e-16 5.3558795908651017926299646e-15 5.1378883397812747607699074e-15 0.0000000000000000000000000e+00 
17 (band)
1.1405362866879205085979265e+00 (Ry)
0.0000000000000000000000000e+00 (Occupations)
-2.6237963215100095687979945e-15 2.3785648480110075823080515e-15 -1.3567274241208829246787144e-14 -6.7307014076724367472187541e-15 -9.1626221651626565956050285e-02 -7.7429220450193500524527224e-02 -3.5057786588575726110246951e-15 -1.7079726825549610570040061e-15 3.4087153880283103460193971e-15 7.6624588027661641255496849e-15 
-2.9960319089353582011625576e-01 -2.5318113573032180463329155e-01 -9.0760927622674582262171755e-15 5.8065356970815332182904653e-15 -1.5322250548486057142036216e-15 1.3321518003529133279333429e-14 5.9518191850965643605334272e-15 2.6649796167385155634138106e-15 7.2890098621361601449741840e-02 8.5059403365302571620176764e-02 
-6.8838057205100833257915838e-02 -1.7590661858529942074280683e-02 2.1927073653601605287343671e-15 7.2480735555060633509129168e-15 -7.6651946928767494788303920e-15 1.7425004092700081745589405e-15 8.3942815782238466493899583e-15 2.7815836147911237026852554e-15 5.2430176760291528389315090e-15 9.1611966789398999732039424e-15 
3.8262006621982133647286162e-02 -1.1369550352998941677995504e-01 1.9514026200644976998737516e-15 4.5082910675194461532910596e-15 8.2863333979881310259901474e-15 -5.7046137559766030298124734e-15 1.2511057599756547631386638e-01 -3.7176619434375030026629361e-01 8.2920058391266240635463450e-15 6.8618828027503655934748611e-15 
1.1683557177678269341714490e-14 -5.4006101475286092069159463e-15 -4.6188985919059550311381848e-16 -6.3135160011316241413224357e-15 -5.2253598190778821619417727e-02 9.9083954573924007402929703e-02 -8.9855952574598267623695591e-03 -7.0479561450563069091579393e-02 5.8606735167517405749692947e-15 -3.7702178579349455084637084e-15 
4.2307055614973752245221833e-15 6.8424113633546858651329625e-15 2.3149878399050623340740121e-15 3.1717397739462622663444926e-15 1.0579000520281859246406509e-16 1.4560377371980024927079164e-14 3.8276541135320411857190237e-02 -1.1373892741637713077462735e-01 4.6327548079136799547989695e-15 -4.6267026028153802270564198e-15 
5.4020489640908572110245979e-15 -7.8827865775660373901734894e-16 1.2509209370293380980676545e-01 -3.7171147533376669436222528e-01 6.8159097725565443600578025e-15 -4.1538667717082494756804308e-15 1.3171007067584709019864223e-14 2.5189603070849788551514460e-15 6.6699309625354341712110643e-16 -3.7808169054575877773408518e-15 
1.8295238571221669049426950e-02 -1.1052681227110214279285572e-01 -4.9757943335111950999838371e-02 5.0719172673740181567225704e-02 -6.1242811823843131310369800e-15 -4.1369767214753933606404458e-15 -2.6016729855865790081347606e-15 7.1119678210647380601047185e-15 6.6990278954790293735553802e-15 -9.4141426533300673360829027e-15 
1.7985638682785676469440295e-14 -7.4429472927781997610364592e-15 1.1984231482490369236071359e-01 -6.2814638835394943222611985e-03 -8.3595638111628659779002194e-15 -3.1318855800781411127818744e-15 -2.7086867434223204293885632e-15 -3.8172549623407271566665574e-15 3.9165806033650152340186423e-01 -2.0528433336242442319719004e-02 
-7.5921740410733372922688836e-15 -5.3927336792351982635885917e-15 -2.4764187434771907435069119e-15 -1.5471545885127711328664635e-14 -7.5153872718674354439036704e-15 2.7207082664896229139890286e-15 1.0950015762232279126209278e-01 -2.3677150712788776892869791e-02 -6.5474614771799499735038808e-02 -2.7592792938270240682419043e-02 
-6.0509873055777883817384953e-16 6.5225313849373617349861888e-15 7.4861600319775119235483594e-15 0.0000000000000000000000000e+00 
18 (band)
1.1511949354714876569971693e+00 (Ry)
0.0000000000000000000000000e+00 (Occupations)
1.0102759859080123749919267e-01 2.8419650169142350593087798e-02 2.0845385233732222074465312e-01 5.8638823605368449454200430e-02 -4.2657065333860137414242801e-15 -1.2707098224889343780828633e-15 7.7038243563716954365183653e-02 -5.2384081870188593799131382e-02 7.5488258469242827675138585e-06 -1.2808134468818310747195710e-01 
-1.8692581987461651657462689e-14 -1.6299752937506824942558058e-14 1.5404326869863604887456177e-01 -8.6781323507906960035285238e-02 -1.0791636890088045219737722e-02 -2.2807674991862170177370217e-01 -7.5331653248200819428248565e-02 -2.1191123778498348328991341e-02 -3.6593425253800585473324233e-15 3.9790918458677866357789623e-15 
-4.2753817693073029568408505e-15 7.4534894599750834823790571e-15 -3.7853747469649340340325239e-02 -1.2520351681777197594414019e-01 1.3481569802518464373797258e-01 -2.8024390878314785202629622e-02 -1.0766817088069133290240131e-02 -1.0439505660018269517230749e-01 -2.2215981824374092523655122e-02 -2.1540188100309892726968997e-01 
2.6239898415962520499884261e-15 -5.2557110570777525060955591e-15 -7.7065156515509283807752183e-02 -5.2344480664231585187451401e-02 -1.1908980147452437325927832e-01 4.7142869014041542674586793e-02 6.0437384810120337446896088e-15 -2.4826146984798286950828804e-14 -1.3739434340896830577527510e-01 -1.1127947313121686057080240e-01 
-2.0808773253803233838077347e-01 9.3994461791051628352100522e-02 8.0284225654922783399491948e-03 7.7842572794152631310282686e-02 -2.5445773371027351797813751e-16 1.3624451056507775636008932e-14 7.0894104800790675988849759e-15 -7.2061641886282824779496742e-15 -1.0247639202326774832130241e-01 8.1286012935357157549454143e-02 
-7.5685388214124349470779407e-02 -1.1503199958705220828925064e-01 -1.0859645014065619564314069e-02 -1.0529060039925922098724698e-01 -2.2282040486295662945481766e-02 -2.1604158140092927231634690e-01 2.7465389296328693126501059e-15 -8.5452680520622595744039656e-15 -6.4228031859496562128164499e-02 6.6311411787830273900645750e-02 
-1.2514365680122047086442194e-01 -2.1603022153864878673878991e-02 5.6387469454435442695724331e-15 -2.3804004736862632531141588e-14 -1.1180168080522429052692246e-01 1.3749526357196756309875241e-01 -2.2303416683741905668370009e-01 -4.9826970190887762135467653e-02 8.0573496548904041669736387e-03 7.8121698101360312338492520e-02 
6.1691407582002459486920450e-15 -1.1649659968637276768312824e-14 2.9936731518723686702561575e-15 7.7784216626456765605170590e-15 1.1693544666224471584303757e-01 5.8575351068559565470561523e-02 5.0647451213448588247523219e-02 -1.2792085952590778741289057e-01 -9.3899022467341330955292733e-02 4.8857097764258949901261531e-02 
-1.9266781616181033465196037e-01 1.0024752783927200205926766e-01 9.5400165649832215037055518e-15 1.9178040528368225371668662e-16 8.5298706928684742134549879e-02 3.5306854945363681796965949e-02 2.5982470673325538251807743e-02 1.2430823231577939336212069e-01 1.7728522338865733158000904e-14 -2.9938281007302543811254634e-15 
1.6899680673240433104176361e-01 5.3335191476615084749113294e-02 3.5776407680825364487908757e-02 2.2571445498398864937250607e-01 6.9669609690446748784253828e-02 -3.6250049424542407638938357e-02 -6.1163238964881115961642227e-16 -2.5857935146124743630192249e-15 1.2964585389186685046315617e-16 -9.4936379344393515817343589e-15 
1.1415175065126357059619444e-02 -1.3028685358522548720650036e-01 -1.3758237756437513565899167e-01 0.0000000000000000000000000e+00 