110 (index of k points)
0.01217626021857921327085084 0.02105962896378318210954816 0
18 (number of bands)
52 (number of orbitals)
1 (band)
-1.5463905864227154296486333e+00 (Ry)
0.0000000000000000000000000e+00 (Occupations)
1.1945799569397483330668308e-01 3.0042718289231806760852805e-01 -1.1913454111320068151691487e-02 -2.9961393632739252712582356e-02 -1.5098546886229510072164938e-15 4.3496074192615391827655973e-16 3.2362724660108532770408374e-03 -9.5286338321225877434628160e-04 5.3327288540812450845507442e-03 -2.3135229696421705236630828e-03 
1.1075840366193527681957966e-15 -4.1128255133779803319789952e-16 5.2829118510179726153630497e-03 -2.1174977082191017221934892e-03 9.1505078150022796379392531e-03 -3.6287239782169522506194426e-03 3.6341034584627465719997019e-03 9.1394765555894499908795581e-03 5.1938636948340606216512395e-16 -1.8096825587414670751699345e-16 
-2.2293520889863170356289248e-16 4.6592759253088269604090973e-17 -2.6822226337594665124264282e-03 8.9120803005702544079963401e-04 -1.4049208337742688512683742e-03 8.6317062777226051702161858e-04 6.1047625706123855027218639e-02 3.1748998779721609997395149e-01 -6.0882287605674920150100604e-03 -3.1663053672028498852775158e-02 
-2.4075168325382576825322015e-15 1.1570956238588860828782253e-15 3.3574979766095060240704839e-03 -3.2956856404622002221227461e-04 5.6717825403092558822493174e-03 -1.2732903744457121225641671e-03 1.9583606558231913585705571e-15 -1.6725486740086652955924115e-16 5.5861164621566821927856061e-03 -1.0900720348450969494902285e-03 
9.6683822336400826458202573e-03 -1.8498151168969694142785176e-03 1.8571663636476609671177584e-03 9.6585543822418299525489616e-03 -2.0481612523850198810298586e-16 -2.0929925667287379871539141e-16 1.1756180466468402427491206e-16 -1.6473293325960563481401251e-16 -2.8017088289949247659205156e-03 3.7282388259883710544817514e-04 
-1.5417778702334215996938571e-03 5.8462559016938262304585727e-04 6.1280862443427869257206453e-02 3.1870309979569783065400657e-01 -5.9404887971955810943569531e-03 -3.0894630670844729775081916e-02 5.8905558984135352066430640e-16 1.1126309649754878440296917e-16 3.5215477092022037797214296e-03 2.8408224707081471648029147e-04 
5.6794252834073966074157624e-03 -1.6478103252521973404870481e-03 -3.7864577648758037195184941e-16 2.1375027707009047559677625e-16 5.4014500942764767307813223e-03 -1.9240814408663297827017935e-03 9.7210669302562266458345164e-03 -1.3572305513413088304958132e-03 1.8575769300465568012459272e-03 9.6606903156716966707406868e-03 
4.8339839635696521842452779e-16 -3.6627994794815958884849495e-16 -4.8082103283278402015866756e-17 5.6281448627684005485688431e-16 2.7832869266961185461539685e-03 -5.3657779477191581019718258e-04 1.6029176488244519915155051e-03 -3.0577289479861844605571020e-04 4.7640409569342837513283850e-04 3.2454088026059857430283273e-01 
-4.6189900426928603245288474e-05 -3.1460538424047244931980316e-02 1.6322315459329451831345998e-15 -1.0934911581448205581527518e-15 3.4059397126918891998692551e-03 9.3892260852099598301967465e-04 5.8875959122820934257824810e-03 -5.5440489853471666952672292e-04 -3.9811371583924106919239532e-15 -1.8578711445116001843332244e-15 
5.6663124727967780283610644e-03 -8.7786984950185588394422354e-04 9.8031997539860925988675078e-03 4.8835603350276762888576565e-04 1.4441284661815054343389497e-05 9.8376481374179754885167526e-03 5.1973655819909333564490442e-16 -6.0547755331543839476518947e-16 -8.7867920180716031129867403e-17 -5.7847894178630154266299104e-16 
2.8345319157755963571099223e-03 -5.5375636896584385510111659e-06 1.6318216974029210990931871e-03 0.0000000000000000000000000e+00 
2 (band)
-1.1624652961354955404971179e+00 (Ry)
0.0000000000000000000000000e+00 (Occupations)
-3.8051721024763168754745379e-01 1.3407281327168985018971625e-01 1.5475987747063407740100160e-02 -5.4528684590591618153165854e-03 -1.8593305748419494265370132e-15 2.5016773365109389596393847e-15 8.7140787830087051979432999e-02 -1.6864634475610332242645484e-02 -4.0373198849091004869471533e-02 3.8160360117557606818294857e-02 
1.3302020231512916795735962e-15 -1.9528274902742170048027481e-15 4.2337293816853610595174473e-02 -1.2404271891432373797758970e-02 -2.2660900970502044493581906e-02 1.2330801363568760775635269e-02 -9.4508221003796501202831593e-03 3.3299379268993609115590004e-03 4.3193132707666638128330920e-16 -8.2235304896884853824456884e-16 
3.9494229897681308475599659e-16 3.6363007057057337142227842e-16 -6.7678927075518193964831504e-03 3.3004700463972608259766162e-03 1.2419986156016573838889450e-02 -3.8488567366158146776378146e-03 3.9889994430903025213197566e-01 -6.0396200074932314405540268e-02 -1.6223631116437688126641348e-02 2.4563722389794339674706780e-03 
-1.9402844229536463339471564e-15 1.9432374767194383639485193e-15 -8.8757402281979536073919235e-02 2.3736005762515013928215524e-04 4.6808616943922812247969034e-02 -2.9919252153201736366128216e-02 2.7164535334068058153224241e-15 -1.7535846785809580876100081e-15 -4.3911712720071285898093549e-02 4.2513403629509758513416173e-03 
2.4570075882606491612936139e-02 -7.8661595576153819919795751e-03 9.9073902043126209349122036e-03 -1.5000481024120878442706939e-03 2.9368037286500397212740759e-16 9.9341882621497099406366372e-17 2.4960798480050279155800743e-16 -3.5903540456715739691955415e-16 7.2664611369352791886422338e-03 -1.9738330156078912058781327e-03 
-1.2921197890210938535870966e-02 1.4534095694501902515383129e-03 -3.9801634935813356985789824e-01 6.0262337075621612292319895e-02 1.6669376645757811444825691e-02 -2.5238520637820768821590889e-03 1.6837505984732293710433609e-16 -9.0657662840875439863900264e-16 -8.4697843682186815805756908e-02 2.6007400707841816372978272e-02 
5.3473864238217608257919267e-02 1.4705467349792125664187381e-02 -1.5868751974710623029178677e-16 3.8625074677597594576586352e-16 -4.3336541823115609650685087e-02 8.9722155643687968862298732e-03 2.5879811170194739339267542e-02 2.5118721790803183457896353e-04 -9.8723481826259191357353373e-03 1.4947385970323690852767928e-03 
1.5228046036030708830361038e-15 -6.9672773916270115762556778e-16 9.0486235040162638847876274e-17 2.4395691888607721119025292e-16 -7.5055943679530274029176873e-03 2.6554976685763329036227276e-04 1.2739415739020270787462685e-02 -2.4301735222731686049402189e-03 4.0225842149758117560764958e-01 1.5385901353258542648139162e-02 
-1.6847038874275542530423166e-02 -6.4438200391250170882134762e-04 -1.2411731301285151439655211e-17 -2.4806418541704169857964124e-15 8.8070912946654589248396405e-02 -9.6759448498227249024772334e-03 -4.9771165285260939026290572e-02 -2.4464996069702850400862104e-02 -7.6504560476458931152392815e-15 2.2743741820589635989989109e-15 
4.4250158070685996491988590e-02 -6.9283478408603983017544081e-04 -2.5374340772749571365496379e-02 -5.0961310395216943489038464e-03 9.9775678378310299343478817e-03 3.8163091328042046332380544e-04 1.1370376049799278980629096e-15 -1.7109819621211153221664100e-15 3.6180908309706601488508400e-16 3.1828801736644535867602942e-16 
7.4224087212067125368664122e-03 1.1455619888570943171873795e-03 -1.2969134771447957815704299e-02 0.0000000000000000000000000e+00 
3 (band)
-1.0916937197483753685389729e+00 (Ry)
0.0000000000000000000000000e+00 (Occupations)
-2.3651944792430953934392335e-01 1.4571914929970525287572514e-01 1.1723582540008601823866563e-02 -7.2228746575308845623286658e-03 7.4908644716086342995079587e-16 -1.2518500539370409018276278e-17 -1.7973210020590152380393079e-01 1.1561857368155603609238824e-01 1.0895314797558265651478138e-01 -5.8675014922265192329753347e-02 
-8.2998672560206071481024286e-16 1.1588345951892307698243408e-16 -3.8259733149233782212306210e-02 2.3181954008689470425608192e-02 2.1719322321825725030652876e-02 -1.4055353237537811933455245e-02 -1.0703165328654670046537589e-02 6.5941967381379440818478521e-03 9.0588196082814211759418028e-16 -2.6382477449608338813294152e-16 
5.2714322782930321384258239e-16 -4.0334849062760825746421164e-17 -3.8642115581849871552844178e-03 2.7315017672746360818947231e-04 4.5355172398520750276507130e-03 -4.0076430681054465987589452e-03 2.5963508399965085082783389e-01 -9.8818737471882731049355186e-02 -1.2869357410247164036354306e-02 4.8981573819432827621156434e-03 
-6.7271347056502912335163438e-16 5.0486841801084940765444080e-16 1.9821331090441365874177393e-01 -7.9892213668725384212443430e-02 -1.1801788961193980520558711e-01 3.7219935000765314025983344e-02 6.7837866643041991852680352e-16 -4.5777747677307076607498242e-16 4.1925913105295559146767914e-02 -1.5602178777304099091538525e-02 
-2.3968323977629265447708562e-02 9.7365991215970105338017859e-03 1.1749212098122045408454817e-02 -4.4718221953795678560994453e-03 -5.5235504004533827365108723e-16 -1.7677176079779390656352872e-16 -1.1957479098324867043000632e-16 -2.8217671192239499229649255e-16 3.8469489869252413913325306e-03 4.5576910540372911340156747e-04 
-5.2061381866010279437229080e-03 3.0867855086403744868661647e-03 2.5780880586782417562830005e-01 -9.8123519066476594385761700e-02 -1.3521823866711557213249328e-02 5.1464850045353713325901879e-03 -1.6558210681614655478630128e-15 -2.8987756159703389885934282e-16 -1.9984841767079103425075459e-01 7.1869592344862967547847177e-02 
1.1233081945883692520649078e-01 -5.0007465998168035281601362e-02 7.5020922081203197753131808e-16 -4.4058298580743493817581804e-16 -4.2597362372608707503651715e-02 1.6409293043294480990423878e-02 2.4779689640970201103264969e-02 -9.0914883475611968366436599e-03 1.1709207175228036196257264e-02 -4.4565932677665528668931039e-03 
2.5821123812958768264848492e-15 -1.2909331389380286273898449e-15 1.1902950170585295196107064e-15 -1.1908323413329393199550929e-17 2.5489111029305218034113345e-03 -2.9261440551038974539066473e-03 -5.9314685243524959551431053e-03 1.1314881350431163845038363e-03 -2.7162881712308567516700464e-01 4.8076928825474332662714971e-02 
1.4246670316474842332699069e-02 -2.5215894745450094863170598e-03 2.5630509433339484809121160e-16 6.8413757951148837044426107e-16 2.0977557144801817212709238e-01 -3.3148725058351709293891219e-02 -1.1971159653563490099514866e-01 2.8072999674812630643838673e-02 -1.4034366345103396368582619e-15 1.0070695660145274775896132e-15 
4.4917640875008074674568093e-02 -8.1366895914836250003343565e-03 -2.6044348249361838620874465e-02 4.2872022744992622361737133e-03 -1.2336887229412592595356735e-02 2.1835681155919829145306554e-03 -6.1522647463394416798238274e-16 -7.5031070102917528123880469e-16 -3.0495337003895561787420484e-16 -8.1703557062851375269647403e-16 
-3.0520675993174557934228819e-03 2.3966956859524765795221857e-03 6.0384256437540162823496281e-03 0.0000000000000000000000000e+00 
4 (band)
-6.7403876154471231707532297e-01 (Ry)
0.0000000000000000000000000e+00 (Occupations)
-8.1792715119602308066168089e-15 4.3777274007997581473946788e-15 -6.6120121592617345995834894e-15 1.2035305108967517956564789e-15 -3.4298220784148447659589465e-01 4.5540193244677049100310740e-02 -5.2812972845252679891656536e-15 1.3014435643919640113901149e-15 -1.0494239695406638039815071e-14 5.5944610194064819673845636e-15 
-2.5177933791878770453109837e-02 3.3430533981610582872079362e-03 -1.8132236142937910570389341e-16 -1.0730070787559448452229698e-15 -1.3589166368356799336434503e-15 4.0532112033835964207424582e-16 4.6033526151442299984059873e-17 1.9659654437462017399830867e-16 -1.3833021208202629648287285e-04 -2.9985303747832765808301048e-03 
-8.2842734514271309034794122e-04 -5.1079233741860245038290955e-03 -1.3389773038770635605887525e-16 2.9960138664637876544066212e-16 -2.5359925292849667667424931e-16 -6.9461998489478275526380432e-17 -1.8320581133693193323763985e-14 -7.1367043758033043424201503e-15 -9.8832106046514684399901086e-15 -2.5286136781680709287049001e-15 
-3.4544043126650980646275002e-01 -1.9534905758372803769029602e-02 8.7469535515669791234322816e-15 -9.2069549450985998691382583e-16 1.0577522997203549824400051e-14 -1.1441566561444145659298319e-15 -2.5358389103957389848487125e-02 -1.4340356004777891907320253e-03 3.4552494048930077785625068e-16 -2.5045746057404263735827689e-16 
5.6385077453297978969511432e-16 -3.6611591584398775470820533e-16 3.8169272779079582116764873e-16 1.5072947568498299292920656e-17 4.2598855967741029379669548e-04 -2.9713386550675895993178788e-03 1.4337577727275771510839775e-04 -5.1726798131363632693435761e-03 3.7609431687530107401301162e-16 1.7948984829878527990917543e-16 
2.5185516523842161939084930e-16 -4.6129279057922953887400707e-16 1.1926482388311649962974546e-14 -9.6740985997022572833317471e-16 5.4069762857610748879808700e-15 9.3704234893504301226654269e-16 -3.4547570467677413130758168e-01 -1.9536906190429803586994240e-02 3.6525345439064740923864917e-15 -1.2300963343846942918025619e-15 
1.3240862185772910885728859e-14 9.2388775503254575875938475e-16 -2.5323198852255104918107520e-02 -1.4320452148555481292069302e-03 1.4414560065620275084779044e-15 3.7440684919343969773083754e-16 5.1839193467129031375779205e-16 -1.9942849497098163638417761e-15 7.1311436280730960942848515e-16 -5.0452752479207774995577725e-16 
-8.7729416972461699009144809e-05 -3.0009338760076864280335052e-03 4.4046334541402945182350659e-04 -5.1568203138020168169175506e-03 -4.5919766263401117176006906e-16 -4.3343163853080506296323211e-17 -2.2553763165143232789319841e-16 -7.7599656688731738696436631e-16 1.6400075400553610440314424e-14 8.0795730918073543836984258e-15 
9.4482685102228195472251567e-15 2.4680823603984493361512166e-15 -3.3569552897718990536191086e-01 -8.3926545562977808434546034e-02 -7.9820886754200650233710031e-15 2.0463501785386968802755597e-15 -8.1940680342070699581806320e-15 2.6203570857227708057865839e-16 -2.4606316865448219638468075e-02 -6.1517740470070835998028791e-03 
-9.8860625252780141994148960e-16 -2.8318555649514467348384665e-16 -1.0890042118387785407940063e-15 -1.1691806509396014562644698e-15 1.8355033150279609199616628e-15 -1.4986552273487174832815103e-16 4.7614344680867496349685464e-04 -2.9642179401711010212905340e-03 1.3989532980020799157044875e-03 -4.9829442478826514728584840e-03 
4.2605184205506090801456294e-16 4.6990985172633423656573364e-16 2.9787723006934597795463309e-16 0.0000000000000000000000000e+00 
5 (band)
-6.1588034010821657293632825e-01 (Ry)
0.0000000000000000000000000e+00 (Occupations)
-7.8922316446496429409585005e-02 -3.2932550030926377448992071e-02 -8.4723924141476281146623251e-04 -3.5353437859955358368857503e-04 -5.3781104101401806459212953e-15 6.3541072981221244200127020e-15 1.0605780769923076056748812e-01 -1.8980499657374089172989784e-01 1.3064772744928074277304120e-01 -3.5030647178790219609112455e-01 
-1.4566237099235756623143908e-15 2.9196670953367912469427035e-15 1.2368658709345475843477402e-02 -2.4664449242475239287841760e-02 1.7310612325444174608435333e-02 -4.4362002937202327235155508e-02 -6.3587528244549162970145062e-05 -2.6535071686459993367535048e-05 -9.1500086845074178912116914e-16 1.6770264419528454913830013e-15 
-4.2377978323743032481136258e-16 -5.8244589286434307881632215e-16 7.7470293699734007683566084e-03 -8.7704271972579052329965776e-03 -3.5911056549092733314321180e-03 -8.4085846277871349740973272e-03 7.1353440726808006755454983e-02 4.7137791433930278928166047e-02 7.6598656855836333434695007e-04 5.0602911561208399615630071e-04 
-2.6516233803948521642302839e-15 4.7884427929988362465593230e-15 -1.3974514211297220378504846e-01 1.6656977683285179026029255e-01 -1.9397448419559065735384706e-01 3.1962063817158614664748484e-01 -3.4798968725873132703121414e-15 2.3330068947769584400601970e-15 -1.6771232680979679396937598e-02 2.1909918508828563066259676e-02 
-2.5316604216855262410312832e-02 4.0332544608650933160021168e-02 5.7489041685270664272522367e-05 3.7980177247612378899077612e-05 4.5257307870656986800091382e-16 -5.7521462544907661093806680e-16 3.9728861388116296196479327e-17 5.6316119617029817384371165e-16 -9.2532223587112431839596383e-03 7.1634302720067766223621675e-03 
1.9518856596452225510285317e-03 8.9325515749426043221603777e-03 7.1293480340768100589343703e-02 4.7098309172115465637276088e-02 7.5060244599531311671114508e-04 4.9586701307918756853609921e-04 -1.0336081985517610447724681e-14 7.0477231548074921926150858e-15 -9.8356496931827880336740577e-02 1.9397128853626471878257576e-01 
-2.1796734833047604062983282e-01 3.0387264268143265866228830e-01 -1.9700100852613558517609912e-16 4.4089380602620475273473285e-16 -1.3587018913103897366223549e-02 2.3972790105902544444127500e-02 -2.7114455190322152983162241e-02 3.9074447014692689772452638e-02 5.6737507741598395064053229e-05 3.7480955168105525854294058e-05 
-2.4590663998002483865293296e-15 1.0675796915676002724595339e-15 -8.9680424712769031420672678e-16 1.0055025213968140245728430e-16 2.9641291822964680943708338e-03 -1.1330349672239257291517234e-02 8.9854813372586307684830587e-03 -1.7140722367517922941626551e-03 -6.1205333712498546927527343e-02 -5.9623134697156923711425236e-02 
-6.4439100031184887162893915e-04 -6.2773271806123437377422647e-04 -9.1668362782196990579294103e-15 7.4349218969237392585073219e-15 1.3296092799704170572816508e-01 -1.7210535404596491448891982e-01 2.7104660258759083468760309e-01 -2.5764721448938082692947660e-01 7.1834031592462404043004465e-15 -4.3549500986327134191716923e-15 
1.7838408377684269318086407e-02 -2.1002212620517164698430435e-02 3.3956004891611893392600052e-02 -3.3301588874614582169719768e-02 -4.8709299843114798418339251e-05 -4.7448613190493739541660212e-05 -1.3514233087783082476108420e-15 4.1192477453252880190075762e-15 -4.2383349734227730777496378e-16 2.4140803232209818049755252e-16 
-5.0347221213820330526500513e-03 1.0574235606649167937276523e-02 -9.1475088682667193146214046e-03 0.0000000000000000000000000e+00 
6 (band)
-3.6495498404477511034116333e-01 (Ry)
0.0000000000000000000000000e+00 (Occupations)
4.8658174879276774871250666e-02 6.9096919860246297506733981e-02 -2.6468582194006159274968226e-03 -3.7586900249984567246031020e-03 -2.7645862753342144349511390e-15 -2.3236800459416378368336734e-16 -2.1077934658499178355306469e-01 9.0118962665913696086228413e-02 -3.0120563145654721814992172e-01 2.4582445371225794539249421e-01 
-9.0561631256635561170982711e-16 8.7364964336839975051186969e-16 -3.4036679717902973418830470e-02 1.9634798529730580762819869e-02 -5.4160103929311399773016689e-02 4.0645422119811057404259458e-02 3.2395560022846243020816503e-04 4.6002304917240350451423936e-04 -4.5918445853944620532736265e-16 2.5467448049372317832724076e-16 
3.9846114013002529243344368e-16 -4.3188689707742591843978998e-16 -4.0995417764914263147879581e-02 2.4298878986775226951344564e-02 -1.8625140177873079211368079e-02 2.1054489700707321175876530e-02 3.4848833151837198263134354e-02 7.6990656216915462350947053e-02 -1.8956668054829900471602855e-03 -4.1880850636293875943749754e-03 
6.2085792216794783042671421e-15 -2.0243312050951219134279117e-16 -2.2393247455988016247907524e-01 4.9026597029227132751305618e-02 -3.4193336091787529529284484e-01 1.8502991962238335421631064e-01 -1.1493448186554417833470293e-15 -3.0338210025058761052532581e-16 -3.7112990903915510365607133e-02 1.2909174477405381542549634e-02 
-6.0816972216046698285207839e-02 2.9776888477550014777683884e-02 2.3201773222105391558667264e-04 5.1257800247833619142201478e-04 7.9479977307727505787545716e-16 2.8171083198392585892450987e-16 3.3324675568287915250446646e-17 6.5828672522533317910203134e-16 -4.4822432095965154819072751e-02 1.6186703763772070097104461e-02 
-2.2240455697484440983346943e-02 1.7191553553149049177184438e-02 -3.4848713426124264258554319e-02 -7.6990326768885800068353831e-02 1.8985354049182601859913078e-03 4.1943538681812712887175820e-03 -6.4937037568718161598095345e-15 2.3356268186759506436978288e-16 1.8497703197828799237534270e-01 -1.3516764948876019980517071e-01 
3.6452396581750001747224132e-01 -1.3525566743686603943253033e-01 9.0278630793600933590087536e-18 -3.8943220316501940388629571e-16 3.4274437257830844827388717e-02 -1.9240631541152561356788908e-02 6.2510446429247801258810568e-02 -2.6139846583216767850199602e-02 -2.3153763498405587149125973e-04 -5.1154362905991715773645900e-04 
3.0443952563876390645145017e-16 -7.3014637472334702669008552e-17 -1.4594320485508849576011908e-17 2.9811182302772930257855772e-16 -4.1694534515737860513873159e-02 2.3036683491836691672904891e-02 -2.7621289856301408510708129e-02 5.2690428379847595308227426e-03 -1.9804898263988568452020900e-02 -8.2156614147544410053924935e-02 
1.0789635817339375545298452e-03 4.4758103896993389758662829e-03 3.9382274452191563725996276e-15 4.0096008399637052592050247e-16 2.0702847203873028791853983e-01 -9.8112219387422427985256945e-02 3.8341162897585923108323414e-01 -6.4554937806373932640546798e-02 3.6107589019074086004998371e-15 5.9380986571256504335310028e-16 
3.7272677575669502236799246e-02 -1.2477437949483912577042233e-02 6.6301333380386115456950336e-02 -1.3963548408694414354469515e-02 -1.3158274923388496384889235e-04 -5.4586861143238337400196425e-04 -3.2832562356615281208991269e-16 2.6966813691895752071450549e-15 -4.5484570446488297887180696e-16 1.3716689466084602233958930e-15 
-4.5272653715992955403280007e-02 1.4815863805358505875253705e-02 -2.8119361048119129176114939e-02 0.0000000000000000000000000e+00 
7 (band)
-3.5607189298853308967451881e-01 (Ry)
0.0000000000000000000000000e+00 (Occupations)
5.1446695162348371477278874e-03 -2.5600985066155657055020356e-03 -8.1758168295491609467440242e-04 4.0687194999263452677151776e-04 8.2372733073197125794013374e-15 -8.0458355427633046278952803e-17 3.6590348934409044900917252e-01 -1.5041755479020132990619629e-01 -1.8239962751105154303843392e-01 1.4556222141034222405941989e-01 
1.3682984027386168747713846e-15 -5.4491097117536570816884321e-16 6.1322624523651676764490759e-02 -2.8234090534159542867920223e-02 -3.3353539880982822907196095e-02 2.0548572041174443386646331e-02 -5.0480024204765027925900789e-04 2.5121999788964635702548378e-04 6.3876582344930307169626771e-16 5.8324154904147059949662399e-18 
-2.7826943438288563783740400e-16 7.2990614196869978057811511e-16 -2.7753560369887391584553527e-02 6.0967387582729331424458152e-03 4.1091776296733495410506976e-02 -2.4891229137390044612310191e-02 5.5332578986253839331554971e-03 -1.5507371867063829418142973e-03 -8.7934026445441598740515587e-04 2.4646559864111711180001407e-04 
-8.2540658933808807263131739e-15 -3.0947290330379364550415396e-16 3.8760777173171051535049969e-01 -7.9189769518711219942197488e-02 -2.0644446904161026234980625e-01 1.0880563230004930419525522e-01 2.1725378162415507036956684e-15 8.5016193448536966772794071e-16 6.5526973250924047675880502e-02 -1.6243273171767227958106616e-02 
-3.6613175433425501625883669e-02 1.3934770188430117832112387e-02 -5.4293277537870209339954108e-04 1.5218006810688647356677450e-04 -1.5451409883323256794931418e-15 -8.2915178421027731106644434e-16 1.1847223553069296270664289e-15 -1.4259579524450047354957369e-15 -2.8404383436869049678330512e-02 7.8825012726618445824122716e-04 
4.5028079203178091038939357e-02 -1.6750505976331743485108206e-02 7.5621597994137146336868227e-03 -2.1197855244885002723442824e-03 4.8432875062201247856608077e-04 -1.3574756671880239267125035e-04 1.1759335791617355626448179e-14 1.0866925215114727324741481e-15 -3.7029736384416972461153250e-01 1.3268356792553800960199339e-01 
2.3142734619655780381464183e-01 -1.4894932862719284516472840e-02 -3.7307853694676248628870978e-16 -1.4094087848688764092922613e-16 -6.6062200582019614536477548e-02 2.0581062905159350912009941e-02 3.9434145477401802426520305e-02 -7.4824117523750455216458022e-03 -5.5377552388367564696614043e-04 1.5521702352489332495805163e-04 
-8.3985418766957222392643026e-16 4.6128395652972322474441302e-16 2.4344102376569683384854652e-16 6.8354114791150145230380402e-16 -2.4365832366749287651863654e-02 1.4090381019510295201868644e-02 4.6688120618260914307384724e-02 -8.9062353294315586144103136e-03 7.8254213571499961488164843e-03 -6.6523085081597252421481414e-04 
5.0118651440144226794082272e-04 -4.2588946134432606460684667e-05 -6.5825961973203815070107606e-15 -1.9715257500046608726735090e-15 -3.8860080086323861570107852e-01 6.0946570337027085317860298e-02 2.3011916373987528761091426e-01 2.8734057705545441863126399e-02 -5.5542467748117230274807004e-15 -2.3722033976348328461559962e-15 
-6.8748564009392457152536338e-02 7.8376937099940979791767859e-03 4.0137722496260110072174854e-02 3.9344349305031264818488523e-05 -5.7305140679693770087987925e-04 4.8700517661564931442587378e-05 5.9661095496846752474315092e-16 -3.8094181480839418811556768e-15 1.6953339893691092310998551e-15 -2.4800275807900499471549733e-15 
-2.6574520605527070238327525e-02 9.2750999340175180329914895e-03 4.7530007727839884701381834e-02 0.0000000000000000000000000e+00 
8 (band)
-2.8148928714868853839803364e-01 (Ry)
0.0000000000000000000000000e+00 (Occupations)
-1.8232880295595824782140388e-14 -7.8511434530928461112516809e-16 -1.1260270844921315955968334e-14 7.1240175182630448370827075e-16 -4.5013534693578011181003262e-01 8.3648231406385040176409973e-02 1.1554028174488892337415652e-14 -5.7449888475857122094292215e-15 -3.5696241330358860876561977e-15 1.4939286533181698944286527e-15 
-4.7244566097560045103698201e-03 8.7794191158723638990224458e-04 -7.4427371961144605179325799e-16 3.8901585920315731581031685e-16 1.1469030398795141229243681e-15 3.9019047716757179456731378e-16 -6.6022543994985252086603958e-16 -2.2984093680479915211147228e-17 -3.4671519130834826949438821e-02 2.7075470344120958210432093e-03 
1.8497941664718350190943497e-02 -9.8981121778602687566461782e-03 -2.3262497752415246804322788e-16 -5.0035894282977413330174538e-16 1.1759329749073581639425374e-15 -2.7999534403884345592401507e-16 1.3270001335461155887392984e-14 8.3802801654908487192411937e-17 8.1164010577501218744995513e-15 2.4015317734229091523140313e-16 
4.5783632796108730822481903e-01 2.1803617852018536416025540e-03 6.7055230948266963131208095e-15 -3.0792065799952877592318933e-15 -9.5704631151587789105144889e-17 4.1261192905694859954385890e-16 4.8052834039076629951692254e-03 2.2883743515722532180234339e-05 3.7193131693067643255880688e-15 -5.9785662052664041756960731e-16 
7.3898453486550769738311612e-16 -1.7869772346604038646336950e-16 -4.0342272477576540844477007e-16 1.1549869650250228779411656e-16 3.4564734928297313754086417e-02 3.8372059001170744085840170e-03 -2.0025013533663024722919488e-02 6.2566207727067085775374267e-03 6.9320689075090076572403420e-16 -5.7136331438848249487669865e-16 
5.8248271809797146024805816e-17 -5.4751660039288930560425819e-16 1.6186530858902238321635966e-14 3.4824042463477759274412597e-15 7.8535304794948414326698349e-15 1.3564100552952448765423660e-15 -4.5781167550651524766891498e-01 -2.1802772428470406501643808e-03 -6.5801020723185744102101283e-15 3.9951877642927023327157537e-15 
1.7001778246177880621438710e-16 -2.2622723549117749278988613e-15 -4.8261420341234543412989311e-03 -2.2984524446670318020835566e-05 -2.5269318271238075077411415e-15 -4.5899551720666067433585729e-17 6.7324607828029482295364805e-16 -1.7808294861720551011479586e-16 1.2699591547952343746579890e-15 4.4267037633104735638483087e-16 
3.4594189749886275486723264e-02 -3.5074917770344746920097023e-03 -1.9961322874944498889648870e-02 -6.4464359678662406377691596e-03 3.8972898413548576571875558e-16 1.1449392754595614768862929e-16 1.7023131534551903243898251e-15 1.7683850443367636474240611e-16 -1.1237198354637142872824284e-14 -3.5268919916023662605556108e-16 
-4.1456569079507998537512748e-15 -7.9844473637045940394772588e-16 4.4929402887052377613130716e-01 8.7927012119338593398865100e-02 -1.5709665509127408169994516e-14 1.6307133601982764539292369e-15 -5.5918316439243981035758660e-16 1.5198732720558312619959014e-15 4.7363509199363556731454672e-03 9.2690624397074965461901241e-04 
6.5670077294169501487956899e-16 1.0985465894631469186939851e-15 -2.3509286241355263565150215e-15 7.9310034113372609046705658e-16 -1.8534218112422943272375176e-15 -1.4308032855000511359287857e-16 -3.4638669960739817965666987e-02 -3.0369402970918156839386093e-03 1.8399811321875229885858261e-02 1.0072630784704125414541487e-02 
-1.6833744441730927931651905e-16 -7.6539044532135808696261517e-16 1.3092811233592778268907700e-15 0.0000000000000000000000000e+00 
9 (band)
2.0585282115433992111697137e-02 (Ry)
0.0000000000000000000000000e+00 (Occupations)
-1.8605295940477488389021218e-14 -3.3371689895125359612737107e-17 -1.0518497479061474522797700e-14 4.3930432661400376133768540e-17 5.1618394632723729742451724e-01 -7.3582407252722178969683853e-02 8.2875781054247022082754812e-15 -3.4321747227646011583880620e-15 -2.8719014607969661738374918e-15 2.0442802851387855881039028e-16 
-2.3691274772631082390361712e-02 3.3772083649114756354059352e-03 -4.1586971884195258769892818e-15 1.3346654616023166008836995e-15 1.7661161136685060350255452e-15 2.5109698965065864508280618e-16 -9.4874037890533602172923654e-16 -4.2362107681884855746232066e-16 -6.8449633164222437042845115e-02 6.7687474936686670146102074e-03 
3.8612588774974927752214882e-02 -1.0673563264046295739895243e-02 -9.5546065860125281030418808e-16 -9.9487154926431862355865779e-16 4.7536508322954435280675179e-16 5.8364551998755684909312375e-16 9.8544177821312024997153997e-15 3.2113126134174188409810469e-15 2.7870918484831713056455348e-15 1.3323175362989813329374209e-15 
-5.2082887770994013010295021e-01 -2.4444165898755865207192528e-02 -5.6163682744499340986682133e-15 -1.7952459510239955639656651e-15 6.1577851288973376303268907e-16 -1.2744362859690609298868315e-15 2.3904462905742118045138156e-02 1.1219134907515457277860094e-03 6.2760678578509581339290019e-15 2.7128584284125538571417991e-16 
5.2539198770907219364625805e-17 2.5022747535847933615217254e-16 2.3831291206903036744474285e-15 2.8633395700173103484928116e-16 6.8505538777850191745066866e-02 6.1773278774990628137153692e-03 -3.9928679986956212843995928e-02 3.2492274706590398847261270e-03 5.5606981472704684476500343e-16 -1.1325746162508710390565866e-15 
-2.2054111539478538741513850e-15 -1.4354337928299899274881176e-16 2.6171367055959659988697036e-14 2.6178498582323604734990849e-15 1.2747750221907923678988902e-14 1.0210269719572137032698237e-15 -5.2084172036783316084296303e-01 -2.4444812591826486913859640e-02 -6.8453431363141716123981256e-16 1.2553499893413257748339617e-15 
1.7764124143367529332330291e-15 -5.3039806167917197990357209e-15 2.3927568228141724016033720e-02 1.1229988352295244835588051e-03 -4.8913475359939309612189125e-16 -3.7185005682526035493081118e-16 4.2411710957474742521105082e-16 1.5928746095862737580803653e-15 1.7891312392008749477798767e-15 4.7525203003028773356482789e-16 
-6.8787167353677666770117582e-02 -2.6578735178475580702706083e-04 3.9451213255060818552166779e-02 6.9756075232965284935171546e-03 6.0770787202262571096754976e-16 9.5244340725311346040710363e-17 1.0614098962221660721357582e-15 3.9526985334319960519230765e-16 -1.6685075929868349454178539e-14 -3.2982415247997636815723324e-15 
-6.2826946896070363167930269e-15 -1.9785278938015110496166281e-15 5.0703568044896485389472218e-01 1.2160783399946709093519814e-01 -4.0993479015333927833949414e-15 4.2634647603821328916940525e-16 -2.0662860994469523070491701e-15 -7.8425078963945381452686613e-16 -2.3293316213532415381859408e-02 -5.5866866274209376827530882e-03 
2.8034383858577915200472374e-15 3.1531820600067803743669674e-16 1.5051694617336476230890552e-18 1.5869662465229960790146646e-15 -3.2268874168047602518907078e-15 -7.1315383299041417841913059e-16 6.7518953922128296940563530e-02 1.3150509371151050327930498e-02 -3.7445325298744308595288999e-02 -1.4244470537250152747388299e-02 
1.6548241184890747749063733e-16 -8.4304053630746604226834061e-16 7.4594291459652675197008411e-16 0.0000000000000000000000000e+00 
10 (band)
4.7157853256699450161804066e-01 (Ry)
0.0000000000000000000000000e+00 (Occupations)
-6.0575132391535302378571259e-01 2.5802569306368339230317588e-01 -5.0407799181692511392149925e-03 2.1471743192844061631774366e-03 7.0195355313605780700870829e-15 2.6613788839376785607666179e-15 2.2969910751079652966311073e-01 -3.6471308327753859668263203e-02 -8.1744116148103646013467483e-02 1.4096525338554616313402335e-01 
-1.5721168289779756480527534e-15 -3.5988457719746583430665224e-16 -1.2147858125822627584078361e-02 1.6764294702718202101365819e-02 1.6666843822060184443500930e-02 1.2945922295027612047846333e-02 5.7581019150425967467743504e-02 -2.4527193932274208437727125e-02 5.6070267679678575362727724e-16 -5.7065904472407406880408859e-16 
6.4994064884937566566428324e-18 4.0154874438394826255554869e-16 6.4705179062857207106240764e-02 -2.1817826241467372372362377e-02 -1.0760590359645921809672586e-01 4.9142547643429429493622251e-02 6.4337099615460324741889053e-01 -1.3994886928171945683629929e-01 5.3538341939195800700534988e-03 -1.1645939914213393473474412e-03 
2.5331176365782977406258410e-15 5.3699095557877689293809589e-15 -2.3246454651089232257277217e-01 -7.2160195324195569588354715e-03 1.0671045760235467469989601e-01 -1.2315105125486866533002228e-01 3.2831206515483022992736837e-15 -1.5122910368595677876606631e-15 1.5074001739892992426939067e-02 -1.4191071329209825613304474e-02 
-1.3945804258416578946810915e-02 -1.5839669524438354519801919e-02 -6.1157038837311904211357927e-02 1.3303142833384420939957238e-02 -5.9006216647945000274408980e-17 -2.2107545144383911428855801e-16 -6.3347537486914102697597922e-16 -1.1939981058819536131694052e-16 -6.7647325411922420990151750e-02 9.3068310435733894725451876e-03 
1.1490830238493328352422651e-01 -2.8108762347540637571707833e-02 6.4283068042792046448141718e-01 -1.3983133555847376827685480e-01 5.2454363181405061489215313e-03 -1.1410058288176191942930870e-03 -6.0668626098165847731218950e-15 -3.6443283330542912421526413e-15 2.0890126634967207119863986e-01 -1.0321214048415611186371166e-01 
-1.4847283546406839227493890e-01 -6.7622234474436632156724158e-02 3.9131978319473383090549260e-16 -4.7409291630883467215414726e-16 -1.9764434097157071446027032e-02 -6.6223235872209448849012858e-03 6.1925826737980090019863866e-03 -2.0236622906893361739655290e-02 -6.1169712281394172936899167e-02 1.3305906003779103055628674e-02 
1.6202263691375988821229993e-15 -6.5232336664771576524925508e-16 1.7752966002198531633659077e-16 2.6398133394820707941659899e-16 -6.5402983777686649058402679e-02 1.9629045892744306778254781e-02 1.1620254161711651708088766e-01 -2.2166820334927540836478244e-02 -6.5764616123850450080112751e-01 1.6900080229237550433207815e-02 
-5.3663283919582333014730580e-03 1.3789872589004470090912058e-04 -4.0057676248831074212705442e-15 -5.7288446929890264750015107e-15 -2.2454107716033633312946449e-01 6.2239775815003457737351056e-02 1.3317183016663289296666051e-01 9.4245493877074426603002166e-02 -5.7636966922300458450647273e-15 1.7210970530891395070974021e-15 
1.8173451932313896411974596e-02 1.0208509672750554209130769e-02 -9.8748600122665723677339855e-03 1.8717802397338514919233887e-02 6.2579506663467551752511042e-02 -1.6081607279703384952296297e-03 -1.0814190071915935567904150e-15 -1.7700815870787184684649615e-16 -1.4058867228914564980778784e-15 4.5666991909629563752275633e-16 
6.7922633547761332439840487e-02 -7.0260644475915647738650804e-03 -1.1829792306730739503972671e-01 0.0000000000000000000000000e+00 
11 (band)
5.0845328950012225188714865e-01 (Ry)
0.0000000000000000000000000e+00 (Occupations)
-2.8742988121042010313255233e-02 -5.2375136544620670697725018e-02 -1.1792877034502926777981280e-02 -2.1489168355961124623476621e-02 -3.3460576445713367440570890e-15 8.8298433509999739965347168e-16 2.6437000372459179553530362e-01 -7.0320301322598671722730046e-02 3.8447440216552508651659537e-01 -2.5421845278578197868668553e-01 
3.3130648513050998176207806e-16 -3.1798298143751790474471278e-16 1.8451374760563396537627057e-02 -1.4782370853832736690147698e-03 2.3495757364895699520479511e-02 -1.7893881513381806186435696e-02 1.4483218301313081216585843e-02 2.6391435436143279025245079e-02 -6.6975553049795639360352487e-16 3.5487976176066132053270171e-16 
-3.3833108469004744803770066e-17 1.4160799511439431104114471e-16 -1.2220413237071228729213601e-01 6.0484941074651382697524582e-02 -6.3935496165085189956833744e-02 4.6514268658309841641962379e-02 -1.8419748842867289528868469e-02 -5.6833327781817953583409775e-02 -7.5573241449407094205703572e-03 -2.3318300906152032020424159e-02 
-1.0927085644993827781203939e-15 -5.8900863488153826597375991e-16 2.7286399463730265368965888e-01 -1.9536736626792949866882054e-02 4.2530009135033991496399608e-01 -1.7767222617712397081390918e-01 5.4291609340590722312523781e-16 1.5868701847397822534725867e-16 1.8401544194078432725714123e-02 2.0053894156741997045756420e-03 
2.6432561946521705015245018e-02 -1.3174265774922339078401023e-02 9.2814188216125310948445559e-03 2.8637855041908147346596536e-02 -1.4369246784340912161798722e-16 -7.2444914048550407442886261e-16 -9.2469646339047650795437909e-16 3.9482243395022673219424037e-16 -1.3137330898463128736608496e-01 3.6514815509746306743110722e-02 
-7.1518927559529016368955467e-02 3.3710055761274886065859135e-02 -1.8298033682601362592823335e-02 -5.6459943860039857321808654e-02 -7.5061774497112180790092673e-03 -2.3160315767335501457857561e-02 3.0612889104221004306437983e-15 1.6973240266934451443022081e-15 2.3242787029356865025064849e-01 -1.4435602113593046236239559e-01 
4.4871511949005238317766953e-01 -1.0551653020956416884068574e-01 -3.5501334534410715513310373e-16 1.6297221809389091379268159e-15 1.3613001254278455504076462e-02 -1.2622522515158246525501795e-02 2.9101542308953776833080340e-02 -4.6845031593611974329860459e-03 9.2778845858478599384344676e-03 2.8627125907390471581948077e-02 
6.0461880653982174713581605e-16 -3.6129581679088503130953733e-16 1.1644914363117832440914913e-15 -2.1758306674497811396214100e-16 1.2786948561046224126513948e-01 -4.7402776453968266390237574e-02 7.7657405320547628901906023e-02 -1.4813942341196329952057731e-02 -7.3943866989815178192291256e-03 -5.8888592636238024091710486e-02 
-3.0334119962996293484724930e-03 -2.4156600299085562166823138e-02 1.7622360603002277746421379e-15 1.7556059856093560770139240e-15 2.5536055471035251640543606e-01 -9.8246439250604306048231251e-02 4.6053896722510639927250509e-01 -1.9566713410120950555892705e-02 -1.2089405509059627484273959e-15 2.1019814534948214680856907e-15 
1.5737102438326100450893819e-02 -9.8481208684857712842841693e-03 2.9463862346822435739346346e-02 8.5155752432675320406918473e-04 3.7493592576338780585076815e-03 2.9858563014035617577679460e-02 -1.8335860592427582183184599e-16 -8.2539752810593541403563734e-16 6.6159375194892068757648165e-16 3.4873663169617577175288332e-16 
1.3448696003892315897765286e-01 -2.2602790653319295571810343e-02 7.9057735161137662749375465e-02 0.0000000000000000000000000e+00 
12 (band)
5.2794092040663420650759008e-01 (Ry)
0.0000000000000000000000000e+00 (Occupations)
3.4831701378841124772112181e-02 -1.5452678415320483806816299e-02 6.7904015459550534639099340e-04 -3.0113606571863585359416504e-04 2.5687603646433456185710764e-15 4.8391824134747857919518816e-15 4.4211584347841015318891777e-01 -1.5723341835004694955202353e-01 -2.2233968886088992245042562e-01 1.6593652269085382155999753e-01 
-1.0402252119088949056342904e-15 -5.2644534325167948044117418e-16 3.0323266931897747966662138e-02 -9.0401650486545553908612760e-03 -1.3757661874472984497863592e-02 1.3735485423038734653644610e-02 -2.5030324385698515289588872e-03 1.1103170272768331239277018e-03 -4.8046147840736206360085860e-16 -2.2255912329841304614376565e-16 
-8.0563813753122718420858978e-17 2.7198592963247207200821462e-16 7.6528648524340173175950497e-02 -2.3115557943088373138440517e-02 -1.2364252628303755432437327e-01 6.1091585783975908829912527e-02 3.7110279380811003746565291e-02 -8.6521590040938567423012273e-03 7.2343975845107905131570192e-04 -1.6856268128168094833085888e-04 
1.9073069974095700861978370e-15 4.3079464729018082386501349e-15 4.6374736101989944003776145e-01 -7.1604134292309162823642055e-02 -2.4949484545633729415392565e-01 1.2133502749083086014181276e-01 -3.3439967184299623889625344e-16 -7.3013194756273232749949814e-16 3.1480116518465932340387070e-02 -3.1980252521413288224749749e-03 
-1.6087749173970281035828123e-02 1.0914263446259786505265765e-02 -2.6667495167344212533833137e-03 6.2162875142612178391843258e-04 -1.3318652412719287105691785e-15 4.7198455330259783167700886e-16 8.9834680222600107394851750e-16 -1.8585870775380895837259692e-16 7.9504539395554046921077429e-02 -8.3660790985104135919492307e-03 
-1.3289989886934086560366097e-01 3.6841186731279104704661620e-02 -3.7514361348596543532796233e-02 8.7468217592242547553382792e-03 -1.7876293996486576978743877e-04 4.1788510714256543732147975e-05 2.9541634055906246398010534e-16 -3.5131965732143153237611596e-15 4.4826896797324439214449399e-01 -1.4115986442806957579243488e-01 
-2.7788294115110268034385399e-01 1.4098488905193440334784327e-03 1.4549851818423334002772944e-16 -5.0914456050575627202043627e-16 2.8778708126335976469345468e-02 -1.0969545717103812779158467e-02 -1.8813238085321540987715494e-02 -2.9811105864648995700250111e-03 2.4524798742022718006650095e-03 -5.7193652897400771087377258e-04 
5.0136554211694572415425775e-16 -2.9212087365064271483168923e-16 -6.5189808646204704584206478e-16 -1.3165182157609941655511075e-16 -7.5157395073504315585743996e-02 2.7513034112703230876784133e-02 1.3565920316841392767592822e-01 -2.5878377026573820551824667e-02 -3.8488869831614529182228779e-02 1.5624011539044184437852181e-03 
-1.8342694288945096681153757e-04 7.5514866193617316558750474e-06 -1.0435411403725979225628693e-15 -5.3933993023378324478327860e-15 4.6677961309966781167091199e-01 -5.4662306644259035792732249e-02 -2.7322504962712201859176275e-01 -5.0685194218082756101306785e-02 3.7185571681026064462026575e-15 3.5619360912910256641026658e-15 
3.0324445981723267135032884e-02 -5.3826527439735814481447385e-03 -1.7921399495642954813323655e-02 -6.4535562057993420270740614e-03 2.5162099317572418286093061e-03 -1.0225705786387208036727903e-04 -8.1627876856783539975076493e-16 -1.2301927543431929065869351e-15 -5.7889453295530556465156651e-16 6.0454792026004682598104940e-16 
-7.8981579478719740605718869e-02 1.2942611149546768764539983e-02 1.3810543002292957615040336e-01 0.0000000000000000000000000e+00 
13 (band)
5.5844673957169710387660189e-01 (Ry)
0.0000000000000000000000000e+00 (Occupations)
-9.4883376135524291616896164e-02 -1.6388270040363961399521031e-01 1.3643191239704002826194085e-01 2.3564552810404307270353286e-01 1.0982747728418340636728926e-15 2.9936321767978486106409402e-16 8.9001454193164408756899775e-03 2.6050104811219387812570858e-03 7.6302726722451696961257994e-03 -8.9031100610526131555744200e-03 
-1.4485232077918267977245360e-15 -1.7802458883201278383741786e-15 1.0455835711049299430186466e-02 -4.2642742573845565656753820e-03 1.6293469754978945340795349e-02 -1.0468019389511765138145449e-02 -6.7570055502020692772546795e-02 -1.1670717433734439927306425e-01 -1.7821593598129537022568694e-16 -1.6063073376017534427226154e-16 
3.7160101832687648472827729e-16 6.1192513628027601701601692e-17 -1.6918862365191349172999224e-02 8.5992161637979749877480629e-03 -8.5403322617278801254236953e-03 7.0226439267946751468518762e-03 -6.2494174847895461732960598e-02 -1.7875925897292560540208228e-01 8.9859759312612835779887632e-02 2.5703638904253600649951750e-01 
6.2827559072435558185669827e-16 1.1434765331782732838269454e-15 8.2543690866502539282834050e-03 4.2265895321541993925884562e-03 9.1633960325302743488151691e-03 -7.3156409810069614185756848e-03 -8.0861390492928318137196293e-16 -3.6111386524888545681442958e-15 1.1069679430735952785358478e-02 -2.2295139962262584126806431e-03 
1.7966378844626401667383675e-02 -7.2295102051880416604845436e-03 -4.4504460304145246341001041e-02 -1.2730133524590256377528874e-01 7.5168754476095704253733677e-16 3.4943974140994836389368234e-16 1.2045458280067174871361841e-17 -4.6890653467767320287831800e-16 -1.8230515227238487663274924e-02 5.2766217330199090967957076e-03 
-9.7049717484541265372088858e-03 5.2979549096781111683363008e-03 -6.2762572362790175484192901e-02 -1.7952730215654355561127886e-01 8.9751626249436167181983137e-02 2.5672710139424875785962854e-01 -1.9955777936487084647105786e-15 -2.6918388345214637486635381e-15 3.2374537273518327884502810e-03 -9.8059818775528065359914365e-03 
1.1835490224039277307177542e-02 8.7751086237198086537070196e-04 -6.0740416876083313895572845e-16 -1.9140937778109342769069386e-15 1.0163990297573130550112808e-02 -4.8058032256152703742824173e-03 1.8479710291532530641589460e-02 -5.7363281408712232800617414e-03 -4.4497117716524307862169252e-02 -1.2728030334303996884415255e-01 
2.3917562845695234512149634e-16 -8.5310860300249505591292425e-16 3.1447184395165495860401056e-16 4.7943193590180638987645725e-16 1.7597239884169817852876960e-02 -7.1436757297509648895195156e-03 1.0845073110465111229649970e-02 -2.0688083394171693889240782e-03 -2.8010812776324243988934626e-02 -1.8810791338165575026231124e-01 
4.0056016453019170631133505e-02 2.6899753632817874349214549e-01 -1.2317954610067388120733555e-15 -6.4060083524070114807244725e-15 5.0175672960519465334860989e-03 -9.0256526439494166869081937e-03 1.1461422014306301558894674e-02 3.0797174492165598283510697e-03 -2.3731485120982757278867054e-16 2.2517383561649843439866595e-15 
1.0884475811841850048655722e-02 -2.8161373748426766702723789e-03 1.9227264524422152391913698e-02 -2.1719695915469149072318800e-03 -1.9859000868343079648781213e-02 -1.3336374765537248321400909e-01 -6.8378098549871706065914528e-17 -5.1177217810972970752930831e-17 1.9641064510983581833906030e-16 -2.9558186451152610819515628e-16 
1.8624135735378542777507249e-02 -3.7197476504506050802578709e-03 1.1040633075897520257169226e-02 0.0000000000000000000000000e+00 
14 (band)
7.3339191329266795182917349e-01 (Ry)
0.0000000000000000000000000e+00 (Occupations)
1.6783667551602926784224317e-15 -1.2351825017337702020494457e-14 -2.7104850033526715720554467e-15 3.7650953634902926237029338e-15 7.5677661732422429885502879e-01 -8.5287356591253762894133672e-02 -6.3817350773595566655225907e-15 5.8668274916877035934726106e-15 -2.3262759562580070808052819e-15 -2.8503919259915021195114208e-15 
1.4762114832542009082438916e-02 -1.6636389885929525611629742e-03 4.4236162755030192901662892e-15 -2.8833715499028666391772680e-15 5.0812452573564753852958930e-16 -1.5412271682562266335995287e-16 -1.2178827935097710196675109e-15 1.7557321692456103817759925e-15 6.8298557553915853479686859e-04 -1.3102568130979333482777349e-02 
-3.7400594105762275352888846e-03 -2.2107106967229006588837592e-02 -1.8928638291913081736788591e-15 2.1263541009477560111363756e-15 -1.7389221469467350381508789e-16 -2.1234574374624100520634243e-15 -1.2774864441655607889334352e-14 -1.0359290659564855878139548e-14 -4.7129680574075609801192792e-15 -2.2511635868306213730396023e-15 
7.5935327984387768207596991e-01 5.8029114359699381087143166e-02 3.6576502271019377719572287e-15 1.6679338143410143645392800e-15 -1.1100961583045807876289855e-14 -4.6465542367754700763118512e-15 1.4812372054489545553090935e-02 1.1319731147973813301099710e-03 -3.3930190693438131047599083e-15 4.2610986812260113301452278e-16 
6.0424098273534177489485918e-15 3.4831769647625352017544451e-16 -1.7717513825435528073438600e-15 1.1929036471835652620367635e-15 3.1260644638777981656196925e-03 -1.2742506891936790716646222e-02 4.6864608880488323183755028e-04 -2.2416346573395945496187665e-02 -1.1862783392815645767195357e-15 7.8943173609858236358482156e-16 
-2.0372285130441795678997890e-15 2.1706868342125509627738874e-16 -1.6131461275993153198296785e-14 1.7023387792617065295945684e-14 -2.7457023778970585345871169e-15 -1.7383323209550567047308244e-15 -7.5938178891879437593104285e-01 -5.8031259500086529445894712e-02 1.2371161515825001156804732e-15 2.8095790614882294477191683e-15 
-3.0139986659381298666691585e-15 1.8642214653585505743490446e-15 -1.4851927766141971923308240e-02 -1.1349460993967420974204430e-03 -6.3302342464074155580476998e-16 -1.1098963965330150740637226e-16 3.9708703025376066933828685e-15 -1.1789981371753635905562138e-15 2.8518672694514091974121794e-15 -3.0770655500142461741067489e-15 
1.1497295799430516400480018e-03 1.3068137354590149412647548e-02 -2.9405829822923400945766659e-03 2.2225503010031764233866980e-02 1.8689837770694605841328748e-15 -1.3491276223335210902847758e-15 -1.1602398141607361378769900e-15 -4.0757081994466294533092083e-17 1.6606545608922914590777473e-14 1.7856776918496117535251028e-14 
1.2791583527802429586870833e-14 1.8410777450228433829830842e-15 -7.3505707600203895601964632e-01 -1.9929732421687262888809755e-01 -2.0148092810875625220761799e-15 -4.3640218634264831350150004e-16 -6.3789579648874186952628086e-15 -3.8879245759489241759258059e-15 -1.4376191601409408354905750e-02 -3.8978168323803379612113584e-03 
4.8390974872146099853609576e-15 1.0184317613081062547135761e-15 7.2083411449654412775101254e-15 -4.3925976020271191669640648e-16 6.4436090411994629790324723e-15 -5.0533531644194829645748365e-16 -1.3193600482777640553466725e-03 1.3052102554318848956493859e-02 -7.0531411441663166561610865e-03 2.1280817943047362905684139e-02 
1.6154071192179283076956527e-15 1.7080984692776437834363258e-15 2.0002307009822186367911609e-15 0.0000000000000000000000000e+00 
15 (band)
8.4655000576471917117515886e-01 (Ry)
0.0000000000000000000000000e+00 (Occupations)
-7.2467041945412413728178080e-01 6.8009780152303855871309679e-01 2.8007802158711403439639298e-02 -2.6285125466533082461140225e-02 -1.5887592122914096643478557e-14 -1.2198107959928236629962079e-14 4.2641300143265073452347735e-02 2.6715822287019019842801981e-02 5.2193502007273386011920735e-02 6.6438273156543242725646792e-02 
-3.8995629725550080413917413e-14 -2.4842664602125293457261496e-14 6.4947446746646542159453475e-03 6.6743486195112167180809593e-03 1.0949711994104244228154244e-02 1.1809666155993076008812181e-02 7.8150709901362108711353471e-02 -7.3343873285844546350276119e-02 3.8031841968107312432780507e-16 -5.9957783878596137508489582e-16 
9.8047811794765534443023389e-16 -1.6528065052225321082348747e-15 3.5459925626325911052205697e-03 3.3543938163886621861564663e-04 -1.9317386739404161788424830e-03 3.9218630830504530582203415e-03 -8.3927213409620260442522977e-01 5.3226170386181914651047009e-01 3.2437048345017052697336624e-02 -2.0571404843028332637411282e-02 
-1.2886804074268406782534908e-14 -1.6600608051778751305652507e-14 3.6879959585471966398984023e-02 3.4232794501086252769717078e-02 3.8819720631140114397439334e-02 7.5041555700353618219011764e-02 -3.5170181850996653530252595e-14 -3.0131458846049208813014916e-14 5.1290566724924678554398128e-03 7.7731213507948541258096853e-03 
8.5428517220932781439657333e-03 1.3652255928019996211730813e-02 9.0509717363526726030542591e-02 -5.7400768892329132042640083e-02 1.9641368812450626893055848e-17 -2.4050939395996681574732183e-16 1.1364143974345058663809145e-15 -1.3122217437627185415208848e-15 3.4203282131733542259510727e-03 9.9395057581050383355147915e-04 
-2.6324061312110904990724247e-03 3.4904243734722719891272469e-03 8.3922034985865789913361823e-01 -5.3222875186530782531946215e-01 -3.2384321173898472645547031e-02 2.0537941544186935627358537e-02 -3.5229163202221392209436363e-14 -2.9539777661081873999085868e-14 -1.5790575977092838333426528e-02 -4.7666398563089518169988423e-02 
-5.1075141197294102179959907e-02 -6.7370994372608794531487320e-02 -3.3390912786643988461233425e-14 -3.2236571887523955332648413e-14 -4.1938605649640969819103020e-03 -8.3171099726670714991083599e-03 -9.0323777816894712522355348e-03 -1.3256866499358949118558826e-02 -9.0577214993808871645875058e-02 5.7443540972419104839730153e-02 
-2.9012056971938636404310612e-16 7.0336666443820150216671439e-17 -1.3657190842881411887315732e-16 -1.0915343737706425281234810e-15 -4.6199978233904884228344656e-04 3.4737400399144774398862978e-03 4.1294098089287734759667003e-03 -7.8772705011540683495141479e-04 9.2408517339617335384360786e-01 -3.6554730506233817921568630e-01 
-3.5659132297786597098898653e-02 1.4105941462201069397375264e-02 -2.8838514676163632987989973e-14 -3.5938445146901707910208480e-14 -6.5790890405962977952047943e-03 -4.9780954481196161565126346e-02 -3.7546394538242308658304580e-02 -7.5748195940590776209511148e-02 -2.6504166263852321764713299e-14 -3.6294200492170303350048208e-14 
-2.5611047642346363231724560e-03 -8.9556421948694658191625351e-03 -6.3883004670534284524796576e-03 -1.4714549769378259397312192e-02 -9.9736689716068263611425948e-02 3.9453580318749029154368202e-02 -4.5493621196365765584330343e-16 -5.1144785947255591259595396e-16 5.4788232583269999216233649e-16 4.0221020567454672090482370e-17 
-1.1047304711792255756813708e-03 3.3256404270218392627000981e-03 4.2038719385249839408102979e-03 0.0000000000000000000000000e+00 
16 (band)
9.1051270828198394013952566e-01 (Ry)
0.0000000000000000000000000e+00 (Occupations)
-1.1075759880814368526532895e-13 8.1122789569017597032589356e-14 1.2281551368045886525687655e-16 -8.5676074627388478154157185e-15 1.9302301232943899766958396e-01 1.3379407151466710113041358e-01 5.6183931639329516278558254e-15 2.0333970579337042923835902e-15 8.0538946594478545130312106e-15 9.4846205166967764903443763e-15 
2.6932739268599942272786052e-01 1.8668441227800136594794367e-01 -8.3563041978712948932422276e-16 1.8068525054027530410186458e-16 -1.9798093832037071487946764e-16 2.0514292227759064968477969e-15 1.1770646062463060794460658e-14 -8.7187352337605301301404468e-15 -4.8505407274921259752620273e-03 3.3711053832261271556713922e-03 
-4.4707298670948088237242501e-03 8.5467212734002505347685741e-03 4.4855271293943858251328040e-16 -2.7077222198313464122910266e-16 -8.1260847735100930300749421e-16 1.2519214106039919246967126e-15 -1.1175558692739629775085308e-13 8.1267670895092114586292217e-14 8.4288293624073931091894897e-15 6.6241158106499275218980041e-15 
1.6453353510742085852314176e-01 1.6759311646442584531335740e-01 4.8380308224613652381555610e-15 6.5995578261724964806467709e-15 3.2539727237341068215291876e-15 1.3937385907706826120585188e-14 2.2957569352654463856744371e-01 2.3384463898157617500750405e-01 7.2170880634329548778927695e-16 1.7343448003968120428582737e-15 
2.7140494371156248585648417e-15 1.9370238256076889101750141e-15 1.1535231781540456774424492e-14 -8.6704475550097739422925889e-15 -5.3963064740268889413199460e-03 2.4024931409382232344595920e-03 -5.9930368173639371465188930e-03 7.5576041028520175857341457e-03 -2.3715287256824139224998303e-16 -1.3791544437607937129749755e-15 
6.9968236130340394146614538e-16 1.2974893493052056555329410e-16 1.2069735490095648984721778e-13 -7.0083848560825417657181901e-14 -3.8973094824439529231275483e-15 -2.9247940283241265451335352e-16 1.6450413420709109058037711e-01 1.6756297885173840334083195e-01 -1.4952333532527498402866029e-15 -3.8397101307049957259108865e-15 
-4.3269097304649325152259835e-15 -1.2120398748204699818542941e-14 2.2954030375628248217267924e-01 2.3380857935375576328596026e-01 -1.2560160667906160063397079e-15 -2.4011058471947582003783265e-15 -2.5577675050065808773842195e-15 -6.2318621339181520798916456e-16 -1.5269726844402679556404449e-14 9.4561379580960789142950548e-15 
-2.4996253814364428717798017e-03 5.3569134450820732329390239e-03 -7.6722794144074091607365951e-03 5.8538394096485351497660687e-03 -3.9898071301441136119053073e-16 1.7640150138307163733935968e-15 7.1451365900501327041068441e-16 1.8368288563648403191383956e-15 1.3013407749429672291335725e-13 -4.7693140867517714269459168e-14 
-7.5289061499139039223271000e-15 3.6218573761331802775454880e-15 1.3019214247433008591059433e-01 1.9541997874024041870200108e-01 -5.5964291955453571466632895e-15 -9.8958171027144511155728884e-15 -6.2315785118792241062750953e-15 -7.5545197473786392555336208e-15 1.8166315495260060286497605e-01 2.7267875047501383134473940e-01 
-8.6249674553061151785412653e-16 -1.3833352554444919385362296e-15 -2.3161304404698502377415910e-15 -2.3184081463975847101106552e-15 -1.6274797972657860611765212e-14 1.3250238942871672128250552e-15 -3.4591356271548938904059067e-03 4.7936446904802264973310955e-03 -8.6332823766727805753218306e-03 4.3125100175335755875449806e-03 
1.0328499672031212860620601e-15 -1.1644486116730170681765152e-15 0.0000000000000000000000000e+00 0.0000000000000000000000000e+00 
17 (band)
1.0694019560430814141938072e+00 (Ry)
0.0000000000000000000000000e+00 (Occupations)
-3.2628631920050893411300308e-01 -7.2698842971804039647665263e-02 -3.8892751961228999579844867e-01 -8.6655733526400324784333407e-02 1.8829649524093630657156971e-15 7.7032581566206847544109267e-16 -2.1599241859332413140393214e-01 -1.2348640289905930822467184e-01 1.6179946877333686861000217e-01 -9.4292689729715301050205767e-02 
-2.6627441156947754405954710e-15 1.3037553742421836831368171e-15 -1.3702673397264283905450100e-01 -3.9062912444446415416443585e-02 8.3405811563176793232976536e-02 3.8263482093188888599755160e-03 1.8956402632251209694480565e-01 4.2236193476072395047715702e-02 1.6649992958274846848341813e-15 2.0959375171568533434093001e-17 
4.6169199847929690682215846e-16 -4.3310893590244479178735137e-16 -1.5267130973727798329275807e-02 1.8971682926730494556100126e-02 1.5535968371616609706720169e-02 1.6341637237791965808764161e-02 3.0688448667547929549215269e-01 1.3255110601127770286744578e-01 3.6580087871110528174867227e-01 1.5799857214215382028577039e-01 
6.1444034997645153299296321e-16 -2.2057778487180369963556179e-16 1.8902755453264583063166526e-01 1.6177206253909820476977188e-01 -1.7660224350693204398154990e-01 6.2304309803719398752619441e-02 -6.0730880725321691513175761e-15 -1.9242733985154286472477484e-15 1.2727995390613058845907801e-01 6.4047250413290998660720277e-02 
-8.1211479178027304315357071e-02 -1.9387263676125809919170706e-02 -1.7829205279821275231810773e-01 -7.7008830817968582094223962e-02 -2.0647318383262446199982972e-15 -8.6096697571701847293227193e-16 2.0214931846833202759735698e-16 2.3760023111032617462431043e-16 1.8551646997114680515128526e-02 -1.5774867192336252536000174e-02 
-1.2198666191418005080859821e-02 -1.8963332091320929395639183e-02 -3.0394279402693064051632632e-01 -1.3128076060088597620811868e-01 -3.6397021001281787411230084e-01 -1.5720815380553154749776468e-01 -4.3541499049398209358072781e-15 -4.0557369186927733402395464e-16 2.4804041627792172697297701e-01 2.6976372310569644852318305e-02 
-7.6074578539042633784639236e-02 -1.7149783541904473072037263e-01 -4.1310377287521748750062446e-15 4.1377820174209815675077882e-16 1.3379139475497658917646504e-01 4.8748361018426167312611597e-02 -6.9761917228905484522627489e-02 -4.5766222613351351111710130e-02 1.7821444496705463045316264e-01 7.6975408238760978374415345e-02 
-1.3650469515777956885174042e-15 -5.6424927177258286029951217e-16 -1.9503075134979883127573408e-15 -1.5141824703818197546137380e-15 -1.1337587596814704092584858e-03 -2.4313722899491390511128586e-02 2.2025996875741277181148803e-02 -4.2016836176556318291352987e-03 2.7395957002576304395446982e-01 1.8590861770265990071671069e-01 
3.2806542642114489005678024e-01 2.2262478160981963304365649e-01 -6.5592099775978376316957066e-15 -1.5856290262551343693143761e-15 -2.3859207047029329373799555e-01 -7.2976685859628159791512303e-02 4.2591598757474119496535536e-02 1.8271509179208744733102776e-01 1.3503255056956481289160823e-15 1.4197423283674533882736775e-15 
-1.2228704935487322291720602e-01 -7.2954900949464746018335859e-02 5.9950506924523326579556937e-02 5.8027656744354283446796217e-02 -1.6063402400232851263695011e-01 -1.0900601910563463559089570e-01 1.0328886072528940161854605e-15 -8.7795129907742289197694278e-16 1.8193828178595319154872278e-15 2.4394964225200684767039878e-16 
-3.4422605838899727678792395e-03 2.4095505228798125979539080e-02 -2.2423172915383319386828376e-02 0.0000000000000000000000000e+00 
18 (band)
1.1879186785846878038341856e+00 (Ry)
0.0000000000000000000000000e+00 (Occupations)
1.8348806672215089985655823e-01 -2.2472601663245350689379620e-01 2.3198213922570976031067858e-01 -2.8411910598069600730752882e-01 2.6259732755306144224436217e-15 4.8979798734099853579122993e-16 -1.0677906218135005400604598e-01 1.3586715567630408552091126e-01 6.7491978510743649843917069e-02 -7.3856464135237068213690748e-02 
-3.0258336394206844531501235e-15 3.3116274148196283401243543e-15 -1.5258037875869034927234225e-01 1.9574877826086511944936319e-01 9.8254946345076532576712225e-02 -1.0498371833509756445579342e-01 -9.8222499734663681891788656e-02 1.2029759513558696548685134e-01 2.0938999175469658003745352e-16 7.7205259959407625592625455e-16 
-3.8201291159131835840530539e-16 -4.7548359711107503771925780e-16 2.7726494875731193257006879e-02 4.2500422668393621206117672e-03 -4.8722453805984753533175891e-03 2.7963238851889025970987035e-02 -2.2234744501669559402223797e-01 1.8636326589608917525531240e-01 -2.8111170933133539096004938e-01 2.3561745729003608085250221e-01 
2.1495325477082284922508358e-15 -1.9789595283820811911824596e-15 1.3034667766301791247407493e-01 -1.1345217377428995497723463e-01 -8.0135831356737963204750486e-02 5.9901527448120259200514681e-02 4.6289283579882015212119457e-15 -2.5877717673960805117097146e-16 1.8655742416199658229025715e-01 -1.6369081728308831902296561e-01 
-1.1618656826593347364262598e-01 8.4713027046156158528233959e-02 1.1902423074018413096109015e-01 -9.9761732875074893289735201e-02 3.2256349870288199938244706e-16 -1.6205510726421818035632488e-15 4.0860054443362545427950460e-16 6.2694505602435616335624669e-16 -2.6439003916996734605548980e-02 -9.3701893919454631864951466e-03 
1.0025732975428969240283550e-02 -2.6554965269084400414367764e-02 -2.2407336159554902543789012e-01 1.8780971820547742723306328e-01 -2.8170224410165373152281632e-01 2.3611184588225264668892578e-01 3.3933812902478791230616828e-16 -9.8392964389022284710003697e-16 -1.3316720256314418247001186e-01 1.0732347199695441153366460e-01 
7.2117611300208703251080067e-02 -6.7870117549325814643168542e-02 -5.2904772437129075985413292e-15 -6.4539878288828938514658930e-16 -1.9423490251965722097615696e-01 1.5530090691139902814299489e-01 1.0378239067195953182487500e-01 -9.9957477299664726499983658e-02 1.1919963536877704879390905e-01 -9.9908473389021326682701840e-02 
4.2169359694048107400831271e-16 -4.0593059813973785642303083e-16 4.6651939082375294739787785e-17 -1.8517602368876209812228582e-15 4.5058651702649509668274774e-03 2.7614035806475673018312023e-02 2.7913674354965604951228642e-02 -5.3248181640701344741195555e-03 2.5529643820984337931889741e-01 -1.4249593070157159924171708e-01 
3.2095547095002102677696598e-01 -1.7914391914067881450556285e-01 -4.0221002858958868153340226e-15 1.1806243879808304847871516e-15 1.5091885856016865052886544e-01 -8.0469432773413104853510447e-02 -8.3557801979675896952848291e-02 5.3154458365520629303802025e-02 5.7152805091852596843348436e-15 4.5048540358427892489220549e-17 
2.1989495648280649175987378e-01 -1.1615410951724847166133259e-01 -1.2067428270481023178106739e-01 7.8740074773776189132057368e-02 -1.3580926319471725571830234e-01 7.5803035278820499187624193e-02 -2.2703853075974454791250259e-15 -7.3352772147136563667255773e-16 -1.0957646516653999843246730e-15 -8.2983029084873763076020905e-17 
7.4830041965232420384662726e-04 -2.7969230252833592043071320e-02 -2.8417017867387324436823093e-02 0.0000000000000000000000000e+00 