148 (index of k points)
0.0635871366970247736682964 0.109978062366423282036898 0
18 (number of bands)
52 (number of orbitals)
1 (band)
-1.4261141272375004174222113e+00 (Ry)
0.0000000000000000000000000e+00 (Occupations)
-1.7460161643541186049510827e-01 2.9904561564549764218767791e-01 1.1853970868908755842419112e-02 -2.0302636167764898100784876e-02 -3.1210110087301020883932109e-16 3.9491297053571267910207206e-16 3.4299596735400741942534353e-02 1.5177284981848712663854428e-02 5.4450855388364111098198350e-02 3.4595427539534234773199728e-02 
3.0744840312048420319029136e-16 -6.0611802291975016332786052e-16 1.2185169245912216839933251e-02 1.3263546065779119320637847e-02 2.7253961650638161562376638e-02 1.2357323137831818793408445e-02 -5.4332171565888015551948342e-03 9.3056407557774722949517354e-03 6.4456637890911127334036391e-17 -3.1009474956533409986902837e-16 
4.2346492240728466834957326e-17 -4.1722874629833376045821417e-16 -4.0870844210984542260733932e-03 -4.1729360492911496405277205e-03 -4.1520972182246818071860162e-03 6.7921253622302280028577570e-04 -3.4570450422998211248426514e-01 2.0059921579152595327855124e-02 2.3470384210232224375669574e-02 -1.3618831614384818706753322e-03 
-3.0425256824062909641395379e-15 -2.0507776741631966559420495e-15 6.3396239417667643589737736e-03 3.6967843917497307526520700e-02 1.3173767982041506563462008e-03 6.4498091270514479322883972e-02 1.5583366137472938263225340e-15 1.3128195325265556091073380e-15 -4.3043195568116046634266070e-03 1.7489220592794018499516184e-02 
4.7894351439592280916812683e-03 2.9538841747587640806926856e-02 -1.0757562303504778628004956e-02 6.2422098048891226651502251e-04 -3.8791915404680670181735400e-16 -1.0991403340441499490476455e-15 -1.5136007603319394984426202e-17 -6.2165008383395919461261654e-16 1.2139690913358786028553027e-03 -5.7134869722378842094023810e-03 
-2.8634660608811016505037550e-03 -3.0824994885854176129846849e-03 -3.4677530880699908300002221e-01 2.0121989890727345895449218e-02 2.2741393886940644564198521e-02 -1.3196068068525579342065157e-03 2.6449540830981797844202819e-16 3.9607101058535432618728708e-16 -3.1845348125660935534320117e-03 3.7812178510557507837841484e-02 
6.8629953195103732266346697e-03 6.4680788238907910292496695e-02 -4.4797946390729771284739146e-16 -4.8677063368146238767110502e-16 7.0924583997663791234966624e-03 1.6658102589538162363602680e-02 -1.8225859454254235425540998e-03 2.9628819828250795020974095e-02 -1.0767747281439830897564747e-02 6.2480912487670233618208826e-04 
1.2583028611474423954824224e-16 -1.3348440654163132276816725e-16 -3.6381187162647799739241516e-16 -5.6081933752003731903729963e-17 1.7393216721592512710725664e-03 5.5827103519810539547507666e-03 -2.2610979357124659505640096e-03 3.4032259801448812297497426e-03 -2.0866255819273440974548350e-01 -2.7770118127911941341423585e-01 
1.3684023735640107877209459e-02 1.8211530755210945942135226e-02 -8.9423801519550031609367059e-16 5.1768874208132138953209888e-15 -3.3256861290713403411789528e-02 1.8272473362333046392746994e-02 -5.0076078773663434962060137e-02 4.1510136191241338299295904e-02 -1.7049076637472152770612269e-15 -3.0353875189939988773163810e-17 
-9.9499809334741371596999571e-03 1.5125912450477157350503532e-02 -2.5687077030624019813309644e-02 1.4878267962576028141108431e-02 -6.4791971422853249229500960e-03 -8.6229213350759517653365549e-03 -6.6870999734552256949270516e-16 -2.0866242056534908013258307e-15 -1.5304616051196407463143714e-15 -8.7542965472291336733491385e-16 
-3.6874321176607722204410234e-03 4.5381426961935899741518163e-03 -4.0858916954342756194806796e-03 0.0000000000000000000000000e+00 
2 (band)
-1.0582772974619096828519105e+00 (Ry)
0.0000000000000000000000000e+00 (Occupations)
1.4423027848244781429221106e-02 -3.7672531227938144127165288e-01 -7.0600485456936978856390397e-04 1.8440630032561057538575966e-02 3.4870034065784477990225663e-17 -2.8112455206933385211602247e-16 -6.6059101239827416884864419e-02 1.0890680272769670544619203e-01 -1.0442071244702474941412618e-01 -6.8428484101056966104614787e-02 
3.9116911318190612414374861e-17 3.4097443060456331364292444e-16 -1.7265656218545383931983750e-02 3.0411037020218939508353628e-02 -2.7120394375091519401088647e-02 -1.9003750613229765387135473e-02 4.0742631168267859353981919e-04 -1.0641908405239298984756857e-02 1.0258081142253909934171745e-15 -6.7425712944141031360905109e-16 
3.4870724686605787016564066e-16 1.0417257338183150067115749e-15 -5.8282663780934926278654018e-03 -4.4911556534804886187117745e-03 -3.7326778635969753983303576e-03 7.2707361534202069597299101e-03 -3.2176409621699264551608621e-01 1.9646335798298136809947323e-01 1.5750289565508474032284880e-02 -9.6168423848767350947674970e-03 
-3.6583930752961440147509713e-16 2.5988260543122272691152291e-15 1.2726733762592290499782166e-01 -5.2460757322702680771620010e-03 7.9000196907591524464464783e-04 1.2484197419618867086477110e-01 -2.7312615055973676391953179e-16 -1.2560858307482239448471397e-15 3.4884666929412062874593659e-02 -2.4482790949285314352490417e-03 
-8.2043047633689747399898806e-04 3.3105667524819727687290793e-02 -9.0893378296919916103924209e-03 5.5497881511517299646385482e-03 4.0845642522683615227492203e-16 1.0500898165610659038448647e-15 -8.7519129594313793117107630e-16 -3.1054456638609662984078416e-16 -5.1546557802117920488171876e-04 7.3398544478529351153817117e-03 
8.1215829634536332998218100e-03 -9.1453726756063682956643390e-04 3.2155110955874355305184054e-01 -1.9633108541981425521072424e-01 -1.6003681706540935636429168e-02 9.7714495592020611525185814e-03 -3.2665717992435300376244371e-16 8.0735669075791258306820722e-16 6.2633898684014838176281614e-02 -1.1058257432326729086113914e-01 
-1.1046353973990820362960363e-01 -5.7668471516533717502461798e-02 7.5380989485401343544914958e-16 -2.0276995356142551019749571e-17 1.8157931061419906038079120e-02 -2.9985418839793220868727985e-02 -2.9896175556700245456998033e-02 -1.4432094117474663155786807e-02 9.0724678514579968485742612e-03 -5.5394202610290124016989566e-03 
4.6323378426208269113335483e-16 -3.4513155973345066904430202e-17 -3.6814549456290558227338058e-17 3.7493237425193161161501735e-16 6.7442380058171692847057699e-03 2.8878771362429228250490176e-03 -4.5086535264047232496320561e-03 6.7860690924514931177125021e-03 -3.4147199795314564507719979e-01 -1.5917878556668388356776234e-01 
1.6995150104338621610544635e-02 7.9223688113455315029654003e-03 2.3028973488439027413113768e-15 1.0191435986656368217214944e-15 -1.2676764523327302414124063e-01 9.0263575341456257772332350e-03 1.3096294558365532273436216e-02 1.2392067336714421288412780e-01 -4.0585115595161816164518601e-16 1.5006371390340920707129584e-15 
-3.5023937864231871608389213e-02 1.4695509215037474634590886e-03 4.5234931726418799169398000e-03 3.2887758559221609566680655e-02 -9.6345278368525025941560003e-03 -4.4911828180278596731045404e-03 1.9596221515887308452212480e-15 1.8453479315552336314343793e-15 1.9730689682727075191376885e-15 -8.5135684142923261947770354e-16 
-1.3268301118806447025377793e-03 -7.2155458897705422594004432e-03 8.1473118480098437321768046e-03 0.0000000000000000000000000e+00 
3 (band)
-1.0348978043491392497799097e+00 (Ry)
0.0000000000000000000000000e+00 (Occupations)
-1.1398726001962745935092158e-01 3.5081669889399147432840209e-01 5.4371514309594706770845107e-03 -1.6733832428545036830058734e-02 5.5646675213538379677122944e-16 -1.6149916193195005226996452e-16 -9.2573579121384752532719631e-02 1.2339318128336879132334047e-01 -5.6020978593264048051025839e-02 -1.0693762583279595168583853e-01 
-8.6041689458032555825105145e-16 2.1633711850688384888679305e-16 -2.4365616920228705399864566e-02 2.8338700112672310371664253e-02 -1.7551877723084627347382991e-02 -2.6665389693492191902635113e-02 -3.3137570037136687695067394e-03 1.0198688354354952523284084e-02 8.6000694573152344146935022e-16 -4.4955705371911795938964921e-16 
2.8336527740135814027441059e-16 4.9144293439271882032301819e-16 -6.3362725986713273537698221e-03 -5.2776865438135464603242042e-03 -5.8356320335555961209550446e-03 3.6951611347478471869543171e-03 3.5528226651111727285581310e-01 -9.9196586495670119321133029e-02 -1.6946838121601463800214304e-02 4.7316425382733402760226937e-03 
-1.1454633983626999223250486e-15 -2.7597107881225113280605903e-15 1.5400623801956142555624751e-01 8.8217566071312619735422800e-03 -5.8069083842963165054129604e-02 1.0583944143342874366631179e-01 2.5767750719509773967187836e-15 1.3650591490966362240463388e-15 3.7087631754168411124528149e-02 4.6122427133169427437842103e-03 
-1.2497108659324778628940678e-02 2.9375733084793614197094413e-02 1.0328509279541859752771238e-02 -2.8837693547378064062858272e-03 -1.4446674138286794450932224e-16 -4.1044474596890554170056820e-17 -4.8452371780481324418136193e-16 -1.3320902419870198983313729e-16 -8.8945751353705464203880382e-04 8.1982431673537983773947246e-03 
6.3071676491176760850909666e-03 2.8157509280340993311486653e-03 3.5458963911383367673124667e-01 -9.9001149023814336014304160e-02 -1.6904856038714097254960222e-02 4.7198211105124385222886474e-03 -4.7962702383662265564984753e-16 -4.4926286901261308067898169e-16 -1.2504268034955740018787651e-01 8.7861584142810589259653398e-02 
1.0394695399875877872553076e-01 6.2556529683128608843034613e-02 9.0846551978277804478583072e-16 -1.8597482628021456717222654e-16 -3.0756361913506162497622398e-02 2.2943736305013104348482500e-02 2.6364086715755574719111110e-02 1.7469374431232642663758270e-02 1.0336305412036997028457641e-02 -2.8858905085218829189575018e-03 
3.7633616219837826206992519e-16 1.9525954731545871088585108e-16 3.8123011930155006082850469e-16 8.8224575383453326344762250e-17 -4.9721697819284579877852082e-03 -6.6939153981948919247546570e-03 3.7954073092745666678782257e-03 -5.7125472347555085461667801e-03 -2.7868706963515599284164637e-01 -2.4055884289105267104247332e-01 
1.3286243729427743565096875e-02 1.1468504547981983598958777e-02 1.7300044268596491612682353e-15 7.4451628912255553141300348e-16 1.4237934228063112152007363e-01 5.5528846276695867367756421e-02 -5.4187036062360886476407806e-03 -1.2119788076878053317830819e-01 -6.1488219688152786675977660e-16 -2.1524047342071801612630679e-15 
3.6130636079370843927183188e-02 1.2920757341906917436968882e-02 -3.9049769440605616027673008e-05 -3.1626611998290005134393255e-02 -8.1237435690206215299635772e-03 -7.0123009078971749313824446e-03 -1.0324201295237215773381500e-15 -1.8041169088762699892676157e-15 -1.9597374211897839209567392e-15 6.2063885024332113708096285e-17 
-2.8239475791758971746914231e-03 7.8457820367735728317448718e-03 -6.8584482612755286179417880e-03 0.0000000000000000000000000e+00 
4 (band)
-8.9615680998800273382443038e-01 (Ry)
0.0000000000000000000000000e+00 (Occupations)
-3.5002684427307029224607504e-02 -4.1453074820974072922652454e-02 1.0417486165607836579027889e-03 1.2337269630952885091090820e-03 -1.0146631560623929300164605e-15 6.3826244271863378181693157e-16 2.2819011788151435937699318e-01 5.9102597108038903983562307e-02 1.0824898331987463373504710e-01 -2.3698144535259185738951260e-01 
2.9866455012923323940817997e-16 -3.2241357010406203914606640e-16 3.7603465678519965020853988e-02 8.3451728739409522517256335e-03 1.9424514305052060364475963e-02 -3.9585348337924819439592738e-02 -5.6963900440776607525528163e-04 -6.7461331107728644829180098e-04 2.2166104442551263336729467e-16 2.8811738285894444585069941e-17 
-9.3482747249362808288822132e-16 5.1392935178026862183601747e-16 -3.7995818677116072192845309e-04 7.1460669186389838558604026e-03 -7.9996441504356016749532898e-03 -5.1008648760094230795170134e-03 -1.5156956743118607522369246e-02 5.2094260638957390341374776e-02 4.5110251179990290548715848e-04 -1.5504286257053689901397320e-03 
1.0743192682996152539032464e-15 2.4939486222590456696650406e-15 -7.7050674365990085012967370e-02 -2.2277127387399395241907030e-01 -2.5729095206772623072311035e-01 4.0980651718530422544795044e-02 -4.7714995895212073850963427e-16 -1.7665783833951444292778410e-15 -1.3858568388191133680109601e-02 -3.5938873432003526353639700e-02 
-4.3720839515576315204015145e-02 5.7271066932079173206204814e-03 -2.4666634481942950607447074e-04 8.4778973168858769941108600e-04 1.9080251991724159249814196e-16 1.8054895074685711585683552e-15 2.8082264360503942578759468e-16 1.1464427750410724781751032e-16 6.1623765733332946936684493e-03 -3.6380977993668581552122454e-03 
1.7831676951836870903544963e-04 9.4858490472189277431525056e-03 -1.5219336538769986932884137e-02 5.2308510226290447220343083e-02 4.5341984891258957368620486e-04 -1.5583978784777657855542543e-03 6.2444680235237484211547517e-16 -1.4647822351628296686372288e-15 -1.8381031335376929458647055e-01 1.4591330662020901565156805e-01 
-1.9447900977150167634022182e-01 -1.7186961200871331278960952e-01 1.0311736035316450442864729e-16 9.6832724788103865273535214e-17 -3.1418262719718315079120430e-02 2.3413325123784547304728321e-02 -3.4187294681090815706703268e-02 -2.8769304415738605751329260e-02 -2.4476723659249115944147590e-04 8.4125806327428175740434924e-04 
-1.1374843574335285100571749e-15 2.9348122455006624520228115e-16 1.3925359013693444902466045e-15 2.4681722874838561221339781e-17 -3.2932084400844937460695050e-03 -6.4256824689327357927326467e-03 -5.2878041495407097916103822e-03 7.9587850554431634197971590e-03 5.1991121461435502171255507e-02 -1.6270578845188322925086055e-02 
-1.5489414070555818092600475e-03 4.8474119335135609776266108e-04 1.7601668145941866247456596e-16 -4.1669454752135127203999465e-15 2.2325336646709892374218498e-01 7.2352323426183876020623131e-02 -3.5530809936595755815780251e-02 2.5709688897180382749496630e-01 -4.5725188389143727869983830e-16 -4.7413887159748933902526674e-16 
3.6888056893553552995079770e-02 1.3212202098644361056289931e-02 -5.0436047559414484697803971e-03 4.4396013844079748600357505e-02 8.3615383005438629736988387e-04 -2.6167327264097693358471663e-04 3.2348087870220067158739884e-16 3.2738418063147471739846134e-15 2.0583908696034192574705784e-15 9.7765935454698352262373306e-16 
-3.5296536931737330401726016e-03 6.2989016366062763538358205e-03 9.5552672533357838752232638e-03 0.0000000000000000000000000e+00 
5 (band)
-6.6541471834094301218698320e-01 (Ry)
0.0000000000000000000000000e+00 (Occupations)
1.9222492190333353989650789e-01 -2.2457762576366510631764584e-01 -6.6841064570029029567876933e-03 7.8090874958064160349380245e-03 1.2515960602472175536809164e-15 -4.1414932554728577993027390e-15 3.1280570067653779009475556e-02 1.9812236734665200632576898e-01 2.4944699490971267152872315e-01 1.1444162254640896647650550e-01 
-2.0637237477886537222383378e-15 7.6463860623486589170371019e-16 1.4492244298238338151563198e-02 2.9630179943063217340437632e-02 4.4703398652662734713558734e-02 2.8303847231699083564215869e-02 4.0192058050533691071493081e-03 -4.6956715818622764627154886e-03 -7.1902932808059047721319280e-16 2.7612136352004447161021076e-16 
5.8349949298649348640868613e-16 -2.9112666103569214883982258e-16 1.8951406585624025469272169e-02 2.2575190776281034432670936e-02 1.8169667172961999346281203e-02 4.5150675179567861805551843e-03 2.9343112202559551437985874e-01 3.5828860171489229635710672e-02 -1.0203282873487984350191482e-02 -1.2458512147174582995745595e-03 
2.3256409418074123577546251e-15 -3.9965438952793594534054486e-15 -1.4770992487847550700408306e-01 1.3569349505111641396304378e-01 4.2721000753633088520277994e-02 2.7110072728625989046946643e-01 1.4907577082577001189978912e-15 1.0675470657891100845180760e-15 -1.6659720713622858112579195e-02 2.8467989286260150100238420e-02 
1.1636074889526878961554246e-03 5.2897520138716236370868273e-02 6.1353191271924234495571682e-03 7.4913691378670349552137964e-04 6.6391091975633369174194073e-16 -1.5665188174927504454699949e-16 6.2978009832380989097865135e-17 6.8550939422171740480887230e-17 -8.3158076571046655317553942e-03 2.8277948885464782025067620e-02 
6.2942446288717056324113486e-03 1.7632501933070206245890432e-02 -2.9341939480965528730393999e-01 -3.5827328500582081294290049e-02 1.0230758398847343559889822e-02 1.2492055858901035536590030e-03 2.1369726391800134150097158e-15 -2.7613689488390735723983232e-15 -1.1049468827397321279981668e-01 -1.6724758099860895232957603e-01 
1.0657490685475064229326136e-01 -2.5291715366758915628508930e-01 4.5109048740877998088577248e-16 -5.2397696075162799343099305e-16 -9.3177362510194206013380835e-03 -3.1661628795977558858965040e-02 1.3862072030571936931409027e-02 -5.1100399053446439456838135e-02 -6.1318455034383521212726365e-03 -7.4872046480716977767677633e-04 
6.6007543900341693335180572e-16 7.1100352612506787420005968e-16 -1.6906066577296827527553829e-16 7.0575629136566666242187004e-16 1.2733461818174203472597839e-03 2.9434367599628093181696187e-02 -1.0358525464274015437382559e-02 1.5590834178044916946692666e-02 -1.3253447059172376865099352e-01 -2.6422178718442534961496904e-01 
4.6211253746804986652918501e-03 9.2127157930039921263087876e-03 5.1155215237537666801011056e-15 -2.5100280417312225484654376e-15 7.8157235925858770109186935e-02 -1.8458677081275412512617606e-01 2.6963772223945314809867568e-01 -5.1193711878851286267710918e-02 1.6040651372516412833026157e-15 1.4059532779927042789483136e-15 
2.1215286637767855754121982e-02 -2.5282218251867723257664267e-02 5.0233761295446405226172715e-02 -1.6732514769565411810736677e-02 -2.7696863049214552089660746e-03 -5.5216799422677957306926366e-03 -7.8151481145360329756569773e-16 -3.5751718858236501921354580e-15 -2.7622965555817906056788544e-15 1.5868072158800803934688623e-15 
-2.3811850962614337923195507e-02 1.7349327370913866785961943e-02 -1.8718257401832062714053251e-02 0.0000000000000000000000000e+00 
6 (band)
-5.7162807566511186774249609e-01 (Ry)
0.0000000000000000000000000e+00 (Occupations)
-8.0465102554148876246031818e-02 -7.3596426944285628368724872e-02 -5.4376627863199768035673554e-04 -4.9734424729808157650268186e-04 3.0250692004639813738044182e-15 6.4457788447011721937367761e-15 -1.7710998417020532014198864e-01 -2.8729799035320896516410016e-01 2.4641636241751033176150543e-01 8.6542234867701961498198671e-03 
2.4317837922946342158598059e-15 -9.4641671927001326595398724e-16 -3.5226367590583729239028798e-02 -4.1587679381002634615427382e-02 3.1134299353542158050878186e-02 1.2273213250112435801497668e-02 3.4053783561221462328205689e-03 3.1146748257769012874218717e-03 9.9687871399354638237101749e-16 -1.2642142387806301996145362e-16 
-8.6837055426344791547694045e-16 1.0644283123064716439578446e-15 -2.7440138783306269876227645e-03 2.4646951240757261625269336e-02 -2.6512007860547526227890103e-02 -8.6149016900545632990926492e-03 1.6771319469188285256056048e-02 -1.0774873378037147508834437e-01 1.1333292408933007267002324e-04 -7.2814058697101557982023223e-04 
-8.1269315496468705780752362e-16 7.7580340033256392121219498e-15 1.4128543002191157329505700e-01 -3.0650694774716469304109978e-01 1.2915644601381648381988043e-01 2.1003459644620103841106129e-01 -5.5448586018262743219001694e-16 -5.6314109490204942509576939e-16 1.5145287367963389257852214e-02 -5.2355060122839018610374495e-02 
7.0068381493044451513441118e-03 3.2724311740173109286367037e-02 -7.0977121559194847333351674e-04 4.5600466927661273408567411e-03 3.1685618955423203877907026e-16 9.8564192972771718980623486e-16 -9.3568081720148941443182996e-16 -4.5700001928595439399025631e-16 -2.2047483297328397677805611e-02 1.1353867089355963726493570e-02 
-7.4959865018689297161413876e-03 -2.6849828273022610658493647e-02 1.7043030974122234944001519e-02 -1.0949665823536801345650105e-01 3.1943895520734899573511711e-04 -2.0522658833525553312426837e-03 -4.8957594464408992128169723e-16 4.2611722670626836794097157e-15 4.1180576659617884605069094e-02 3.3290743624069962791622856e-01 
1.8572901675400621535061418e-01 -1.5986591011942447027038838e-01 -2.9419648004169935583010505e-16 -6.1122420737310672591559460e-17 -1.4824391016935306586432830e-03 5.5959215159381091309054312e-02 1.7142152709318764225443488e-02 -2.9819786702360490115992775e-02 -7.0904117809413372275351151e-04 4.5553284269118322555303102e-03 
-2.3625519363024814847031251e-16 9.9164898291354542697713949e-17 -7.2201854920977398160371267e-16 5.8284242454261388925288390e-16 1.7553941887309739561251476e-02 1.7284125366768886972179686e-02 1.5220089149555825203119497e-02 -2.2908075760807833365362285e-02 1.0063356174100063222809354e-01 -4.6399022843301350460532007e-02 
1.8861506640381747734735995e-03 -8.6963910591975751573912135e-04 -9.7125299387777366295207416e-15 8.3161880440869805764806088e-15 -2.5449669169731647944132646e-01 2.1852833892540513005542380e-01 2.3593658053136917773784376e-01 6.6229199375197764232403586e-02 -1.4755555218208920079236836e-15 -1.4446987217845804872289360e-15 
-4.7429988187929525422781296e-02 2.9732601760302398291591075e-02 3.4323856182805090320186991e-02 -2.2239548616114477620764323e-03 -4.1866072010150520016358300e-03 1.9303047981255520675059056e-03 2.4814514918969843197812157e-15 4.1657200948292307012313448e-15 2.4530046632579606035259350e-15 -2.4446190619265707400833216e-15 
-4.6821120463511767956221732e-03 2.4185939970625465467168880e-02 2.7503291599064477734870593e-02 0.0000000000000000000000000e+00 
7 (band)
-5.3024026071551699779149658e-01 (Ry)
0.0000000000000000000000000e+00 (Occupations)
-7.7519623465207007934430840e-15 -7.9287171219461416549809300e-15 -4.5245263682360928594373121e-15 -5.8269735262731507558640722e-15 -3.1076229506545560710151221e-01 -2.1360262944982899568913126e-01 -9.8495101630898610314563851e-15 -8.0233180232170149483962448e-15 2.2178576124261189830313493e-15 1.6248467871738132654530196e-15 
-1.4974237151620994890066640e-02 -1.0292549361169411881178348e-02 3.8412452568650343351895572e-16 -1.0397678473665938835985301e-15 -4.5864589455233151152801989e-16 1.7248870755748469295026201e-16 1.7078380888622650714050795e-16 3.9696986662940289297929988e-16 1.2406296690313754760293108e-02 -8.7045477567317883216269081e-03 
1.1390500952222271102698414e-02 -2.1974632635393818308466862e-02 -9.5222620805697562281411082e-16 1.0060511361503949127001692e-15 -7.8924921680562303494094580e-16 4.8987334337525379630023987e-18 6.2526380105372688413349405e-15 -1.4675737607318575946210275e-14 4.9910347154192638997296203e-15 -8.5242325668445859632380989e-15 
5.9409391904862995925640234e-03 -3.7704640640611086777056471e-01 8.3851040555868807381985442e-16 -7.6487977491900697775341405e-15 -1.4951587933644073954194542e-15 2.5226748747692052708850953e-15 2.8626668611343372705668742e-04 -1.8168170023683385960744374e-02 9.7267068794707425771458845e-16 -2.0477146277502154900352857e-15 
1.4760938791195257016528085e-15 -3.8546931320710538799208323e-16 6.4446569563623306769214327e-16 5.9818140302666201270347422e-16 1.4115742463725478722524898e-02 5.5164448619639374141176980e-03 2.4606545247165743234285529e-02 -2.6731858151405468726480308e-03 -1.6388774819219877884130854e-15 -8.4057959345907255317395328e-16 
-9.4787042052127739396644507e-16 -9.6911659548509825927736981e-16 -6.5347225667998415175540264e-15 9.6981592620067887129249036e-15 -3.8709832326049968450445163e-15 5.9658452730717271020144698e-15 5.9415169945662635320182687e-03 -3.7708106539145685998093427e-01 4.4879217817920042776594694e-15 5.9447391761557733146436119e-15 
1.7926803827873205985636492e-15 1.3609099038864657162983681e-15 2.8569706705694475346035688e-04 -1.8131861445845449953839790e-02 5.6374399769778126938769764e-16 1.7676169791443390116917682e-15 2.5197484205004867477417757e-15 -8.6938382434425152332905970e-16 1.2841900502632311091245502e-16 6.7330281111973362564739479e-16 
1.4285347544443339692921136e-02 -5.0687907276295001562926856e-03 2.4514984887747125891221955e-02 3.4470857809273088359636183e-03 4.1627321388827318705577885e-16 4.4687376165631396682382280e-17 2.8484147359308732308446088e-16 -8.0439241483135790776618682e-16 -1.4728824192798666501421920e-14 8.2344372792667406208704596e-15 
-7.5328122532480280984793209e-15 4.6138001908879656143485158e-15 3.1736681410856676377463259e-01 -2.0372465929174002341461858e-01 -5.2228952450667342753109116e-15 6.7886383006594799416044852e-15 1.6680813211350271111215683e-15 4.7033401174557914459691266e-15 1.5260514873445421221709317e-02 -9.7960557421228923458134119e-03 
-1.9650479556031013937755277e-17 2.3146459599798152092359241e-15 1.6157915770380380093924890e-15 3.0481248274389874622757707e-16 -1.2642418839321730936608996e-15 3.6974384065066812143756774e-16 1.2127294071751504311862391e-02 9.0935434459452815086910604e-03 1.0695234503420554886266025e-02 2.2326639768320170192916763e-02 
1.8086174203567795148879833e-16 -2.8239939745407293582003379e-16 1.2005531884315926362826625e-15 0.0000000000000000000000000e+00 
8 (band)
-1.2969996961785734690408844e-01 (Ry)
0.0000000000000000000000000e+00 (Occupations)
8.3705108688168201191939545e-16 5.4166730806711320490797101e-15 1.4711040727670872383391805e-15 4.0312525967994127345109444e-15 3.1196774239825142416293602e-01 3.9121989769618675802931307e-01 1.1169656004029238100211801e-15 -4.6346288656399456031777611e-15 3.6460452110835196099339103e-15 1.2713413189885886392269330e-15 
-3.3714896072516153946452278e-03 -4.2279867567681927997824687e-03 -9.4923267365386660568051057e-16 1.0931819023238881823631776e-15 -2.7466444465353378776793828e-15 -6.7458285767721729326077152e-16 5.7550741652482536336875889e-17 8.4265511205351031120711809e-16 6.7559636509415266214517715e-03 3.8303992113269985653190020e-02 
-3.7464591723666923472890744e-02 4.6135165516480725056425172e-03 6.0100367342149044564621605e-16 1.1184275817619540174532826e-16 9.1452044981156049236517677e-17 -2.5833159847362742059419004e-16 9.0980801736259018117487097e-15 -7.4980763303994070027942611e-15 4.3933859288064914408784699e-15 -5.0299856682947630690886681e-15 
1.5321505025297929569738642e-01 -4.7634234435587552436430769e-01 -3.6092361516471496114539028e-15 9.8418744894388622351219627e-16 -2.8809897107068820403723299e-15 1.7062633963543566549444406e-15 -1.6558261176339355777442641e-03 5.1479174483860523636735707e-03 2.4259867024237167614379503e-15 -1.2474359595034266047419275e-15 
1.8060455807915046133533871e-15 -1.0696526417210851063933778e-15 5.0301398697994930054629857e-16 1.0429263245507248205007213e-15 2.8165515441068340179997520e-02 -2.6824291166873553277083531e-02 2.4575284388785201272753511e-02 2.8651973146779155521279847e-02 -9.4968784554011871362951683e-16 -1.1512546009910637848043330e-15 
-6.4661822561991940789512946e-16 3.9320717305675105760928690e-16 4.3921048881424830549273566e-15 -7.4605505031938793101349323e-15 2.0992890461298133077310165e-15 -2.7324855694431544890110971e-15 -1.5320246571175780148088563e-01 4.7629920218784499441611047e-01 2.8960304329655010675402555e-15 -8.8047891062868019405090574e-16 
-1.4307449758508751784341361e-15 5.3571468450333665142651161e-16 1.6500123639731079094872257e-03 -5.1298212417984212496691043e-03 -1.4041012293384930490998786e-15 4.8061855478281887366574574e-16 5.5962146962317292077422420e-16 1.7584109024726535901480964e-16 6.8142075528827048151369673e-16 -8.9913730655368161436747278e-16 
-7.2458574980369273160762944e-03 -3.8211037022129031026640433e-02 -3.6668515575178049770155297e-02 8.9509520722621128269169688e-03 4.9763504573277117288756469e-17 -6.7946014457380791115710937e-16 3.0343676565396682144330604e-16 1.4939692882890796434595840e-16 -1.1057566789526664642147061e-14 3.4335907218161452726605170e-15 
-2.7588188224008760231925173e-15 3.5213137940268333090420741e-15 4.8150067227027776306513829e-01 -1.3597436562901590861862644e-01 -3.9653410131651565453721914e-15 4.0861376063940744079318930e-15 -7.5663861980266521835996934e-16 1.8419869142238475878147591e-15 -5.1858399715629440590580757e-03 1.4644693794642403388006624e-03 
1.0086477925306905688284687e-15 -1.4202587420757898093730101e-16 1.4297649910061637582325319e-15 7.9220230923616621259732263e-16 -1.0387535336063333640377253e-15 5.5283338920385017583284486e-17 -2.7816988056180391025717924e-02 2.7180893595881563951088822e-02 2.7747484750686904342309447e-02 2.5588604250670093226416313e-02 
9.5015710988481464173420617e-16 -1.0298285543489991212063583e-15 6.3014863896568546039018914e-16 0.0000000000000000000000000e+00 
9 (band)
-9.0240659606072137766119567e-02 (Ry)
0.0000000000000000000000000e+00 (Occupations)
6.0795960821648736842989774e-15 3.9338090180860996888258293e-15 2.2762421605801694205242559e-15 1.8665032381068522217992991e-15 -4.6755654091293574747822959e-01 -2.0732910854602795702739115e-01 -6.0913849130975513812699638e-15 -7.1226541132006602723780370e-15 3.2127977366340702204835019e-15 6.4295455399807574496587579e-16 
6.7173999641515769187805063e-03 2.9787004982421150245386343e-03 2.5555928861086146806810950e-15 2.7384361277470151171997625e-15 -1.5531145904474697811576602e-15 -3.3946587236780981456636279e-16 5.3689142574025186138403646e-16 6.9644696408712213461043616e-16 2.6684595076144665415363022e-02 3.2556937469110952543260851e-02 
-3.3151249824507178498578241e-02 2.1143248958922094410395331e-02 5.6851641199095286157735553e-16 -3.9313952144229569434710522e-17 -5.8822146907275410997794961e-16 -4.1265210592889113675132170e-16 6.0067312199508439697177258e-15 -3.2560019006019479144753999e-15 3.0666134231033272526541394e-15 4.7212558078138610218539781e-16 
8.6053020258823706423179090e-02 5.0417195073239295943778870e-01 -5.7619614225599317296753965e-19 4.2375210227076775833638457e-15 -4.3603952595309343123635117e-15 2.7015045685175191248965899e-15 -1.2363294590640033776551832e-03 -7.2434527958245287226901610e-03 1.9667980782635679356228285e-15 -3.9418012046353806563473274e-15 
2.2733681093187078182493659e-15 -1.4679086245220213623324047e-15 5.2556462720593312517262402e-16 -1.7745068550719881823233650e-15 1.2350335336412514644632843e-02 -4.0242900104534608252127015e-02 3.5956282656810542586178769e-02 1.5911884833963232943609967e-02 -1.4672479336698494697602445e-15 -5.6046447546351841998481087e-16 
2.8165071890921404130778141e-16 1.6088572129832735307246125e-15 -6.1159000542315578054466088e-15 -1.2913860389592513404144106e-14 -3.1809098896104449756733156e-15 -6.0437816684988721079939189e-15 8.6059401390327069925056946e-02 5.0421688090793592706972959e-01 -1.0589966060968654047128384e-15 3.0559470875579043824860464e-15 
-4.5030724684866432955745152e-15 -6.1797384054896106642547364e-16 -1.2410475508644255859813654e-03 -7.2712426862528989346401431e-03 5.9638615804542939047113882e-16 1.2987289604818051237011225e-16 3.6361700224270765872245984e-15 -8.2646235269859789589027274e-16 -3.7815112969893984903530103e-16 -1.3199089642096122283761052e-15 
2.5001389997124180697429807e-02 3.3868992469962749813916503e-02 2.8645242402142362392325481e-02 -2.6938869380289200139433348e-02 5.4979144231300302952003817e-16 -4.8972508126281255087597793e-16 -4.3177660335926250832448319e-16 -2.2327682635490472576034498e-16 -9.3982843394050704430083038e-15 1.4467772210407843460515053e-14 
-2.2531065173968358063540528e-15 8.1145939092220420111894083e-15 3.7234840453594758580280200e-01 -3.5071006429774592705328473e-01 -3.3499873880857350467042643e-15 3.7134033869562055723234420e-15 -2.7700545646198902162816723e-15 1.3658228641241879388298508e-15 -5.3695872523840896400892930e-03 5.0575391214472192533135875e-03 
5.5976023863000045576898179e-16 -1.1155149894256033023632800e-15 2.0845626511692291343855049e-15 -4.3290375996128611579433891e-16 -8.4967716906712686700767272e-16 1.5232402686239414355629859e-15 1.4374645282042417329670947e-02 -3.9567002991561010805110499e-02 -3.8289991579811874511385383e-02 -8.9514881770430890228773535e-03 
1.1072303824865406307433066e-15 -8.8742928796027029824951925e-16 2.4923338174412688279525807e-16 0.0000000000000000000000000e+00 
10 (band)
4.1231954742779786116102514e-01 (Ry)
0.0000000000000000000000000e+00 (Occupations)
-1.0191881115216051704585387e-14 5.0454924547778530430939872e-15 -4.5030497433249048690317931e-15 2.6353967855118673622970644e-15 5.5099770404453818350987149e-01 -3.4452680182735628822143781e-01 -3.8881867451075134317427040e-15 2.5332904429879161011555943e-15 3.2064950955737807747932134e-15 -5.1087903926913944791285041e-15 
-2.3550751762460575555735431e-04 1.4728417765612344947356860e-04 1.1642513797824985089744204e-15 -8.3364287148756629893000459e-16 -2.0788044847619783374173540e-15 2.5391170134397387132483919e-15 1.4572364773211492906182745e-15 1.0252826014479811041832382e-15 2.8119353378044109614819490e-03 -4.6541413800977926573665400e-02 
-4.8083428521666242427823335e-02 -4.7389846072094440887489952e-02 -6.7209764127204535507271101e-16 9.1537701885029088523601196e-16 3.8309939811960839497367378e-17 5.7039823702891266075061741e-16 -6.7595792428386727975653477e-15 -9.4995198470588743229401694e-15 -4.3163403370061547150524025e-16 -3.9739635491549506446071584e-15 
5.9188116433307080832548763e-01 2.6827947060383511290737601e-01 7.8624876108788852451092345e-16 -3.7179825458313046345654966e-16 -1.9127611682910710280536246e-15 -1.7808995842777172619604874e-15 -2.5300399004385409895689918e-04 -1.1465339450069354787498099e-04 -2.6687799000107948402297170e-16 -1.1231245164576808182022628e-15 
6.4167458601465833193959734e-16 9.8378430974918246067496580e-16 -1.5279123897402602260829466e-15 -6.3258948495624758940304835e-16 4.0321433378168014538545094e-02 -2.3413504420906231656696050e-02 1.2863046378367881672488693e-02 -6.6274849279366915277833527e-02 -2.4418082236850971163020964e-15 -1.4151551989783698882895797e-16 
-7.7482427594504960139327423e-16 9.9540787508747434539429132e-16 -2.4031317987525937098542767e-16 2.3102698734111915298233594e-15 -1.2698071630544666023586093e-15 1.5194027758552775613675570e-15 -5.9188437950536709752924480e-01 -2.6828093694420596104777132e-01 1.2829343817947133097112482e-15 -1.0170701390753382208620158e-15 
2.8243369949048501677259244e-15 2.5013605977336373034113786e-15 2.3983662901388980159822495e-04 1.0873451676293027778896771e-04 -6.6132246625371831112657555e-16 -5.3770985532748479868169453e-16 -6.9774959535404434586137506e-16 -2.0279486372301050433446868e-17 8.4808606743062960283584036e-16 -4.2581749391125706540730367e-16 
8.9665652325398650934751288e-03 4.5751507218979338420528080e-02 -4.1358136979339273076039518e-02 5.3354572028108102066390472e-02 1.0570029333603935131170196e-15 2.9799208665154282805748261e-16 5.6870639315278958197423647e-16 -2.3295207682639609994149618e-16 -1.3266822603149291309072313e-15 1.5056050773065791585756532e-14 
3.3668800148863290793940238e-15 4.5821211983460365350800351e-15 -1.0408692295211581513303400e-01 -6.4145747505229711027396888e-01 -1.1015842623556195872146392e-15 -3.6044590701452919784847470e-15 4.2474523873054014124708694e-15 2.9977609734651873372645948e-15 4.2156275111418246154260103e-05 2.5993778529154881740126370e-04 
4.1078752157460313576052760e-15 8.6387736966964411167694860e-16 -1.5392621343869841771244542e-15 8.9312846223564231784711691e-16 -3.2073133284120664232274374e-16 1.6325702403700670524977551e-15 -3.3145380728532992942181323e-02 3.2786940101788099310997637e-02 -6.7327399828506551138218583e-02 -4.9221014858130233970978651e-03 
-2.1770825535576957300320868e-16 -7.0945564421940003651743495e-16 8.1544820780938236733379482e-16 0.0000000000000000000000000e+00 
11 (band)
6.2986100000678657551134165e-01 (Ry)
0.0000000000000000000000000e+00 (Occupations)
2.0956496765372484292200284e-01 -2.3816019504494179148679223e-01 4.4365878835153416126502179e-02 -5.0419444607926577894829734e-02 2.3352931437057620163574091e-15 -2.9737691972807123949732612e-15 -1.2604913538663196220790397e-02 3.2944471390445145830838669e-01 3.6794232769482548839334868e-01 1.2687485765000111603839628e-01 
-2.1432567117409803643255988e-15 -3.3680578863496422353227064e-16 -3.2298995468105912154399562e-02 3.3408874255017650956034458e-02 1.4901043097039448626084379e-02 -2.2636808673553637794029214e-02 -5.5017681232542484104364178e-02 6.2524693778523876552810634e-02 -1.3111630872986919923528218e-15 -1.4586728923467138411800890e-15 
-9.4291989928838747500776607e-16 8.6408825519851874378926774e-16 -8.6806320104064527143350460e-02 -1.0542077194184118482667145e-01 -8.3277874779033339569522809e-02 -2.2841365682927806946000970e-02 3.1434016726578994926910582e-01 4.2755273532517124035479128e-02 6.6547128781750231052427580e-02 9.0515882744351960909057198e-03 
2.2237800834123704927071434e-15 -4.7934492725027077188555739e-15 -2.8137695246501259749294377e-01 1.7181302042166812782397756e-01 9.7939410943567242751051083e-02 3.7667845411866163196634716e-01 1.5785672693462216930239506e-16 1.3334104124267120921351509e-15 -4.5700952137140676834192732e-02 -8.4143306920291816020096576e-03 
2.7100790090892758199547785e-02 -1.1562332018849597048415490e-04 -8.2524465371184296813567016e-02 -1.1224758149012303842795291e-02 4.1479105118605837573982729e-16 -6.6176394134045040623636323e-16 -1.0164373612730007064862942e-15 -1.2193131588876137379732438e-15 3.9769316183055576641169893e-02 -1.3064179215379612131187059e-01 
-2.7060213505598930405771085e-02 -8.2004129524101312953554554e-02 3.1281767317477837675454566e-01 4.2549578067770127409730208e-02 6.5891542915520212586599769e-02 8.9624656176205408364410232e-03 -2.9995909280131829368160365e-15 3.4117021686632611982836434e-15 2.2465786544458588025463541e-01 2.4091415984100389424682476e-01 
-1.9472314725443090610568220e-01 3.3734012162664073208873106e-01 -5.5379655615000584028355193e-16 -2.2142594769488377829171253e-15 4.6990106350424755421446577e-02 4.0857199557482459795210161e-03 -2.6458078543786914260671495e-02 -7.5867348929573030780204590e-03 -8.2460707711356648341727293e-02 -1.1216217488856108919215160e-02 
9.5105360043208464223667043e-16 -1.1336434467431427750195147e-15 1.6801933284000819959857200e-15 1.6346193790012559828833203e-15 3.2850823164460203618109091e-03 1.3654324921836921702400502e-01 -4.7740932454077796009972445e-02 7.1855879870559788424877468e-02 1.3767020946093866395898431e-01 2.8409906136982077118346979e-01 
2.8998795039888641822400928e-02 5.9842218407825664705512736e-02 -1.6978096646678942260410938e-16 -2.1596382569093502998193632e-15 -7.6338756679761282653018384e-02 3.2044216817800241781100112e-01 -3.8873589677680286946781507e-01 2.4492127161037515609143256e-02 -3.9821530097580047703323260e-15 5.4374132886391811508973048e-16 
2.2600844821706635168201416e-02 4.1400060576352412655687374e-02 -8.3225244379500004643368527e-03 -2.6235930582789866033488480e-02 -3.6290833012568475546277824e-02 -7.4890234946019845763132139e-02 1.2971533206352022189568377e-16 -6.4053603782796122484338726e-15 6.3991425998033754445860857e-17 -4.2781623701443375349297674e-15 
-1.1191183574935113786974483e-01 7.8298095073542142707800906e-02 -8.6269717187183542206341258e-02 0.0000000000000000000000000e+00 
12 (band)
7.1116531032026031322601511e-01 (Ry)
0.0000000000000000000000000e+00 (Occupations)
2.3079232724653453434626726e-02 -8.6979692450864343200578332e-02 -9.5222520143613972876117657e-02 3.5885931086890032748470958e-01 2.3026782919758670974343380e-15 3.5976392934250675519426052e-17 -4.6123086041181066141447786e-02 3.6561116164632853631211162e-02 -5.1854873120361813509937576e-02 -4.1974509516811225884325154e-02 
-4.4630067255565221569338379e-17 -1.8815866969399080427155922e-15 -8.6224480733377295571528975e-03 1.8580482531576208993229216e-02 -2.9747201368295894674531610e-03 -1.2855033399543053240776658e-02 3.0908415366581218353125848e-02 -1.1648246033761618101198820e-01 2.0855212287162647484736076e-17 9.4534201672216709976220057e-17 
7.0298286970808726030981120e-17 1.4110534512471613750208479e-16 -2.2893989710874848575450358e-02 -1.7475677679866699620880865e-02 -1.9715965471035275247135843e-02 1.4572010239878446791195188e-02 8.5219085702773533785858717e-02 -2.8910643610816827431264642e-02 -3.5159688038267489229582452e-01 1.1927685041519126007969476e-01 
1.5791139146594931413767704e-15 -3.1749851849995779842384383e-15 -5.5976656279604762589396927e-02 -1.8184285328880923915395584e-02 6.2654119665192520294283440e-03 -6.6419364107147937925645920e-02 2.5269473591055254631029017e-15 1.3037168930168034660226039e-15 -2.0247668460459222750102981e-02 3.1004618686297502616611155e-03 
9.0610453824864524430271473e-03 -9.5915744365675237315116419e-03 1.1412517124592680417549673e-01 -3.8716133521629080005421741e-02 -4.4177346741810957682979958e-16 6.1948798558206812099186186e-16 7.6274049598252621274711619e-16 9.9487966733726289323128732e-17 1.8865226980736143902461777e-03 -2.8739782660310880801901590e-02 
-2.3047985526306942472007933e-02 -8.3578190974256325040947502e-03 8.8675894089984219625932838e-02 -3.0082055400615370643890856e-02 -3.5135256898839267725165314e-01 1.1919404642914672998177394e-01 6.2127509876585147440774654e-16 -3.0259424731030101752014680e-16 3.1589349558820957464266854e-02 -4.8193723622865086708699778e-02 
-4.4576226428674869950441462e-02 -4.9696196419604751759457884e-02 2.6736165736471848706298381e-15 -2.5925035451129904940058253e-16 1.7580807051964738446647729e-02 -9.7424454218500919355783196e-03 -1.2817522163355240388815659e-02 -2.1864604929858477699866626e-03 1.1379481119637289976420647e-01 -3.8604197967747458375420422e-02 
8.4071846785141037858148554e-16 5.0979576379664340459282503e-17 -2.2365477467463355409931441e-16 1.9747062706479484821907803e-17 1.9259708571767716889233668e-02 2.1406242349853839279649748e-02 -1.3796201136007213428058549e-02 2.0764952013715368833723929e-02 7.4128473323991361798590560e-02 5.7212880476598636236840179e-02 
-2.9371479554246515686344310e-01 -2.2668803964559436359138545e-01 3.6201850228161887344472778e-15 1.5426085922705616707335743e-15 5.7622855166305671226201213e-02 -3.5855915738471771936346499e-04 1.6724910571238191248077953e-02 -6.4629940952929884612210287e-02 -8.3431175623812934117027863e-16 4.6235067300165813246902075e-16 
1.7843759780658725866420156e-02 9.2520406552381966036602279e-03 -5.2719590620301072861342284e-03 -1.1885955222189254973375050e-02 9.5127343338956782403670331e-02 7.3418878398022136000378168e-02 -4.7361917634410680975153798e-16 -3.0835150662760994251237200e-15 -1.8557513539429788296261583e-15 -2.5355776347030981044644996e-15 
-7.1715539697299211449599277e-03 2.7887853977485884543474626e-02 -2.4930270714877324905733857e-02 0.0000000000000000000000000e+00 
13 (band)
7.4920122022075064105450792e-01 (Ry)
0.0000000000000000000000000e+00 (Occupations)
-3.4610201993049982682748578e-01 -5.6929049591064706525855854e-01 -1.0407822792629528585450771e-02 -1.7120020675478714311523731e-02 -5.7184894956078351281908750e-15 1.3670183396420294933860187e-16 -2.4406853375768128300293824e-01 -3.2042241924287895304956919e-01 5.8101611512217210542274870e-02 2.3573006022657527758212836e-01 
-1.0893454506222324509461293e-15 -1.3411374289159173728736395e-15 -2.2425368973991152699021256e-02 -1.7164313437583456067869747e-02 -7.2374680512999889359093686e-03 2.2206762724755441107404863e-02 3.6895111631584188993659978e-02 6.0687559843587882135729217e-02 9.8774455777492445532499508e-18 1.4097974299142078474455737e-15 
1.5742879436276101670621186e-16 8.2844394330546878189133831e-16 -8.4972306453823011340720228e-03 -6.9433592165789412287146831e-02 7.1691961387539027139581549e-02 8.5997426484266170643167015e-02 2.8264421311334847475293941e-01 -6.0331627338207471922260083e-01 8.5000276807358603192721347e-03 -1.8142971439038479974925622e-02 
2.9067390384440883702092699e-16 3.5215713133650150813029581e-15 1.3182117493193476476243120e-01 -3.8060892496585252420260304e-01 -1.6419163341070869277515953e-01 1.7884508959617714807244226e-01 -9.2635719032148373761725840e-17 -6.1479656161077922315608168e-15 1.8865115627178657975449028e-03 -2.8177152154301610131881262e-02 
-2.2501638017742714437119389e-02 6.2607939612570745469000144e-03 -3.0130514648943465538799558e-02 6.4314704920918522312867083e-02 1.5396412044952221924388252e-16 1.1866062466946509681016445e-15 -1.8667968992027866834749627e-15 -6.2480872783370475113299914e-16 5.3130418098081555466905002e-02 -4.5501487035134784153722620e-02 
-3.1955357574043545543229783e-02 1.0730400650406519968971253e-01 -2.8195992928646174124907020e-01 6.0185396186302342336205129e-01 -9.0630009039346440258277937e-03 1.9346021274950310486762106e-02 2.8494840150880427687740085e-16 2.7835916291511167773419644e-16 2.0880881851737076448927155e-01 -3.4580626131992042715523894e-01 
-3.2156731388711140562364221e-02 2.4143279301509112944046365e-01 9.3729609440993162733297636e-18 -1.8492070982036209904634071e-15 1.9575786970989834945289232e-02 -1.8618969802056795082023655e-02 9.2201984638523443171820304e-03 2.0387119584431179220018748e-02 3.0472695540217992898890387e-02 -6.5045282483352118152453158e-02 
-6.8963947690073993570345381e-16 -1.1933893453574121401879472e-15 5.7962075562355687903983065e-16 -6.0471020116999094837964181e-16 -1.0213867780671306850770463e-03 6.9994119941015037200671145e-02 6.2025630782782115169027293e-02 -9.3356079266163710661530217e-02 -6.5733119072393442205992642e-01 9.8210482306524252149593224e-02 
-2.1129100153836847392208043e-02 3.1571587296703972069789046e-03 -8.0932292503163743479667677e-16 2.7230720805152246911188524e-15 4.0358241579720732783442827e-01 -1.7444962538934613571761645e-02 -2.1888976489751846288278614e-01 1.0682284278081721762276857e-01 2.1206071020717677333837118e-15 -2.8801465086001125910557507e-15 
2.6341210508402913836878412e-02 6.0015082250886378489873607e-03 -1.1878485024664563185492483e-02 1.8961758836715900122804612e-02 7.1040929581952391713706163e-02 -1.0614154274280451425993554e-02 3.8197003928911594925555422e-15 7.4316721049985697347174623e-15 1.5784551746181659758671055e-15 3.1351579715953735773447114e-15 
-5.8864816031447643462914954e-02 3.7883419735442624975974013e-02 1.1208272128188358218725540e-01 0.0000000000000000000000000e+00 
14 (band)
9.4126564915145005674190770e-01 (Ry)
0.0000000000000000000000000e+00 (Occupations)
-9.2505794450772282910833155e-02 -6.4744678118154586066168577e-01 -2.3899060720681424008215998e-02 -1.6727024491336675571240278e-01 4.0732479559423689436723364e-16 1.8324678158754841177220027e-15 -1.4232823835885910490617334e-01 3.3153193138932657291206851e-01 -3.4672732087540802936587170e-01 -1.3038460404732565844909686e-01 
-2.6969161716175738300955650e-15 3.8998585921698499630634022e-15 -4.3132869930090952936829751e-02 5.3361028986713777977346496e-02 -8.9853156936572892155012937e-02 -1.4450301658792560899335911e-02 1.8774103098073556539215900e-02 1.3139995294942458103903959e-01 1.7037042402180299925923149e-15 -4.8212402913561404174241681e-16 
-1.7612006396721523518326058e-15 -3.5695502645887862787273581e-16 4.2603335330491320931400878e-02 4.0701452329221093906497231e-02 9.3742102682208977570965658e-03 -8.2613723163812033400965618e-02 -4.8808025132755239461346264e-01 4.3534161842551161170078444e-01 -1.2609740167837360513836131e-01 1.1247197529460939424694743e-01 
2.3455843918617371206903442e-15 1.7706156096395078889492537e-15 3.5490323194788603311522479e-01 -6.4918756288166123979976874e-02 8.3275863127162286225768639e-02 3.6095028831465975072134711e-01 -5.3710788623570224207306518e-15 -1.3888127136981200541865920e-15 6.8314900183735649541461044e-02 6.3967410306588479151912452e-03 
3.7688014543409656398331720e-02 8.2837277775613810115729052e-02 9.9056381832093767791924677e-02 -8.8352972788609984711172274e-02 -3.7608265366197367874194658e-16 6.5525009637884261063166748e-16 1.3017499093521362647484838e-16 1.8607439170690808093876124e-15 1.0324778425575414919634909e-02 -5.8009062683800106940967822e-02 
-7.3998333536806099042237861e-02 3.7909757410376318520484062e-02 -4.8476356961076483287342853e-01 4.3238974680124464544661578e-01 -1.2491738623455782286608695e-01 1.1142151629311763949559122e-01 -3.2528149223900355485047513e-15 -3.7659176374412293667678694e-17 -1.0509286946409385210543519e-01 3.4753583316625596966176204e-01 
3.5170953732648574385777351e-01 1.2525493121631203763399753e-01 -6.2037113787716993270579824e-16 -1.1210460838644042161376361e-15 -2.1199382551827516962816844e-03 6.9294303362710404914359685e-02 7.8495146785719185911212037e-02 4.6565404756771830441230975e-02 9.8342086970529832279375171e-02 -8.7717267466689313737404632e-02 
-9.4153911637374986528960289e-16 1.4650737533546977330530422e-15 1.5747748302347433772393214e-15 5.3796023222202338970291982e-16 5.9214011409687697384818250e-02 -3.5481441161973464870627026e-03 -4.6256228998299037113994814e-02 6.9621221524404364178195692e-02 6.2841066719582383548470261e-01 1.6448904193012681140828590e-01 
1.6193357349259215882675278e-01 4.2386618792321084647767293e-02 2.4591754032574513194244046e-16 -1.6856501340909258266935625e-15 3.4762748318888436749318771e-01 -1.0478930994384852426470900e-01 -9.0305593066658002010527184e-02 -3.6226136462682773098364919e-01 -1.3061679791238603633133633e-15 -1.9081316467221778274641913e-15 
5.8889853042739942479144588e-02 -3.6581140295688013841512998e-02 -4.6532361926307896221599592e-03 -9.1149176529514153166644519e-02 -1.2748325511777980345584638e-01 -3.3369218542183651243782094e-02 1.6893318686052458372195915e-15 2.0296390115366781790207993e-16 4.4154083938643290074605925e-15 2.7867332056357497470886407e-15 
-3.5723858115063955587231703e-02 -4.7357094877866587334658277e-02 8.3586800439377426097387058e-02 0.0000000000000000000000000e+00 
15 (band)
9.7466354837283619705345927e-01 (Ry)
0.0000000000000000000000000e+00 (Occupations)
1.0136003647729430188206834e-01 -6.1795955294472360019852886e-01 3.4159330225525030844124785e-02 -2.0825968260287400224406440e-01 1.1201781581267724003767658e-15 1.6258146487343253699203804e-15 2.3638336798389295023703482e-01 -2.8288503557242122843362608e-01 2.9028057214823932419278663e-01 2.3358545809425529382608033e-01 
-2.5202461492381719613709023e-15 5.2042610607898813859775932e-15 5.4019911990783431310347851e-02 -6.8470653506145617850364715e-02 6.4926990190948191683517621e-02 5.5359941407562618387316888e-02 -2.3231601858102114699367036e-02 1.4163589311878371779229724e-01 4.8185423887273705029873828e-16 1.3124780521760246235629180e-15 
1.7137102201080466826789314e-15 1.9085576295344158985838792e-15 -5.3695925935114956206728465e-02 -4.0878914939265709183047193e-02 -4.2758971986010987920145965e-02 4.8696647525612035689590584e-02 -5.7080342513953330474407721e-01 2.5754866708888168869151514e-01 -1.9236739788953419183492599e-01 8.6797116706185145629248723e-02 
-1.1409133987521975833429310e-15 -7.1355625250285487464530290e-18 -3.6643351303526983109293269e-01 -4.0342540015109229489809195e-02 3.3919473994827947782582100e-02 -3.7104507284660792620911707e-01 -2.3731528766366861967367266e-15 9.7652549985062853251741617e-16 -8.6924824457832297608383954e-02 -7.1032510883870247919702479e-03 
1.0180423385001344249722877e-02 -8.4714792967967245118643405e-02 1.3082771596342840370041927e-01 -5.9030011691013330177302265e-02 3.1126845133740262312537770e-15 -7.7060267405751883674262720e-16 -1.3849141479759589297580345e-15 -1.4528101009872247290880632e-16 -4.3340449021765370396508388e-03 6.7346523321010737239689092e-02 
6.4222925827706126011840126e-02 8.6665427745983292240339324e-03 5.7209545598072319982918543e-01 -2.5813700448353998906370066e-01 1.9193378056781223994775587e-01 -8.6602836038728370215977748e-02 -2.4683164043039238291223315e-15 3.5693407779195177011060078e-17 -2.1118506954620541726797001e-01 2.9995979464006655712537963e-01 
2.9917196026568260158740031e-01 2.1900600506319534144239469e-01 -3.9555710934540190938759697e-15 7.6963607482350709988443116e-16 -5.1379020076815065665165605e-02 6.8916491758463094274844707e-02 6.9272050773438925697078616e-02 4.7843636719804211177020647e-02 -1.3185404792778307458966935e-01 5.9494230179514530354456525e-02 
-1.9509201313639477361119354e-15 -8.8452999781706479134891831e-16 1.8947575019630997921237708e-15 -2.4321391130051027829609537e-15 5.2899672637892393434189131e-02 4.1151210484049613458346073e-02 -3.5516139817166753056554285e-02 5.3456087784273721708050431e-02 -5.3160058478072724774676772e-01 -3.3365962011957672750384063e-01 
-1.7834787383397926463501904e-01 -1.1194044502283334585612806e-01 -1.5203382373808485666397478e-15 -2.4331202126858035093338715e-15 3.6671091712892756042663223e-01 9.9053146431998424781273371e-03 1.6855518842159151332582567e-02 -3.7038275276731880136793507e-01 -2.9853088109013021859534174e-15 -6.3879130970473619994720381e-16 
8.5834725340223863576660790e-02 4.6568729977688773369326469e-03 1.5154137516765024684683993e-03 -8.4174426722714149051718380e-02 1.2252092388054289240351125e-01 7.6900432970520390951740808e-02 -4.0535319276812917409556870e-16 1.4761119180273942286671558e-15 -3.1569103492363319517342110e-15 2.0250085600285279779136209e-15 
5.0014854909699851120974401e-03 -6.6833993090213678067712522e-02 6.4179042597342750298139435e-02 0.0000000000000000000000000e+00 
16 (band)
1.0601896148632550254120588e+00 (Ry)
0.0000000000000000000000000e+00 (Occupations)
-5.2201046026810941838231356e-15 2.9363020174118610033021156e-15 -5.8521267878784324369188806e-15 -2.2971985299911996684109976e-15 1.2242612379657902277330095e-04 1.3771588286494690356320802e-02 3.9830826592128859707682432e-15 7.0147388578493177448244672e-15 -4.0079109815425243165825705e-15 -1.0574565672147258641741067e-15 
1.5954784680823064224597374e-04 1.7957378025011835886992628e-02 2.8533030275519412507934672e-15 5.3933376989421483845002929e-15 1.7717529382155046408774232e-15 7.3051373955361716898691124e-16 1.2116278826073354862261021e-16 -2.1642880794872481636124151e-15 1.2334515880809664156725347e-01 2.0377865009892198733254531e-01 
2.0913137262005099259454255e-01 -1.2031350757898978676152524e-01 9.8350799243225543341356225e-16 -2.3353002353150365920853420e-15 1.4071074199439009185217388e-16 -5.3917418107745489912616094e-16 1.9461413190850612396800916e-15 -2.0461782827769877639518777e-16 3.4945324229145396662198483e-16 -1.9019566903295624700476878e-15 
1.1402898819077349201744909e-02 -7.7230518974979178725703832e-03 3.8347832562299475206820085e-15 1.7006602036980906564953493e-15 4.5507852222081818226531705e-15 4.3937454941781355963030252e-15 1.4868789153411256231951398e-02 -1.0070352037682472889912333e-02 -1.4537368824977241373718131e-16 -5.2873575594655053598397842e-15 
-7.1058942544317395165609372e-16 2.4944061367153706867868380e-15 -1.6769207716227059143388250e-16 -1.8004436724906124118104320e-15 1.0147339752492484654666782e-01 -2.1550618560095616271787833e-01 -2.1594321030706142838795358e-01 -1.0760948397881277271981304e-01 -2.7536433607513613166280570e-15 -3.5973273031996704317443543e-16 
-1.0868355597609581225855312e-15 -2.2672132264751192341613487e-15 -2.6595956112304420361774906e-15 7.2957983314152056673822122e-15 -4.9597509855150370307111591e-15 3.2186053652346250803166296e-15 1.1394281180866142402785535e-02 -7.7171680650751570129664003e-03 1.8966107324716382161265684e-15 2.3738410234726139710457471e-15 
-4.2374477732097463061562878e-15 -6.2436501522977936211967830e-15 1.4885135429857964187161379e-02 -1.0081574223572128956583072e-02 -1.0608653519290724397248251e-15 1.8192159509246486629101202e-15 -2.7802018780629324747132110e-15 -3.1560784512109047272201766e-15 -1.2447564189567689136835632e-15 -2.7196091801770398913574880e-15 
-2.3777581214869653036814157e-01 1.4264987698086824263743466e-02 -1.9793513356722403778720221e-02 -2.4045499714989732042980108e-01 -6.7814563768021180440781168e-16 1.5730440098491473968490647e-15 2.3694914115894599768117170e-15 6.0769415196124287118614461e-16 8.6678706918489346037058657e-15 5.5633763684735051923001415e-15 
3.3643154587666698508244910e-16 2.4891087212413611497449375e-15 -1.2733292115202174410448777e-02 -5.2199232256199441792876570e-03 -9.7745866969317802778475573e-16 3.9867927361065041739001336e-15 -1.5073392694364347010793389e-15 2.8478189386111646127645878e-15 -1.6634465467405649963250625e-02 -6.8190874903663930423070028e-03 
2.3075234323607154117173104e-15 5.4537732064738914296949868e-16 1.8291261931292168549284603e-15 2.8045163204251884696789659e-15 -9.2881702202749314121944568e-16 -1.1395846807463667593881509e-15 1.4346473632850398338689502e-01 1.9015440080943435408045161e-01 -1.8932651152487903201127040e-01 1.4955220111781439285003614e-01 
-2.0384380099313375570565265e-15 -1.7711877174800466605713097e-15 -3.4301879435829145338746057e-15 0.0000000000000000000000000e+00 
17 (band)
1.0707940989194419945107484e+00 (Ry)
0.0000000000000000000000000e+00 (Occupations)
1.2506505921675185290553326e-14 -6.3151752617050008335690305e-15 4.9400405693792788781712676e-15 -2.3509259895972384412796220e-15 1.3675145229562588045091331e-01 -6.8561364941684396767662690e-02 -5.1023388724677219834103564e-15 -1.6975515742858827347148707e-15 2.6475775055519272980202504e-15 -1.8032807816522157655058954e-15 
3.4613838750658076914845651e-01 -1.7353920373817433020491308e-01 -5.7113295453667498568694786e-15 -4.8290203025250945225279498e-15 -5.7267092225749244954296353e-16 1.8685106357777789368034166e-15 -5.0011510048665573142667781e-15 1.5303562665946237119269141e-15 -5.3333023766134163290431047e-02 3.2273101505437024050237937e-02 
3.5952983442337639596875221e-02 -8.4536187944628977952721272e-03 -2.3910694099444173809654729e-15 2.0951971188792624841108181e-15 -4.5009323271028447498136743e-16 -1.1446443333433593680107533e-15 4.6910938818659372314239358e-16 1.2451199150781815012670532e-14 2.7768808694897597501462211e-15 2.5668009387871761019790681e-15 
1.3278331520663955167549375e-01 7.5961909338590788420830791e-02 1.9678252917901229340361334e-16 -1.0294530455261701825018691e-14 1.1935005840844460421573904e-14 4.8059796224077787263876347e-15 3.3609454742322286691091904e-01 1.9227088633516031812575875e-01 1.7680547987727832191794124e-16 3.7922934369148605606253378e-15 
7.2219885159101395001097030e-15 -2.0594071903135696299254123e-15 1.7330698265691323072226146e-15 1.0574315234980064982167033e-15 -5.6394996397911852092921237e-02 -2.6562546679613066591407744e-02 2.6937275864298951960629225e-02 2.5267842372039606146927326e-02 3.5014181285270873820724388e-15 -1.9464746652752278523086243e-15 
1.8226264802531115823711909e-15 5.1219302270618433263628025e-15 -2.2699964433636311696073615e-15 -2.6589843818643509386088074e-15 3.6649580850321956300439557e-16 -4.1183708388501253328857024e-15 1.3281587653008555816036562e-01 7.5980411068667000340504103e-02 -9.1378414708274471768019497e-15 -5.6880951288394913023262483e-15 
4.6522799932617595270674602e-16 1.5056822936591715661034547e-14 3.3604701086215282845870433e-01 1.9224364405751498408037037e-01 -7.0184114770116956116646243e-16 -3.4259636406066579929476435e-15 3.2945523216134243106409559e-15 5.1846922607677011223600561e-15 -1.2162927450260826877358122e-15 2.0348870727046462497499234e-15 
5.1488486289877385959634637e-02 3.5163155950950736317039969e-02 -3.5447172034555551878298729e-02 -1.0406139795942520240301654e-02 3.9680141936679614204803262e-17 2.0660732699494315185518034e-16 -4.7445085399594964539353722e-15 -9.6727463455263066106158179e-16 9.4053214684096998892129743e-15 -8.3929439344285431877285335e-15 
-1.7561336085615671049812526e-15 2.2074925796039123791276442e-15 1.0213485435146763685709814e-02 1.5267208205787019537069682e-01 2.5007136053866811805460708e-15 -7.8536044665889564151183042e-15 -7.5299837681968093663226699e-15 -7.5234814300809074172655097e-15 2.5841761470606478684475249e-02 3.8628670123885816556352779e-01 
-4.0477989454183560275269717e-15 4.1371462451044764137495556e-16 4.4978157941672572815054780e-15 -6.8993361490153356453155632e-15 4.2291463107447924480584205e-16 -1.3042440475003073888288832e-16 -7.9484627960513037567280570e-04 6.2344847230880816313369763e-02 -1.0948670582101496101534721e-02 -3.5283372332873402799080509e-02 
2.1795005320488773369481610e-16 3.9937805925401335712343895e-15 5.3804066281242923053515675e-15 0.0000000000000000000000000e+00 
18 (band)
1.1613100805997023101667764e+00 (Ry)
0.0000000000000000000000000e+00 (Occupations)
-6.1258177849439821027743847e-02 -4.3299101003416773369991688e-02 -6.7933419330313549178157473e-02 -4.8017715293436985524166971e-02 4.5933074907560744107993303e-16 -1.1855027128462309924946091e-15 1.2252204289320442476274309e-01 3.9633447532909926724897787e-02 -1.9748716582232359040283143e-02 -9.5196923648141446028247969e-02 
7.0837545516231972266912433e-15 -6.5188364866560058822167783e-15 2.2367892659215835027275432e-01 4.4369287873193330451471184e-02 -5.6117291696822918511955436e-03 -2.0067967077426576705256878e-01 2.9542080251517173483666312e-02 2.0881288204650762935221664e-02 -2.7339176659557480644569220e-15 -6.2098232537154131867284417e-16 
-9.9429408553992271683183964e-16 2.2349583821570685850424811e-15 1.9395840628758792556496360e-02 -1.5235320549970446379894895e-01 1.4733291780859725239594127e-01 8.5393265985717892174733379e-03 -2.1649829779522011818926330e-03 7.4984594083373656836499777e-02 -2.4011948215142964180301988e-03 8.3155785771887286150771956e-02 
4.0659145557498621894743513e-16 9.2749124036743975770413735e-16 -3.4791122852695061107297647e-02 -1.2398402690970528050584676e-01 -6.8362766884883158224894828e-02 6.9130298585602364958013766e-02 1.0965059195284666849433321e-14 2.2333924512408909659696738e-15 -8.6825905435914729757485020e-02 -2.1086051800427907387813775e-01 
-1.6404487685605742552930053e-01 1.1572856235006907799078846e-01 1.0441309171949283984837109e-03 -3.6161754566132617294549334e-02 -8.6889028989318256479457510e-16 3.6933909854810983293743008e-15 3.6599558386519420015579236e-15 3.1377623302578891859683900e-15 -1.3763171523870659784805071e-01 6.8155768796084592597850360e-02 
-7.4420205147850929106034812e-02 -1.2744230786713009462296498e-01 -2.1621999628238935953206123e-03 7.4860184452173364477722828e-02 -2.3786455889976687583242665e-03 8.2363851179995256623911359e-02 3.5815781265701610268312172e-15 2.1839545142025293628445674e-15 -4.1095908079579579474938100e-02 1.2031724258052052534129217e-01 
-6.2987861010576073894640103e-02 -7.2070409986311895211841261e-02 1.0281094082807772150109411e-14 1.0264141305583546580539683e-15 -9.9155673639813507458384834e-02 2.0646305839453396591132162e-01 -1.5755793611106003182520396e-01 -1.2557847656612625142358297e-01 1.0370142955004237744764950e-03 -3.5905588183910611133065061e-02 
3.6582487244770807374575596e-15 9.9948327363533849994015784e-16 2.6413669771017143017823047e-15 2.8426754022911091544355362e-15 1.3340795158155455135684520e-01 7.5924381096156109971495596e-02 8.1611369857151144779905394e-02 -1.2283498639602137558757278e-01 6.3549180896960599795875169e-02 -3.9626051181327968941925377e-02 
6.9918923477820082990064066e-02 -4.3598234777817088114737487e-02 2.3367973047196712956430741e-15 7.6907768053098185041520219e-15 1.2295691520543208796745205e-01 -3.2352890538762509031744941e-02 -2.5172025307117297521219967e-02 9.2347083182101954990095294e-02 1.5595485955792025085034745e-15 3.6993503634495912995452282e-15 
2.2683937860743952352748920e-01 -3.1666045057269213980344347e-02 -1.7405750128129619108685588e-02 2.0072741932961551958314317e-01 -3.0480402004266358290118788e-02 1.9006097840977047991328774e-02 -3.4052120248154664996861037e-15 6.9238197900528185789090590e-16 3.4555370038938228386840994e-15 -1.7175555771071546202080521e-15 
-1.0587803319402896290446492e-02 -1.5313422743099913692077507e-01 -1.4747491167270845857650841e-01 0.0000000000000000000000000e+00 