99 (index of k points)
0.004058753406598942896355009 0.002336592489797097594445008 0
18 (number of bands)
52 (number of orbitals)
1 (band)
-1.5507886718300283312998999e+00 (Ry)
0.0000000000000000000000000e+00 (Occupations)
-1.9098473543434957983011557e-02 3.2022290522488444652893236e-01 1.9779401595354569737272854e-03 -3.3051580834254822016671227e-02 9.5675700081984690602055926e-16 7.2893939703711838868442989e-16 9.8079510013806409096659422e-04 7.5335254551481874857321586e-04 6.0237125863014701239450677e-04 -3.8311742126830624754346699e-04 
-7.1452536355101155548897966e-16 -7.0884515005668040203564220e-16 1.9758256821572513228790768e-03 -1.1795426931250109492399503e-04 1.1221526987070136460733494e-03 2.1298371747603336845422461e-04 -5.8333232960366965258458549e-04 9.7775690135804647212802720e-03 -3.2631927989411206530642720e-16 -1.9467877732425935558834140e-16 
6.9407571373232361130225843e-16 -9.5137871587863867423587876e-17 -3.2342690965218856558038851e-04 -1.2349918176828011961987386e-04 -5.7417832773026464265875290e-04 1.5414138306837042724506404e-04 -3.9167749652784314418063616e-02 3.1839181539337046977777845e-01 4.0493630782954762731273846e-03 -3.2862165199180337626927439e-02 
1.9165433630967276829261589e-16 1.4904001693397388928471349e-15 9.3155632732718743251737470e-04 8.1345061023406733773100097e-04 6.2523875847307966435728588e-04 -3.4453822226649440801926616e-04 -5.0071202976584274730303624e-16 -5.3080773376427390056310342e-16 1.9793332513577633832713154e-03 6.3416075834190005836021875e-06 
1.1065650284155931215579471e-03 2.8302399370047095182589825e-04 -1.1961198945980378374742692e-03 9.7216474745703256726825359e-03 4.6496026739915588447774455e-16 3.7980734652683992467492885e-16 -3.8425019232813535810258487e-16 1.9135685178087813806561275e-16 -3.1503412274036610846161821e-04 -1.4356362803030395768055794e-04 
-5.8272393548314130665155552e-04 1.1778426475753290972661724e-04 -3.2612935471368890982812871e-02 3.2037931050266560406569738e-01 3.2835486453780485943676481e-03 -3.2160315068307201991082422e-02 -1.1108983840233899145321960e-16 -3.8377684906168198481139970e-17 9.8391258699601427673009368e-04 6.6856436198353035374464248e-04 
6.1099163021102742554546694e-04 -2.4844079979508817621058903e-04 8.7503964023257454212842957e-17 4.0140327852550988417731859e-16 1.9998966813153371858968743e-03 -4.5390252517581099363230823e-04 1.0931031114516810004433367e-03 4.8155202900288657241745227e-04 -9.9209532094764359133609588e-04 9.7471941910213001636353880e-03 
9.2625809598590330736376524e-16 3.5444113923316693963384284e-16 6.5225228525388865142464971e-16 2.5155840136197706143608383e-16 3.2201124799891359118397816e-04 9.1782414873528323125129180e-05 5.7664397044569748983222635e-04 -3.6279363524502529101886661e-05 -5.2665364645837806079065047e-02 3.1769933195543514914405137e-01 
5.2964322035438365227077995e-03 -3.1890678307514741529615776e-02 -3.5614822413262235190209186e-15 -2.0298289712052767921706114e-15 9.3999155663197114015522393e-04 7.2902548544936213951311865e-04 6.2538570469233205166570411e-04 -2.0958607674443542764029791e-04 2.2555546621822925689515997e-16 -2.4297457779947494727049526e-17 
2.0244511174188520134797908e-03 -3.2743230060611395364558729e-04 1.0607092200730619448861836e-03 5.4923830834371380454211886e-04 -1.6021690346608896855784554e-03 9.6656661491937752306302656e-03 -6.8684966277619151329741601e-16 2.1932318983853166634505131e-18 4.5851478750523503437799987e-16 5.7861238956899678478445921e-16 
3.1561276684473717809437110e-04 1.1182055680040654582676346e-04 5.7778409537541700578822113e-04 0.0000000000000000000000000e+00 
2 (band)
-1.1672256005694476854728237e+00 (Ry)
0.0000000000000000000000000e+00 (Occupations)
-4.0359995969985329455909095e-01 -1.5766269749621714818532681e-02 1.5970065529825373112915443e-02 9.5263291860891302631486610e-04 -2.3530451222712799726117662e-15 8.9397956255238397669545919e-16 8.5175219390949338804652768e-02 -2.2233792455256171788358088e-02 -4.9298390832027819130622959e-02 1.7879149481704360857836633e-02 
1.5234727670172386004370047e-15 -6.7015635312561826312149961e-16 4.4110259190308191701301865e-02 -6.0577861765604710045374226e-03 -2.5463970530731495911513917e-02 4.3886329210714170034890458e-03 -9.9951929389478291754222994e-03 -1.0029657681732122992412926e-03 4.9922989651401177462413224e-16 -5.2664805627432378000460775e-17 
-6.6713039862089628908982949e-16 3.0209238343005646519083857e-16 -7.5306134902225485561189089e-03 -4.1294920619100797254397150e-05 1.3167202207509226194459551e-02 3.9737533734551105935040027e-04 4.0181357510437559765748006e-01 4.1077409769301714836942097e-02 -1.5878735937651631410227893e-02 -1.9535218266826812408276659e-03 
5.6375496730271593862039560e-15 5.7012714087945071288575604e-16 -8.6403216931261378475070956e-02 1.6841722868092774689774416e-02 5.0323752803571479563782276e-02 -1.4748397492003590542042346e-02 -3.0787830722050951437978651e-15 -3.6534971510242985384551658e-16 -4.4403589211062410857522309e-02 3.2761264281786078855773781e-03 
2.5689287742715883472444105e-02 -2.7810770175854902103163013e-03 9.9124929672117084722415825e-03 1.6285900017678053754849321e-03 2.3499102924273785539866873e-15 2.2589784658964354584256228e-16 1.7994326159022739160451445e-15 -1.8548716044091228303544181e-17 7.5131606151846129504345839e-03 5.1406456795183557567652244e-04 
-1.3116268337831903448287285e-02 -1.2233666752460041135530666e-03 -4.0194489638528230202041414e-01 2.8771184657200417345013221e-02 1.6394805449700539101698382e-02 -1.5424452559176342336666465e-03 1.7146363599199797797523838e-16 -4.1417066367778719136907779e-16 -8.5704843455872800617179053e-02 -1.9320027568354127683880606e-02 
4.9759860928780937083804048e-02 1.6183287928395313076679329e-02 -1.7742399763003810135832691e-16 3.5355244783578135523522431e-16 -4.4423291869769232498299516e-02 -4.6920571657912977028836998e-03 2.5679578030638163660404061e-02 3.6050792035227643625439065e-03 -9.9211700570096834211897274e-03 1.3252880114707253980665946e-03 
1.0384440880269478650519472e-15 6.5675253649934493910491801e-16 -1.4621133449100480123393914e-16 2.1115809423777696672168791e-16 -7.5050943295354799814078639e-03 2.8657273647585959283623502e-04 1.3113388819933369591752559e-02 -8.2502449417406987716705480e-04 4.0295830757997463944519723e-01 -3.4760824302511169822671455e-03 
-1.6459304985131442689016978e-02 5.0996324077062370368207400e-04 -5.3862928945258958552115304e-15 -8.1805257133780483458985757e-16 8.4322609956396440966663874e-02 2.4663355553961562038889355e-02 -4.8645514153085524233777193e-02 -1.9275801425814007711290188e-02 7.6896322399404377169455374e-16 6.5254927388537420703625493e-16 
4.4041015943689726386267580e-02 7.4721600384782035225716967e-03 -2.5402540453204558446032024e-02 -5.2103994490533527689235527e-03 9.9848084169506419460748958e-03 -6.9971743609429672399596667e-04 9.5037000237071778545169361e-15 1.2044419383438864185243518e-16 3.0068237332737667768617358e-15 2.7323558626728649099256245e-16 
7.5082787912558847723265565e-03 1.8524152142683600504036168e-04 -1.3139316259185506233220231e-02 0.0000000000000000000000000e+00 
3 (band)
-1.0946507978491883950056263e+00 (Ry)
0.0000000000000000000000000e+00 (Occupations)
-2.6242721005898494990304926e-01 -9.4024209685316745277461337e-02 1.3023600426184656769779124e-02 4.0700296222975617527195524e-03 5.3468592005911806650522896e-15 3.8503668779393395718861134e-16 -2.1131932983540652193354958e-01 -2.6735808497160042096485455e-02 1.2129948602184101313916642e-01 1.6976338707464958682757938e-02 
-4.0330360326925760142770690e-15 1.5680317677738381128941677e-17 -4.4704763834779170927902214e-02 -3.0293887100493223363262274e-03 2.5772013289729011481510312e-02 1.6140126926592369971391605e-03 -1.2252046380343524847877923e-02 -3.2802355050230423173796002e-03 -9.6699118233958133353311074e-16 4.8431351952340685619713427e-16 
1.7953450787544560521612336e-15 2.3216913061710847474315669e-16 -3.2387524823124986574074402e-03 -2.0730277981968916849175866e-03 5.7154024429918242819481655e-03 2.9210315717844411234627167e-03 2.5600554093126121069090573e-01 1.1031661524351540903943203e-01 -1.2742342051219636422931814e-02 -4.8797569854542805281583107e-03 
2.1092943927994121591162724e-15 -1.4060884779101511830114353e-16 2.0922358410371602599475693e-01 3.9951901993260249823514130e-02 -1.1999417606726699159214178e-01 -2.4559297526851577020412520e-02 -1.5280943628506720922437974e-15 8.0352278823823672307765645e-16 4.4426332304227433844800998e-02 5.8304462500489030035710769e-03 
-2.5619813413055327749878742e-02 -3.2290659110743866536119562e-03 1.2021902073988255735259578e-02 4.0430750670716851524755242e-03 3.8988324912548497173511418e-18 -1.6351258804916798042959267e-16 -1.5793081332015138477278699e-15 -1.7760538611154069506626841e-16 3.1021950516663980221276908e-03 2.2723001023660033617646015e-03 
-5.5207113118742653229409356e-03 -3.2741406719376539916077640e-03 2.7622846282945245910411813e-01 1.7868002029560334231739205e-02 -1.4265049779630410708985977e-02 -1.6402172137405749557936829e-03 -1.3998813269517467372976372e-15 1.5702012719964080330675485e-16 -2.0323080649560759658456277e-01 -5.9373505257035566473611254e-02 
1.1728088869947918271297027e-01 3.2674095206493253273904998e-02 1.4604290549022249513164505e-15 1.3767313891549626679713149e-16 -4.3066232543749784211772891e-02 -1.5257478720553441231544411e-02 2.4788413590955318127617701e-02 8.8624119232871990253785910e-03 1.2499952589951575376847615e-02 1.8631478909474272730173450e-03 
3.0285566657016119621511401e-15 1.4861518667938270600025249e-15 7.8755652821431202724222756e-16 3.9867169605081466053551901e-16 3.7844379579151212270038407e-03 -6.1793240851097273533265586e-04 -6.3823731460165480239288271e-03 4.0154488277039605131912836e-04 -2.7456144792606212989838355e-01 -3.5177272298948916717797886e-02 
1.4133910871434753747655222e-02 2.5326905065207925248083054e-03 -5.6706859385381955738999823e-15 2.9968099033384099446343351e-15 1.9910168368128142168949068e-01 7.2017313131219076738354090e-02 -1.1499783824273260290915744e-01 -3.9973748275591185208366340e-02 4.8294736614586480822879750e-15 6.5986032125344937225518052e-16 
4.2023226155800466607992405e-02 1.7931522687128966658809404e-02 -2.4183023870163918023212801e-02 -1.0401401345464153166964216e-02 -1.2358298764833530042350773e-02 -2.6443499113942849597369555e-03 -5.7765339548168155426793268e-15 -7.5741773340227169381106278e-16 -9.0928002930615625718833818e-16 -2.6343234707964781903715439e-16 
-3.8157705310351412199276755e-03 3.7908623455228834028124529e-04 6.3949922023344082933071775e-03 0.0000000000000000000000000e+00 
4 (band)
-6.7941348091793130059556916e-01 (Ry)
0.0000000000000000000000000e+00 (Occupations)
-3.8255200309022790688013900e-16 2.5380451925821276893849111e-16 -2.0695971957481304948501968e-15 -2.1479522554035805625822660e-15 -2.8623711871532031558729159e-01 -1.9260550862472922140078424e-01 -2.8550010761148654156956662e-15 -4.9514261159008680948936553e-15 -6.2769156777998009006665388e-15 -5.5098614480944288744640282e-15 
-2.1254081711345157446046983e-02 -1.4301943050328825429717838e-02 -9.8339958017288226139366311e-16 2.2041657158227133548299742e-16 -5.6228882801822494093649925e-16 -4.4380493952253970003366085e-16 -6.2394006135530090229678698e-17 2.8981746926701012482927165e-16 6.0317232562812767016069415e-04 -8.0159322309860184252450210e-04 
3.0397176820034458449848458e-04 -4.9012272119188806350498222e-04 1.5596944465590942369641021e-17 -1.3556727843538092135179528e-16 -7.2756433801938872318877918e-17 -5.6508654965390306286184272e-16 -1.4494051491599773078488493e-14 -1.0257088835291647993558218e-14 -9.0237160948621857445525095e-15 -4.1495093325383011442820278e-15 
-2.7357849519542748462086479e-01 -2.1019842304270783261976874e-01 4.1149757878017700924659975e-15 3.8077677518635185791366659e-15 6.3044665697558801834106669e-15 6.4129021801280843266847065e-15 -2.0314115201712928254762502e-02 -1.5608276265461264870060276e-02 7.5492230664586275490872966e-16 -3.9898973687242372712976244e-16 
1.0160157793252465046546679e-15 1.5908536091152466877882257e-15 4.8249808225271813973357885e-16 2.1581454482851519326343123e-16 6.5231455775458077779582755e-04 -7.6213795828756895119754367e-04 3.3414700964933289825675722e-04 -4.7006903071136491717441075e-04 6.7341135700738297211323235e-16 9.0945113847622938132563880e-16 
6.0037032560470159514842507e-16 5.9973821531474838655384540e-16 8.0069794230904398092594687e-15 6.5994638977512609187556331e-16 2.0536786362798023003935746e-15 -1.4476214325341986797142049e-16 -2.7794408938565962063904635e-01 -2.0445034338798573347872889e-01 -9.5621652605835415102272277e-16 1.1492602529355316995933847e-15 
1.0647818792224484167644662e-14 6.5980364057831969629917283e-15 -2.0608145614537189821424690e-02 -1.5158785110067563711711003e-02 2.5567057987066724582925497e-15 1.7598036610301228222440694e-15 -2.2420278992121865555255461e-15 -1.0385362801060603658127731e-15 2.7360605664394179551232815e-16 -5.1558285299730813761967348e-16 
5.5150007451629159006128988e-04 -8.3819160282939530071805168e-04 3.5857707289234873847261209e-04 -4.5181285049403034897314013e-04 7.0577306174302413182772433e-16 3.5941121128185300575563767e-16 6.0138349400981001692591386e-17 1.5084591642274248338944167e-17 1.1196068506981280161533135e-14 1.1421426809190493496472966e-14 
5.3096058204875316916244262e-15 4.0637793118800898921476649e-15 -2.6455808693626997607495355e-01 -2.2149916111017778352909602e-01 -3.3050068181096058897935450e-15 -2.9322656826397378411857422e-15 -6.8156890130032765935460500e-15 -5.2786495092002094124393347e-15 -1.9615652154155300418425512e-02 -1.6422868880020806414687939e-02 
-1.3867009239690460274050431e-15 -1.0082135142501587448953193e-15 -1.0608018309126640124843516e-15 -3.4981166990784498657624604e-15 1.4400520054505683428634748e-16 1.9483654479587492660954987e-16 6.0304230130557047711431506e-04 -8.0190864696716706184337342e-04 3.8623906656024128633553083e-04 -4.2840606034209887569355613e-04 
4.6317175625013476685204491e-16 7.9300355507999386679526289e-16 1.3192112394879075577796838e-16 0.0000000000000000000000000e+00 
5 (band)
-5.9584674463540365785263475e-01 (Ry)
0.0000000000000000000000000e+00 (Occupations)
-3.4855228893319457721122756e-03 -1.4519402450145560412586576e-02 -5.3181725740220758824605696e-05 -1.7799426654075550802147632e-04 -1.1367605291885264163313038e-14 3.4708089302221584994682163e-15 2.1722316231011262743777479e-01 -4.6656143906592076331385499e-02 3.7357571805093037209388740e-01 -9.0194913913887925227541587e-02 
1.3513317460783289688570716e-15 7.9348982465980504977015648e-17 2.6897800675756561306073422e-02 -5.6575093196286879021483784e-03 4.6361933662344978479552537e-02 -1.0491273308478606118843146e-02 1.0371457731659988396599736e-05 8.5830339060840449283418252e-06 1.0753365033870109296476686e-16 -1.2337064605283267529641085e-16 
-1.0604446188536743557874909e-15 -4.5479751096649075563087139e-16 1.1752118954726560595691609e-02 -1.5376549229809324120799019e-03 6.4194604282238167461405176e-03 -2.3964554566212512530520851e-03 2.5669641829913977804089598e-03 1.4709609519104840935632694e-02 4.1900431280006596168608013e-05 1.8098234370263199810580090e-04 
-1.0019489012658144144244666e-14 2.8128363292696284355189112e-15 -2.1972408553431432842728555e-01 3.2924523448920925416949501e-02 -3.7850193721017971748565856e-01 6.6559921434396013273371295e-02 1.1158418261549596851464159e-15 -4.9828726486979452048169864e-16 -2.7199961959766746910638346e-02 3.9574186386957515421114451e-03 
-4.6929201478197540842174362e-02 7.5594812760649710697835602e-03 -9.8120588714053569648343434e-06 -9.2173264685259902184721881e-06 -5.9344723104493271342966213e-17 -1.6671820919775274365522703e-16 8.8945685551650967088906626e-16 2.4976252100775662222231579e-16 -1.1825478983961660792156856e-02 7.9669905749744918121990622e-04 
-6.5572677726029714867506115e-03 1.9886453438094230279642449e-03 2.7370230745391633565832823e-03 1.4665359408997477586034108e-02 2.4109004189130402162621891e-05 1.8060151481916544846662021e-04 -7.6180767538027031280730364e-15 2.6466618851121613810593512e-15 -2.1740781705903955423053731e-01 4.5995870629075293056775564e-02 
-3.7795918196774452857411575e-01 6.9984940290910541138558187e-02 -1.8243752199568630626166460e-15 6.8965683873317056565730346e-16 -2.6838672834426931246287751e-02 5.7895416745212431586242730e-03 -4.6558055071693596471682497e-02 9.3190134941589820860574633e-03 5.9902463922488231179430684e-06 -1.2259680806894833297870928e-05 
-1.8562050946086255330943259e-15 -1.5073087858040934686144663e-15 -8.5928454557241157575174257e-16 -1.0282728452391596737742675e-15 1.1366866896979792300736989e-02 -3.3902329627743268102013641e-03 6.8439719098298459204476885e-03 -4.3058621539982010542613189e-04 -1.8107766483351061398421322e-03 -1.4808279773000157519824427e-02 
-1.2721367623644026095819370e-05 -1.8175895588246580858449164e-04 -1.0665422695155005221135396e-15 -1.3551469391790830415976363e-16 2.1986691700715355057837996e-01 -3.2253958502275810460435679e-02 3.8160775661877704978408588e-01 -4.6114587601156650786826674e-02 -1.8997001071644979156864074e-15 -2.8206633917455102038986621e-16 
2.7149241173879158639525855e-02 -4.0929031257703569687822487e-03 4.7051329083998359725793392e-02 -6.3772200835309367922265622e-03 -6.7482177307943286281854967e-06 1.1859358443177714747380179e-05 9.1745144343298804588819875e-16 7.0912128273924202698428758e-16 -3.8231092141281573938457484e-16 2.4047729501775219543701734e-17 
-1.1557311470734424330153445e-02 2.6698116345656086254023442e-03 -6.8575036267903531628231661e-03 0.0000000000000000000000000e+00 
6 (band)
-3.4669930268716003807227821e-01 (Ry)
0.0000000000000000000000000e+00 (Occupations)
2.4529406796193410807138680e-03 1.6203538857744621826117992e-02 1.5251990748469041511009570e-04 -9.3012697387820537919811414e-04 -1.3663088686084549990808624e-14 -5.9916122229252823517469493e-16 -3.3957073603187443167072956e-01 3.7493870195836574710224198e-02 -3.0404427570451325602007842e-01 4.1531702265093950465768557e-02 
9.3889731365514166761537019e-16 -4.6380442785858949857185668e-16 -5.8373668824753907613533954e-02 7.4901141107052062600990538e-03 -5.2681969608861844989178280e-02 7.5438072730208980201660474e-03 4.5076886040787249049915930e-05 8.7143449131592271147614404e-05 -9.3607118703235051182502349e-17 -2.5640325721839301623273867e-16 
-5.2298833842200578340134920e-16 2.0895373185805368201421890e-16 -3.7212166657355529031381280e-02 6.0032344112497040833353878e-03 -4.1214215061592104905052736e-02 7.3464859794179528107438415e-03 1.4306717383536710682528925e-03 1.6325586294812358123529350e-02 2.1062210017005946610657574e-04 -9.1871477653034799848441594e-04 
9.2575060678024645993094195e-15 2.0848800045698760244854326e-15 -3.4125493034064230402080398e-01 1.6098061675277240689663216e-02 -3.0605211094089568302223370e-01 2.2358650906292600740732368e-02 1.0984383252108564928743655e-16 -2.1162257514188689401651847e-16 -5.8728789879863747824817466e-02 3.8100210891204282920297075e-03 
-5.3051693353786802398452949e-02 4.2209930510181247614864830e-03 3.9516154656627882875777336e-05 8.9801892534405896618976417e-05 2.0292782931589398763997617e-15 1.4949775658664185362995995e-16 1.7139694658062087649668015e-15 -1.4238862690936912458412225e-16 -3.7515683154307838398366926e-02 3.6548171222208301195388813e-03 
-4.1594177894016780283603651e-02 4.7441273917721666839031336e-03 -2.2306735593367486500393504e-03 -1.6224897083357999599817489e-02 -5.7928557601694694381699868e-05 9.2022003286488509785079337e-04 -1.5913739504767361572070808e-14 -1.4286396713100734720296390e-15 3.3795563209897794276770355e-01 -4.3959636452577569021293868e-02 
3.0525753872692795720666936e-01 -3.5589883202503017067819258e-02 3.0032895944278556633369274e-16 5.3074611314941544795482871e-18 5.9019908866567473426645307e-02 -6.6248474226790234065109786e-03 5.2645929994953606645413657e-02 -5.7907610868519199254222940e-03 2.5775513259843006031021492e-05 -9.5011700648175371596709793e-05 
3.8362393804948455490744673e-16 1.1562775952818362520120129e-16 -6.4984142315679056667914632e-16 -4.4000023940857829038330756e-17 -3.7600133329462867570747164e-02 3.4635976715169020968831948e-03 -4.1629318514336349776883139e-02 2.6190947223255129673591401e-03 -1.2075021174061026894841486e-03 -1.6332946106878284964203374e-02 
-1.1559534275369588891824169e-04 9.1476682460782214600936157e-04 1.8027734792408230531336771e-14 1.8726746282338032186472660e-15 3.4004900226885215186456435e-01 -2.2652482434313211956400380e-02 3.0688988995995619690759781e-01 -1.6352375250833571518338516e-02 -8.8012256725420891074546092e-17 7.3103728574636027293509252e-16 
5.9319424169693400761271818e-02 -2.9058840592877739801569437e-03 5.2905650175056037620713312e-02 -2.4736690471362128562748950e-03 3.1690485221612512962800767e-05 -9.3205758891508187248542416e-05 6.4423636329498595305581262e-15 -5.0406058047365274027434487e-16 3.5957892068016180337258244e-15 1.7366180976662757099166621e-16 
-3.7743419152507444447319784e-02 1.0958311465673763098610527e-03 -4.1711626881869100225141977e-02 0.0000000000000000000000000e+00 
7 (band)
-3.4618913896171099597864895e-01 (Ry)
0.0000000000000000000000000e+00 (Occupations)
-1.3863607491635867446921893e-03 -3.3811758410177885497693850e-03 -8.5373430274526547045094160e-04 2.6257617605400561736073151e-04 5.1986516735324424884584570e-16 5.9477524327719010443555255e-15 3.0658403095564085161228718e-01 -3.1683505996128943915657317e-02 -3.3931716889515939339361239e-01 4.4003513800953866774712253e-02 
-1.6579451915468747154925181e-15 3.1427062464486858873360418e-16 5.2357374509048926203291785e-02 -5.0802111701921349659616389e-03 -5.8373233287445515371505422e-02 6.5099302583842546740533486e-03 -4.3627167945270342152425114e-05 -1.6750006287477646298167411e-05 -1.3572806759449497705961275e-15 5.2388473973631799598148261e-16 
1.3888695844587701263912943e-15 -6.0047047224875321204614609e-16 -4.1851455556425859461100458e-02 2.6296475964439017941609578e-03 3.7878245651766027923823543e-02 -3.0300929953921799941962689e-03 -1.1713192951868921665853351e-03 -3.4615541745499529835417007e-03 -8.6853694760623809979771526e-04 2.0845162153842501651102026e-04 
-7.6358633620141792028315215e-16 -3.1660803657306050050690946e-15 3.0796848120502523515895632e-01 -1.2370415251362829045511660e-02 -3.4141060746462997821382146e-01 2.2610781597969101253120527e-02 1.7892142500331532226352914e-15 -3.8352582664076940256822254e-16 5.2573048289049968684327752e-02 -1.7826397872954102136189292e-03 
-5.8666808948677796886617131e-02 2.8317987533476446371238922e-03 -4.2489338097085978447099708e-05 -1.9456326516964234790707522e-05 -1.6529449780641425223554815e-15 -5.4113636645127550995260423e-16 -1.5695901163806755088060525e-15 3.2371456788983987812946087e-16 -4.1933988207700501060770648e-02 -3.4160498480085427219776761e-06 
3.7993762699834357499106829e-02 -6.4571907569165010697120888e-04 1.2076704898441406078879456e-03 3.3859148827443848184248765e-03 4.5525788504871935249984638e-04 -2.3065044873499251920634379e-04 -1.1085365117510654161216121e-15 6.4830803209913926270259959e-15 -3.0585373706376761671066333e-01 1.1912952113700806672236254e-02 
3.4066398523114999052907592e-01 -8.7203587070490487520579848e-03 3.9246539488555461009295668e-16 1.5367328525466854832103961e-16 -5.4150758137058017938070265e-02 2.5183361938371246618872945e-03 5.9611796300135203030556852e-02 -2.6321824700900730426011975e-03 -5.0518617345618032493659300e-05 2.1846851960319302841939670e-05 
-8.6834801824085988895997070e-17 -1.0621313542431785988269926e-15 -1.9945429975837967657665367e-16 -1.5842417168014416481547024e-16 -4.1486446123569040156375820e-02 3.8393228083767744207577266e-03 3.7431356653602178286011082e-02 -2.3549813487138441733814709e-03 9.9268407340033092307873819e-04 3.4550638106334895585658451e-03 
4.6884219910049045650785038e-04 -2.0160943364216747653028250e-04 3.0223684246287598202094839e-15 -7.2714476813784238714235706e-15 -3.0599822503167634080156745e-01 -7.3152704262563657267026684e-03 3.4053931852728391849183254e-01 1.2687317546469747964188457e-02 2.9226184029818607359821384e-16 -8.5862211846409269856465869e-16 
-5.4202031623389337888774264e-02 -8.8678740371396199207443267e-04 5.9659442141940820236722942e-02 1.1160672005140924098465227e-03 -5.1790705583517350734778367e-05 1.8631651958824039665195763e-05 -9.5281032524294886124766766e-15 3.2459886280420847693811293e-16 -3.1411491921485399051316553e-15 -4.8659733271609458630344479e-16 
-4.1645655172596753035296757e-02 1.2267912762996420993066859e-03 3.7505364923989252534664018e-02 0.0000000000000000000000000e+00 
8 (band)
-2.8743913196360237893856038e-01 (Ry)
0.0000000000000000000000000e+00 (Occupations)
-2.5660145706517291360161357e-14 -1.7334751557964129884710979e-14 -1.3928354930766305707832703e-14 -8.2800143886495989286751500e-15 -3.7199304019156381739819039e-01 -2.6411431724374911933495014e-01 9.5548878383405298489090074e-15 2.0719684140322857015532025e-15 5.9581433049479434786526679e-15 7.3095697995632939072069959e-15 
-4.3874055874465398008332784e-03 -2.8719163704094812644695978e-03 1.4177922464327628008458989e-15 -2.1133340701782885047351513e-15 1.5419414080890583219767737e-15 1.1630752247943520774175009e-15 -5.6090138849232080338677536e-16 -6.8285412126587482985763758e-16 -2.9363930589698182538338500e-02 -1.8343832803155272342943150e-02 
1.7758845632834890926332605e-02 9.4265750609464731002429261e-03 5.8030933911699798970661172e-16 1.0575068922198272417573346e-15 1.3842216146750137059406760e-15 1.4529964823008865139713211e-16 1.1457531399110783733428802e-14 5.3766059363906871854546765e-15 5.9582859072354164258238190e-15 9.1566352023280146185778900e-16 
3.5467512170560472339886360e-01 2.8695078422476233415139291e-01 9.7409055800184458946625304e-15 -9.3923772630585911122677609e-16 9.2453578070405910911699592e-15 1.0780490550554147249885862e-14 4.1984189237840230032872135e-03 3.1417367756991117222487020e-03 1.9313195496473469070145225e-15 1.2154443823243329873938350e-15 
6.3136704370190135790664415e-16 5.4403491447515672857806786e-16 -8.9793212390842199638900286e-16 -9.3568027664579656292424756e-16 2.8154168788362448488937773e-02 2.0151411896517413407936559e-02 -1.7131903062142430499426027e-02 -1.0523061011887239676876327e-02 5.5596309112934027440786413e-16 7.0916043036271153061669665e-16 
-1.7165728490549678918107987e-16 -1.1385366551545825881453543e-15 1.5961009222631889589951177e-14 1.7921777532206262072583330e-14 9.2289389587576914214319978e-15 8.7605929040525276639728854e-15 -3.7572402213101890877666733e-01 -2.5873575813361582298455232e-01 -5.2413676101612193512224104e-15 4.1285854493552824523300399e-15 
-1.1226780948863504267900234e-14 -7.7228267373665881401926418e-15 -4.2202982772543886497151888e-03 -3.1472741172639618137396589e-03 -4.4070027108780072434012683e-15 -9.3148769706730752180197447e-16 2.1774700253334643783871772e-15 -3.1557854682485631066869981e-16 8.1754336707915508550536315e-16 1.6297511250803656986667536e-15 
2.7303191894332518724342052e-02 2.1281179766896925198427226e-02 -1.4946540044360820051472238e-02 -1.3442804685178824306013290e-02 -1.6843660346404053672302486e-16 5.3830415858247683869950829e-16 1.3691772044824626802354200e-15 1.5859557954726245706025423e-16 -3.9104206365398446847436936e-15 -4.0862588649990901159046980e-15 
-2.3060924488731980055053052e-16 2.0113371277391316314826814e-16 3.5873646392531444160312049e-01 2.8181710876675153398807083e-01 -1.6438060748971424171215478e-14 -4.9746181705338717721306090e-15 -3.9453518288914569309541441e-15 -9.4400676209512645020496074e-15 4.0143515057158522113534005e-03 3.4060584121196344278836854e-03 
1.3248071909458864672267672e-15 2.1525441721744770458747881e-15 -2.7797455993371078162627757e-15 -4.5487319324947372197652760e-16 -5.5356418977825839886550809e-16 -4.9684353740289265971319931e-16 -2.5913058948191097785596071e-02 -2.2953567823705035844117361e-02 1.4072965771681579527641048e-02 1.4354779395399874103445015e-02 
3.1028171962541666752220469e-16 6.0086548611166502009679091e-16 1.1192131554706647094867415e-15 0.0000000000000000000000000e+00 
9 (band)
2.2758662477941865587283132e-02 (Ry)
0.0000000000000000000000000e+00 (Occupations)
-4.0616752779346964236383500e-14 7.5163723247678306174365825e-16 -1.9045742967175347435280294e-14 1.0977152209355725561223676e-15 5.1970230091278124540110639e-01 2.6000139850062775614958355e-02 6.3992993701604572543491472e-15 2.1657210635901397260791096e-15 3.2541907344347050333300440e-15 8.7597077846296504218338736e-16 
-2.4886588841624028567434124e-02 -3.2392426962645545079899634e-04 -1.2161499090833770237000881e-15 -1.5000700695322129030093506e-15 -8.8422060215828388451704307e-16 5.7072965803886355729991536e-16 -5.1816937363782201813395450e-16 -7.0112778797478266059891261e-16 -6.9804527654276124493115674e-02 1.1388432160564648798484200e-04 
4.0326399155772220395110850e-02 -1.1795333426298619527994305e-03 -3.2054447251345654858300653e-16 5.0989866022679485494857005e-16 6.6336367844636420689860031e-16 2.1674726071932860672331772e-16 1.0543635160033241381991234e-14 -1.5578311793872529798791118e-15 2.7712237515699113081836198e-16 -3.3215574201636901666430067e-15 
-5.1704422484762102563138342e-01 -5.8581211988130245382766503e-02 5.9129694870652560042166418e-16 -1.9671283314622763387980539e-15 3.8638378174348527957518543e-15 7.6169084434414962566957820e-16 2.4817141470175930334507441e-02 1.8859269217520015574085512e-03 6.1610109615940679203092382e-15 1.3917562556911684124429176e-15 
3.2306566066640665229201879e-16 -4.0929916744368368025166332e-16 1.6681962934595594072725608e-15 -1.2626870872184884733273576e-16 6.9673935219997262802138493e-02 4.2694029599987561029994509e-03 -4.0320887730113892655214869e-02 -1.3549097507204038715045158e-03 -6.2003435622052750968791821e-16 -1.8600995834562412823719053e-16 
-3.1803653455193849319767254e-15 -5.5778980424526183856666865e-16 3.6065690421733121934768514e-14 6.2388010050126179726250591e-15 1.8741333775972704630960456e-14 2.0341517312979702512761652e-15 -5.2018706364104339012754963e-01 -1.3596880419559666947071364e-02 8.0510566387385263430827446e-15 1.2894514528763095419597368e-15 
-3.9874192733869275064583903e-15 2.1148337699738960044777648e-15 2.4862000161372421053185278e-02 1.5704688082369125043391556e-03 -5.9208302303755833509310793e-15 6.0440150202224655352961945e-16 3.6674829436918126830546606e-15 -1.4394782422402413112146071e-15 1.2254068295533829532373186e-15 1.1317759099443272944808447e-15 
-6.9597920371140972739532060e-02 -5.4222167503291587159486298e-03 4.0122336455147789013864212e-02 4.2431386118371499857615525e-03 -1.1484825551081453468473596e-15 7.5092381905798084756697025e-16 1.4231597134275054659148355e-15 3.1019037832083444709117797e-17 -5.9593717048116075222261236e-15 -1.8789469025503984086678445e-15 
8.9114412729644091927210179e-16 6.8773797252175824248795607e-16 5.1830683811086908363563452e-01 4.6232866060414282149970688e-02 -8.8537153952135658156342614e-15 5.8613646079844442258503659e-16 -2.0579369544838067213159625e-15 -2.5038984381638061450444978e-15 -2.4714330130869478080457569e-02 -3.1284677534536950611887551e-03 
3.8549571698995941250044695e-15 2.4057622532628667124793345e-16 1.9288148786501195476480246e-15 2.3403574549304501719739460e-15 -1.1231897429961975146690594e-15 -1.9089043539222413410208428e-16 6.9120120966666503958819590e-02 9.7816068224237644884722087e-03 -3.9776735311359022462252000e-02 -6.7540680977880634613952360e-03 
1.7066774198572676760599791e-16 3.8909864453891193419835534e-17 9.6503099358592663775658303e-16 0.0000000000000000000000000e+00 
10 (band)
4.4285519443913040626981115e-01 (Ry)
0.0000000000000000000000000e+00 (Occupations)
-6.5987196792737157213792898e-01 6.9486219707872998174735812e-02 -3.8647087158559718413075590e-03 1.8271229643432307376826884e-04 -6.0259276362136665593220335e-15 1.8639349432720406107710048e-15 2.2413355762311201746506129e-01 -9.5956581306919815077538516e-03 -1.2737117735578404320584411e-01 2.7793219042002589858064709e-02 
1.2513657063128661429219655e-15 -2.3096794709570775943262632e-16 -1.6912621595270859592430313e-02 4.0048254924921027064765866e-03 1.0199879091331954389376691e-02 1.7014868687484085985062165e-03 6.0429722962042173306507209e-02 -6.9004982472791950853796550e-03 1.0826947128640604782417099e-15 -4.0034438792108434883571778e-16 
-6.9512527290636372909013582e-16 2.4697552410685744080329180e-17 6.7504451859764627585924757e-02 -5.8190036869162874155758658e-03 -1.1707974564902329239757250e-01 1.2214826066283605149331848e-02 6.6293293716771772849938316e-01 -2.7915400836908563220184476e-02 3.8685551960477952693207015e-03 6.0315312643592459973529429e-05 
-5.5524142970803759396442583e-15 2.9195413388384759393416538e-15 -2.2429379760475881555592537e-01 -4.4967392358227879778365121e-03 1.2886499009549190475354408e-01 -1.9740673073764918032946269e-02 3.0131146585813312002779311e-15 -4.0403848828462263192804693e-16 1.7130713473185149586797138e-02 -2.9349705876305642870960355e-03 
-1.0072914715415139108589671e-02 -2.3385850803632132755005557e-03 -6.0743764577595615872240842e-02 3.0924679904579125203079037e-03 -1.1412892793306978522660354e-15 1.6031227954724077213102811e-16 2.2222922622102504562732033e-16 -1.3411004350475972640742793e-16 -6.7736625508595604827632997e-02 1.5688816095535407235672665e-03 
1.1761569078994289772044368e-01 -4.8392248415893594423731194e-03 6.6167531117675260077248822e-01 -4.1063767448439605911580941e-02 3.7211053011836922946309336e-03 -4.8702899533289642497457805e-04 9.8101549780306799056255362e-15 -4.1971829383354367915035335e-15 2.2306649117195664899782059e-01 -2.7784572472405930781969019e-02 
-1.3047825643972921216828809e-01 -6.2347520191551267926266533e-03 -1.9107937741505223269266781e-16 -1.6675411394125989024741771e-16 -1.7512465265634984123988005e-02 -1.1247150313761413581437054e-03 9.8739332637363414618691948e-03 -3.3849749278935456486827604e-03 -6.0751835062700404455071634e-02 3.2274118648431171681167928e-03 
-1.5471637015705145837292528e-15 -1.4753443348304049991851895e-15 3.6094160673321794122135804e-16 -5.7118880010298484220405506e-16 -6.7535399511558139029610004e-02 5.4671701956496435506616116e-03 1.1748557703214500269606191e-01 -7.3915659860811101095068310e-03 -6.6294806138747586210513418e-01 -5.6419906500553809909626057e-04 
-3.7443433535226484584756967e-03 2.5241781977720359128603000e-04 3.3620531166021209861753485e-15 -1.6681670404770780172039439e-15 -2.2437092814667314311094515e-01 1.3723285095142119874300768e-02 1.2982930408714055126040421e-01 1.4415246669349920591307601e-02 1.0952671246195220036728350e-15 -1.9223098475319519227195284e-15 
1.7407286974648533001142070e-02 2.2221124554452072012711294e-03 -1.0066993646227283265570662e-02 2.7583060536690196147546761e-03 6.0834606061372878405002496e-02 5.9359598118732370252564889e-04 -3.4422645939462427674710657e-15 2.5651581506594846525774498e-16 -7.4395638761412788264777238e-16 -7.3139160317023825977658376e-16 
6.7745420284560528556561110e-02 -1.2157991621796024762219846e-03 -1.1771786635127144682311240e-01 0.0000000000000000000000000e+00 
11 (band)
5.0524311031887303435894410e-01 (Ry)
0.0000000000000000000000000e+00 (Occupations)
-4.7775784548636981291513948e-04 -1.0359382261731463203968673e-02 -5.4134428526789320993556354e-04 -4.5177496017665894068038313e-03 -1.0633396846582645250850283e-14 4.9401724531414298212212667e-15 3.1300371306926816350468812e-01 -2.5708278879004540368180542e-02 4.3419892864123760256589435e-01 -5.4520980805479873909646926e-02 
1.6008094880543331172099912e-15 -1.0327041593827376784903678e-15 2.1548304283691688959523347e-02 -1.0906678899204793470323338e-03 2.9823826305798547403602683e-02 -3.6753531982437019631770880e-03 6.5341758233895624007059322e-04 5.5101078484115226588380132e-03 9.8323576323842715628891715e-17 -3.2491390042332374154867706e-16 
-7.4051126336002192367658299e-16 1.6739571730401128029805230e-16 -1.2797642731803748894492401e-01 1.6717654723221675450162138e-02 -9.1078727995884400936432712e-02 1.4095380000584179641665017e-02 1.7365589465749044217890429e-04 -1.0368939050555275871445815e-02 -2.5660422136608183538153405e-04 -4.5428261438270759256519149e-03 
-6.2452924092378196730769100e-15 4.2257241847501720887635159e-15 3.1400030792747851693391681e-01 -6.0038837049051010930078576e-03 4.3676553694888481382818668e-01 -2.7149819795538043809557394e-02 9.8713968180407771765201649e-16 -7.3460813461613344016241564e-16 2.1574267230862802235957787e-02 2.6451351496900935011957756e-04 
2.9995753133959031366817527e-02 -1.7954471801684690479561368e-03 3.0614567754412938017927193e-04 5.5402633387031880243811521e-03 -1.7241763608956249546034434e-15 1.3022117720151833826694938e-16 -4.8184431216146494627210229e-16 -1.5901661413530987626075042e-16 -1.2877360529753442697220578e-01 8.6489598916061512234865205e-03 
-9.1784061164354516226815406e-02 8.3486853390031118271608079e-03 -1.7688814984154644250474719e-03 -1.0177476990835876424768003e-02 -4.0328471862744266502459611e-04 -4.5109212103897284099063292e-03 1.0765079621617299215488817e-14 -5.6998009483893439098271706e-15 3.1135885315135225503979655e-01 -4.2044771748433032443337254e-02 
4.3585599756987419839404652e-01 -3.9151106617850851832063341e-02 -8.1776270375515254957133750e-16 1.5628619915316281300626457e-16 2.1158526408566427634561080e-02 -3.5737661969407370776696808e-03 2.9899151683934966500233443e-02 -2.7376716177284991099449840e-03 5.2616562014610708877815348e-04 5.5227203017945234592156467e-03 
-1.1833965500097977421049621e-15 -1.1975866930684058413261365e-15 -6.2106161409513469111480005e-17 -5.2714002054981269965474431e-17 1.2860950677686674992195037e-01 -1.0896669942689797203061453e-02 9.2004206748232425505662491e-02 -5.7884140535039863700861318e-03 -1.1263419469985658238897486e-03 -1.0268463053074213670035064e-02 
-1.1924584199298610392298015e-04 -4.5273423948054523913153702e-03 7.3419976913476081351703369e-15 -3.3948173728771822951826240e-15 3.1338447063941449188817501e-01 -2.2411421846174263416973105e-02 4.3745425364518769617561134e-01 -1.1706226324785067027800523e-02 -3.1160126439933738833123517e-16 -3.0610003782636790576896334e-16 
2.1341173526090419232392748e-02 -2.2381593200331843969419499e-03 3.0012052361069872785659385e-02 -8.5488618043222342965381522e-04 1.7835287551296703182496239e-04 5.5448606874691722806725025e-03 -1.3907726075151684542797548e-15 -5.6327916030528483903053357e-16 -2.0665455211503551747951382e-16 -2.3310686036737920786183313e-16 
1.2903993286012224728231956e-01 -2.7997101067389618123115724e-03 9.2186114988263442859839358e-02 0.0000000000000000000000000e+00 
12 (band)
5.0817309877950811447533397e-01 (Ry)
0.0000000000000000000000000e+00 (Occupations)
-6.7413084585123822511931735e-03 -3.9161867174291702109467650e-03 1.3251258501607965476117024e-04 -2.1146396427271212797860400e-03 -1.2236406733059093897674717e-14 9.3225063066475316346512144e-16 4.3585656609067680022917557e-01 -4.6520399475790188970059091e-02 -3.1120415095462861110320318e-01 4.6852145856981976257404909e-02 
2.8173699824938538546036665e-15 -3.7486772182736885598200875e-16 2.9965795389041285229358991e-02 -3.2102948163010985860310598e-03 -2.1364387351676436543890247e-02 3.8655596580842131737565381e-03 6.7748399433071064199007871e-04 2.5142223404574504108666133e-03 1.0017668509750322081358470e-16 -1.7902464282931047830838041e-16 
-8.0748069869553667896861953e-16 6.0735037588330821873421181e-17 9.1924416570905775891731082e-02 -7.1608121056937305837220009e-03 -1.2831877731617599702751420e-01 1.3056355781976934984922600e-02 -6.4821066276637070990851441e-03 -4.3317492779172059313985699e-03 2.6503042349594282435509829e-04 -2.1021463503802552408306070e-03 
-8.3619075230877663376918680e-15 -5.5527716962044385409729049e-16 4.3791754277129946171243091e-01 -1.9060941868906278173767532e-02 -3.1353193122998807007562050e-01 2.7219023531372236318626179e-02 1.5738330370618165824996595e-15 3.3882702944064128148549498e-16 3.0108240816225390751315061e-02 -1.3223921722164515279995811e-03 
-2.1564950112671767146199642e-02 2.5164508778644859021689228e-03 5.1827780746592044640308483e-04 2.5518006689641678161328819e-03 -2.1732123287090378459912216e-15 1.8333319475235790499936720e-16 1.0377259902136913107886002e-15 2.8932981133951857402412591e-17 9.2192655845315440998888334e-02 -1.3747000048213522688939081e-03 
-1.2888538488350534394477620e-01 4.9733893532340964216409418e-03 5.7324933122996036757856864e-03 -5.0960847176934366553613387e-03 -1.5593897381717343507759321e-04 -2.1614750604130057026752709e-03 1.0442711067909425754200750e-14 -2.3071667329784882895801221e-16 4.3831835914170752532825759e-01 -2.5594057256486647811133395e-02 
-3.1513788543325327307087491e-01 4.2641579785700836624506849e-03 -1.8074247817685500435267056e-15 1.2821711957035052366861000e-16 2.9281804042324492687310311e-02 -1.6083745837454661159471314e-03 -2.1238370477005771158607317e-02 -4.6737282507777755391487062e-04 -3.9584689136933331587292484e-04 2.6025780471303485916201303e-03 
-1.1136921382599021842717219e-15 -2.0781056069528002835152046e-16 -8.7597242538530086198570590e-17 -4.3154668234683278181708308e-16 -9.1973467617500428983312588e-02 7.7934876547921701217536139e-03 1.2890519110903725374939199e-01 -8.1100272058915109929522202e-03 6.0411673532961562838039526e-03 -4.7260825253221576749962374e-03 
-1.9911121874047698308840548e-05 -2.1670013723019783055678822e-03 8.6985209899475516049594108e-15 7.4511817891285481108312159e-16 4.3906050213625619216273321e-01 1.9786842588409153664841256e-03 -3.1478378149758767801102977e-01 -1.5531927912869713040433517e-02 -2.5244678504776432191865950e-15 -1.6571569794183319752314002e-16 
2.9325013766558705868847667e-02 2.3341886467054609455296088e-04 -2.1167114821819855985385317e-02 -1.8000188877757032288040584e-03 -5.5848300565364110154692456e-04 2.5725870218927661230157167e-03 -7.8789268640580838973923310e-16 -2.6979629532816420628146691e-16 -2.3145309836883980324288264e-15 4.4169804812920055126642196e-16 
-9.2281336127299981586524780e-02 2.0030471725424451624741895e-03 1.2916005898164431564545396e-01 0.0000000000000000000000000e+00 
13 (band)
5.5303035607834061249121760e-01 (Ry)
0.0000000000000000000000000e+00 (Occupations)
-2.3474083072864214416508588e-02 -1.8966973467647682549674926e-01 3.2820859069377893157959392e-02 2.6543622528419985595604658e-01 -1.9546682688394659820917307e-16 -2.4194357918642563000113112e-15 2.9500916521627493227519778e-03 3.0722662234341970716178238e-05 1.5098023394758477988553125e-03 -8.9763978755016352734097396e-05 
-3.8390133245486110085069196e-17 -1.4874980400095140274466083e-15 4.0316052035704250111614044e-03 -3.7440328299598638582545984e-04 2.3074841574391574683389194e-03 -2.8877330449475014165217068e-04 -1.6915895193511745059344875e-02 -1.3687142489432774228319545e-01 6.1332281928570494900578511e-18 2.3778671550464138559671637e-16 
1.1460682042266135200621990e-16 2.5050878742227545020248420e-17 -2.2361248321549624835935521e-03 2.8206730605627602058438352e-04 -3.9271884507897508731488756e-03 6.0966471620205718324331245e-04 -1.1518301152735603565258060e-02 -1.9076941465263660968609827e-01 1.6089216113725608725548710e-02 2.6697328631910932639215162e-01 
6.6860426636820694002640933e-16 -3.2370680177468987934889203e-15 2.9423412282541744691699570e-03 2.1589982558797366418365526e-04 1.5124594162999049906659366e-03 5.2144232396472353641136976e-06 -8.1326003012884200903821887e-16 -2.2743189239283502513856788e-15 4.0471587282841746391337523e-03 -1.2051789837929657118673066e-04 
2.3210630903651649492580589e-03 -1.4331534729393512542228173e-04 -8.2882876605831004579449939e-03 -1.3766349825010121277202302e-01 4.6836616232138025343267588e-16 1.2686767115574712471468343e-16 -4.9405583837139737120981447e-17 -5.6661835361932866775467411e-16 -2.2494235032820934783170941e-03 1.4110327071811904495537981e-04 
-3.9577202057321028694225618e-03 3.6187147903351141739816677e-04 -1.5556711162779110479981171e-02 -1.9143061133309899335408488e-01 2.1626335424134592033684754e-02 2.6623347719000872713124295e-01 -5.3557579470157498992162221e-16 -1.0494576035919746787766591e-16 2.7789400889392324237037180e-03 -1.7387918068180903668346060e-03 
1.5258644810143447145822648e-03 4.2810871092890414018466982e-04 -1.1305454130913445684523159e-15 -2.7652851180287889522117129e-15 4.0586062383814866180720138e-03 -4.0427135276956951623339442e-05 2.2971705529787889155102221e-03 -4.2202628359739181428816890e-04 -1.1172919552917701113692317e-02 -1.3743008406947984645363192e-01 
1.5906794276920545466114433e-16 -4.7314418040887150756181166e-16 6.8192513059781795695761816e-17 -3.3978454219524838097891262e-16 2.2512832984783468295852948e-03 -1.4790021918512644616069962e-04 3.9657484104405954158933945e-03 -2.4950374165778291691425439e-04 -3.5059860074648629274518541e-03 -1.9202968072586226733200476e-01 
4.8667224423869052951641123e-03 2.6706605507481795402924263e-01 -1.2965579269658057672380606e-15 -2.8055112864034749308775533e-15 2.8826361263630771725186008e-03 -1.5608696064508841873375022e-03 1.4959723676404601024059193e-03 5.2307375968052691097426310e-04 1.0305731585449428788395798e-16 3.2161130322367321267444383e-16 
4.0531359469002693762806899e-03 2.1449463271416296006495472e-04 2.3191368612322936677838658e-03 -2.7695297866607733721505680e-04 -2.5215659707108701095834569e-03 -1.3786045061487237073372114e-01 2.8931580382531117190289788e-16 -1.5655877102011391024547300e-15 -2.1957046162222525272942299e-16 -2.2988359967469076544620230e-15 
2.2561276367463029522697493e-03 -6.2491239706155222641530828e-06 3.9735893814049480163297368e-03 0.0000000000000000000000000e+00 
14 (band)
7.4848395626253794166160560e-01 (Ry)
0.0000000000000000000000000e+00 (Occupations)
-1.8324714959674987155100699e-14 -9.9674681518853812787669954e-15 3.3895775790562965361317521e-15 -3.2862206116291029536228357e-15 7.5984589303350869027298131e-01 -1.1176777929294851032793190e-01 9.5194303568813599796816405e-15 -1.9180281371366014311889072e-15 -3.6938779795118129865864992e-15 6.5814157958354099401803113e-16 
1.5267403501864520998232422e-02 -2.1997370091376700074192740e-03 2.4848182779727035285513383e-15 2.4073846486854146106649393e-15 2.7228033817719955433973510e-15 -4.9738348662538515308015068e-16 1.9479573533132247632843156e-15 2.1289023123657464441730381e-15 -3.5303884798154052618995857e-04 -4.4098482012876541458190616e-03 
-4.5405492465827384466342531e-04 -2.5104404755084881208093694e-03 -2.8045079165851622179684232e-15 -6.3399644914072122465100254e-16 -5.4586209395322671799099680e-15 -1.0104924255215320518968467e-15 -2.0731557227107669181052385e-14 1.1413853055278156416620281e-15 6.1297520406531084830777076e-15 6.2576088359655512966799374e-15 
7.6536446766234444982757168e-01 -6.3836112725645557941511754e-02 1.1057795211260247711049845e-16 3.0283507926246891778201347e-15 -1.4040587296688626317547233e-14 3.8977468564380702125408081e-15 1.5375399398181079785308256e-02 -1.2367481328858197231479465e-03 -4.2409695602603793628118324e-16 -9.8854761282879909493443106e-16 
8.1363826249507050784808729e-15 7.7284904290301464022574128e-16 -1.0792968052684347612001929e-15 1.1256793306412426500571527e-15 -7.5445546852229955600739608e-05 -4.4233138658761909575711790e-03 -2.9552708928057942142780812e-04 -2.5339970392995077308473384e-03 -1.3557079033626512278787166e-15 -7.9786483805174048790430679e-16 
-8.3935972621668654757480410e-17 8.3845073754856524738348373e-16 1.7674710143749818350785516e-14 3.3697366995843022595125177e-15 -1.2598627267861709558592783e-14 -2.0580623908988877946985335e-15 -7.6388540210488697912438738e-01 7.9920603262469330774209197e-02 5.5566543770303694860447528e-15 -5.2967859472955088834357021e-16 
1.7706952799726405493901923e-15 -2.5546584668184575679525084e-15 -1.5380510030942651233942797e-02 1.6574967584960876090804938e-03 5.3958029081161300532548046e-15 -1.7658563731866668597943850e-15 -7.5526730316414755408849845e-16 2.3135055229935252025501904e-15 -3.8039593910170914799948863e-15 -2.8834404842814389107070065e-15 
7.4646630630327559519088254e-04 4.3600019797346029754026020e-03 1.8403049406693269547490022e-04 2.5441380698283675224069533e-03 4.3376813528219381436509707e-15 -8.5635830918736586850307078e-16 4.6571311153349059692437652e-15 6.6040932824036818526560943e-16 2.3706213749149323184384351e-14 7.0788662289378860368103655e-15 
9.8903350546820135216029249e-16 -1.7816831147770994855030563e-15 -7.6739630495680277721959328e-01 3.1798136949032052012142913e-02 2.2704720824907237968397355e-15 -2.3943295074077010925080177e-16 -5.1234552388033965173469347e-15 7.3011799456834588890479223e-15 -1.5454235190322518356254022e-02 6.8847585179142973231536384e-04 
2.9718574334432021383745091e-15 -8.1090553532229475535532342e-17 1.5321380302472432501087712e-15 -3.7000771376382668926162963e-15 -1.9961118495585045968145996e-15 2.9839826484320284517451503e-16 4.7122653611435114584179984e-04 4.3982695189602565022379821e-03 2.3919600765147192928316774e-05 2.5506731648328620325194560e-03 
4.2040513782989956933475439e-15 1.8009678216079479566053901e-15 1.9603404256396306505329423e-15 0.0000000000000000000000000e+00 
15 (band)
8.3814488280930710129013050e-01 (Ry)
0.0000000000000000000000000e+00 (Occupations)
9.6241230196917204597895079e-01 2.7590873062716886332523814e-01 -3.7791650894456046971825458e-02 -1.0787879974209720057576334e-02 2.8127487906390073313197529e-14 -3.1481573025145240676173975e-15 7.2499773275403432692964856e-03 -1.4765195958274551779609851e-02 2.5251460642980796955647804e-04 -9.4609617661253128662046663e-03 
1.1055671216790324380430708e-14 3.0870676197993894411861859e-16 1.4035945283980832964942920e-03 -2.7347338369845403116542570e-03 1.2592712810049859484262669e-04 -1.8184133641488339772074312e-03 -1.0216148783788016329854287e-01 -2.9272767968406193661579096e-02 -2.5458627182870524618633684e-16 -6.7199996074671352749169962e-16 
2.7069200410839686496610143e-16 1.7620024316482193433972983e-16 8.3643623361392407597469933e-04 -3.0633355610144158420737881e-05 -8.1408032657252944741532730e-04 -7.6347801003029402977517748e-04 9.4318874859466605986568766e-01 3.3579465621467513569697871e-01 -3.7039701115886967952572917e-02 -1.3139549950876371064989456e-02 
2.4976068953826919445253836e-14 -1.0468650986619634030738383e-15 8.1627854785979118285021983e-03 -1.4280830373858476728399225e-02 8.4607503109292506171534853e-04 -9.4264371958988207866880771e-03 1.3896749207985837142751803e-14 1.1769246053201621185845972e-15 1.5725402136065377151075140e-03 -2.6412050348038982466869484e-03 
2.3985775952990902315509203e-04 -1.8069181109557873321502797e-03 -1.0012184316940414552377092e-01 -3.5629777744773154235513601e-02 3.7823432862846275862735251e-16 5.5468764472206948888555422e-16 -7.5283053250835241046481922e-16 -5.4256233449417189415107054e-16 8.3670920209067550787906953e-04 2.1947357979930012805702688e-05 
-7.6453474411541043863349554e-04 -8.1308798722761876226483579e-04 -9.4994983981870761979848794e-01 -3.1604647288254439363441861e-01 3.7233332840044604250540061e-02 1.2347450626892280539648183e-02 -9.9568485514482779515977378e-15 2.9132570228730216301428981e-15 -1.7080963791632451653779157e-03 1.6381554967408163553388434e-02 
-5.5187450180510383423992948e-03 7.9095063608776994268367844e-03 4.1535854041881680087057840e-15 -9.1242616879931269829794028e-16 -1.1524453245685102945050637e-03 2.8888603512729985750562278e-03 -4.7413535325576371126654607e-04 1.6484878152343111767930139e-03 1.0091162629287632468422231e-01 3.3577233458329698578825884e-02 
4.0492142660942965092411003e-16 -5.3949337889072529056850179e-16 -4.7172398310919573789760942e-16 -1.6781864458148185800344388e-16 -7.7115538712464607243313175e-04 -5.5310921614839300003430012e-04 1.2752003198908522935139942e-03 -8.0228803810296865639539732e-05 -9.2823060857748584950854820e-01 -3.7507067133125748803479382e-01 
3.6384558523108304073367947e-02 1.4660986066421561810346752e-02 -1.3574741663141926359478516e-14 1.1338773702829033460873818e-15 -2.7333321882353068914273120e-03 1.6241977451635386531236804e-02 -6.0044970489875866895279621e-03 7.5473738899994400469717348e-03 1.4491377989392163325303146e-14 2.6303720573692267882277415e-15 
-1.3315642792700701016461728e-03 2.8107972046125168953667472e-03 -5.7670916180057360100191799e-04 1.6154636959382184368400059e-03 9.8604168316249352077562662e-02 3.9847269899564552453341548e-02 -4.7169438245756738757694934e-15 -1.0193157080952818828825747e-15 -3.4149664737009620360499355e-15 -1.5650831395745014531309576e-15 
-7.3490367307861396983792446e-04 -6.0043902885330519090395507e-04 1.2777216116317596707879778e-03 0.0000000000000000000000000e+00 
16 (band)
9.0492808778121414103878806e-01 (Ry)
0.0000000000000000000000000e+00 (Occupations)
-4.3487296458650697878841733e-14 -3.3076227119911671623595284e-15 -1.6016247296340514859010056e-15 1.8128704142682409256623860e-15 2.3642235934977692823899531e-01 -2.7293798026946168577833163e-02 -3.5156962493655004377098134e-15 7.7116270064311609080265518e-16 -2.4934288624417546310081917e-15 1.7768418818982840703424736e-15 
3.2323032792697231618817000e-01 -3.7487992181535770286338050e-02 -4.2571410040001363597902882e-15 -1.0647826148133277427526635e-15 2.4989357739659255349455568e-15 -5.3994101157717105650738283e-16 3.5211545151255819327782232e-15 1.0967124388320336762916968e-16 -1.5804090706213519868135464e-04 1.9207665831878105097696441e-03 
2.6935553896188845022369174e-04 1.0610429583440728236454209e-03 8.3724010755366635833564178e-16 4.1964860992381489932491198e-16 1.6477173889411665931339811e-15 6.7458406675785708000662185e-16 -2.3967439248868198922338866e-14 -1.2249441080308171189736459e-14 9.6670144492512014572370465e-15 -2.7619461912891333572484265e-15 
2.3766962558718854325867653e-01 -1.2394857179297225080460976e-02 7.8556500188696677916026786e-15 -7.6993262774295277987281503e-16 8.6690040158985209740593851e-16 -4.8350487632967473170804387e-16 3.2494639721493956407982751e-01 -1.7118217974118141860850884e-02 -4.0524307400682613431393309e-19 1.0631896583403647350456776e-15 
-8.8470583564206818237672913e-16 -7.8531615182811455671032326e-16 3.5621450910615415303101699e-15 4.6776493996141299717088084e-16 -2.7833498108768720078615155e-04 1.9070529184328527828179434e-03 2.0220058873659545379576630e-04 1.0758622066678220907665064e-03 -8.3802091546337451977861622e-16 5.8546890356840247032080643e-16 
-1.0811414627835025921303954e-15 -5.1809262505167672406308170e-16 2.9140194404610474583089514e-14 8.8610717288923926693171857e-15 -1.6545657088938592057797204e-15 1.5268345260357638926202181e-15 2.3728347525204665502407408e-01 -1.7624658417064075627278541e-02 8.5072381295302630183012379e-16 6.1223387956561747226777982e-17 
-8.3272017427849690838326291e-15 1.1977256856183358281959546e-15 3.2446526282424054121733548e-01 -2.3928529755793525451990078e-02 -6.6595357578140355786903811e-16 1.2898805002853356006912392e-15 3.5464415331436010612447826e-15 -1.6056073866013140270018382e-15 1.1803533215094923773768914e-15 1.7220045127577340244059998e-16 
5.2127505952676554158708999e-04 1.8572115151101180764020571e-03 -6.7951722597589281653004956e-05 1.0936749995165871100072374e-03 -1.4395855756257039563359640e-15 5.2956649626530930960365762e-16 -3.1137726035028280208329631e-15 -1.8785602934338243981063292e-16 3.1508026781462120481246808e-14 1.0252928994183398920861417e-14 
1.1291374719941604023689748e-15 6.6142007267922081027257471e-16 2.3792191197442399963613013e-01 -2.6907274928513339254387837e-03 -3.8980960003372347891969130e-15 -1.0848208155617928114680548e-15 1.4995603222603197956458379e-15 -2.6209027578262613784904559e-15 3.2532748956003831874994603e-01 -3.5079698463222606409639415e-03 
4.3204885544122311645284119e-15 -1.3110932344273512557799987e-15 1.8291178151089914175015714e-15 1.7294290488539605812903397e-15 -7.7218320202211720639479390e-15 -1.7964259793861098428002000e-15 4.0363116635546699784500846e-04 1.8862778642282195928209232e-03 -1.3649005681004090003577423e-04 1.0872501577655526838056543e-03 
1.2732912502121032010185636e-15 -1.0935178304692220238179480e-15 7.7798661687056469271515832e-16 0.0000000000000000000000000e+00 
17 (band)
1.0727438160803941524790162e+00 (Ry)
0.0000000000000000000000000e+00 (Occupations)
-3.0642283566190248178529032e-01 -2.0615359191523838222614984e-02 -4.0456610582632102079969627e-01 -4.0101625581418685884127484e-02 -9.0897919176016677867830467e-16 1.1532690580895949113324643e-15 -2.3076462644262810131046137e-01 -4.9497972087327729573402735e-04 1.3414011387458571467057311e-01 -2.8832622615514821862170436e-02 
-1.6760471831640459559647071e-15 -7.1928618404836572846634079e-16 -1.4576529237189689292009120e-01 1.3690839880526058103260567e-02 8.4402560624607173012101669e-02 -1.0968668063390727557271376e-02 1.9656710358846377073582801e-01 1.5201480301676565526358686e-02 1.6174900363847263726053798e-15 -1.7330800143738938675795589e-16 
4.1775390772883848626438406e-17 -1.3537030985653204850060453e-16 -9.5459996141120072310481959e-03 3.6747876276383710687778450e-03 1.6774532318642294825838945e-02 2.1896726373033369855702901e-03 3.0452373107746782965321586e-01 3.9815128536143593040996791e-02 4.0124978512660025575797818e-01 6.5425410152466223490108632e-02 
-5.8037177494003284277217790e-15 -1.9578287454503042219936911e-15 2.3027818513169739933488245e-01 1.4983833774783798103991117e-02 -1.3568583435467623798942327e-01 2.0353000581064564084021740e-02 -5.5447514405616829253049888e-15 2.1414927744688279134435506e-15 1.4633731281319253825223825e-01 -4.5111456980244640097010844e-03 
-8.4924739817386088458484039e-02 5.6473432712971782798661025e-03 -1.9522471446526054594805544e-01 -2.7514034209439541811548224e-02 -1.7244082641432574827311370e-15 5.8957790611737600435889180e-17 7.1553981550408559043039234e-16 3.7596240217832126886192371e-17 9.7579045887497516120756558e-03 -3.0681379984836506559509051e-03 
-1.6603940928386840686359349e-02 -3.2386334176857291961004748e-03 -3.0394446421237342192966935e-01 -3.6394542401001206410882105e-06 -4.0436317826516809947889897e-01 1.2514362346515355700615757e-02 -1.1333280140019327689072143e-15 1.1193098582882937782331370e-15 2.3101161903199107783279942e-01 1.5148662550895346939894281e-02 
-1.3228257937375031971782846e-01 -3.7868503263762114119383995e-02 -3.2109656023187128553848348e-15 -1.5944011373661977777419502e-15 1.4443760081805731565474105e-01 2.3724887030879718979869963e-02 -8.3431305762952948090749317e-02 -1.6761150786701196208072773e-02 1.9703339104886885557732512e-01 -1.7265517612708616672356765e-03 
2.6487185040014417703888657e-15 1.2454324958100575480946605e-16 4.5895143379162950260086067e-16 -9.6379124257216973000288077e-16 -9.1832959967633048803392626e-03 -4.3182761117251042271014683e-03 1.6729377507415918446831427e-02 -1.0525232192401144312721151e-03 3.0334447071851150523613683e-01 1.9088463088564280867309719e-02 
4.0435104321414255812427996e-01 1.2900505930732778653302617e-02 -9.4833049709289322170274517e-16 1.2613367371401339780825274e-15 -2.2960457797966141169077048e-01 -2.9624109702060124477140945e-02 1.2964376692670917523564356e-01 4.6099870306361562244390484e-02 -1.3618874774559511793820579e-15 2.3919069886172356953502066e-15 
-1.4266288822403311309372498e-01 -3.2747383380691746923574215e-02 8.2214231773287752003120943e-02 2.1966771518210123637082631e-02 -1.9675300174171880818185798e-01 -1.0648684182818909590984013e-02 -1.9153657937227637578141767e-15 -2.5901093034715925696383811e-15 -1.6842345997375395833219831e-15 -1.6063285515308970753274106e-15 
8.8940280593120014940300422e-03 4.8863789068617343933076391e-03 -1.6762454382129133440004765e-02 0.0000000000000000000000000e+00 
18 (band)
1.1877522963219711016336078e+00 (Ry)
0.0000000000000000000000000e+00 (Occupations)
2.9315376437032575340779772e-01 3.1030948868917239413800502e-04 3.6892193333562584012241814e-01 -3.1178982271108525436975611e-02 4.1964534336372561527854630e-15 4.7139033158328376663996741e-16 -1.6668411662830076580554817e-01 5.9757351925591103980472951e-02 9.0800099214127225066839344e-02 -3.2275192961021353932338229e-02 
-6.0097175954277911831787946e-15 -2.8445806785623294417425698e-15 -2.4108147977708424547493848e-01 5.6229165932269419003741717e-02 1.3899708378589761825772086e-01 -3.0445077616907945811108860e-02 -1.5734156684391106817422212e-01 6.8774100429725010252823836e-03 -1.7829204527335640689606328e-15 -5.4376621396674471059473454e-16 
-2.1010770140375317738087560e-16 1.1308271838897115961012039e-16 1.3884367247103781770056763e-02 2.5465398844849839593562635e-03 -2.0785717561923464785644811e-02 4.4069169827299064373660187e-03 -2.9255580788695911831354124e-01 -1.8716974330587374253376254e-02 -3.7015169466760061700583151e-01 7.9526578118473325446080580e-03 
3.2674361423521320699901662e-16 -1.5542087851626592604944991e-15 1.7010739877260708241557552e-01 -4.9173252161461566966949022e-02 -9.2647502093559958025181800e-02 2.6510119837312402096829445e-02 -5.2820010500327787969698125e-16 2.4943158163494608010210399e-15 2.4413641908814967540486407e-01 -4.0980579153532967207063109e-02 
-1.4063446703259052661394435e-01 2.1657302106770311145300667e-02 1.5746292535262038092547243e-01 3.0157196804357026126419683e-03 1.3818012352653657727831158e-15 3.6597549268678496254538434e-16 -4.4252248293584879269628096e-16 -2.6534164040832918488537267e-16 -1.3697071057574315006144516e-02 -3.4133215025054079207189606e-03 
2.1021414303231501091717703e-02 -3.0930749342271790340574977e-03 -2.8457611661859905094473788e-01 7.8845123906411435088514850e-02 -3.6465627291216684557895178e-01 6.8993376435207309782526863e-02 -2.4727403385801639288216279e-15 1.3554990325168179363298739e-15 -1.7489793787530960589293727e-01 -1.3043313179068361656876007e-02 
9.5135845281643260928916561e-02 6.8108174397583237658082567e-03 -8.4506862558111130414010090e-15 -2.4462399074432940196666703e-15 -2.4773683327263273934448762e-01 1.0759321029370062447472201e-02 1.4229967240651292259556726e-01 -8.1563919518587227330819189e-03 1.5367039077052629947317541e-01 -3.5729249412900697391304305e-02 
2.2990248363859867518427950e-15 3.6152590937796261787523804e-17 -1.0722576344738678637739440e-15 -1.1496282413220520185446688e-15 -1.2734166263188642642667503e-02 6.1578224616634013796612201e-03 2.1277731580627286950280208e-02 -1.3386814023064216687408656e-03 2.8896529695013922767188319e-01 -6.0820858856710555140345775e-02 
3.6826883700584034375680176e-01 -4.5960276941068196887574260e-02 -6.9020772622717592981439149e-15 2.2532637507553172283836708e-16 1.7373382033565082371850963e-01 2.3999507563765256484833444e-02 -9.4520461657231422125668985e-02 -1.2771006998419591471627399e-02 7.6328610380489692456096175e-15 4.9294603914683116981552195e-15 
2.4792356457948355741294222e-01 4.8174345006844632860465438e-03 -1.4253102059642844268161355e-01 -7.9477318376314676391658498e-04 -1.5561061549003354920195363e-01 2.6009702227999469126284993e-02 -7.0993127012572739768782573e-15 -1.5318864729647053116326926e-15 -3.0068237332737667768617358e-15 5.1106129612843227365370118e-17 
1.3095691166446757000563217e-02 -5.3460864902185522770650117e-03 -2.1319801338527830103508620e-02 0.0000000000000000000000000e+00 