92 (index of k points)
0.01826439032969525561034274 0.01051466620408694763177948 0
18 (number of bands)
52 (number of orbitals)
1 (band)
-1.5475302924759735123672044e+00 (Ry)
0.0000000000000000000000000e+00 (Occupations)
1.4447808511903406647469694e-01 2.8853767346054581821590546e-01 -1.4446544402666121331701987e-02 -2.9058509694492869190884932e-02 -2.8669723572197032169622724e-15 1.9099925567878566395986004e-15 4.6093462275571400743601203e-03 -1.8731295949756911808220528e-03 2.2568525363862168564565991e-03 -1.7660920552396257299232474e-03 
1.9719669023307105870574700e-15 -1.5117087640377144250524171e-15 7.6749366289355080983369817e-03 -3.9053746638449543526760976e-03 4.5409674168786235554096109e-03 -2.0148017790377927005440739e-03 4.3883419639299536818555225e-03 8.7899134976147236253396500e-03 4.8751130553957737764161974e-16 -5.0749929158688185878752796e-16 
-7.3636786404334913193586680e-16 4.2134328303926192255759847e-16 -1.3123430630446412253897748e-03 5.8959996823637703805554011e-04 -2.0810662916069533334706421e-03 1.3267401896314809546517655e-03 5.8241948205748732270148338e-02 3.1738900666986374909939173e-01 -5.7658596102134872934952270e-03 -3.1935160776149086603314942e-02 
-2.8581362327054783693658068e-15 5.9397596464331730769190560e-16 4.9489125748807530000283883e-03 -5.1278792036947486859821410e-04 2.6599652160506567777353837e-03 -1.0663252636736975879211409e-03 2.2075012789618257620036118e-15 1.9734736166519137233887630e-16 8.4597579797041511789901236e-03 -1.6090675710008642620985064e-03 
4.9227741140786956952624109e-03 -6.6791190417629230525325967e-04 1.7617893898648692707631369e-03 9.6652068076014657077577041e-03 9.7325041674983542083975513e-17 7.4882208973153606572115450e-17 8.3486444143500623373696908e-16 -4.6110805770620495423928767e-16 -1.4247279041457346082655278e-03 2.0005708391055061247387759e-04 
-2.3685835322393013029074194e-03 6.9346124019890517924807893e-04 8.8122669611078896512168512e-02 3.1168067145569366971358249e-01 -8.6414214982112810825576332e-03 -3.0488375786230832026335591e-02 6.8793278239317000110633407e-16 -1.5597864205885495015475008e-16 5.0977025208230677955079102e-03 -5.7348714419384666171608522e-04 
2.6856685371055705191523089e-03 -8.8968192197433218840196822e-04 -3.9735385484236743155165832e-16 5.4388827069067953779944514e-16 7.9746556186168233298916519e-03 -3.0900840928932988421751205e-03 4.8619348234151260612634360e-03 -1.1013970082020686346718774e-03 2.6847551965936177278959640e-03 9.4535577870620418616809388e-03 
8.5315907283703851670556578e-17 3.1065416127905923895655475e-16 -1.7790311457060202838002213e-16 1.5745784988570269907940590e-16 1.4072242017529427993149937e-03 -2.9636737203988643704968831e-04 2.3829185298021595372508497e-03 -6.9230183031187902346209606e-04 -2.3324920679628304877317735e-03 3.2389042180836885576056261e-01 
2.0768318193941672205465876e-04 -3.1688674495603683101130343e-02 -2.8704397371591984863619376e-15 -3.4998616966634490289747544e-15 5.0552893548632491654837295e-03 8.7149758115775933457053393e-04 2.8272438814392658774921063e-03 -1.0507829631538107180432906e-04 -8.5104231756432752149048508e-15 -3.4567169097696416256496398e-15 
8.5201174148337686931053980e-03 -7.4253025129787501336375843e-04 4.9761652806026889298007809e-03 2.9877198147466415808007345e-04 -5.9305080138126727647314429e-05 9.8272146718380824770289195e-03 2.9394467310866455092851723e-15 -1.0991375588838623929759420e-15 1.1037176637350137555130872e-15 -9.0932805092001936746163361e-16 
1.4340323761947179701664590e-03 1.0800332048179361215441835e-04 2.4814476710042759205476770e-03 0.0000000000000000000000000e+00 
2 (band)
-1.1788158828907218111936572e+00 (Ry)
0.0000000000000000000000000e+00 (Occupations)
-3.8759084929865339486099174e-01 -2.8486066553529372502584494e-02 1.6103771434502280740508340e-02 2.1934270346992950501130437e-03 -6.4294786642875996311710959e-17 6.5115708295406907366829132e-16 6.1361010560724030260537631e-02 -7.7003482076086329777275807e-02 -3.5011771157754348338109196e-02 6.5519497578964247530564080e-02 
5.4667615572843015904033956e-16 -5.9099461378867244886503902e-16 3.6485618302723371586537837e-02 -2.2742878169674955735057864e-02 -2.0239803797482417563324830e-02 1.6838909577790939220420796e-02 -1.0183699058759694208720070e-02 -2.6800507610928170354469557e-03 1.3132119971715783015029854e-16 -3.3122534292070475746602989e-17 
1.7348782517084272570398648e-16 3.0562746398538387810778508e-16 -6.0784358239373672064265186e-03 2.0364075541106502198474004e-04 1.1959532928216092678708193e-02 7.3440428018357872819166232e-04 3.6425368599311142014940401e-01 1.3548938957765988000403468e-01 -1.4852403389748206063991631e-02 -6.5991431353230427248046652e-03 
1.1617541222627185692884553e-15 9.1474688343342158223489632e-17 -8.0407877621483034302762860e-02 5.6826781408779683535392735e-02 5.1900939863846091981702813e-02 -5.3149987054112016182649825e-02 9.8018181056240946205317646e-16 4.3007075688641577068206269e-16 -4.1381969609201367521489345e-02 1.1660679295659202164836543e-02 
2.4134061793666755635356935e-02 -1.0523573293759656832602190e-02 9.0316315768821167631053015e-03 5.4147972871456707955051257e-03 2.5141589803822076451033172e-16 -1.8749104856410243698084124e-16 -3.7756657642389276567030040e-17 -5.6218892806781159368284149e-17 5.8938975001056343600014387e-03 1.5002746019403545574277814e-03 
-1.1279771692197456539608069e-02 -4.0418471123510393838706989e-03 -3.7082207928294852461448272e-01 1.1232345570750121299674618e-01 1.5757034131847445779239791e-02 -5.9105501140078522959164786e-03 5.4027708504424997648245298e-16 -2.8820013237702398537603436e-16 -7.6657002335060245301612269e-02 -6.1269690196469134280121693e-02 
4.8345094394050332209378240e-02 5.5983525106931379677899230e-02 5.2898071274127054541114116e-17 -1.3177836219343259650283532e-16 -4.0716023833940302723011229e-02 -1.4424005121645246119133077e-02 2.3601607917213263815314761e-02 1.2148840904319044287085205e-02 -9.3057507315575226786164009e-03 4.8389676074715223114131035e-03 
9.1864560087724493194276648e-16 8.0602018140813742083422408e-16 -7.7475533018521403270384436e-16 3.5070845512000242352910845e-16 -5.9469051781479613863479194e-03 1.1324957329826058904931330e-03 1.1475613605155119550937926e-02 -3.3339739497747810162420201e-03 3.8743534638706300654575898e-01 -4.4074432264068459999539762e-03 
-1.6780371295374948981127261e-02 1.2797915730165224275360902e-03 6.0111981328268482244767041e-15 2.6102498432182746101531682e-15 5.6519536670698360125708604e-02 8.0223518486162950780204994e-02 -3.0806583290510555078745014e-02 -6.7248477018694241547080992e-02 2.8351305177821222849273672e-16 8.4182957351530805513315446e-16 
3.5075171451188116855668397e-02 2.5210689563438668653327923e-02 -1.9275056493729320061802923e-02 -1.8251093905837116604384818e-02 1.0286282592898614643428523e-02 -2.0506083495259509220931537e-03 2.7110880615596442697265202e-16 -8.2948619746654291932054049e-16 -6.3069580784857933112502689e-16 -3.3262301616412820691429703e-17 
6.0267317290247628819299663e-03 5.7160515172399316459472818e-04 -1.1950108364054900025874595e-02 0.0000000000000000000000000e+00 
3 (band)
-1.0775364191895377974361736e+00 (Ry)
0.0000000000000000000000000e+00 (Occupations)
-1.7062313399242479139417128e-01 -2.4449429293001015417452493e-01 9.1808773639891205764484994e-03 1.0249007507144296258427829e-02 1.1373677672144952522461584e-15 6.9245010695196247414234291e-16 -2.0582502612904735039833781e-01 -4.3373029567379636772805895e-02 1.0802843344368065481297947e-01 2.6977503506437593150391052e-02 
-1.1583677415731219025397682e-15 -4.8801896820117159883678355e-16 -4.5945028628656334190871746e-02 -8.9340513551337819020403685e-04 2.5370649657173449664782083e-02 -6.5821973793020460696823193e-04 -9.3138411885007963558757993e-03 -7.8173018487651714514274914e-03 1.8826871657928171886997733e-16 -4.4013394350642420198053393e-17 
1.4368976081427964802616156e-16 8.3420864044611449816503444e-16 -8.2346712056695706150044600e-04 -6.3173402462240388355318998e-03 2.1081436316947536196986235e-03 8.1159815320897103763098102e-03 9.5636584998559745485202654e-02 2.8238866255314831743561399e-01 -5.9569566213637913792977585e-03 -1.2403440323765618433227154e-02 
-1.9550366972343433156471621e-15 5.7153763609377718701152879e-16 1.8555178345473408163535112e-01 9.9074198112535705185166535e-02 -9.6212538968104471814868361e-02 -5.6045298402695530037842531e-02 9.3631669869158110306282461e-16 3.2428382204949608689774619e-17 4.3871468793452460255277714e-02 1.3676185664497773203374109e-02 
-2.4546912120004475699186486e-02 -6.4461013506664013861247042e-03 6.7630651936851542485595878e-03 1.0105384459054324308713291e-02 -1.5654056528063299972093693e-16 -6.5826622972599153987237935e-17 7.1524561608998561679112670e-17 -4.3015505506713672263575308e-16 -9.7171146627719469195116897e-04 6.2962419514752693966430641e-03 
2.3984964621384056299158161e-04 -8.3818791418306583945740940e-03 2.9600485036308676889404978e-01 2.0444353953829791370466751e-02 -1.3960755537303123907655333e-02 -3.1364452249215968304696389e-03 -1.0964300337243499349269282e-15 -7.0231012286349147075210570e-16 -1.4157579226933592053683242e-01 -1.5393014289775527880799189e-01 
7.7664256961565397707758507e-02 7.8911346397234002902898453e-02 8.9025038038305897421810243e-16 -7.8284364360554467946799229e-17 -2.4890290702230893904456366e-02 -3.9577821682828390192909751e-02 1.2903281384276425736157279e-02 2.2261036463777184729595504e-02 1.1450997905461380438341124e-02 3.9808430226377583896479884e-03 
1.7835690186892579945424144e-15 1.3320749993641941400464676e-15 -6.9980706365338629406180407e-16 6.7881768604578006020617561e-16 5.8506957520317948509558370e-03 -2.5462262556864723866967282e-03 -8.0274030552585744213711649e-03 2.3321761773657618752042531e-03 -2.7854779581163169321911255e-01 -1.0221530460537327222869664e-01 
1.2531385067391093493527343e-02 6.9068351734651233994610742e-03 -2.9352653113517353715260019e-15 -2.6689518754811398431361417e-15 9.3009198541122231618238914e-02 1.8731653113367086049834143e-01 -5.2564931752575184964459964e-02 -9.7445704622954570917059414e-02 -2.5848007238367681739830275e-15 -2.9338219790949335255418883e-16 
1.2860128750106648853890334e-02 4.4950501987515878443701922e-02 -6.1803084532240830720195568e-03 -2.4977033497722490873460544e-02 -9.8857011854602844930228756e-03 -7.0175049892086290015402739e-03 -5.4798817890301740945154447e-16 -1.7649002002714528621614147e-15 2.5848188846253249578271695e-16 -2.0609181855086072226745280e-16 
-6.3287606667915318262029878e-03 8.1283291668230090755431494e-04 8.3593208775522061942941932e-03 0.0000000000000000000000000e+00 
4 (band)
-6.7543019475949173102691248e-01 (Ry)
0.0000000000000000000000000e+00 (Occupations)
1.2915356890519021429690896e-14 -2.5319260728773682020529159e-15 8.8991874581355538920762196e-15 -2.6153247636274672172898403e-15 3.3912389520856467406417778e-01 -6.7291975673628059984032745e-02 5.5406347085987205437718039e-15 -2.4638282312424866579109783e-15 -4.9233798374018408277240132e-15 4.8630467994196151049177140e-15 
2.4969407332126575260744517e-02 -4.9516540777313766685807650e-03 -4.2183491445235855601229961e-16 -1.9443038815184934940221835e-15 3.1150678614746310429340938e-15 -3.5312744221797034230925382e-15 -2.6605013694706528279673860e-16 6.6670901114433811762805057e-16 6.7294822590576418297469985e-04 4.4467419789264439611287116e-03 
4.3778471818835523049484593e-04 2.5482145104475904806573539e-03 -1.4555747295264807594824991e-15 9.4208159946024522087879054e-16 8.9395274362792531345424587e-16 -1.1335203254803295833499201e-15 2.4610135237960548091001841e-14 -3.7672068394962591724466363e-15 1.5290589761708929771463488e-14 -2.6172975299710241538132933e-15 
3.4443239795170182970807105e-01 2.9992491272456844875193838e-02 3.7230151602232598463796671e-15 -5.9788983142537309698178846e-15 1.9992395840184710568440124e-15 -1.1441897843718105369998482e-15 2.5359431644006474870778334e-02 2.2112004242323367309008830e-03 3.3030493964959461330461907e-15 1.3999181021545548745063232e-15 
-4.9328897735377857820887422e-16 -3.7619537500618065002810046e-16 -1.8324641102234839989501093e-16 -2.7639111528848834306448639e-16 -5.9437353084652009855420873e-04 4.4579248140499171462747263e-03 -2.9052728413390786765813090e-04 2.5691723468679039665829578e-03 4.9975150997165564547683354e-16 -2.0106580590277557274643126e-16 
1.7029430789002386148988101e-15 -1.1949921113449079861867852e-15 -2.3140817105309672998151463e-15 4.7072196058330048411188273e-15 -4.0887331817107118263174831e-15 2.3759648166985815901539893e-15 3.4576164314202806338016671e-01 -2.4554032375866427333199749e-03 -4.3575152584715401077759821e-15 4.6083301209744763853626270e-15 
-5.1895471997557250779992995e-15 4.6622212030944284215007819e-15 2.5420429055236823390195866e-02 -1.8285170457060968829399172e-04 7.1250026965355160948192686e-18 5.8663995158249906555976173e-16 4.0963099462009686522718172e-15 -2.7392639936584760960045749e-15 1.1041105975340367835889790e-15 2.4437043610631262007367639e-16 
2.3675530924393639944924850e-04 4.4920080138411222839267545e-03 8.5176631805968070106083179e-05 2.5845566370187498216048905e-03 7.5037587519228339662940269e-16 1.4742664280925455172503811e-16 1.8087320718801464096391405e-16 7.2484773029310743144756161e-16 -3.5005241939184225198152149e-14 -2.8946594726896643294384710e-15 
-1.7609503697611768976751231e-14 -1.5580552026840629378415407e-15 3.3271775832360672708887250e-01 9.4106515021292191924828785e-02 -6.9738825299885228343459981e-15 5.1263397560162615358014686e-15 -2.6648870915687176845378225e-15 -3.1555019304175740996762873e-16 2.4462091508244736270949460e-02 6.9164822807972325263703439e-03 
-2.4812587901093805275482867e-15 -8.0311919554077467140489284e-16 5.9216367225227893691193178e-17 1.4027438776452974142495173e-15 -1.8747514267867933040140239e-15 -4.1961624762446932139374600e-16 -1.0258756556024658558590179e-03 4.3796995572886751948993300e-03 -6.3927373309145211609932913e-04 2.5056969415202150555654903e-03 
2.3059774017418803396894443e-15 -1.0661537364895603889727294e-15 7.2044170788765553394250568e-16 0.0000000000000000000000000e+00 
5 (band)
-6.0615161263463679386376270e-01 (Ry)
0.0000000000000000000000000e+00 (Occupations)
-5.4898303308041775105952098e-02 -3.5591393494792601670528853e-02 -7.3169079715479368175579111e-04 -2.4143645074971992192658377e-04 1.9163955858186413373035816e-15 -2.6221982288151271869644588e-15 1.3840937777028822219804738e-01 -1.6934570919138386413393960e-01 2.0446814472731111855807740e-01 -3.1904404611278514014571783e-01 
-6.7002720288196731220711643e-17 9.2063980202445131883337266e-16 1.7843845387962839477147270e-02 -2.1102869902070039986874406e-02 2.8190169353814825692339241e-02 -3.8456016271636417336310387e-02 8.8518206672792698608276396e-05 -1.3428160493385993268233847e-04 5.4730039443576838802349400e-16 4.5029520850633941960486981e-16 
-3.4498651109343058335531145e-17 -1.8153677347442862673696409e-16 1.0745201352072530215364665e-02 -6.4797010332117294106879513e-03 7.1811667138251943781623865e-04 -7.6640034642072871542972656e-03 4.2788811784493341328072802e-02 4.9494328797090980653905490e-02 6.3527942993866354237653127e-04 4.3598512392939436921324159e-04 
1.4158989910761957756237357e-15 5.6195459295159787293307268e-16 -1.8015959822157834313571811e-01 1.2400662984262242338751037e-01 -2.8535991960396861477633479e-01 2.4933118908768259203156958e-01 -1.7680815105379234152159458e-16 -1.5438436369996174838895543e-16 -2.3022845068837789750393341e-02 1.5286678555841263366099625e-02 
-3.7799728142111195527963474e-02 2.9064263074483079329901614e-02 -1.2246684841678116828500578e-04 1.0425398493593349136254744e-04 3.2004088426340424406385134e-16 -4.8656066890697468193800847e-16 7.2002847526756896342659323e-16 2.3459285859769355001042691e-16 -1.2126327967785080486073923e-02 3.2246003774411904907459814e-03 
-2.8277917082744500124058540e-03 7.1593459692684746284441211e-03 4.5253731839355000599045553e-02 4.7176778251659390317485077e-02 3.7532055346746473478702910e-04 6.5338733733210502263588637e-04 1.0438044875249389512635502e-15 -3.3417951864721569055912536e-15 -1.4032709186719233285245423e-01 1.6782084247478484817506228e-01 
-2.7503273054127885810515863e-01 2.6079668540050282565800899e-01 7.3664180658524768683547242e-16 -5.9817644127602189737309767e-16 -1.7376761120334597437997459e-02 2.1449777565274885660073778e-02 -3.2425818880213876094220637e-02 3.4881553022877279102154091e-02 1.1560471111668436331593179e-04 -1.1337141030343675721092644e-04 
8.9301834054244301119915783e-16 -1.6605679347152835916421404e-15 1.3942318629078778066928706e-15 3.4894046536139677520965739e-16 4.3520652621714586011369974e-03 -1.1779241095703983990827801e-02 7.3958866514690357885086769e-03 -2.1487037015980627041589202e-03 -3.0294971394839997902437290e-02 -5.7928950963920450289990072e-02 
-1.7812870168007130522447312e-04 -7.3215483068014841627757505e-04 -2.0305391360734616212529865e-15 3.8609840560636502832060187e-15 1.8157574270794876736268009e-01 -1.2200728478622156758515160e-01 3.3687215020452943026185721e-01 -1.7370972454487731972960773e-01 -6.3662413371887098068110008e-16 -4.2187777791846297176912165e-16 
2.2671091148599269160524017e-02 -1.5750124150763499669691825e-02 4.0869952181800839330350072e-02 -2.4450020040862004144788244e-02 -1.4264408927328227350006529e-04 7.6617163231584406012791844e-05 7.8872811579855249876241446e-16 1.7623472532377470899033142e-15 5.3764232800206763461540105e-16 1.5753794145406258132873256e-16 
-7.4655642925091011963267817e-03 1.0097343345222895352741865e-02 -7.7016924736463309233980290e-03 0.0000000000000000000000000e+00 
6 (band)
-3.6043049365992302357497579e-01 (Ry)
0.0000000000000000000000000e+00 (Occupations)
3.7731182403402195590924606e-02 6.3494806249917573603980259e-02 -1.8827087536954466295835431e-03 -3.5593419649559074335876119e-03 3.0631923349654327830725205e-14 1.2957574550116060778560037e-14 -3.4490753777694393988895172e-01 1.8363012858269625593443664e-01 -2.0247748702002479892492204e-01 1.0952323603719611722073779e-01 
3.6806117208786523587825497e-16 -1.1019235815505764289368130e-15 -5.7432498268891227222177065e-02 3.5251129342864416515990200e-02 -3.4068862277586965670028718e-02 2.1159030223926254821176229e-02 6.0696544040764795896469863e-04 1.6147732550264427375634468e-04 2.5730750976157015272702883e-15 -1.3459416257127449380090070e-16 
-2.1234757568093348426850795e-15 1.3072643219290495710790808e-15 -2.1299497354658504522095797e-02 1.8631574212546256341660467e-02 -3.5974082708357696391843206e-02 3.1679268819068205631506174e-02 1.8518529991670293344263598e-02 7.1500325825992638861805517e-02 -8.1492857658162914935573440e-04 -3.9432726116450794728862661e-03 
-8.0235693926777027988957694e-15 -1.1421476946565377835404322e-14 -3.8244370334499333541344868e-01 8.0112717532354285610018962e-02 -2.2499386103608351450411362e-01 4.8685053949665116346245952e-02 -1.9009287030648955475677562e-15 -1.4618410341140004554100633e-15 -6.4986817004766037064733553e-02 1.7828280706297224000866919e-02 
-3.8619294568248654919706553e-02 1.0813973550760608288712206e-02 5.3781434220311757909982475e-04 3.2440361560773147558967011e-04 -1.3540952946005648787164311e-16 -6.5103595738622531562948704e-16 3.5324682768307453010891396e-15 -3.9332256697201241883594000e-16 -2.5651816314582451261649965e-02 1.1949412745472662300549871e-02 
-4.3383918719200734170904354e-02 2.0384952690261123886550365e-02 -3.4375410287308436063646866e-02 -6.5306639047799514008474375e-02 1.4156627546270759282487361e-03 3.8170902137755471569824373e-03 3.3698164544638233969549489e-14 1.4724878840852879898483603e-14 3.3888024490899898433227122e-01 -1.9205513770913620885671946e-01 
2.0119604991426098816731383e-01 -1.1336369966234539907734558e-01 1.4729257317759878327574433e-15 5.1489796865881094899582845e-16 6.1252922309458737726295396e-02 -2.9988101246119364118314365e-02 3.5696882638389437758519307e-02 -1.7372277638022043388943416e-02 1.9374177235440871464727808e-04 -5.9743026801573333606915073e-04 
-1.4325846307402517437634446e-15 -5.3619445476570271848013370e-17 -2.9574203918027991814185247e-16 1.3754853058968700143932781e-15 -2.7211321108611467162186059e-02 8.1401121608242685279144268e-03 -4.5807469897383920609534869e-02 1.3308300244129437489570833e-02 -1.4790517981781655526551944e-02 -7.2303986846996778914409276e-02 
2.9451778372638348635348393e-04 4.0604849476370899474808596e-03 -3.1721228480000797545687464e-14 -2.7848119749380465166655840e-14 3.7900623467677391209562643e-01 -8.9884761701895660168659674e-02 2.2483476026929805069443091e-01 -5.2730536474416826731026475e-02 -5.6362935674050752568976195e-15 -1.4036629107144327498322682e-15 
6.7187208057697872520819260e-02 -1.1708363728836846187619791e-02 3.9126201948650657369555006e-02 -6.7233757521859118314044856e-03 3.5272673190044263359654853e-04 -5.1965628265442749197933203e-04 8.3183560516436079286334106e-15 -7.5575446588970307892532254e-17 4.4665670326325614324620403e-15 -8.2730032208689838716762915e-16 
-2.8401878734559189709774074e-02 2.2518173586362922461434621e-04 -4.7701521503909216637140389e-02 0.0000000000000000000000000e+00 
7 (band)
-3.5340653700228130684735106e-01 (Ry)
0.0000000000000000000000000e+00 (Occupations)
-1.1359955497282914205214865e-03 -4.4936603402493226558367390e-04 -7.2839922039495338945691572e-04 2.6749257868147191530283635e-04 -1.7726917699871122360512510e-14 -7.9967989505237116297128791e-15 2.1007897273140238580957373e-01 -1.0296125924889357183822369e-01 -3.5358625244470215376324518e-01 1.7684971655534698076195355e-01 
-1.1669961580932740183213103e-15 1.0756844399103259873658798e-15 3.6584759239444403222663027e-02 -1.5356315122605952022682985e-02 -6.2312292655592682599774434e-02 2.6374512982571651775742794e-02 -3.9460399364990572657063694e-05 3.8176842542968127819369428e-06 -1.9903977786336015667425121e-15 3.0414444417793538340669136e-16 
1.7605090055488240082354205e-15 -6.9528908021201787728891375e-16 -4.6734210070115037027882465e-02 1.1102534487495041570781495e-02 2.7819675417675195083777595e-02 -6.8176238771674446681458903e-03 -9.6552022650252256052993971e-04 -7.4845601991672949804268455e-04 -7.7410522237975065706905298e-04 5.3654530135602285234597275e-05 
9.0162867169328695768942452e-15 7.2984971502380232877859104e-15 2.3046278660450902897594005e-01 -4.0262882168145837369355178e-02 -3.8888614358930478909215367e-01 7.1180246472042046912420687e-02 1.2739733475735706079897194e-15 8.3743628154916261521148649e-16 3.9416388630393490999370698e-02 -4.5397500031086404637115095e-03 
-6.7196355725476358822234602e-02 7.9427028321444881342472399e-03 -3.8958672297410412016516190e-05 -7.3430023799225807579205139e-06 3.4797300932553024930105149e-16 4.9595476375806613517798811e-16 -1.7603324587984381315271042e-15 1.3269632028580651343544944e-17 -4.7976075211934726683082886e-02 -2.3767351939781890257652464e-03 
2.8617115067226427810309630e-02 1.2145208538656461234178652e-03 9.5493147860608793009440376e-04 4.6202889857994283717701478e-04 3.8375435866884639868334972e-04 -1.6502174522603496598094353e-04 -2.2838340912648519333583369e-14 -7.0996641336854539444397052e-15 -2.3174741236638238262024458e-01 1.4442492690168753227686338e-02 
3.9343070827003212563965917e-01 -2.3571767278869767969773363e-02 -4.0020205134842716150885393e-16 -8.4202604781780062192366648e-16 -4.0741867663343839245371214e-02 5.2616391762596304015886517e-03 6.7931242860936921768022501e-02 -8.5531388497919053071072426e-03 -4.5493956570747491260919837e-05 1.0772280971856496717409257e-05 
1.4131004481907955792035216e-15 7.3892738644829077495122353e-16 -5.4158320047635940873187885e-16 -2.6689788681939378053422207e-16 -4.5785457948806923544893266e-02 1.3746766318059905342963134e-02 2.7088305648184714258253081e-02 -7.8698802941611738226423967e-03 7.8811271571021905557596909e-04 7.1010082330789231486178892e-04 
4.1455648670309878239814694e-04 -5.1405286970084007602821430e-05 2.1513146088685320342899067e-14 1.5348216183668163614137366e-14 -2.2657490377701239303576131e-01 -5.0786432362021259601103651e-02 3.8438533832754417929322699e-01 8.7127849171900695335324372e-02 3.2977466407949507205562833e-15 1.0545989444837461632420003e-15 
-4.0592108793157714863308883e-02 -6.3138998442278139455741126e-03 6.7620193247357032739763838e-02 1.0738687350222778094099851e-02 -4.6692929813912123450034275e-05 -2.3478558636017064602252713e-06 -5.8790281201030788221664441e-15 -3.7080276554568554605755389e-17 -2.6054974357023275022695235e-15 4.3581082512433796324956416e-16 
-4.7802711703606400039934243e-02 4.2719734005839174722368723e-04 2.8208355477302375635684228e-02 0.0000000000000000000000000e+00 
8 (band)
-2.8995973851481560146226002e-01 (Ry)
0.0000000000000000000000000e+00 (Occupations)
9.1462626549536157268637656e-15 -3.4870896930023175206170837e-16 6.5484287659243327948642116e-15 4.4957211212350534596871064e-15 4.1572211814557841202955046e-01 1.8392660885970457673721512e-01 3.0236877076548897339448157e-14 -2.1667185211192133926439510e-14 4.8809669551741401243334876e-15 -5.2130221796767240657191675e-15 
5.0122022380212627457041208e-03 1.3333683805368118369116814e-03 7.0008761120229645574264961e-15 -1.0579776422288305593964305e-15 -6.6596511862745947468330309e-15 1.3113293941783746066949640e-15 8.4315717799259057811285049e-16 -5.9603553537000528102281230e-16 3.3851215751591078040316773e-02 5.3704128755544117135301008e-03 
-2.1269772543577675216752709e-02 2.9488612855430446080262641e-03 1.3613360889124379613685755e-15 -1.6430864883382419052688834e-15 3.1078609289755633454872495e-15 -2.3663127752038936056680071e-15 -2.7033982645935343950964024e-14 -8.4801179980096090710585756e-15 -1.4084070875770335243312146e-14 -1.2378282674138332718593276e-15 
-3.4790143701562542544181156e-01 -2.9260633466234858834909005e-01 4.2811104795283784960271972e-14 -2.4396303306545460001056354e-15 -1.2994432445069148754611505e-15 -3.8331078151881319643340815e-16 -4.4411882412627046862185765e-03 -2.6787850825885930160230597e-03 3.9339773136716368944243107e-15 -4.1101424855858685669762355e-15 
3.8887489641519822389076837e-16 -2.3218835242028667346713075e-16 -4.8728707947738360356852298e-17 3.2175383154111349026151260e-16 -3.1008811310701205055107010e-02 -1.4601361697181767379527528e-02 2.1247934340992317286955782e-02 3.1023044946915448449864527e-03 -1.5908396131922738625326888e-15 -1.2525755948497700562426744e-15 
3.4978251216927522977829459e-15 -8.3099020059881680241204217e-16 -1.6368818762203195652409551e-14 -9.3279152861608328643772693e-15 -6.0722081311968152521314124e-15 -6.7299258755765413950026842e-15 4.2597696110132576841067475e-01 1.5866594602189565410554906e-01 -3.3364178179194242942600377e-14 1.3431667282790900438137909e-14 
1.4244544100968806566448590e-14 6.3874551652319834270989805e-15 4.5380362056947065596546054e-03 2.5543805935232064691087217e-03 -7.0490517193505048985685232e-15 2.6419091664885368666442214e-15 -4.9342689282644884605256501e-15 4.1494278343706077753663627e-15 -2.9742918139829264936395983e-15 -1.0296710110983620418737747e-15 
-2.7974626107005413910844283e-02 -1.9793645927110858906416979e-02 1.3161975144108262886222249e-02 1.6962426596254662897189647e-02 -8.9690564377947559976005612e-16 -5.5532549830925465099375202e-16 5.1888146363774299803607126e-15 -2.3935770936324049643364330e-15 3.1698207685413467268851438e-14 1.6328411047663998675344365e-14 
1.3661175114273572055208025e-14 3.1158631515176854866660318e-15 -3.6479659821804849562099093e-01 -2.7120968962167651961081560e-01 -3.1333334347398555923057295e-14 4.3217164534906268654638585e-15 -1.2116238425927180293733370e-15 6.0906497404598086057852275e-15 -3.6451980466725942761629931e-03 -3.7190272950499412597802351e-03 
-8.4145648796639080939646365e-15 1.6874870039886411532059446e-15 2.1065634840382486126880235e-15 2.0679760058102860314067422e-15 1.4750853841812216596685122e-15 1.5335048789928854206949293e-15 2.1341605639978757091856920e-02 2.6812385078957896855644805e-02 -7.9069954647267605418736736e-03 -1.9960985157258581690342680e-02 
-3.5346307237749024418881631e-15 4.1269698083893269964423478e-16 5.1749596779471252172582537e-15 0.0000000000000000000000000e+00 
9 (band)
2.8881452462237625078422809e-02 (Ry)
0.0000000000000000000000000e+00 (Occupations)
1.2027308374886234904147427e-14 8.8275765506227547931465002e-15 4.2600007712236175911628486e-15 6.6396965006431535957451197e-15 -3.6973394099946843560644538e-01 -3.7122354213845953907480180e-01 2.5670875318237147909859582e-15 -9.2664060783613100381999469e-15 9.9977017599978184138225167e-15 -2.4719660398087909004376001e-15 
1.9690495689242054622170031e-02 1.4222690036889071296677400e-02 4.1075692178858543007005481e-15 3.4683180641495092133581235e-15 -6.3727445536907790874076646e-15 -2.4648247453426555579086081e-16 1.1123652368901780173013101e-15 -2.6304212710878971915568942e-16 5.8829646834833673740838833e-02 3.7014542811177324199700678e-02 
-3.6293227503725884741658803e-02 -1.6644821408773907700506811e-02 2.2066898440804670447808424e-15 4.2386317568333702212368300e-16 4.3567551860426172412349552e-17 1.1360785752813696981725924e-16 -2.3767979311675450874957412e-14 -6.1178208818677286956416029e-15 -1.0378783174219962920290279e-14 -1.0770438761796002646579748e-16 
2.5148510231323784047674508e-01 4.5963610462988924165728122e-01 1.4773700648712232805358946e-14 9.6109459880019364557877204e-15 -9.0770599808534804726319176e-16 1.0017803477335858720104771e-15 -1.4940654653985425970308398e-02 -1.9151432606573842720720791e-02 -2.2866824799414013026854379e-15 -7.2338223611764701187971085e-15 
5.7854739631258514688677048e-16 2.8271443464027449976166251e-16 -1.5904865734142225004753910e-15 -2.0190788589955484109239562e-15 -4.6167010147668594011172161e-02 -5.1957779978139703724870913e-02 3.0208400070004408355384129e-02 2.6109404581063616612723877e-02 -1.5378686513976313016465077e-15 -4.1064157163857140120098020e-16 
-2.1293030863287100215170612e-16 1.5233728739301916243534296e-15 -2.1533946258740012692381951e-14 -2.7647237817149936630767856e-14 -6.2965440525350625159584956e-15 -1.3569054059404243498283958e-14 4.0491981648864894260952951e-01 3.3250993092206948542610689e-01 -5.0866234204226061827429698e-15 2.4348472991057936297188046e-15 
7.9569009349324405809075552e-15 1.3813092199199780471494160e-15 -1.6059025314899239705868084e-02 -1.8254175989264591339900079e-02 -2.6441710674179848294382494e-15 -1.3358473852670758415367447e-15 -6.5513965256199268883635469e-15 1.0642354765913270376916184e-15 -2.7883609282294877265023913e-15 -2.3587402581081124582797549e-15 
4.2478441033326895526212041e-02 5.5019643585921859663123712e-02 -2.0043315063098549738684895e-02 -3.4535710109384963606427021e-02 -2.7109525907468013368414929e-16 -8.3950095878341591020503006e-16 2.2074013098388788047687856e-15 -1.5836107544877006844784592e-15 3.0257465752058673502462472e-14 2.3171303449372503181753094e-14 
1.3897767029876512462212118e-14 8.4221414276062108144443311e-15 -2.9607462958254360252396964e-01 -4.3227621454872200423835693e-01 -1.9059894396186209914126222e-15 -1.0090692129356249564848176e-15 -2.5106237711699105726155893e-15 1.4875677253323238740719182e-15 1.0328627858942066725100872e-02 2.2009695174245905158194603e-02 
-3.4645828140676033584566497e-15 -1.6167656820205363852090188e-16 1.7091057634657101605991864e-15 -1.2701271599883433088353786e-15 8.9388848394828461904541173e-16 2.4125380907939982637566588e-15 -2.5441787483782538764609527e-02 -6.4686123570466963483838185e-02 9.6123129338587798287107944e-03 3.8756330986558250317752794e-02 
-4.2463365344152688084530693e-15 -9.7355776773868524445658250e-16 1.8702871090918617420801640e-15 0.0000000000000000000000000e+00 
10 (band)
4.5931003501460754279150933e-01 (Ry)
0.0000000000000000000000000e+00 (Occupations)
-5.8754629757721421601246448e-01 2.9970276207050872141479658e-01 -4.5279221702231690904749684e-03 1.2782961261960656962344274e-03 -1.7248291434020228262561348e-15 9.0532661631458195042031890e-16 2.2771995597241095898866092e-01 -4.6440211527724609141820622e-02 -8.8982885414862183948159213e-02 1.1613600288950379213481767e-01 
-6.2431936589006265983711106e-16 -2.6960041619936973040327970e-16 -1.0990023661776621155539146e-02 1.6827142714707879478375219e-02 1.4655765585163932351875360e-02 6.6165524269926057066015801e-03 5.3946189483498101224778765e-02 -3.0196404524017766285437503e-02 1.2176248681955072676053143e-15 9.3250607912767894849625952e-18 
-1.1795564283227466561624399e-15 2.4397260355211939213353218e-16 6.2827322930402995648790920e-02 -2.5588468461811939014260986e-02 -1.0565404649754107924142232e-01 5.3182668867666663126136939e-02 6.4783140467932831541020278e-01 -1.2388247858593304240315547e-01 4.7047683193895406539297710e-03 3.5710315915135626418930315e-05 
-2.8901456950357805832172607e-15 3.0423946566221524988055528e-15 -2.3163444180180736697849397e-01 -1.8935600492363480196189585e-02 1.1785061489433615311561709e-01 -8.6699236634119852817903507e-02 2.7227042766622331362323848e-15 -3.2854268041357208420292453e-16 1.5248273485309372238249992e-02 -1.3092880040125626228686428e-02 
-1.2227879870412202908958044e-02 -1.0442661767050942511758649e-02 -6.0228713423899273016193234e-02 1.3946909523958024926248989e-02 -8.5645549283160422947969968e-16 -3.6727846374697058167005979e-16 7.8161146967829150404091233e-16 4.3115007779677455151221095e-17 -6.7471636616071112291237455e-02 7.0441803761905688596733910e-03 
1.1629640532732542224092498e-01 -2.1594441811198190894760529e-02 6.3375591850607326804833974e-01 -1.8079158139172310515441211e-01 4.0458190653070106451716370e-03 -2.2575989498586773729371657e-03 8.1507659817306374155859099e-15 -2.2947395559281500474655302e-15 1.9877340691289882568248970e-01 -1.2122153453813742929323638e-01 
-1.4447853848398439779998625e-01 -2.4339509436532961311749901e-02 4.2666614327272257945679977e-16 -1.3125396124732981389386826e-15 -1.9640055533129086029475729e-02 -4.7709948163674187338045840e-03 6.3038816412204663752749667e-03 -1.4880220665730164997242468e-02 -6.0081425442616263887796180e-02 1.4622372770259413343740817e-02 
-8.5581156560198612779318067e-17 1.4701834551129896104251496e-16 -1.1618560834008916033015019e-15 -4.2863136331202701516378419e-16 -6.3437709253141807974607502e-02 2.4039958700256328777422610e-02 1.1359020300562715222181254e-01 -3.3001004634764859180240393e-02 -6.5903105005682716122095144e-01 -3.1992506288799809135992014e-03 
-4.5150245298215471723146663e-03 1.0392104804838328893645816e-03 -4.3845549094135818564240860e-17 -3.3538253126596792177333312e-15 -2.2470057753555700008618601e-01 6.0952261539231770981484004e-02 1.3195132156386379929102759e-01 6.3681304474942662663394799e-02 4.1432649834275841565413013e-15 3.9635265304232381439690083e-16 
1.7529156194085761949486013e-02 1.0060957012410831623583363e-02 -1.0205026956944081989453466e-02 1.2530655035356068685570285e-02 6.1775325431110660046041261e-02 2.7204110957544250584683176e-03 -2.0367813577540503745591652e-15 -6.2107998485860164210401499e-16 3.3085681723204159854618223e-16 -3.6039968248493498221581043e-16 
6.7625766296535744226403608e-02 -5.3868638746669911601672176e-03 -1.1828694148453278156551960e-01 0.0000000000000000000000000e+00 
11 (band)
5.0782979419991092218111817e-01 (Ry)
0.0000000000000000000000000e+00 (Occupations)
-7.7152686909810058724090709e-04 -5.9414799380972105335985134e-02 -1.0650754898317498636783895e-02 -1.8469163439439301166444807e-02 8.4793940764728537696995609e-15 9.0456576414434821159310572e-15 4.0694709903680670315395673e-01 -1.7747089355212000705286357e-01 2.7125812330824600193679430e-01 -1.3057626301521768619195996e-01 
-1.9564697128760674182490572e-15 -1.0864467923136433642142749e-15 2.7859065315644550991924788e-02 -8.9269084406790027291789258e-03 1.8337001267372685098244744e-02 -7.3474374729082941870572654e-03 1.1766827007491015288920266e-02 2.3628099055937656913783940e-02 -2.0665296734097973601420647e-15 -3.1518578294727379918226197e-16 
5.5853861170947386206952237e-16 5.6094057727953841758310670e-16 -7.4104468923572336391814019e-02 4.9343215808306903347180139e-02 -1.0687740321384248121105998e-01 7.4454006560458529939694472e-02 1.5835308213718285452742407e-02 -5.7270905815870049027083155e-02 -5.0751203409418223222449029e-03 -2.0707286919861990492908177e-02 
6.3415560179083648644783960e-15 7.9327591386541742098078563e-15 4.4030153049148335053786241e-01 -5.6889557209806512760863484e-02 2.9691707904257802486114315e-01 -4.9712957028918813850992819e-02 -8.1408787576271792586139462e-16 -1.3210472310277127475928052e-15 2.9243412570842886727406906e-02 -8.0002236256959680105182997e-04 
1.9658776238429469945812045e-02 -1.9398375461134112485162007e-03 4.7075801865257222225680245e-03 2.5972754409361302474490429e-02 3.7665951573496837311146313e-16 5.7851627392966283615132612e-16 -5.7167135334935325567807625e-16 -5.6691838246192034845661481e-16 -8.4928371941644861808917710e-02 2.6709490824275122777820002e-02 
-1.2340570108715423480738593e-01 4.1679867440124085398167608e-02 -4.5839432654168663083815716e-02 -3.7974472704604161910069138e-02 -7.5379260550084772884993356e-03 -1.9987346117904397635456348e-02 -1.0413495023683816552649244e-14 -1.0844420510672769292477423e-14 3.9417676687865055296100536e-01 -2.0520944433179985622039965e-01 
2.7208325904841079712070950e-01 -1.2828526933088885142453250e-01 -1.3109326284851150078723129e-15 9.5562208926530162274995265e-17 2.4082235880012990009158003e-02 -1.5892608404528968391034027e-02 1.7370850078418827167059391e-02 -9.7288789707522665972661002e-03 1.0913859879387571155673342e-02 2.4028951237720426459265610e-02 
-5.8876053834234087035437901e-16 3.6618060466076728458028750e-16 -9.1472449158596558606208915e-16 7.7336215292997072197701080e-16 8.4973213354249510498306108e-02 -2.6491020630558366477647070e-02 1.2516045954917448534970958e-01 -3.6362474899948094009261013e-02 -3.3424777591700954859632589e-02 -4.9255440371522810072413279e-02 
-1.6623309934961413153464704e-03 -2.1296736597788010203480269e-02 -4.7952986070770588274946017e-15 -9.3551619419599162332915337e-15 4.3577707011793054281412196e-01 -8.7089521466658839643493195e-02 2.9707028482178210460062928e-01 -4.7282724727143669862794439e-02 -4.2730207471832901213373481e-15 -8.5488907993631500426069105e-16 
2.7559915449192656095034337e-02 -8.5428418757381493348068702e-03 1.9395388349710926401137101e-02 -4.4962683681096602544835505e-03 3.7766470457682001574117869e-03 2.6119719985925410332683327e-02 -1.6385560594829920651837346e-15 -4.0742793222274780753920908e-16 -8.2714204308010394706164899e-16 6.2763104379763942249805557e-16 
8.8989999381596060490373645e-02 -1.7323890612561307876526850e-03 1.3033560609215694148232956e-01 0.0000000000000000000000000e+00 
12 (band)
5.2265105612768081311259039e-01 (Ry)
0.0000000000000000000000000e+00 (Occupations)
-5.0842471979045920915663004e-03 -1.4428321243752754987621501e-03 -4.1983277936155465048795321e-04 -1.7486941679616500866512041e-03 1.1828338449647744729451832e-14 8.5319156934805489680331511e-15 2.6506953430674412564016507e-01 -1.5084933585572934955365554e-01 -3.8281582076058973118648510e-01 2.3747315272859517709669319e-01 
-2.0942151788454480462729968e-15 -1.5213412617224907591767295e-15 1.7332551240245248902471786e-02 -1.1145352251397511178510058e-02 -2.4832370589826437135005932e-02 1.8459549921740661670988004e-02 1.1489414842375850374367463e-03 1.9102977430982236162204657e-03 -1.2300281830058548104410604e-15 -6.2154362090178415203486829e-16 
1.6972060560459499270635400e-16 6.2652466411668061442618887e-18 1.2348739237131811652403712e-01 -4.5670985905365849011339208e-02 -8.3394293167485963880203315e-02 3.2826059108176597334249891e-02 -4.4798331503030988653968336e-03 -2.8040023276468539759065379e-03 8.4707352984651762550782905e-05 -1.7963895791430345427741599e-03 
9.9514764474740977414316283e-15 8.9092932538992931750309974e-15 2.9663022311574954725799103e-01 -7.0907622157279970309673445e-02 -4.3386851298799361531521868e-01 1.2124175983974852521818377e-01 -2.1648808398773081017775101e-15 -1.8663509032822493440708826e-15 1.9753793664496137327812875e-02 -5.8671837506647783744284652e-03 
-2.8996418927452513591980221e-02 1.0798578693855670485035603e-02 5.7036517231079343279165350e-04 2.1549913159209736074339858e-03 -6.4905308208778665314836271e-16 7.3053166018319712578686584e-16 6.6241371290263891703362246e-16 -4.7948049070963566741182017e-16 1.3132596202652099814933706e-01 -9.4056752039903546158683412e-03 
-8.9241191687716020508602810e-02 8.2563911990869119639224749e-03 2.6437181408891204451028223e-03 -4.8211339552796245166987887e-03 -5.1176641025884000817114394e-04 -2.0550026244114810713981001e-03 -1.5365236010830335568328214e-14 -1.2315115158849959632356658e-14 3.0234516873842492978852192e-01 -4.3625450494024400893700033e-02 
-4.4852589665140474295412787e-01 4.6376998867146593252819287e-02 -3.9666115800245510183335254e-16 -8.0573519045174339815590071e-16 1.9927903063032163105683381e-02 -1.2801041070766294716065659e-03 -3.0591268673486410323292262e-02 9.6898397239822409154896832e-05 1.3416218452865077623292756e-04 2.2577609838536866031233341e-03 
-2.0970681700609394155212842e-15 -4.8434723266147329632714842e-16 -3.7924481313241450031898379e-16 -3.6023527591304257543866311e-16 -1.2577939381730685042271034e-01 3.9188416904784459382504735e-02 8.6216648799912753986518510e-02 -2.5048251973795399027977737e-02 3.8837993318981012952351151e-03 -3.8921306468864130811979862e-03 
8.1881402779706083383537418e-05 -2.1161843211041087009505191e-03 -7.6153299826543984563718799e-15 -1.2357322452225630384765938e-14 3.0251126911921238926694855e-01 4.2458368387727714321489003e-02 -4.4365535662564498098348054e-01 -8.0599196821235785659354178e-02 -4.0350105968509681977414347e-15 -3.6547103656250197338364407e-15 
1.9493777140890934662653677e-02 4.3304318255644614482635646e-03 -2.9403635935026869313579923e-02 -8.4416409633364126313681552e-03 -5.0106013539277110841602125e-04 2.2055436728140305306655744e-03 4.8691126164508207874688677e-16 -5.3870744671779845870287895e-16 -3.3085681723204159854618223e-16 3.0914446023355752157958494e-16 
-1.3171837744721892615729075e-01 2.5410571073078776389853051e-03 8.9781542965293961722217375e-02 0.0000000000000000000000000e+00 
13 (band)
5.5704089587638994096607803e-01 (Ry)
0.0000000000000000000000000e+00 (Occupations)
-9.5370722383095865581914552e-02 -1.6419593874765295304918311e-01 1.4085507786855086531652148e-01 2.3157909254663289200237841e-01 2.0054639115953454932560731e-15 6.5120839539418685059554761e-15 1.1644442861646869813441185e-02 -1.3126688910357654782590231e-03 5.9446665720285229994601650e-03 -2.5204610754997469612703753e-04 
-1.8004794405093877247290566e-15 -2.5170592130810316204376454e-15 1.5246326399782406113558864e-02 -7.8957009974379432915014831e-03 8.7127180356330879984483317e-03 -4.5870015064409866423211781e-03 -7.0654341314061480661123937e-02 -1.1573201925487135166559227e-01 3.7495819285459930051585933e-18 -4.8083991300036239831401527e-16 
5.7240009185489053104956555e-17 2.5178841977929282497083292e-16 -7.7360071042771507560109612e-03 5.5135972246191690404604202e-03 -1.3666283032655046625336581e-02 9.8610903242630498777288039e-03 -4.5774695944575963246769845e-02 -1.8428390651457660087686463e-01 7.0653734707553275673497239e-02 2.6168125427311811348474180e-01 
-3.5974682549518983963474943e-17 5.0574227596244181404995304e-15 1.1548307899038635915278661e-02 1.9881483457405875470147549e-03 5.7789443948963736819024462e-03 1.4164708163834534293545886e-03 -4.3743844718986372112805389e-16 -3.7369705804140923697912533e-15 1.6843781325711203178396858e-02 -3.3286023465288780247284262e-03 
9.6465007383862017009690248e-03 -1.9740977414550615887112173e-03 -3.5560713773485741473479038e-02 -1.3084866015077822876122582e-01 9.0203862319318199936300262e-17 1.3036131117167194254707395e-15 9.6993376935321538626580091e-17 -8.4108239210748185978052152e-16 -8.9670833625400646338388100e-03 3.1363954218171881047072524e-03 
-1.5874801799250749800851423e-02 5.6567713535561605850410238e-03 -7.0390359720538753229845952e-02 -1.7732219714631530793624847e-01 9.4619075038387220888402851e-02 2.5363007456457631327850777e-01 -1.6951058555400608851654666e-15 -1.1254741863487736289870650e-14 7.7772195502363375418930502e-03 -9.4141771751919210015069339e-03 
4.0240794913024569012804932e-03 -3.7953742634590746651834792e-03 -1.1298841343010528455300302e-15 -2.0514735822934043593138982e-15 1.5785650882553851209744167e-02 -6.7149236357605035160900364e-03 8.9051856122667055748465259e-03 -4.2228534722096953274439457e-03 -4.7180231063260739954312584e-02 -1.2709395753690702624005837e-01 
-3.7607184465216344746357994e-16 -4.1369890097615255531009003e-16 -7.8671208636127014918743748e-16 3.6343524674751407537061728e-16 9.1455553157424561427912835e-03 -2.6221673989559259217163589e-03 1.6180002335677918373635364e-02 -4.7007252204976160414595654e-03 -1.8124102065016113594086988e-02 -1.8991967056289787985079442e-01 
2.0101565276364558032540231e-02 2.6995723949950328757196871e-01 6.0247820905005577556915142e-16 -1.0832221304531641932553738e-14 1.0094886528772030465095355e-02 -6.8705998129591572612384631e-03 4.9231737897555000182947538e-03 -2.5219915519080590877998294e-03 1.2143582926708372824981714e-15 -1.0732085984838836852101893e-15 
1.7032264838928022621100666e-02 -2.0442425679490371266677773e-03 9.7297320740975384856241703e-03 -1.5707119414521679857249525e-03 -9.8487941947033065537286944e-03 -1.3521038975790991565339993e-01 -3.8803479298726063706877935e-16 -1.2382197344248675767524629e-16 0.0000000000000000000000000e+00 -4.8384019626196208045188870e-17 
9.5139804045710710950212174e-03 3.3477796877225303451286464e-05 1.6849014605642531616780389e-02 0.0000000000000000000000000e+00 
14 (band)
7.3728292435262576809407165e-01 (Ry)
0.0000000000000000000000000e+00 (Occupations)
1.1704732640844898329792959e-14 1.4859300888022648079578995e-14 1.6710239214156822160054394e-14 2.0235155387199897666428413e-15 -6.3299963633894540393498573e-01 -4.2640319296475803767521029e-01 1.3330612309111645063006214e-14 -6.9434966072713529461730779e-16 -1.8505403353384756705200875e-14 6.6872624128019251534096361e-15 
-1.2088253238504986786239215e-02 -8.9107603449627773017915899e-03 5.6511347263036477903599642e-16 -5.8123512599932051865420503e-15 8.5061897284859829745280283e-15 -3.1390860526939901806909586e-16 -2.7241620137301012866055719e-15 1.1180298129232291807703640e-15 -1.2278115504035069793786761e-02 1.5256154372623335901959507e-02 
-6.8866152982069136004317222e-03 8.9489719383079105452516444e-03 -1.8438159393138306341671142e-15 2.2780435209075185943507103e-16 -2.4827781566702496943984887e-15 3.0174191343137842848107079e-15 1.6827801230592676717572135e-14 5.3821409854631845589919344e-16 1.5910808702040579362014061e-14 1.8320616470553961531572522e-15 
-4.8890285538820038579999050e-01 -5.8607356242118313627287307e-01 9.1619320187182223073254242e-15 -8.1951900624285672068472167e-15 1.5803267993491881441268866e-15 7.1570086657080982691277252e-15 -9.1222503715020497594423432e-03 -1.1929462034933101602374173e-02 3.3843560997443048840931725e-17 6.3690137248470515530492938e-15 
-3.3261155831452950293636838e-15 -6.3551909334605005329221123e-15 3.0079232393759936526115258e-15 3.3232458041209473249955832e-16 -1.6046928172861716493935447e-02 1.1224903687191537665635011e-02 -9.1098567655369597217962507e-03 6.6723368267461238834137305e-03 4.1469614142143138483143109e-15 3.9107912287713771117048752e-15 
-1.7917291134218204423202413e-15 1.4647757461355773887004750e-15 7.3296277093728819713382974e-15 6.0272235048765238519156376e-15 3.5280522128871790499713721e-15 7.9948317238017166091428334e-15 5.4269160445222730526637633e-01 5.3669207215036129898777517e-01 1.1539856182987824507793124e-14 -7.6685715513090630056184943e-15 
-1.5893216034915981435652158e-14 3.7745905126621621655052115e-15 1.1152469578927987070571248e-02 1.0117585959441842066719452e-02 5.6796484049728128900986991e-15 4.5395966482965586683924076e-15 6.5918433756285868768730752e-15 -3.9490382313038130285915783e-15 -1.3809532122931250731576906e-15 4.2929116792943420977014054e-15 
1.2542136794450660375321860e-02 -1.5038066719645150001727352e-02 7.4155644559092109141529292e-03 -8.5142199811616223886767685e-03 -2.9939938911298484504662792e-15 3.3919742384256921817982562e-16 -1.5804049810262022256432342e-16 -9.4382336873126791202233526e-16 -2.8582893934425393893476912e-14 -3.4819869733323843313425899e-14 
-2.3836448952030761096055412e-14 -1.5578522240527640023868799e-14 3.7141100621364286915593311e-01 6.6678813900319389151860605e-01 2.3060454479466665559034449e-14 1.2404896492652244946559742e-14 4.0505974120321921331854360e-15 6.1353188370593914867602208e-17 7.8869296190856343076180934e-03 1.2827293734044512701908403e-02 
7.8900607455175985861387093e-16 -9.9370313293877928879139370e-15 -4.9810037271327055739993770e-15 -4.2649672320031632385429133e-15 -2.8952828275538928732441672e-15 -5.4129861022955216694277751e-15 1.6239621635408041377957034e-02 -1.0941815899291003344462325e-02 9.4965113723474436913107866e-03 -6.1072751569094503934498341e-03 
4.5295444665318107192555591e-15 -8.6478561590264356180605429e-17 4.0851731315978593637434541e-15 0.0000000000000000000000000e+00 
15 (band)
8.4438253083881542604416381e-01 (Ry)
0.0000000000000000000000000e+00 (Occupations)
-3.4703332476682152707425644e-01 9.3332475797891367719216760e-01 1.3621705200388536938227446e-02 -3.6164813598792207305354651e-02 7.6538813677156759412408144e-15 6.4963016424788368058162123e-15 7.1610841027383520529525640e-02 1.7852842812181024534368134e-02 4.1991426957819627530099638e-02 6.1858774168136732019007695e-03 
1.5345445506572586449558471e-15 5.1230646044830081975979016e-15 1.2872509739555754171291824e-02 4.7990288499561717383556925e-03 7.8505134169641888064461455e-03 2.1502668201007490988985182e-03 3.7320722930277813733646042e-02 -1.0023127352914340537637372e-01 -2.4323080910126631345676728e-17 -2.4692712540198564569464444e-16 
-1.5357720203876233095709102e-16 -1.9136854789644279413294300e-16 1.4223819287965955293628895e-04 3.1722819201365042018903040e-03 1.3390393198291078435957502e-03 3.2993351516373836673778897e-03 -5.9364321701538613762494379e-01 7.9944666066395364545371649e-01 2.3170498837711710204967375e-02 -3.0928507542607619473784553e-02 
6.5866567053341135816741208e-15 6.3058689334833118111524182e-15 6.3786654102485518258447428e-02 3.7122759966574492285218412e-02 3.8598297377810834862810196e-02 1.7655493674885419652653695e-02 -1.8817608524955219102763972e-15 7.5017858127221222581411398e-15 1.1022503454947821938114672e-02 8.1997928317205266701694910e-03 
6.9388931452193519655580189e-03 4.2551110710308676088331481e-03 6.3802488436461635146201843e-02 -8.5839309308890568428473955e-02 -1.7002174439248961940764801e-16 3.4029032914868689317330742e-16 6.8479543029425481973997005e-16 -3.2298278611130175147006588e-16 -7.4844800308407344324734822e-04 3.0860054878489376339878447e-03 
3.6538584055540238026971167e-04 3.5419107739167142445690928e-03 5.1263703515995584503173177e-01 -8.5367034919017359406723244e-01 -1.9399398581938565033766508e-02 3.3324675171713766252956646e-02 -8.6289661917976106432724798e-15 3.4042092990917791930195684e-15 -5.8578364556886891589826405e-02 -4.4017487532944293837644523e-02 
-3.1169864654586168506433808e-02 -2.9436542087609651741075822e-02 1.0631462361840325092831144e-15 4.6698894291757996489911544e-15 -1.1742154794468155631914641e-02 -7.8846120576758216280666147e-03 -6.5522791366644933530594130e-03 -4.2559510337895484211045982e-03 -5.5014806715808703407866176e-02 9.1801806804643559800638286e-02 
-5.1149617889471882727228440e-16 -4.3951101167739993958402771e-16 -4.4776775868606335209840908e-17 -1.1476849620712336254167480e-15 2.7041462439781616122758123e-03 -1.9144696101578012603638967e-03 3.2043165955921472376477510e-03 -9.3094002849159612766882788e-04 7.3044854282170412762553724e-01 -6.7675307254099426046423105e-01 
-2.7926407948726913316184195e-02 2.6589215477755154259931203e-02 -6.5354647956896393857873612e-15 -4.3142715568484013928492910e-16 -4.3971946069379187760350902e-02 -5.8612558054943357521704428e-02 -2.1719690776221829697778531e-02 -3.6963840509944112522333626e-02 -5.8877818858835416194664908e-15 8.3611003417502055165267700e-15 
-9.0761804667123992945709787e-03 -1.0847499926394027491838301e-02 -5.1047397955653987799973237e-03 -5.9149905077155130392330129e-03 -7.8442259124757843236075416e-02 7.2808053634064229253652911e-02 1.1632344917053312546515345e-15 -1.1017748993529978403643519e-15 3.8643042325148607848345248e-16 -6.7585471439298254427155583e-16 
3.1308945572520586846099189e-03 -1.0840203265536016430381494e-03 3.3368089818610513659635775e-03 0.0000000000000000000000000e+00 
16 (band)
9.0906673478445831904082297e-01 (Ry)
0.0000000000000000000000000e+00 (Occupations)
-1.2317552441363609482300034e-14 -1.2425620070241472033495165e-14 7.3152032122852176688382304e-15 -6.3350816290453908288058325e-15 2.3501936962007152764897455e-01 1.7610282821045555867733867e-02 2.3643064395623713319300119e-15 2.6814067554134961487359064e-16 -1.1658743333809019604235654e-14 1.2739259872179422582107027e-14 
3.2638100850430706856286633e-01 2.1729838644906449007798699e-02 9.4745589525456400058622442e-16 -6.0189109853768242985452894e-15 6.7129079244702176152448365e-15 -2.3226761531129555823224201e-15 -3.3439742490060824990174376e-16 4.8160273048591922495206534e-15 -2.1150648774224869302917895e-03 8.2455887654999081293194507e-03 
-8.5438905764263089765570003e-04 4.7573672831966312690710197e-03 -4.0281529820599541038889552e-15 7.3964814038512498838540637e-16 2.6716387546071713183590240e-16 1.9379005610815966282698260e-15 1.3173660493872345699960818e-14 -1.7393094555094951589590311e-14 1.9558353536487897120946765e-14 2.8194167890827868449380917e-15 
2.2077450437602111343871059e-01 8.2479357266980454777005605e-02 5.0610188997563419175166302e-16 -3.7712881002569463336401358e-15 -3.0150792987777083497415329e-15 2.2717181863235659084342298e-15 3.0735918987395860479949761e-01 1.1192442539429781067639169e-01 -3.6898531374574238175940276e-17 6.4202735489561996108995743e-15 
-4.8554259280853979372719067e-16 -2.9476286356102450317620091e-15 2.0290495204318498664731956e-15 -1.8194312945712479129309229e-16 -4.3315293762192742452188376e-03 7.3281025366995333064634721e-03 -2.1477275773410277326380680e-03 4.3301028143222959621017054e-03 2.5709595459585649559536681e-15 6.3897114976643376488375150e-16 
-1.2569693795026544623703304e-15 -1.1921812780425135920235295e-17 1.5485052697974725599148787e-14 1.9030848488174410866503369e-14 1.7456301623636496309070902e-15 -1.4872843778243188435313004e-15 2.2852098657426139771686735e-01 5.7458157984265553763769674e-02 9.4556805314369225175818342e-15 -3.1359611915706602861474132e-15 
-1.3199316454300719697895745e-14 7.1864487533659788447483508e-15 3.1650802360315560823877945e-01 8.2383258508635134886866069e-02 3.6219669866568079898313456e-15 9.4347906607192655249461934e-16 6.8095035350314093518435574e-15 -5.0132033437527482740701886e-15 4.3610615618471288775072185e-16 3.1660884246929008148986001e-15 
-5.9144527820732557127358930e-04 8.4958486103253755966635552e-03 -6.9432443803332409212880627e-04 4.7860231696128874637197192e-03 9.4558425687083658619312301e-16 1.7498736219059850881445792e-15 -1.5828136700613249687264800e-15 5.1791281571367788019995017e-16 -2.4124001047842679740888400e-14 1.0784823172576284239580795e-14 
-2.3051807592405904079379635e-14 1.1334233988485101541690158e-15 2.0341694540491561671302634e-01 1.1893202910044718689785981e-01 1.1233097621611332691252310e-14 -1.9865915459867461905047294e-15 7.4009659410532943563280937e-16 -2.6079945407771553666694596e-15 2.8095646012177155625977321e-01 1.6741504652667008046229569e-01 
6.1170962142852800228358836e-16 -5.5605860994665058041607617e-15 -5.9350930187268546415776622e-16 1.0051840878717569630235803e-15 -3.3393921634870787937658556e-15 -6.6400002450340146710283766e-15 -2.9382273666272488120421169e-03 7.9935018026304760496714152e-03 -2.0020132712710880275308600e-03 4.4022774863676783496657663e-03 
4.4806798938779464227145277e-15 -1.4778611341811149601085703e-15 2.9423003930971641888229451e-15 0.0000000000000000000000000e+00 
17 (band)
1.0558204210451698212835936e+00 (Ry)
0.0000000000000000000000000e+00 (Occupations)
-2.8831781192223804310970081e-01 -2.6021224477018101151060137e-02 -3.9955167996627338755644132e-01 -8.6866071836910002668119546e-02 -2.2378591870552940511403311e-15 -4.6614390742816731597518650e-15 -2.0836069144996030577665636e-01 2.5623217925418884099997285e-02 1.1479670285034787591271765e-01 -1.2947680252326523864248031e-01 
1.8977509621800762242465302e-15 4.8481686623503253718624936e-15 -1.2434976284922927280973681e-01 6.6033735826846767791309389e-02 7.2038915848547921405575778e-02 -5.0190868164791693772919245e-02 1.8806745427569246387200508e-01 2.6151945587040804214185030e-02 4.6474092791150511518847125e-16 -1.0974763772395635857907884e-15 
1.0683574974385679265840919e-16 6.2129530924823933615269476e-16 -6.6413037129060391999813007e-03 1.5771260730550101802904805e-02 1.9013874161334563817060683e-02 5.2484829261284522000652331e-03 2.6961008405983005742356795e-01 1.0542612279786621465316188e-01 3.5945209391418131428252991e-01 1.9488830539817095233168232e-01 
-1.4415095153213996002261146e-15 -2.9783577915376525548872212e-15 2.0723610625198876644681434e-01 3.3524965382220647813760195e-02 -1.4636142522611494953821420e-01 9.2308496806850312554892923e-02 -3.2399624351703263600784596e-15 2.9159817736665822782877087e-15 1.3783511707376686072912264e-01 -2.8719301683161488347728607e-02 
-8.3181321834734728293270223e-02 2.8099756966842963368247155e-02 -1.7330382859788026617131607e-01 -7.7582695293759135202193988e-02 -1.4374745955595092870138962e-15 6.5818254400551718817948991e-16 8.5992402227039813262786241e-16 -6.3607191132384640402465353e-16 1.0777643495016222402460571e-02 -1.3292177426307123788706832e-02 
-1.6794623240795097246502721e-02 -1.0344786795707475515748719e-02 -2.8549270644342683578287279e-01 2.9823028450438049397064333e-02 -3.9705794322310167254741486e-01 9.1121153312321137573981389e-02 1.4527217451361608913105297e-15 9.4135740641260530507378160e-15 2.0932870408017956176394136e-01 2.2978792393780853031692857e-02 
-1.1635702454749155543289874e-01 -1.2803085940410030563185728e-01 -3.1851345616236853990477835e-16 8.0814158413060817383691821e-15 1.2486658551394348715124494e-01 6.5186764750977441162937964e-02 -7.2539081648470282726037794e-02 -4.9664505066727988868979793e-02 1.8772306519519180167954175e-01 -2.7976657117256671647442801e-02 
-1.2765938935806504881658575e-15 -3.1820736851026309831199683e-15 -2.1706061641566311563055919e-16 -3.9078030335905853730330893e-16 -6.7264783372294190133544589e-03 -1.5714171682435062321614438e-02 1.8819506813826061830674519e-02 -5.4675721598682249652290110e-03 2.8247720299723155790161400e-01 5.1011060028040983160835253e-02 
4.0671422707117110828534123e-01 2.3272566584046309318134504e-02 -3.5874822619519085704488894e-15 1.0746392232362450136148792e-14 -1.9460615405372924668903067e-01 -8.0467235917313556514685047e-02 7.6017444884811158356541227e-02 1.5540980083147767909501624e-01 -6.8814570920839487761441810e-16 4.1806588429071934209800331e-16 
-1.0172206602409891718075130e-01 -9.7435105379950245896303329e-02 5.5802866872368440953611213e-02 6.7930269238032608969390935e-02 -1.8807451267529626259822351e-01 -2.5507258411832128830454280e-02 -1.0176219763279631196425708e-15 1.2312235678329325482154580e-16 4.5492812369405716102314563e-16 -1.1657057514738648599384209e-15 
2.0752805359100386616011402e-03 1.6966847473339374818834813e-02 -1.9597657565106479937711015e-02 0.0000000000000000000000000e+00 
18 (band)
1.1961287487218394964827439e+00 (Ry)
0.0000000000000000000000000e+00 (Occupations)
3.3378785248321124479176092e-01 -8.4786435614160160501029395e-02 2.8986476858047582894073457e-01 -1.9366973510131152425017831e-01 -1.8866370751467478100809222e-15 -1.6802553052428601677171625e-15 -4.6424085747332449747304395e-02 2.4076183458522393276979301e-01 -4.3424473474838347353266244e-02 -5.8476097744871904926533546e-02 
1.2955758256304061661176789e-15 1.6718428126937156937900305e-15 -1.1715357152276098529064541e-01 2.2099783357170618702802756e-01 6.6097861320070561141903909e-02 -1.1159269140515307161543035e-01 -1.4515643323837340572524113e-01 6.6555652215731703202905578e-02 -9.6715759003980055866515779e-16 1.1402822311819903835015808e-15 
-1.7122038430518216566614867e-16 -2.4189117290990115681674249e-16 3.7070094874425550679486463e-02 -6.5269948163426648457541290e-03 -6.9425654703959630009713067e-03 1.6601608090017413998928930e-02 -3.4418902854439215044379807e-01 -1.1703963395426147942046669e-02 -3.3238744057028019041055700e-01 1.0511013133642915784449201e-01 
-5.7020259462396381392246843e-16 3.1152870352169546201942361e-16 1.1175116692945769036882098e-01 -2.1825016247468814745147370e-01 2.5385936495035732463065870e-02 6.8269269311356406415569609e-02 5.1921779240331944306526649e-15 2.2170278002725832512856744e-16 1.7415826500825296041519152e-01 -1.7953801963160581633971447e-01 
-9.4606727263432249808161600e-02 8.8721041487542312564684721e-02 1.5796124129902280874837572e-01 -2.3415618710997981866128725e-02 1.4719731566752855222352174e-15 -3.1457648793650939496523378e-16 -8.2380455696112976952364051e-16 4.1611856545172010241251588e-16 -3.7419151538282117985811936e-02 -4.0743948614147679210262254e-03 
1.1298602786684569521113986e-02 -1.4005505401597409531611049e-02 -1.2417064169567564035912000e-01 3.2165715887276979945141875e-01 -2.2592916687684549970072112e-01 2.6599037533577746250657015e-01 5.5838346704494067648504966e-15 7.1619314264703187352857714e-16 -2.4356347507358488968520760e-01 1.8146014617058350837375258e-02 
5.2638640010439670391395595e-02 5.0236789333216333441889390e-02 3.9620887614234126133048968e-15 -1.3975531393266969884695588e-15 -2.3281381221665270464526998e-01 9.2163085601024569148975729e-02 1.1824844703655147670762204e-01 -5.3635136223500384788920314e-02 8.2445045038367484324659529e-02 -1.3701744136505633608891230e-01 
-7.4590887188831790151627597e-17 -5.4305637498863434337298839e-16 5.9890595692426529194903124e-16 1.3960595192143901256986148e-15 -1.0737234102586368234000247e-02 3.6039705504571653560397237e-02 1.7352818446294680787556075e-02 -5.0414597986391225872826460e-03 2.0897976968614484505337714e-01 -2.7424283395401860552453854e-01 
2.9116730137279939194527856e-01 -1.9239664973228526312354347e-01 4.4184979372630146353135829e-15 1.7054922292987429101125103e-15 2.3895504386292074072706271e-01 5.0526540044561141229451096e-02 -3.6532936204712040950681740e-02 -6.2927783982278606700333512e-02 4.3216361544910378435303832e-17 -5.5668505623817998649833134e-16 
2.4928231499784572755551437e-01 -2.3550646183625907614800354e-02 -1.2851696300786522031422976e-01 1.8515217619698386836146753e-02 -1.1739810367880504360371674e-01 1.0857554946776643012285035e-01 -1.0232581446310745295858519e-15 9.3696706480536814921820579e-16 4.4458884815555593810577521e-16 -1.5050221837375631643027777e-15 
2.0365655410398711411268380e-02 -3.1613108811619626548061746e-02 -1.8070324427951211382348262e-02 0.0000000000000000000000000e+00 