73 (index of k points)
0.05682254769238524738650398 0.03271229485715939494516746 0
18 (number of bands)
52 (number of orbitals)
1 (band)
-1.5176703077077329240296422e+00 (Ry)
0.0000000000000000000000000e+00 (Occupations)
3.3459260567404985886597046e-01 -6.8292883118096087136095207e-03 -2.8181908204986047539186700e-02 -6.3457268569563907156805271e-04 4.4417171209382505004696116e-16 1.7889313212127851122706048e-15 -2.5058424820725289094980326e-03 -2.2870692908768201073721471e-02 -2.0379397038652949381010160e-03 -1.3055993189408639926218925e-02 
-4.8655555425572321904578406e-16 -1.1077553880681180214614857e-15 1.2910243076028338204963575e-03 -2.1914265268187932411692032e-02 8.6922778271664516425154545e-04 -1.2609654814411733886325706e-02 1.0099950710587057844946912e-02 9.6538979353216758383382512e-06 -1.2964159577119052555811803e-16 -2.2542330504605978296064311e-16 
3.6184913943161744448779880e-17 5.6646825601527072125612019e-16 4.3735457062839266928477855e-04 3.3922623617825102548817284e-03 1.0310372849063609290709564e-03 5.7786806723764128079778857e-03 2.1853941073213822843257503e-01 2.5345488140385985520453005e-01 -1.7474877708923822194897468e-02 -2.2119025331730497729854079e-02 
1.4967680379539628479001803e-15 1.7465927077458036872720835e-15 1.6024887645053373375070294e-02 -1.6509113138976641566024739e-02 8.7607839931267694755234743e-03 -9.8924627987313495935950414e-03 -5.7847788017210861544122494e-16 -6.6942183072493645427598140e-16 1.7708161459861281039618319e-02 -1.2973927073904838527806938e-02 
1.0269972662594786805279057e-02 -7.3679449635830635695343815e-03 6.4305124220030915327406262e-03 7.7882994000277186788516737e-03 4.1795198997449154559920983e-16 2.5380390959434670769355442e-16 5.1830220930517117411995213e-16 -5.0640176823838917247235179e-16 -2.3350027773769432837269733e-03 2.4992968973793316771192519e-03 
-3.7953420841152218923042483e-03 4.4778975714846970188065534e-03 2.8262455758471205502502244e-01 1.8099799603366867328801959e-01 -2.3769240228368224143729037e-02 -1.4010965569668368257971736e-02 3.4416305638937840728586887e-17 -6.0159222903782494610236418e-16 1.5046035993918835393934330e-02 -1.7930774609679619308044707e-02 
8.2245993013301960106176125e-03 -1.0314959695473606068882866e-02 1.5653348952822808518434184e-16 8.0429147821814754183634945e-16 9.6498390053015616063536442e-03 -1.9472928399996834725182993e-02 6.1423819002637686237378034e-03 -1.1082658560503527711560423e-02 8.6259180930893207539522649e-03 5.2648727455795098911783825e-03 
-5.4199607144038097800892253e-17 1.6443041541303846438634427e-16 4.9856174922339014422869853e-16 1.3418727973291342954287757e-16 2.2349653467950581636758400e-03 -2.5932047283126831611899110e-03 3.7680194523668406568484013e-03 -4.5547530902144278686094481e-03 4.0690320236766643058334836e-02 3.3313842912095492643231864e-01 
-4.3554494241606293153390439e-03 -2.7245439940335763884249332e-02 3.3168934627428196816771742e-16 -2.5334464870908683548347833e-15 2.3406603583133241130997959e-02 1.6366409361094624852484003e-04 1.3190369944793041076525064e-02 -2.3784008499269301828427103e-04 -8.7235484928686232614453279e-16 -1.0637909206917447401144260e-15 
2.1155188087013825082305374e-02 -4.9771829685767241674421157e-03 1.2454636763458086512468270e-02 -2.3315658403136379703268766e-03 1.4417129541472685147485144e-03 1.0002340312833757351995700e-02 2.7944702420132359257077398e-15 -3.1875709435717554713580672e-16 1.6549685613209016473102846e-15 -8.0699542488846653972879244e-16 
3.4227191126949170485449514e-03 6.9099492697130771500999002e-05 5.9113235663625631963191687e-03 0.0000000000000000000000000e+00 
2 (band)
-1.2196663133313705440485819e+00 (Ry)
0.0000000000000000000000000e+00 (Occupations)
-3.2761013725047855027483479e-01 1.5558478164511888031107389e-01 1.7078878162912550231489206e-02 -7.2524863478906353986275235e-03 -1.6617454222653117797889273e-16 1.2860306452013019167421116e-16 -2.6367737419478860100285900e-02 -8.8103818200105044056158476e-02 4.3795123376957595384695310e-02 9.7394970750763809608230304e-02 
-1.2378525991246883345936443e-16 -3.0663513674343454439510871e-17 4.4047323161123920834403300e-03 -3.5526148168086690848355147e-02 7.2138192802749245835514103e-03 2.8157871344477669595107727e-02 -1.0592344334685626500158762e-02 3.1444854551606060688584421e-03 1.0934294748571947746283463e-16 5.3396625219715783816266484e-16 
4.7391155403788084402718063e-16 -6.8566286188788531351052985e-16 -1.4550586282366263085608082e-03 3.9202441218179340243210618e-04 8.4182236485870216152749279e-03 -3.0107772150531342258972245e-03 3.2870669540025038157793347e-01 1.5325447695866931119290655e-01 -1.6474623433139545802816883e-02 -8.5365930128156325418231631e-03 
2.2256300174380793833624265e-15 1.5942681589441669749211036e-15 -5.1077730275710289675750175e-02 7.6476178172942207988960206e-02 4.7128052468750000758568319e-02 -9.5826613368355795241626538e-02 -7.9232362912222605135337648e-16 -1.0499187142651975080697046e-15 -3.0181049675041801694241883e-02 1.9251314525262994831189545e-02 
1.7097751292337544370969482e-02 -2.3506845981669091671939498e-02 9.1746820715247201505349040e-03 6.1571711173817184059586793e-03 6.3194447665594866228412270e-16 -2.8800407085513035159697751e-16 3.9412506197126919120414266e-17 -1.8337495462130954606678955e-16 1.2295492772079023857667579e-03 8.7125617718018799617851755e-04 
-7.6858214199237977898304663e-03 -4.5672111772226842846267303e-03 -2.5680829048867714892168124e-01 2.5386967551642131146749648e-01 1.3349881984431394982282271e-02 -1.3972150957540993565508813e-02 -4.4113939446127615529506701e-16 -5.7403415168107168420317181e-16 -7.3623192210666127399676384e-02 -5.4615556547916679908105664e-02 
7.6018859524591031462392721e-02 7.4296857031396768000774955e-02 7.0589378838828935446084296e-18 3.9323744731622240012581322e-16 -3.5069075602703801697312969e-02 -8.1471480963649749174049219e-03 2.4389871043570598985184006e-02 1.6486166972942445374528120e-02 -6.5136212857343075630089935e-03 8.8629143236199810218511885e-03 
2.1899642815106668688766943e-16 -5.3981881120177789984302962e-16 9.6323986877249010196681298e-16 -3.6042336220125579497960866e-17 -8.2180846668564438289861229e-04 1.2097883040490808870259798e-03 5.6755037242047015610957317e-03 -6.8605054865374034966940542e-03 3.5930571204842454147154740e-01 3.6051567232262084206073638e-02 
-1.9275262380039608761661540e-02 -1.3800766497682956379655650e-03 -5.5619599524488922333204098e-16 -2.1325981522484140346554242e-15 4.8471793352249277486709644e-03 9.1540910530859651017543399e-02 8.7904675050009661169125863e-03 -1.0593213699915723924327438e-01 2.1713374349565221929232599e-16 5.9249557662449857173384104e-16 
1.6076384588363065719640588e-02 3.2214374808449353082551170e-02 -2.8438789347827015362157876e-03 -2.9301396956220866762965471e-02 1.0980931323603610252903628e-02 -6.3060274987944214212381988e-04 9.5046495560141348948164330e-17 -8.0651135767720085529643493e-16 1.9724310840900053486225973e-15 -5.5721462582278142292778244e-16 
1.4559983408713413673835069e-03 -1.3793378090765524022001665e-04 -8.9038125572317716738268700e-03 0.0000000000000000000000000e+00 
3 (band)
-9.8819096859832622481434328e-01 (Ry)
0.0000000000000000000000000e+00 (Occupations)
-2.5167345905637655834041766e-01 -1.9991215174227150441765843e-01 1.1585100267529402362498558e-02 7.1215368513448396026177534e-03 -1.6448882916210646921749493e-15 -5.3602338714721328034961359e-16 -2.0561908975009002276124193e-01 9.7144428698401730226663631e-02 7.4659402685788925357890378e-02 -5.1710369247597823272322159e-02 
1.1921729787909693527301570e-15 -2.3218304630385366228232776e-16 -3.8658902465313560448123553e-02 2.9439589342765720703098964e-02 1.4355695257057959901558775e-02 -2.0032033473695379233170399e-02 -1.0066924055403167828637301e-02 -3.4784026824745076927891674e-03 1.1319184727357983536034664e-15 -2.3636755790939295396152687e-16 
-2.0714116343674001830118019e-16 -4.1894238155638502123201991e-16 -3.2418190480106440221064190e-03 -1.0802540115996656089336625e-02 2.9853919722043487094964576e-03 1.0687218407781501339215424e-02 6.3877400763749647705225243e-03 3.2134653442093330522055794e-01 -1.8973823812838339075703686e-03 -1.3465911607941860594905847e-02 
-4.8803020391042504823427660e-16 -6.8058899517913459825998070e-16 2.0591760933099162445003572e-01 9.6510042297163520230718348e-02 -8.7433218626334449630199686e-02 -2.4564628589948483972094095e-02 8.2763165101271783694153505e-16 1.1281727951857929528608938e-15 4.7325705299233938871950045e-02 1.1021695805269677084781144e-02 
-2.4585611617576667159434933e-02 1.7076453947653391640670861e-03 3.7367435653410559226461629e-03 9.9739156145206425696514430e-03 -1.5147223787269033896796927e-15 -4.5216843062087188670418713e-16 -1.3772761340339937457795771e-16 6.4582050227316562883486598e-16 -6.2570869833650771124622381e-03 9.3836627273325839970752327e-03 
6.3316828497450780566246920e-03 -9.1125734462607355101937401e-03 3.1076358649118107635445085e-01 -8.1937785468750398698567494e-02 -1.3517215996147302625729480e-02 1.0695850586995292452741069e-03 1.6305861578250188159977103e-16 -2.8739737013938514108016960e-16 -1.4761277831481442457395303e-01 -1.7165016089937784604657622e-01 
4.6274004360755224829482302e-02 7.8015246790714448676951065e-02 -3.1773267494206284978055187e-16 2.8272657380846779331187940e-17 -2.3914097799132241761732587e-02 -4.3021819417831175247357578e-02 5.5922071682844853857119460e-03 2.3878752992865064086469573e-02 1.0622924781489457082828132e-02 8.7084075977510687349703034e-04 
1.3496998860448706668918160e-16 -4.8503181340404710455699205e-17 1.7491412194237146626662836e-15 -3.7956463283508962644653944e-16 7.3622550059169377875689655e-03 -8.6166782533159368140385226e-03 -7.0587360331167544810759829e-03 8.5325461203923612385491282e-03 -2.6122231395722805835646341e-01 -1.8721834863929717740482772e-01 
9.4403272025581543708261378e-03 9.7334147549995638643016704e-03 5.1862096042081875605116357e-15 3.8692505088895435951478469e-15 -3.8166796006258538187516649e-02 2.2315153089598616098498951e-01 3.0615620309391262249265608e-02 -8.5383523026793806121048647e-02 2.2575223332178117763871668e-15 -1.9651629835235044486445673e-15 
-1.7905461959377096115009209e-02 4.5849268822823426028367777e-02 1.4834288397264144485077075e-02 -1.9529759682444327445471899e-02 -6.1003127592670685838682765e-03 -8.7401990126823418669754773e-03 -2.4245424677329006302572493e-15 1.3967610005413517122245759e-15 -1.7278288124482368518945043e-15 8.7894806552173040844952891e-17 
-1.1332142662335481508861790e-02 -1.8023754814313795117458605e-04 1.1073847465172285617351911e-02 0.0000000000000000000000000e+00 
4 (band)
-6.8543598012676210107230190e-01 (Ry)
0.0000000000000000000000000e+00 (Occupations)
-1.0514555915555218179591179e-01 1.2378319310850188772477054e-01 7.4230714335669217840418810e-04 1.0507338283399225709047187e-03 3.5217788894099564279512364e-14 -1.8237083512892806065651751e-14 -8.7090363701707890209391394e-02 -1.8080408887876617263223977e-01 -2.5674599792508273621294279e-01 -2.2229928248996341788590314e-01 
6.9138691587529495744894527e-16 -1.3098189574309457221702096e-15 -1.2925096781769646048232403e-02 -2.6584652472778941278974685e-02 -3.1347574762475238774328545e-02 -3.7009233587826477485105414e-02 -1.4959578231676859405574476e-03 -3.0928669360633792573267442e-04 2.9806577540457333154164363e-17 1.4204656250652253708906249e-15 
9.0731001711977194490405393e-16 1.2696910366476284353276708e-15 4.2254305960429186517224309e-03 -1.5356495269699177441680149e-02 -1.0278684010927217201691874e-02 7.9687496396168601420217925e-04 1.6239889134448082241846123e-01 2.1136689333610542140817756e-03 3.3643994844359537133016147e-04 -1.2417204331904296843447355e-03 
3.5160252505641624446171881e-14 1.5981761130195866449629040e-14 -8.3798457729697115037303945e-02 1.8235314224628818013940190e-01 -7.6284826686633944170523591e-03 3.3952508699400124614342644e-01 2.0840447780251243580991451e-15 2.1977809295272780794906114e-16 -1.2245060026340987002768657e-02 2.6904653479791894310491074e-02 
-8.5344084103575190702883901e-03 4.7744294814477589161683113e-02 7.1524991090195222387393414e-04 1.3498020716011596698002961e-03 7.1387172434209669731390004e-17 1.0350985004763511639138951e-15 -5.7008915265550451669385202e-16 -7.9827879964623044183407808e-16 -1.4525773796865787401699777e-02 6.5328482526900849558515461e-03 
7.1658824841811059533358552e-03 7.4119149298645797818707592e-03 1.6169476619742279011049391e-01 -1.4824552856571124315188115e-02 4.2203775650939689967344748e-04 1.1400330944862150078095153e-03 3.6029142617789200229071487e-14 2.5324718511325514026568281e-15 9.7696780518171086327150476e-02 1.7533989694598056674479380e-01 
3.3862904443303233625872650e-02 3.3799549280131235828861236e-01 2.8454759673160240077243771e-15 5.0057947537813380590275810e-16 1.4271767971409221598122485e-02 2.5879183414951906216927568e-02 1.2204541593494894896609892e-02 4.6882829588883748184180433e-02 6.0928092849564128782868799e-04 -1.4077736638762085308318461e-03 
-1.4578390245098162474404122e-16 2.1683935958569453818018034e-15 -1.0376125102860542311831999e-15 3.3278846612780422306481404e-16 -1.4993195132801324584437275e-02 -5.3990393465205887071900470e-03 6.5711155015322209038686196e-03 -7.9431141519105425558011646e-03 -1.1449063728527530958700709e-01 -1.1513843301457948875565762e-01 
6.0939360591211189088767242e-04 -1.0518701238754202265113236e-03 1.9033445127171162314130868e-14 3.2026811018624466465263629e-14 7.2827440960322953333871965e-02 -1.8704251983923422808508974e-01 2.3884497554721401124666613e-01 -2.4153825185090152527500607e-01 -1.6814295768070088351052580e-16 5.0353924314671451258455795e-15 
1.0843086252336923969163962e-02 -2.7492598563586722465457157e-02 2.8344373461461354335444440e-02 -3.9288001207054154551023828e-02 -1.4730785311651223637441355e-03 4.2788968151590613684179254e-04 -6.5856572951205708829169763e-17 -1.5897082319457882098337117e-15 2.1337644973005335270193423e-16 -8.4530049158718386179929077e-16 
5.3969909458700098675576484e-03 1.4993932602413497304216783e-02 -1.0308861303011519414130071e-02 0.0000000000000000000000000e+00 
5 (band)
-6.3922483407689079104585517e-01 (Ry)
0.0000000000000000000000000e+00 (Occupations)
-1.9937957636660357247902840e-14 1.3784423361804495107846110e-14 -4.8713895459416259334176515e-15 2.1691129691639136567039712e-15 -3.0531342369640129819075014e-01 1.7658840785360463421227450e-01 -8.6053013594260857219169209e-15 -1.8010260024072918147875951e-14 -2.7755229285099411960881012e-14 -2.4825325635917372490616748e-14 
-2.0715667844959831378481852e-02 1.1879926650366356977173155e-02 -1.2632306922236376610096923e-15 -4.4900756347965194235662892e-15 -4.1922101572071913071884340e-15 -3.3786546265283932944325175e-15 -6.0247863444802744687327538e-16 -2.6257272544664372345341400e-19 -5.4314591560018499194484320e-03 -1.2540683462539628512111278e-02 
-3.1676797922983446209599379e-03 -7.1903766975668186034464924e-03 5.8937173005304816862857659e-16 -1.5329372286214605615930045e-15 -8.7682145798817104131366563e-16 7.4162907826759947838500145e-16 4.7527824073863770629841905e-15 -9.2519701596763590754358551e-15 -7.8198383610873966146886713e-15 -5.3879097785023148933422048e-15 
-3.3067780742828317697146190e-01 -1.2268634867787726883125998e-01 -4.8163446885423527069147866e-15 2.4105700445288976642864276e-14 -6.1921935336893299903414462e-16 3.7432283759475846326203817e-14 -2.2358304455354381656828622e-02 -8.3891461640884998351985757e-03 -1.0827958366876465441263203e-15 1.1697279177335317771487594e-15 
2.2174914520533680598374698e-16 3.8207814117311452739034494e-15 9.4280051293566713351605553e-16 3.0267690859351798540136300e-16 6.2006203159704923952300071e-03 -1.2178743694162287233839770e-02 3.5211253745691742378376432e-03 -7.0240578311984228077058390e-03 -1.8593536716838431854494439e-15 1.0129525421599283332160104e-15 
8.9905320751380575573066648e-16 1.2750770601288002196383042e-15 2.6597082208761092248870346e-14 2.4665788345346944882522920e-15 3.4641736494038102623198523e-15 1.3529449522814497806278947e-15 -3.5190183958471282776869771e-01 -2.4189909263335883371492940e-02 8.8366871189290157616248548e-15 1.7101177488318772141907330e-14 
7.8950201687299120688984578e-15 3.8823898322713792682335473e-14 -2.3800388818255788225819458e-02 -1.5499887343747055512555022e-03 1.3139665523291466908746245e-15 2.0174360072852186458156498e-15 -1.9374005182309981467012572e-16 4.3035006202896859979323908e-15 9.9756814900321300554018801e-16 2.1686111602359083984343063e-16 
-6.4136749977275475664839632e-04 -1.3653665558960536435817446e-02 -3.2024201496992188258061685e-04 -7.8517390743911598394166873e-03 -1.7980422002604928398793266e-15 -9.0506025330997113090043163e-16 9.7891274853002422693248427e-16 -1.4291106491995341081056762e-15 -3.3451143013675397345773543e-15 6.1147584034020773147542449e-15 
5.0849374725566980081027265e-15 8.1245577629452130140100278e-15 -2.0567202915904617133158183e-01 -2.8656425603148100167416601e-01 3.3826734275815650370569444e-15 -2.0852931226469684932686428e-14 2.2307884773889727034718975e-14 -2.4626261131192509324672278e-14 -1.3976651952114407806426755e-02 -1.9326514770808832927029286e-02 
1.2895952575648500432161571e-15 -3.1841678469676611031632255e-15 3.7845795548572719275155673e-15 -5.3006333575434126889967997e-15 -1.1458556063079316262467740e-16 9.1065284784295352801910431e-16 1.0111507095010522500055927e-02 -9.1973561273481808930885251e-03 5.8457389927712250995983645e-03 -5.2516375606921801566517871e-03 
9.8420335419117764589225117e-16 9.1874990255652701904954681e-16 -6.0862403330689257050945927e-16 0.0000000000000000000000000e+00 
6 (band)
-4.7037088415880201619501122e-01 (Ry)
0.0000000000000000000000000e+00 (Occupations)
1.9792544465839359557612909e-01 -7.6975411430105222798658815e-03 -9.2473437868579640847022105e-03 1.6716909564843257518518271e-03 -1.0858680040554905234376063e-15 5.3814832706818971205218140e-15 -2.3612094695737356753184599e-02 3.5484585207432295383966903e-01 -1.4271537063675662770911856e-02 2.0357348158098853563302555e-01 
-1.7123738626627841600720853e-16 -1.1804584771968708635152687e-16 5.7181731855826811727894210e-03 6.2269704128104702567370055e-02 3.3183511709954163770852631e-03 3.5813208266837384674552425e-02 1.7946695233365533850289353e-03 -2.9866692027593587377420903e-03 5.8874575106505760309717432e-17 -4.7481158893424470452176543e-16 
-1.0806447990707179756610891e-16 2.3943117455522209063886294e-16 1.3272195621116700259278787e-02 2.0830223667617178695543600e-02 2.2960770801793525808243146e-02 3.6323058369211312645941092e-02 1.3209348399443782140494363e-01 1.4759757880498131088486957e-01 -7.1825387909948967823936528e-03 -6.0596249291529069580519717e-03 
-2.0814955605319884785300772e-15 2.2504825820915615132517491e-15 -2.8846434377460838938134202e-01 2.0799382712225084057777735e-01 -1.6595308353110649335349081e-01 1.1876621253405297840011201e-01 2.4436789528882131362792182e-15 -1.0326859282820877130134374e-15 -4.4334730888409279447870404e-02 4.4098131409783164480487017e-02 
-2.5479354593080698332396850e-02 2.5385031620585779554843953e-02 3.4452335803621982057709516e-03 -5.2095796514474261573734992e-04 3.4269711755528036823846651e-16 -4.1193235668000318840049175e-16 5.2826607204975716537748622e-16 -7.7940179276636349583353280e-16 -7.5899473003439958673776999e-03 2.3504086764351547755858007e-02 
-1.3351651359409348607254486e-02 4.0844766752698651035569100e-02 -1.9530949441266889921031691e-01 -3.1945247696837569817418512e-02 8.9442742038581060648461118e-03 3.3349171641518793318681446e-03 -2.5363670739512543604177372e-15 7.4026156100565640641093357e-15 2.1792768734413825448825719e-02 -3.5406217650092497439828776e-01 
1.1645273961539004056731095e-02 -2.0409623991175934731856501e-01 -2.4024182456188755968384698e-16 -2.3080683032967333053169977e-16 1.3530619055433901198881586e-02 -6.1671200446259469285514854e-02 7.8523566600197242104641759e-03 -3.4884807302629536329696691e-02 -1.3894036743728544261444746e-03 -3.1863099895986343908227401e-03 
2.7147399018259948064451154e-16 1.4890734513263342496892760e-16 -3.9708450058122198032228314e-16 1.3612500659914391234078429e-16 -1.5842311605154389686500593e-02 1.9038223537319418077196076e-02 -2.7280099649955365931353057e-02 3.2975975775277867330093073e-02 -9.9880720770153350041020701e-02 -1.7085121912524087184337418e-01 
3.1316971098892393277068891e-03 9.0174379253430830827298337e-03 7.7432870256509453287195207e-15 -3.4813131472877250119014801e-15 2.8670082935435947657509814e-01 -2.0889610825772586544246678e-01 1.6468183264303765112046563e-01 -1.2112300173414010384664863e-01 -3.1247225796599642171123272e-15 -8.1134193530728334423984167e-16 
5.6143217823799586307931264e-02 -2.8885181475872344358801769e-02 3.1884486509516536678621179e-02 -1.6186068258914249051727552e-02 1.5694548090829541376473033e-03 -3.1015843568125418643066649e-03 -2.0229431633980894597894771e-16 5.3546260447882104915655210e-16 1.8735493147029074582781699e-15 -5.3199253675437840175426520e-17 
-2.4767472824628461447460381e-02 -7.1290483068839165248231637e-05 -4.2797415987921388902393005e-02 0.0000000000000000000000000e+00 
7 (band)
-4.0814922433241246357837895e-01 (Ry)
0.0000000000000000000000000e+00 (Occupations)
2.0054819424020209339687426e-05 9.5773119390507588377658976e-04 -3.1093589356881901238083277e-04 4.9485871909149548031336963e-04 2.6738508538228930116394472e-15 -1.3041760547959829621565920e-14 2.6977768634563248362212562e-02 -2.2458517907112685030313060e-01 -4.6917683724600235672941295e-02 3.9026427919189859983006841e-01 
-8.4426400049665697114128739e-16 -2.3754403154234334591249118e-16 1.0822802461993297207243359e-02 -3.5337068195674822823626471e-02 -1.9212098836285201181039994e-02 6.1773749720171911015142996e-02 -2.1790382723936574382861409e-05 1.8044395333358109745347519e-05 -9.8519985709836363920768305e-16 -8.1447227118972095387381148e-16 
1.0940573175177426281499311e-15 3.8775683434555704053708272e-16 -2.8659301287139948843929460e-02 3.2750857539866298773212350e-02 1.6477931844038853914646836e-02 -1.9034368603383693130393084e-02 -7.2516114491089078697427794e-04 6.2593334267430078554639294e-04 -5.7949319419858813517976159e-04 7.5854595441474104156043268e-05 
-7.8813674570687697558756340e-15 3.6570314051713523514626938e-15 1.9024213152303554030808641e-01 -1.2236925288848482518133665e-01 -3.3061025244920055898845135e-01 2.1261311726871939820071589e-01 -4.8212617232071302395577083e-16 3.4089934204242044077053919e-16 3.4126392931230764560268653e-02 -1.4185582374389646420631550e-02 
-5.9843744906978219022519738e-02 2.4572893433492282166952236e-02 -2.7793158257488626006193044e-05 -5.2878479872078831824921963e-06 -8.7153334143114176501060200e-17 1.2673922477529757220434219e-15 3.2124507767012825000010625e-16 -1.5052575685067454439269959e-15 -4.3503095616586030802697138e-02 -1.2061888896891734268557173e-03 
2.5169662135617210801941113e-02 5.6350152187077066218146015e-04 -2.0248637763126825506176942e-04 -9.5066468331661546642408211e-04 9.8182231774771727694783863e-05 -2.7018368613544729850417525e-04 2.3807382350673013032852052e-15 -1.2243546665072347752948314e-14 -2.1677871425666866977977065e-01 6.0861919433910768861828444e-02 
3.7747051251388696879729423e-01 -1.0776519957786925840714787e-01 7.2817495715334508605447317e-18 -5.4711670223637945463816381e-16 -3.3725981263660928521908033e-02 1.7216419799597561940407431e-02 5.8159727252898071880871100e-02 -2.9142966936144862333257777e-02 -2.7677594272097934269272201e-05 7.5097589529310448952514889e-06 
-3.6463331922914047118865163e-16 1.2706850700754871310484728e-15 -4.1392041964440842599474369e-16 -2.5753486912834989464313346e-16 -2.7659510828546764182878093e-02 3.3447488150491276603926138e-02 1.5892689779754491652408177e-02 -1.9210961833202012949417536e-02 6.0343005322920084676496799e-04 -7.6199491082511172646007935e-04 
2.7076381804655436091877618e-04 -9.6570853406606482760565768e-05 -1.0124356131501208818556156e-14 4.9402399646082201117779392e-15 -1.8507486783867130308856019e-01 -1.2823602257734595388782850e-01 3.2364327348419935637124922e-01 2.2215390517831318240027372e-01 -8.0614444159826267314836951e-16 1.5202840915204577836253355e-15 
-3.4763228984046670722030115e-02 -1.5012156191409060934649489e-02 5.9527447346315771892211188e-02 2.6236413787042681122763099e-02 -2.3428731288580973790656309e-05 -1.6539052402317225374389631e-05 2.5256384941526805872868273e-15 -2.0852912236098880338866146e-15 -7.5982833318506797872926053e-16 -9.3185794942927539964230787e-16 
-4.3402568304370670038139224e-02 8.2119618647217076934374802e-06 2.4932682226190092111828278e-02 0.0000000000000000000000000e+00 
8 (band)
-3.0581829027129125986306235e-01 (Ry)
0.0000000000000000000000000e+00 (Occupations)
-1.1416003192612512804289757e-15 -1.1933701751422912900157654e-14 -1.0633039468641254747941730e-15 -9.2464236867841866331150754e-15 3.0955157595307813966911681e-02 -4.4390231492445575423033688e-01 3.8241565306035377917153556e-15 1.1044778724985003566387419e-14 -3.0494248003394433788847851e-15 -1.0176346232837211286656065e-14 
-7.4820881818454809675245087e-04 -4.6954311179647212348697849e-03 -1.8618155752431600202492811e-15 6.5522880175053699555151313e-16 2.4299369085142250188617030e-15 8.3055521457200332289375777e-16 -3.2911428092586258164534655e-16 -7.2985623082113594571016057e-16 -1.7879871953101977855027371e-02 -2.5563364413793102092320453e-02 
2.7364086386693575736472894e-02 9.0762428358903829428427912e-03 2.0117486386479285476925391e-16 -9.3708745080081577049200979e-16 2.9836603951679047828647832e-16 8.4354262052663448633262634e-16 -1.8119841577254248451117512e-15 8.7196787555547111612428775e-15 -3.8525428487287865058354605e-15 6.3758350909580360496409414e-15 
-3.6176417220582296474518103e-01 2.5910262577842546605211282e-01 -4.2722057038911913496748329e-15 1.3026534512408168169254947e-15 8.7819988185580045997657020e-15 -5.5186197042271306681954229e-15 -3.1409656068799619854647887e-03 3.5694852395771331510232471e-03 -2.3368766647753099611412791e-15 3.4264602129741030662081920e-15 
7.4119888404809219299362111e-16 -6.6955482956722609682718950e-16 1.2628439085135396461581744e-15 -4.6440585765289992294116021e-16 -8.2998514941889818541387314e-03 3.0071379855039492845492077e-02 -1.0449159820731010461791755e-02 -2.6869805857789932912460529e-02 1.0310944048799842331062217e-15 7.9321104569589397723651298e-16 
-6.0106710101872871379158981e-16 -2.7258661283478228977030743e-16 -2.4826342802325052061564415e-15 1.6270534976691603774919129e-14 1.1342896343270070874684498e-16 7.8301108730875893418757434e-15 -1.1824638018301136810350727e-02 -4.4479575217869815606519523e-01 1.4133441910307205717192233e-15 -9.0256728741668564522620581e-15 
-9.6419483645070793919921096e-15 -1.2551178816454642131390509e-15 9.5120658228077178963921767e-04 -4.6823734287332156867034172e-03 1.5076845150494991013173548e-15 -4.4126226702613222199677688e-16 -1.2252199165548091814438894e-16 1.7776925894231504203688539e-15 3.4746159218574107587087226e-16 1.7877946135310760751856803e-15 
-1.8961470618137462457175602e-02 2.4765065568055178585327170e-02 2.7726134912784923536310799e-02 -7.8879243173774014202814797e-03 3.1430431900114166978388253e-16 -5.5810934614952843706189763e-16 -5.9404581271865678500179649e-16 1.0158328069194161912249839e-15 3.6093367163317117835399892e-15 -1.4859332537786515801957176e-14 
1.3788340073585643707637215e-15 -6.8081479977645933802020908e-15 -3.3518370944114850296102759e-01 2.9263452316114874074415297e-01 9.4466124516688189111292349e-15 -2.4319339993034643448750677e-16 -1.0346343209984932978776376e-14 -6.6140489523243585938752482e-15 -4.2141526292126616631827929e-03 2.2517398841726283392761232e-03 
1.3102831057775434106031661e-15 1.1947705795417771077498098e-15 -9.2349678028887209342269731e-16 -1.4093123087835508421992568e-15 8.3383378905011255733824804e-16 -3.1214068453602303220270019e-16 3.1168307231312763344588390e-02 -1.1757826869988889824381051e-03 -2.3751053680970631715174690e-02 -1.6335401932070316155520828e-02 
1.2782032147588765353043020e-15 6.6143339170778620140328692e-18 -1.1322926578544297019847363e-15 0.0000000000000000000000000e+00 
9 (band)
7.1477344961220296015724784e-02 (Ry)
0.0000000000000000000000000e+00 (Occupations)
-8.7775505151045981434715517e-15 -1.2410976677238600463695826e-14 -5.1143641526509416162499998e-15 -8.5682585602076640652675121e-15 -7.7387988981241842556535460e-03 5.4805808726558469246015193e-01 4.2388210700283835341819007e-15 7.9298429274424361844714529e-15 -3.9994846976325408603633385e-15 3.6024788458154959332760898e-16 
-6.8719832148502997884453869e-03 -1.7453940165291698116689645e-02 -2.1238859205352628614769420e-15 -3.0182558472079745589421873e-15 1.4919202853512625452104000e-15 2.0258464449327048623246696e-15 -7.2617935325469890585577529e-16 -9.0473976391283452646328982e-16 -3.4160231901514431784860903e-02 -5.5163679273675353398331822e-02 
3.6209546423092098255125393e-02 1.7145179146247666729374615e-02 -2.0603911694029103674609402e-16 -5.1696571793375041482382184e-16 9.5778793238679876255381103e-16 1.2461900092166304934856003e-16 7.1138609967842619743746324e-16 8.6306649125980901302607687e-15 -7.9479539164118198141774651e-17 5.1471899879789887762871981e-15 
4.2721891011801338411402185e-01 -3.4338252556469262000149456e-01 3.0510001867372725208465350e-15 -4.3030926226768675423192949e-15 8.9840791075982680103443424e-16 1.3775700418273225396919007e-15 -9.0681250776826413662057291e-03 1.6420514248175692439968287e-02 -5.3017645143649980980642593e-15 3.7748468874797700203264205e-15 
-9.2421204267885262598649813e-16 -5.9289910731128632100234522e-16 -1.0955056272571345024842285e-15 1.1127970015701384958476108e-15 -2.0729794091199269662206817e-02 6.1483563588251979870058506e-02 -9.8702459660507946281882141e-03 -3.8828683530253510491903057e-02 2.2257863443431978533919496e-16 9.2411218213797234802305792e-16 
1.2001483181335183114693530e-15 -1.6510251021203167332441974e-15 1.4426818567676638052155409e-15 2.2899462841197955730985648e-14 8.5748530433779161402895042e-18 1.1028867389863468842617164e-14 -8.1025315527223404354906222e-02 -5.4210201329526974678429951e-01 7.7849006325887466845461708e-16 -6.3578637007159147976484942e-16 
-1.0196992353488805620489424e-15 2.3143839727471538932465735e-16 -4.4709865402120518851347697e-03 1.8239576969536222539325365e-02 -2.0760185226882514275390951e-15 -4.8954258774192874061078998e-16 2.9898839860916727111632498e-16 6.2762418528037927629948116e-16 3.0759264606526632968401309e-16 1.8204361988274130394279671e-15 
2.6471723326919147090130480e-02 -5.9242457906028458958225258e-02 -3.3592602067179781755168477e-02 2.1838008893946766336702225e-02 -1.0260896638088797261224394e-15 6.4841590573249545333211678e-16 -9.6266507372708361151052825e-16 6.7744748614941624347487596e-16 9.6485737966014513597870560e-15 -1.4211262492259144646702450e-14 
4.1289274235871985271741037e-15 -6.6649144230061537226508318e-15 -3.6604930028542265185720339e-01 4.0797990677928480662828292e-01 5.6461202879224335127590122e-16 -1.5289291604079581651199745e-15 5.4022379937222768292382886e-16 2.1168467316669347510831480e-15 1.6903749676236583254773649e-02 -8.1813895857451232607182590e-03 
-1.4541241076462846901267280e-16 1.5829594880626298788056727e-15 -1.5259657276083537966088323e-15 -1.6008424692988242827648446e-15 2.0980791514692657826750199e-15 -9.4635098950256689821313247e-16 -6.2520809849751363129755077e-02 1.7365750498490865882939005e-02 3.8239205484344063190604857e-02 1.1963473994712365069958970e-02 
-1.4417414240524782362549257e-16 5.5904638102592627183669929e-16 -9.2064576980257282011895645e-16 0.0000000000000000000000000e+00 
10 (band)
5.1423227903664070481681847e-01 (Ry)
0.0000000000000000000000000e+00 (Occupations)
1.8829004212039873733530726e-01 2.2267421229723294295865799e-01 3.0600022201442589331321642e-02 5.5824418949357301755753724e-05 -5.2737496557487065224637042e-15 -9.7019212535941404665639450e-15 -7.4959940461456792126782034e-02 4.2329966435551918957358453e-01 -4.1512610489573394112472471e-02 2.4868265644665990543593637e-01 
5.8229732522021940033938231e-16 1.0732733734489775497565277e-15 -1.3278399774196494864675344e-02 2.0725289924811395037007600e-02 -7.0245247326072039403821456e-03 1.2131866119252932012528845e-02 -5.5597838427930562632539591e-02 -1.3165778923632048824643448e-02 5.0002573209021549505210604e-16 -5.1755404416053638933239370e-16 
-4.2839738721698071472747860e-16 -7.2174110546879692989794470e-16 -1.8450204999355179769082724e-02 -7.6436442579387392504131071e-02 -3.2063971409311886606730013e-02 -1.2940622676245996935939786e-01 -5.1552839521430332547780040e-02 2.8701785575320565291335129e-01 1.9462174783947877587664266e-02 2.3613306159291386210341557e-02 
-2.3987024494640010233026002e-16 -5.7691728674311668604386459e-15 -3.7393926136872807086675152e-01 2.1206373410956486091905049e-01 -2.1807441384398379424780501e-01 1.2653027492914681317870418e-01 -3.6453452900777706618816924e-16 2.0849711685497500478949078e-15 -2.4433080908983259571520819e-02 2.9796141236793360906887074e-03 
-1.3825364085612874137654060e-02 2.3206531741473412910892193e-03 -2.5294988980014098539639278e-02 -5.1231054108078877273868557e-02 7.3703778321802538322128604e-16 -3.8225827665258760758084186e-17 6.8597096052220719040080763e-16 1.1023502195305672313465392e-15 4.7134687955721822627541684e-02 -6.2938549475078209294309772e-02 
7.9270866835202263844806225e-02 -1.0719234794811206834541650e-01 2.6680172851418837431936026e-01 -1.1909173414181045691506711e-01 2.7926857244088238579893257e-02 1.3472713915295697617580117e-02 2.2908014360676808414704217e-15 8.2026489269517912465108429e-15 -1.1530508705998901430866965e-01 4.1474098070750503586268110e-01 
-7.0722939456064504160082151e-02 2.4143402335865260521785558e-01 -5.8058356131253626691993469e-16 -4.5284985710694953967963518e-16 2.8769570757556650608677273e-03 2.3814398154858723577476098e-02 1.3227839004077372037082583e-03 1.4408986826529426861220884e-02 -5.5799848688686447262252699e-02 -1.2244133352887480448156765e-02 
-2.0758764650008371445663079e-16 8.1641790140007422470534594e-16 3.5665156190076903090214535e-16 -1.7493838910732236955138777e-16 -4.9647833145712985669639750e-02 6.0907402021141685000138466e-02 -8.5051401960216529984926126e-02 1.0280948408111645342444262e-01 2.6182758052281585037235345e-01 1.2966233669294852104414417e-01 
7.4203442778144543257035082e-03 3.0105844392322056446431588e-02 -6.9329800334065618052695490e-15 3.0788960471571483482015934e-15 -3.9306164658902453812316935e-01 1.7552175409574349851382635e-01 -2.3110861048933253880655059e-01 9.9402877011404267015848291e-02 6.5237514257049751063882187e-15 9.4917547822652629887842349e-16 
-1.6515467689492260849881689e-02 1.7396602211092390688484954e-02 -1.0259140973441079405792387e-02 1.0203856383795274070935832e-02 -2.6133895283807807852216598e-02 -5.0799226692335643085218777e-02 -2.1243898852376642806358139e-15 3.5199328907246940308641377e-15 -1.8735493147029074582781699e-15 4.2921192181347022591971472e-15 
-7.8576679726477804965867335e-02 5.6952628764611254452709943e-04 -1.3342987293864225217809860e-01 0.0000000000000000000000000e+00 
11 (band)
5.9251612406379261521749413e-01 (Ry)
0.0000000000000000000000000e+00 (Occupations)
-1.6439816954825933748018940e-01 -1.8769323720820824119570602e-02 2.9896620451461053402653079e-01 -5.5463820746689429519449277e-02 -9.7047229115215950658738957e-17 1.8753749888395362955022986e-14 1.3203943341478674433631113e-02 3.1440944966949699312941391e-02 7.2227938286697213055020939e-03 1.8303675721149881283622562e-02 
-1.9605665708498300438153065e-15 -1.9185068828674915014877496e-16 6.5174784366378579747447475e-04 -2.9894319830727253406443822e-02 2.4577890448776451570722656e-04 -1.7150162584364719853269321e-02 -1.2538003565402947026008462e-01 2.7156101697096146629917257e-02 1.5325702520894986036483256e-15 -2.0753042671028945587968420e-16 
7.2639256541554578173477388e-16 -2.5520826820687831464769082e-16 6.4296420984593476155577463e-03 1.2815543727210054747445156e-02 1.1166541146174838172733246e-02 2.2142111245068471503394392e-02 -9.0329324654901788083094516e-02 -1.3863498393588588597502564e-01 2.3330383926202613587008727e-01 1.9500344981386330545092278e-01 
-1.3784183921623287957618162e-14 1.2696581915158933154332441e-14 -1.5809154217613530235553299e-02 3.0215025783401291276097922e-02 -9.4992424748996107108922615e-03 1.7232460299823865179646987e-02 -2.4634752862887269645187753e-15 -2.5457643843768903814679212e-15 2.3449409024204184714967880e-02 -1.8553176272880160524447746e-02 
1.3371092756898239617413537e-02 -1.0742549158733169512025540e-02 -1.0084437854132273504337292e-01 -7.9297027161351174573411527e-02 1.2111765109007564149066432e-15 1.0291320650521100252167993e-15 6.6467909574917464464561133e-16 1.0153214590178585416845893e-16 -5.7761380362404274313448127e-03 1.3123059396521384589728854e-02 
-9.9429687280444319780192686e-03 2.2717880720461096355489161e-02 -1.6513081128682349785208316e-01 -1.7904009429501571704079765e-02 2.7905441767881389303340711e-01 1.1993728060481159691796904e-01 7.2175894596386006344159571e-15 -1.9036333624423244835924281e-14 -2.0521717763262711797800364e-02 2.7705782851680970518826186e-02 
-1.0960862302780149946102028e-02 1.6367283528132700598511917e-02 -2.7397696190170643390322892e-15 -1.2388589670644895836502957e-15 6.3579428270142783474749848e-03 -2.9221487281500650029508748e-02 3.3090787064607302125907040e-03 -1.6868791286427993469931863e-02 -1.1630273867914764363007407e-01 -5.4130764873373121703892252e-02 
-1.4807471658114063217253423e-15 -9.6269282244285940724415247e-16 -8.8512871410160574083508815e-16 -6.4728590750295887899500801e-16 8.9911095377519373306185457e-03 -1.1128549774408613357024045e-02 1.5817304631162619477091624e-02 -1.9119836842030862866792518e-02 -9.1463064197467108806804958e-02 -1.3864792201061904020065185e-01 
8.5462717265273671629621788e-02 2.9146602419931877392400565e-01 1.6851178878770075547618894e-14 -7.6550419722923196283199656e-15 -3.4428707802341612653762581e-02 1.8480753432841175165624037e-03 -1.9597925286813228096249873e-02 1.9874096117113663334530216e-03 2.2373342814998044697689120e-15 -1.8190295970076304651850907e-15 
2.6568248207376854441719161e-02 -1.3727597864276979214293029e-02 1.5106913227215062328623318e-02 -8.2028832792779334676103176e-03 -3.2425684530965601104490759e-02 -1.2411704843701359957108821e-01 -1.1526171585899688670049782e-16 -1.2083868602845173505229156e-15 9.6800047926316887316524372e-16 -2.0672995493351164438693455e-15 
1.4305843887994140403718824e-02 -1.6583563117668950054328647e-04 2.4814416911405064863904713e-02 0.0000000000000000000000000e+00 
12 (band)
5.9418048628153485868352846e-01 (Ry)
0.0000000000000000000000000e+00 (Occupations)
7.0881857289703295577076858e-02 -6.3073394180000519337880860e-01 1.5498210854846816708629831e-03 -1.7001266287299976465163809e-02 2.3319934068138417166911916e-15 1.6585038321969118801329878e-14 -2.0724507314413251335416533e-01 2.0142420092891466509854581e-01 -1.4636936127355956727136288e-01 -1.7621733516744242376006468e-01 
-8.1075463256482382089280023e-16 7.6263921385288920201232016e-17 -2.9671310706347042707164974e-02 -2.1938232257867812391438633e-02 -4.3364469556492035717809586e-02 4.8536556852183943000511590e-03 -7.9348967967892911068439332e-04 7.1132882996359420024745646e-02 1.0233253929093855262955836e-15 -9.5779691300260030941493391e-16 
1.1670662521032646281045198e-15 -9.0558183956431989126179703e-16 -2.5196901598840741598461790e-02 6.4024093452192287756474798e-02 1.9465816693001507242666293e-02 -1.2132922473000812280119476e-01 -5.3117065109978700565562804e-01 3.4742953593774877907307541e-01 -1.4087593957513938613956839e-02 9.6428573173290149656011749e-03 
-6.8600846551888840544307110e-15 1.0857596688973789154505923e-14 2.8730299561057093260529882e-01 3.1292455569553678795813312e-02 -4.2478448113160337251681398e-02 2.2510468804325484137862645e-01 -4.4514096792932377684184213e-15 1.3865769323942057666288611e-15 2.0095067737423144560438004e-03 3.6846093363551823962609433e-02 
3.1381359179364208544793513e-02 3.0319061487455778447497323e-02 5.5314617702747266581031482e-02 -4.4730411775653657058260393e-02 1.5493591956610880617031668e-16 1.1304161727442315677935152e-15 6.7145905198961433255730451e-16 -4.0745158306971579476009755e-16 6.5392521408074666400267461e-02 -2.1395946729488829474163936e-02 
-1.0589375293034272718095679e-01 6.2339488957165525850889765e-02 -4.2634857774594536738987927e-01 4.6980478809830583664108872e-01 -1.1471447638745663200054992e-02 1.2598412474531500704344467e-02 4.4370625560427501619381011e-15 -1.4670030621792925977591847e-14 -1.4504901025298375105698767e-02 2.8886831231252585450164361e-01 
2.2910463981376716358084877e-01 -6.4499095051642682530079753e-03 -1.6801426327863944153776017e-15 2.0135836986471070952786618e-15 3.5952251579186869645532454e-02 7.7975441094022823751430451e-03 2.4975969134037916824508940e-02 3.5802089386725542696776614e-02 5.2918575806661080629389460e-02 -4.7527441767233738478815042e-02 
-1.6055231206743943631465672e-15 6.4630388673212827789150520e-17 -5.1060383216843146130509132e-16 9.1879706551394070703774850e-16 3.1494958854361293498769214e-02 -6.1180040700264073927350239e-02 -7.8330176474605148206897809e-02 9.4684918128677991733255226e-02 6.3375562219945380526553436e-01 2.9042382759125861396709567e-02 
1.7019419572113378413824591e-02 8.0837197570997679219040322e-04 1.3011041298270206184296290e-14 -3.9300118563617054621735835e-15 2.3182263193752253305213173e-01 -1.7295537382109160695620176e-01 -1.5100653426847004956456999e-01 -1.7241683190754356069795961e-01 1.7531111767706266895376840e-15 1.5194971635931776640796691e-15 
-1.6908716644616513663512691e-02 -3.2672027625871055689366074e-02 1.1665702098260189931155928e-02 -4.2065425627195715541084553e-02 -7.0352092999589888044909003e-02 -1.0479331894173183128970983e-02 -1.0160054292413676047381208e-15 -4.7885622011055367423893836e-15 -2.0817214607810082048027333e-16 -6.5450811431426933004671674e-15 
-6.7215673883010501610257847e-02 1.4730342758168785133321421e-02 1.2288551691548572908363468e-01 0.0000000000000000000000000e+00 
13 (band)
6.4164313425945584956622270e-01 (Ry)
0.0000000000000000000000000e+00 (Occupations)
1.0000036676144820674134013e-15 -1.0274238870575204722606101e-14 1.1011742236451896650337732e-14 1.3576897416809657825570702e-15 7.7349756221213469831177179e-02 -7.2024394750491749217502502e-01 -6.1951870779713622673585974e-15 2.3418311590465843475832120e-14 3.7002014050028306285020049e-15 -3.4579087764238596578004895e-14 
8.2806304017243106962986587e-03 -1.0314021404254136715650247e-02 -2.2012381002727161142218668e-15 -3.8353258924023716527505273e-15 4.1206508739877268367584208e-16 -6.5802538245252379543166016e-16 -4.6776320643542178211651133e-15 2.8911330326835568399551764e-15 -5.0788287940893392380381499e-02 -1.7089159264471548427266612e-02 
-2.9328266756304233187080399e-02 -9.6699371872141105105358250e-03 -6.6678954535533349736851258e-15 9.7790229978496593887765887e-15 4.8808336595323610899406868e-15 -3.3160060299455543415717764e-15 -1.3432757901365860359093554e-14 5.7883916249000228010940384e-15 3.9422588726515607825607990e-15 9.9215650706535532283218607e-15 
6.0426208979826590006467768e-01 -3.9950175911700902542378344e-01 -3.4128635159377120180967861e-15 8.3306931862104296562937218e-15 1.8134817090566111473593679e-14 5.5574170380788665548154036e-15 1.3225362546546723732654449e-02 -1.9406929079004986427037238e-04 -3.9662519195136181044084677e-15 1.7667710602253364597019681e-15 
6.6072803517505788738624340e-15 -3.2975151014202368554683118e-15 -2.2875752184380905724473167e-15 -8.0518160325149286766697057e-16 -1.9206249610608197575523093e-02 -5.0026088516178554566060654e-02 -1.1243726148661068592327084e-02 -2.8761667865885159889316469e-02 -8.6752036459823546519959283e-15 1.4359718355320949695526414e-16 
5.1731690817317174911092382e-16 2.7040691199775872177568475e-15 -2.2095975673967821019801995e-14 1.5415379144796799089542707e-14 3.4986180448734698642930174e-15 1.0073302402949913975885342e-14 -4.5264592338991549436144624e-01 5.6556505634946907523641357e-01 -1.1891228882164217765655102e-14 -7.8026420513812305019381943e-16 
2.9129028587112514473138697e-14 8.2102082379287865975799726e-16 -1.3803390132784750660155382e-03 1.3188071551956961902085652e-02 -3.6339397277290509789253491e-15 -1.1773466466251902373466177e-15 4.6125204804583985613651694e-15 -8.4201949897038379006126405e-17 7.6813626079276248986223198e-16 -3.7042890353443443567908698e-15 
4.8077763348282856470383706e-02 2.3660787000685731817917201e-02 2.7623712494008953455271183e-02 1.3800056100200424127888432e-02 8.9572888771952944451133785e-15 -5.6458740826153425377615505e-15 -5.6081981870610500119608357e-15 2.4311034136569621178931162e-15 3.3981899718368291203866284e-14 -4.6725171246917993121673228e-15 
1.1856018810904014026147049e-14 3.9888245330860009565241522e-15 -7.2430273599918004734377064e-01 1.1735056420315009145793894e-02 -1.0160719848294092228764114e-14 -8.3209032189284486107070584e-15 8.9114874360280794692401212e-15 1.8304862911602995409938392e-14 -1.1041444978503671403569086e-02 7.3428236964891771543229027e-03 
4.0093604251122778388556415e-15 -4.6781668810890830427779862e-17 6.8519977338534424691992116e-15 -3.1268558251030603909864820e-16 4.7547366046412401595110380e-17 -3.1586765428128812806242828e-15 1.2414970013131203588341300e-02 5.2126506593463212135830531e-02 6.9748910533453251092694813e-03 3.0080923109408953114440877e-02 
7.4077840867004992317879571e-15 4.1844290249488133938724905e-15 0.0000000000000000000000000e+00 0.0000000000000000000000000e+00 
14 (band)
6.4683033198362294147187868e-01 (Ry)
0.0000000000000000000000000e+00 (Occupations)
-2.5700626834636586259819069e-03 4.7402613134880644540913863e-03 3.1697348800101277088714369e-04 4.4923151146791795440549322e-06 -1.1743523074629755831152943e-14 -3.8706384854971760318220760e-14 -1.3979039850518015786207116e-02 -2.9346055113486074761297573e-01 3.1295473713239208013447978e-02 5.0065826932441992447309076e-01 
-1.2017173531705919341793973e-16 -6.9296119545683162308324340e-16 -5.1044324295165810490004787e-03 -1.7791990068176249950582246e-02 1.0191027550455034056398063e-02 3.1078928085750467946724029e-02 7.6365302577405952400013689e-04 -3.1885032731246258641544244e-04 -2.6637493770885455928706737e-15 5.6623285205775236099528363e-16 
-1.4716573372193595985504157e-15 -4.2039891116040027758121689e-16 5.8902490966116521908801928e-02 -1.2944140812686363850581017e-01 -3.4202217267902762509734771e-02 7.6653268100596361200871343e-02 -5.2906537258629593445391492e-03 1.0412889465341579331436606e-03 1.9858511706991044398762369e-04 2.4709577953047068277214748e-04 
2.4870819128879276226022474e-14 -3.4685101076572683466912066e-14 2.1720466552732137222037068e-01 -1.9782983066435322339060576e-01 -3.6581534090429324024285052e-01 3.4324516846844044248854289e-01 -1.1901701408878544143519658e-15 1.0846474808754695928080535e-15 1.0455276278238598286485228e-02 -1.5274074078621219241469475e-02 
-1.7450720220495097301238729e-02 2.7662776022647939111465121e-02 7.3244915813217015276848088e-04 3.8516192146860472877989423e-04 -1.8223626187208038794123445e-15 -1.7357654085808714165093341e-15 -9.6647068458560385179711082e-16 -2.0701432154235090118140060e-15 1.3728217992305050132451072e-01 -3.7123909485043377065593972e-02 
-8.0863671962706662466047192e-02 2.2507370642752242556605680e-02 1.5790299803340422657438324e-03 -5.4857381716514053149325036e-03 -5.9172578815991014322683839e-04 -2.9414380366835080060639029e-04 -1.1444930830344587291182041e-14 3.8342851111679866707043804e-14 2.6804588146514074509241254e-01 -1.1972706321876436241780084e-01 
-4.6169509432729760600722102e-01 1.9663754030128610672534251e-01 -9.5334736552104389123365177e-17 1.9497668068145795762827473e-16 1.8502218947600332366043574e-02 -2.3273516086029302774029759e-03 -3.2679608656966827040513124e-02 3.8374396842225100279222261e-03 1.1002770490620150667382404e-04 8.3201926051730372424497517e-04 
2.2563202041683973408900903e-15 1.4599182056010167483859819e-15 1.4570661314843683416157464e-15 2.2426439777038223956967881e-16 -8.9767982027549639290064931e-02 1.1033210830425474457960888e-01 5.3543769862777479406901193e-02 -6.4723299422208835363079515e-02 5.2333454976657978185983211e-03 -2.2800776015173829236459824e-03 
-1.5053851672217760659933106e-04 -6.4342687275512067124338955e-04 -3.8734380820860217671896099e-14 1.5419092808632714469321148e-14 2.6311016292792926973831413e-01 1.3021599902259708980700736e-01 -4.4580735790251208028323049e-01 -2.3040069883058428290567576e-01 3.4719229239455557462168377e-15 1.4393696118222732549183983e-15 
1.3587013455808564718618747e-02 1.2772694971955184106704451e-02 -2.3787564628603506677873014e-02 -2.2733995124987277369754679e-02 -5.7094755982776989634841502e-04 6.1512684029342503018444877e-04 1.2989423295423943471093738e-15 7.0316578383983776286720777e-16 1.2490328764686050214892531e-16 -1.3475414569225774198304838e-15 
-1.4223261580749543830926029e-01 1.1609137431993830739951346e-03 8.4000242733075838885703490e-02 0.0000000000000000000000000e+00 
15 (band)
9.0765477116018555836518544e-01 (Ry)
0.0000000000000000000000000e+00 (Occupations)
-1.4721379704396872489802206e-01 -9.1804221797651319736388587e-01 -2.3164617003468834788293407e-03 3.4307700109565762713881298e-02 -1.0634927028716061799106963e-14 3.1898070513576006241614931e-15 -2.0795527232045404875115935e-01 1.2173116495607200215900434e-01 -1.1669070401005743331523945e-01 7.4490282959341458379753931e-02 
-1.1938333823071714884758067e-14 5.9807997102876539179245392e-15 -4.6055640191358215851380464e-02 1.1004469968155045078717080e-02 -2.6740165669007998072714827e-02 7.1532737524511724735987173e-03 1.5303708262083867697178619e-02 1.1087350052286339130436232e-01 3.9177106377726821932667198e-16 -1.2448095340487551262679658e-15 
3.9396680559155432242155017e-16 -1.7521627599993128563663719e-15 -8.6027602322067270312899723e-03 -1.6518622825140553272982302e-02 -1.5007482461677768004193467e-02 -2.5463994495362463066356895e-02 6.1352608052034585117695542e-01 -6.9861231348200303337137029e-01 -2.7911105522720157379179540e-02 2.0083686666439039270048994e-02 
-9.7550261229139750546267547e-15 -5.2178287659798710020159598e-15 -2.2635115402895994440868321e-01 -8.2637926384910603827549380e-02 -1.3177720359496772339902293e-01 -4.2429839387149448359792814e-02 -9.7997832746760497951275240e-15 -5.8314983669205786025650240e-15 -3.7836059761393550648911344e-02 -2.8471967519784542599570187e-02 
-2.2556515242745905913679394e-02 -1.6043983466922651093256036e-02 -7.5674549647409453112523181e-02 8.2465138940195248373754566e-02 2.4595670673683055727449899e-15 -1.3519156722189975654612123e-15 3.4703987518995734864946654e-16 -1.8712209164211612175918868e-16 7.2442118891288473370160261e-03 -1.7157907149698142790228417e-02 
1.0054215625840322301254304e-02 -2.7794824943619685087004001e-02 -3.0005769027361173240109338e-01 8.8030740848782018659335336e-01 2.6215496409363950314208580e-03 -3.4340943357491576781725939e-02 -4.4123827497786981095923673e-15 -7.9012489807898565851172987e-16 1.8377313978372764036173237e-01 1.5418336978331489972582347e-01 
1.0316116078495590757668765e-01 9.3559742854028765668417122e-02 -1.5342006711029735631082634e-14 6.2275051334315821966867394e-16 4.4267401379422921525730317e-02 1.9253540229797326543970115e-02 2.4641829708139599552918497e-02 1.0934305470677668781220859e-02 3.3663306666468849337459091e-02 -1.0675370800371210278090217e-01 
-2.2288685237149256039619293e-15 -1.8824548004883460927955613e-16 -3.3731777009500115190811676e-15 -9.5994914156233892994958813e-16 -1.1510539576800062760986165e-02 1.4839610621667786299893166e-02 -1.8721230743742905966442436e-02 2.2630080513289831112277994e-02 -8.6955248604250590105380070e-01 3.2993063657109994446514634e-01 
2.8131190257805818721870139e-02 -1.9869802411729420299479898e-02 -6.0498676725212904265309487e-15 -4.2324049377321209441858085e-15 -1.6589202642527654286974670e-03 2.3987981659000368050982388e-01 -6.3316221650685129695990128e-03 1.3912426509479178249328868e-01 -3.6447198958091975498266954e-15 -1.3114890166912228390465499e-14 
1.3381995885698175219324924e-02 4.6381287416182179206280978e-02 7.2822662415565507162962255e-03 2.5956644734606439117730048e-02 1.0371294497575350712637032e-01 -4.2109350894057810676951448e-02 1.3756397458517726131547392e-15 1.0441835841958453342950335e-15 -1.2282156618607949419064161e-15 2.5091535829860892895027829e-15 
-1.8771210562837516155898498e-02 5.9010063336335013411959594e-04 -2.9370138314252586253516597e-02 0.0000000000000000000000000e+00 
16 (band)
9.4810512444812977683739064e-01 (Ry)
0.0000000000000000000000000e+00 (Occupations)
4.3235232735954491489297159e-14 2.4309966780854202909856161e-14 1.1787042152267252840941843e-14 8.0237030107577443374913122e-15 -8.7463050954286705729323614e-02 1.9759427941945906237464214e-01 8.3348838323102110718894406e-15 -3.1454272551790430423801867e-15 -5.2182683323760535763187536e-15 1.0404237202838147727904295e-15 
-1.0065450002639766968748347e-01 3.2780562686744257883120213e-01 3.5705972145319828150924001e-15 -2.0679960067798721580497478e-15 -2.3866145903620701007346703e-15 1.7537295658542542012743972e-15 -9.8842952595869691606565448e-15 -5.5125908265770186950206237e-15 -1.8396045033384496314443624e-02 -1.6876056462653339640400674e-02 
-1.0649613871176868973300600e-02 -9.3484875441627660053178772e-03 2.1289383114917783207335125e-15 -1.9057023099958688950715269e-15 -1.1260412435140678992556631e-16 -3.0761259836039265140044255e-16 -9.0141702130649071023851420e-15 2.8273707780165872674410490e-14 -1.0421749730733307976508913e-14 -1.0060702351411972607988961e-14 
-2.0800005588431064174059770e-01 5.8559894925217834127373351e-02 8.5090738773182777349597892e-15 -9.9625438215878244259217268e-15 1.5259498243974983208020882e-14 9.9223442348364993586079652e-17 -3.1673816955076367074539689e-01 1.3139554532460007152394610e-01 -1.7994156016643363354131796e-15 -4.6630245115587218643390348e-15 
3.4257614124404457530870229e-15 -1.6551184540087925693684242e-16 1.2941376241243403305230450e-15 -2.8078621692061816344636593e-16 1.2771445695309701501285460e-03 -2.4931599554570721410939882e-02 4.1481408965556368362292972e-04 -1.4164618746708046437277062e-02 -1.7150391809646054158654223e-15 2.8600630354307563339462737e-16 
5.9773967092495695000969569e-16 1.3520145217319516394267200e-15 -7.1044357166992552114959180e-15 -2.7133185952639881375301873e-14 1.4477524999291703198229935e-14 5.4755105022769259251535277e-15 -1.4900983756098093446773589e-01 1.5649192457247118603902436e-01 -1.6025782798958688761144039e-14 -3.4722198650216000673538565e-15 
-8.8197101186429626888100707e-15 1.0426846117662634444434163e-14 -2.6419590852419910786963442e-01 2.1853879778851420523366755e-01 -2.2837039283065673768836004e-15 -2.0760861229465091616761805e-15 -1.5280858186759599910006637e-15 2.7641606671578708401935291e-15 -2.0708329782001302478662092e-15 -1.2092282056842574131576553e-16 
-2.2642266329516769207685911e-02 -1.0526697316332253584469925e-02 -1.2717228487341107265318207e-02 -6.2621800413825293510350356e-03 -2.0474751551700452559689326e-15 2.1746291363336578657693821e-15 -4.7383970157922249908862710e-16 -1.5408946715874674230692063e-15 2.5719035378547675478149522e-14 -4.3386189595523716010855933e-14 
1.4512018321516507185790072e-16 -1.0089573337714421241765155e-14 -2.1556154544048028443015141e-01 -1.5062346220168987970255969e-02 -7.2465586062418242585036008e-15 4.1797537486886388911370297e-15 3.6675317205042118312878561e-15 -6.4216474011912330235186773e-15 -3.3679184784312532485728298e-01 -6.4264573803840208121584965e-02 
-1.9684115277175265133230069e-15 3.0933386119195854756625764e-15 2.6964217788099222855568684e-15 -2.3003350941466539740690745e-15 1.0066918004939708113431434e-16 1.0305966950503223310147012e-14 -6.3217640557885791674497256e-03 -2.4156135455602321948642697e-02 -3.2811738704180224562856338e-03 -1.3790456747405180695786875e-02 
1.2577017296159949255641681e-15 -1.5978349017762955318106208e-15 0.0000000000000000000000000e+00 0.0000000000000000000000000e+00 
17 (band)
9.8620038908178619951883093e-01 (Ry)
0.0000000000000000000000000e+00 (Occupations)
-1.9366243993264836698031672e-01 2.2580782296904472472576231e-01 -3.7001299674875609557744838e-01 1.7784921078523951987193641e-01 2.3395370885286169158171615e-15 6.3682853666314046174975197e-15 -1.4154872889407849045895205e-01 1.1149527138707970852493645e-01 -9.5079075081531905233589441e-02 -2.4982202066640052384727255e-01 
8.8885518554381492264989583e-15 6.0981021715250446701378857e-15 -1.6836508505939012936281074e-02 9.8507328999480447961900609e-02 -1.1920158327457103242252856e-02 -8.3199141986764840739354554e-02 1.4323318898615824967812671e-01 -9.4015143933359524019977016e-02 4.7952021509890886992236319e-16 -1.1691289157512883733779591e-15 
1.4382357763238427525364348e-15 -1.3791957645803666058321078e-15 1.8051944651811938080676612e-02 3.3394430443438934130728768e-02 2.4252457012686252924016372e-02 -8.8243522751507829510186909e-03 2.9743300304634745501175530e-01 5.2841511629977411246272823e-03 3.7289033277371835817248780e-01 1.7173456048169047361007244e-01 
-1.7632662519866030502646096e-15 5.0543992362890653681514077e-15 1.7613513862616347882550372e-01 3.7995409385302714166954274e-02 -1.3188549188039094817170849e-01 2.3250223560144603340837932e-01 -4.1222549003679107092066062e-15 1.1460807987199295020578122e-14 8.6633195929857506611959650e-02 -4.9818181904402986104329898e-02 
-5.6507845808862033898378741e-02 6.2217768876166555658269175e-02 -1.6374018421011007906606949e-01 -5.0435560776044337238932513e-02 -9.3354712898595803724036356e-16 3.0806954861130363627097455e-17 -3.5376471260492125461978688e-16 -6.8945363838067122656089538e-16 1.4224108308947689544021742e-02 -3.5195673500717131187975895e-02 
-2.2258378197156588468308414e-02 -1.3061985463951153452200060e-02 -2.7663605343683389525821781e-01 1.0656228250368754428833995e-01 -2.9180649316482837329900235e-01 2.8796327904624047233639317e-01 5.4802925087751263011238166e-15 6.1573318974236787536206222e-15 1.5292325848292631640390482e-01 -9.6815474161156808707850985e-02 
-2.0249894918266767018799612e-01 -1.7348710249287968565568008e-01 2.5484773137062776193731067e-15 1.2674175736693418878317435e-14 9.8350156829951060344363611e-02 1.8213254239027323877486708e-02 -7.4585664619106678552284961e-02 -3.9566491016518011425429080e-02 1.3696655657215170420748507e-01 -1.0295391760104727341129660e-01 
-1.9505315344971176247471320e-15 3.6438849067975923954114133e-16 -2.1358431947155074008400053e-15 -1.3918076531829108784514701e-16 -2.5320176497645178331774574e-02 -2.8280713303222949212001325e-02 1.6371399596134067477848362e-02 -1.9789622597306644885550853e-02 2.5844210673955725354744573e-01 1.4522638733206102990003217e-01 
4.0788397904596707110869147e-01 4.1286065080686856765268544e-02 -6.5149301036136703612646871e-15 9.3439599217027165209882023e-15 -1.7207455849433664352154949e-01 -5.6116889980299490547910324e-02 -4.5964218136335093650712835e-03 2.6661296303436088361848988e-01 -5.8351911610789446348134887e-15 9.3765030517024646384247642e-15 
-4.8657195773751521494787653e-02 -8.7389663449906521131005377e-02 1.7056186621171295914045629e-02 8.2689872874363065657909999e-02 -1.6663312585961517764410189e-01 -3.9909248738726102456730871e-02 1.8231988626953751410345757e-15 -9.1424506814292056918241399e-16 1.4988394517623259271794906e-15 -1.4265426126678339309753626e-15 
-5.6509761910106459312230776e-03 3.7536336407535078607544676e-02 -2.5683689129096794884210553e-02 0.0000000000000000000000000e+00 
18 (band)
1.1207852020957149719038171e+00 (Ry)
0.0000000000000000000000000e+00 (Occupations)
-1.7901863366647347008964175e-01 -4.4379193114156756383437141e-01 -2.2084559223882468947941504e-01 -2.0565431167556158520426379e-02 -1.0505657318110921193866894e-15 -3.9369470159289033893332396e-15 3.6035605782046231659876412e-01 -1.1121858170413806421450431e-01 1.6766355165166424434630699e-01 1.9550913172029554809583374e-01 
-3.9331266475870084857850281e-15 -5.2442705205088383800847518e-15 1.9479153599342002856076306e-01 -5.2550685527399387808600295e-03 -6.0388857649224081391992058e-02 -2.1308613248170182874474676e-02 8.7680436424261237737809438e-02 6.9210980866518334586601213e-02 -7.5797775933035022792575653e-17 -3.2548511068905621785005151e-15 
-1.1674350931192771000235707e-15 1.8449279350237001044175677e-16 -5.6592855530536244346162533e-02 -9.9523542661538413889310561e-02 1.0746374243754290567220977e-02 -2.1865395191747113989855222e-02 -2.2783678827059605787042074e-01 4.2081985131015592349612575e-01 1.2492634146528543148679802e-01 1.8327335261439189895149582e-01 
1.4543481377672810591100802e-15 -2.2450726095119857333041438e-15 -3.1539498615182415264257543e-01 -2.0676572258109740531928367e-01 4.3769605044858800324547587e-02 -2.5380919765188131309585629e-01 -2.8154751188280428366467988e-15 6.0703336893018451813183898e-16 -1.2821389795377030607070878e-01 -1.4673975130027483437800129e-01 
2.2074737886225312410992672e-02 6.0113035807489362261080146e-02 -2.5616363053044197140017957e-03 -1.1167567695561141094540147e-01 1.0903346933551739852483462e-16 2.0484610330407171853504418e-15 1.5462656456977007048531357e-15 9.2186382572002200037964583e-16 -4.0610563825128273562903303e-02 1.0704423827001714741857796e-01 
-2.3697573299554363507324339e-02 5.6573037739174394933350243e-03 4.7588358941470976226639777e-01 -1.6692287911415387702263047e-02 1.0785873051921940346531414e-01 1.9394735840394652925944285e-01 -2.5977906990301931648568121e-15 1.8754598396467259379408843e-15 4.5895782783265726134658280e-02 3.7476373483643465878145662e-01 
2.4734116139098924480599351e-01 7.2722415675091911513305831e-02 -7.5035048341692321074671025e-15 2.9057043010630317584687673e-17 7.5336278696251091080426932e-02 1.7928764357314769251061648e-01 -4.4504280476016469525468722e-02 -4.6136781820930783393208685e-02 -9.9180682266892347676012776e-02 -5.1512994883392261569188264e-02 
1.8789895102296140187696134e-15 -2.5298971516994982388833401e-16 2.2374709250483726351014507e-16 2.6967265016171741050220101e-15 1.1391263143098770416195009e-01 1.0926993079557113797140033e-02 1.5630045021013408423904423e-02 -1.8893478857955784550037848e-02 -3.1620124510861946642847897e-01 -3.5603454290515273994444101e-01 
8.0687265714822722917354270e-02 -2.0673327920909312371833266e-01 -3.1918499228598314097263097e-15 -2.5915531889403321126036428e-15 2.5950534762922883302849186e-01 -2.7424670349463797780487084e-01 -1.0162760559860145592736558e-01 -2.3693465267907615201536942e-01 2.3609785278406934715641290e-15 3.7568294220615302587934653e-15 
9.0122352299795205343713178e-02 -1.7232984547594035196205198e-01 -7.1809053501787137308021158e-03 6.3699829009439809524018017e-02 2.3528701463857919912170402e-02 1.0925564783665947521384965e-01 -2.2302249067163823409518990e-15 -3.0898872844323983078473833e-15 -1.2802586983803201162116054e-15 -4.3424637793577158332241366e-15 
-6.4191251137997257236733617e-02 -9.4736318561745261335182988e-02 -2.4520641319403912311569727e-02 0.0000000000000000000000000e+00 