9 (index of k points)
0.1867026567035515449699545 0.1074832545306665942952407 0
18 (number of bands)
52 (number of orbitals)
1 (band)
-1.2036841917075042918128247e+00 (Ry)
0.0000000000000000000000000e+00 (Occupations)
1.4520738435451285841537583e-01 3.4850736966150586138013523e-01 -5.1539252443146381377214738e-03 -1.5833976570379215687012220e-02 -1.4828503099556791999700978e-15 -5.3772138114001073798287534e-16 1.1110424979185809513104743e-01 -1.2628385877459971653458126e-02 6.4247555514539575471921751e-02 -7.1068750175955312797793084e-03 
9.3082336413726344680766493e-16 3.3875706121413536874144645e-16 4.1426436200078790850209742e-02 1.2450382483446133241589138e-02 2.3374720230584178359833913e-02 6.6696473356143391730821435e-03 1.9695457642240898898933210e-03 1.0685846583360580908106385e-02 -4.9283570264727921877574489e-17 1.1602407804367940117638430e-16 
-5.8725596172330208602474524e-17 -1.8065128997021251495521796e-16 2.2612825772114902855847163e-03 5.6145099029760317868587016e-03 3.8277740961444629841370357e-03 9.5323505619853213244319079e-03 -2.2731568579455313505732761e-01 -3.0144676175270368467806748e-01 8.9297550520312657384991439e-03 1.4054793992317238249256661e-02 
-1.5044146928769083413377919e-15 -2.0749039331968690088288706e-16 -1.0447315361928385946121978e-01 3.9862145257410441789858169e-02 -6.0461692468851711834698648e-02 2.2861316801807109871935708e-02 8.7849157913674558089881145e-16 -6.8490766041106274440597110e-16 -4.3221232743935536491086680e-02 -1.7568950788362514003893011e-03 
-2.4299034254747817196395943e-02 -6.4705156328796406550729614e-04 -4.5651308433763545732708700e-03 -9.8603249491749436761445224e-03 -6.9497397810748916532737399e-16 2.2800927700692822349708410e-16 2.8998726332275158210013196e-17 7.8486501650324533592124220e-17 -3.5865120610999727708556595e-03 -4.8757616410408793905517655e-03 
-6.0781167198045594340927167e-03 -8.2809455322503840168923972e-03 -3.6426676387344836260950842e-01 -9.7850390619232535671656592e-02 1.6569446627059107590707043e-02 3.3035162865443432056444806e-03 -3.5952625020719858775979525e-16 -5.5559718125296405638066253e-16 2.4239672488374844339098502e-03 1.1233564994675492021425356e-01 
3.1207299087679385429794365e-04 6.3922548660180933399743708e-02 -1.4187527838414210124399349e-16 9.6543954140375820930796597e-17 1.7500879382878628542918875e-02 3.9053004834635557385169591e-02 1.0390404557368483617896260e-02 2.2821587731050137909383224e-02 -1.0838927725401882595779313e-02 -5.2994189137273335632460913e-04 
-2.3220283119887568925509963e-16 -3.5266955223227377415189789e-16 -7.4270987575869833104634785e-16 -2.3682506187991139503876551e-16 -5.7498274634995381188184993e-03 -1.4548510411972088995913310e-03 -1.0022784059804520570557962e-02 -2.5734135559475814630792101e-03 3.7715705624871920242924261e-01 4.1867802580617553137587450e-03 
-1.6870438084758014596342690e-02 9.2092356439977748894243348e-04 4.7886988408907771034033681e-15 4.5898287121777918951383595e-17 -3.0284553970196893823985107e-02 -1.0820360279126689517781301e-01 -1.6199160057599873430156379e-02 -6.1836694851787478433013945e-02 8.2922051772561061780801233e-17 9.5006264001652902012956077e-16 
-2.6663144440976137283794145e-02 -3.3473791155286182485983915e-02 -1.5739468969341224857672046e-02 -1.9520617049539740889274597e-02 1.0630194068682825847549367e-02 -2.1822389206564724722925419e-03 -8.1077013531901824309059562e-16 1.3109510594105181067395609e-15 -1.5603057924172712440200533e-15 7.6340362174683236714304782e-16 
5.9309928018161503157634762e-03 -2.0779722661878213298136675e-05 1.0347881794811802924627386e-02 0.0000000000000000000000000e+00 
2 (band)
-1.1780708194227809126886086e+00 (Ry)
0.0000000000000000000000000e+00 (Occupations)
2.6340475740113045155510463e-01 -2.8882509934304112508840490e-01 -1.0343702067205784098091748e-02 1.2723454007029566525943665e-02 7.8041502171556931513685157e-16 -6.3081092397051306989846213e-16 1.0796793834534634815014442e-02 1.2165289929884526287651170e-02 -1.1769586997400768857424680e-01 -1.2683032029942059581983926e-02 
-5.5737496781604027536144496e-16 2.8985008274392195616961392e-16 2.1604496326993183341613758e-03 2.1155317241983995213416847e-03 -4.9245855999400754698935856e-02 1.1594329780812678842849550e-02 5.6149373648390864255386390e-03 -8.7962158402999143097522605e-03 -1.0597571363932873739255122e-16 2.9344518092050615681199622e-16 
3.1074532872155616429951829e-16 2.4799823774851212303802007e-17 -9.5264905789674073077755168e-03 9.8175444155802829571122459e-03 -1.1745515512209987740721573e-04 8.2256593018209187007094840e-04 1.8330153121388376158407141e-01 -3.4525722713175749367664480e-01 -6.8545413046732228679047694e-03 1.4896097402565944625707495e-02 
9.0360624011128302122896923e-16 -1.3029944595142469497127546e-15 1.3482977282286878056849488e-02 9.0980415358804939129910849e-03 -1.1715237959564665792822069e-01 1.6985201367345825751442590e-02 4.0564656696257677040734944e-17 1.2006595047578667476099360e-16 2.6186864804862118594197540e-03 1.5117864295067888480428309e-03 
-4.4815314311442235040150450e-02 2.3477018962093816611957919e-02 3.2510038575723626541602584e-03 -9.9162446842671302105198805e-03 -1.9424393584519292838080746e-16 -2.1784253944636843551498605e-16 4.6443544726765614739286139e-16 -2.8819374594959666042585443e-16 -6.7856743464925406081333925e-03 1.1878250071724055433874945e-02 
9.0798742921937083960592929e-05 8.2593341816790052933860977e-04 3.4257501764152809009544853e-01 -1.8690726751337918831730178e-01 -1.5238194298954841829352169e-02 7.0955079166412316979406505e-03 -4.6497729395947413308530962e-16 8.1595674434192004925619498e-17 8.0452474139034862998798303e-03 1.4427182527633877762163195e-02 
1.5725536499535723578002688e-02 -1.1723971313930467430530769e-01 3.2213852300127605563898034e-16 2.2127830495497862632331042e-16 2.3846769155991369426583759e-03 1.8859785685849256298141086e-03 2.3005873861940633051670346e-02 -4.5138180221634231770178047e-02 9.8424447449160564621584157e-03 -3.3581051944556921176610054e-03 
3.7519408555644985369655376e-17 1.4749292781118945244900746e-16 2.0864411129831055525282365e-16 7.8280831525753513170121972e-17 -1.1810756173092618742659354e-02 6.9179250325401391019664032e-03 -6.9058076566487491820822697e-04 -1.7731100393159233974404998e-04 2.8533044624273951050952292e-01 -2.6623017448876917789846175e-01 
-1.2994877340817374486436897e-02 1.0662174308523937257819902e-02 -8.7579822077658472787397610e-16 1.5066122474627050533277734e-15 1.1380385567118326065050304e-02 1.1973154387216137367611068e-02 -1.3924841178697106025552443e-02 -1.1746719385996112761105792e-01 1.4735416518879639937528106e-18 1.1083975271641917009741412e-16 
2.7787817025963276046374162e-03 1.2336820507159839809679935e-03 1.1057693083580368703655594e-02 -4.9441409461520098578279914e-02 8.6980994423672772924982510e-03 -5.7003206176865633958428248e-03 -2.0102971170053679161713148e-16 4.7774464948822175414822578e-16 8.0588710632662888283188086e-17 -4.2831881704437201553108329e-17 
-9.7192815536948206495138081e-03 9.6378013164865605766351564e-03 -7.1298035458184402368003729e-04 0.0000000000000000000000000e+00 
3 (band)
-1.0807516959199128248059196e+00 (Ry)
0.0000000000000000000000000e+00 (Occupations)
2.1343964342837862258051018e-02 -2.9244273668070736027502221e-01 -3.0122453878537736038367711e-03 1.3966942118989203458490067e-02 2.2200167160116814038442276e-16 -2.8978717451178378458524368e-16 7.8531475928780639095272420e-03 -3.0612024092087491977665081e-03 1.6306108761526472150649170e-01 -1.7412709244805743558082156e-01 
9.1637445122750565688169638e-17 -2.5184557544726367032530746e-16 6.8498435529362744489390025e-05 -1.1354608993730253008180853e-03 4.2528208429169399307223642e-02 -3.1018385679122101317162219e-02 3.8110159228343949006090341e-03 -1.1606551813827642102849858e-02 -7.7649015642716047709088586e-17 3.8727111393692027239147375e-16 
-4.2102194294481838208787577e-16 5.3330232490067578918916491e-16 2.9244381993322379059696559e-03 9.4770162684167658095901743e-03 -9.7055960408759869850747748e-04 -8.6568487440884592243328655e-04 -5.2054146733136255620344457e-02 -2.8856313842737935093651913e-01 5.5582709975246849531949067e-04 1.4277259914526770762099872e-02 
-1.1627580576507717697738598e-15 -2.8488751799953293894475760e-16 6.8451364386032257161596171e-03 -4.9180274951459174853640732e-03 1.1463457672622404115436723e-01 -2.0920821312150286730435766e-01 8.8329581764310561932031816e-16 -2.1110246073609815387553876e-17 -2.1603121172766599072945226e-04 -1.1168231754547577883052156e-03 
3.3478147722886923698393247e-02 -4.0620221409767814924052232e-02 8.0485378869629524423157108e-04 -1.2189671765472826631127035e-02 -4.5525576006083981292115336e-16 -5.2575314499267497241220283e-16 -7.2542056391491784002965594e-17 5.3211132579225896361727394e-16 5.1893997020861989954987337e-03 8.4520001695174064998417052e-03 
-1.1553547631283469024343624e-03 -5.9711943376942414746233467e-04 -2.2837517316785288512548391e-01 1.8417016179620848692621848e-01 9.8482097833669443587290004e-03 -1.0262911729230005802859793e-02 -2.0851063571568243935269915e-16 -3.5963218787858424750599321e-16 -1.4784379442012683669727124e-03 -7.9209987439444982937342132e-03 
5.0584038928830891979071538e-02 -2.3318339703230034354319855e-01 -8.7875463589976792925916860e-17 6.9480520750412299992958732e-16 5.6975534473244215938336765e-04 -9.0798346169549543072108122e-04 1.2992421915207705285233430e-03 -5.2578600635882495606399090e-02 -7.3795124869649730836584922e-03 9.7526633154512674950264994e-03 
1.4552002646868032007658000e-16 -1.3797195993534110831535913e-16 -3.9762710911755351030263108e-16 3.4700669312899592175621509e-16 9.4637884163209454874143844e-03 -2.9834513798035521350837662e-03 -1.3132410193252173555289453e-03 -3.3718298440841556681824009e-04 -1.7539909039398879353477412e-01 2.3517871354452057897077566e-01 
6.9865278035097866729530303e-03 -1.2389633664890282310766523e-02 1.2565028726863988400178211e-15 1.9213436163593780465759160e-16 -3.4018623814135568426963996e-03 -7.3044734371701175099089731e-03 -8.9955043683515294866692713e-03 -2.3843725075381638767169079e-01 6.0194638121156463593594185e-16 4.5386753335324365760092270e-16 
3.2604912822906378239151692e-04 -1.0211498839739980085128401e-03 -1.1817342150491775068510414e-02 -5.1249855605629529575750780e-02 -4.7222827927376111872836972e-03 1.1281475591218032006324279e-02 -5.2362299524987008422053450e-16 -2.2832172872324820979736091e-18 -3.6840553432074463215171696e-16 2.0631947379983649869889114e-16 
8.4245119135282625633109888e-03 -5.2432692419294730373779956e-03 -1.3558371361685776432248751e-03 0.0000000000000000000000000e+00 
4 (band)
-1.0555824113681486764448891e+00 (Ry)
0.0000000000000000000000000e+00 (Occupations)
1.9184359839357228993961257e-01 -2.4273498726257428104169378e-01 -6.4458571751977999930716123e-03 1.2299948862553242157069633e-02 -4.5540802688381759026305181e-17 -1.3519302017245385117910971e-15 6.2084414789986636096230654e-02 1.9343360260812914042105604e-01 3.5890329147328432768393469e-02 1.1176898416813701997440944e-01 
-6.4378982331036977692134252e-16 4.3856690097598641429585307e-16 2.5308038446892333617199711e-02 3.9223053657580560227291500e-02 1.4137584310560783601440349e-02 2.2464942461049210858936576e-02 3.8023225936683387876646734e-03 -1.1149853190845066680525477e-02 -4.3409413987191212567864310e-16 -1.6513725425652922287594344e-16 
1.8797226058405778648226740e-16 -4.3775717410674543691513212e-16 5.9590313720577769984743099e-03 -2.9839780447064177988647504e-03 1.0192767945823910658020850e-02 -5.1207628914190471414169537e-03 -1.2545074238099493402209816e-01 2.8281858411709859257854305e-01 3.1844758241860310343795959e-03 -1.3516542844595700115228887e-02 
4.3161959140736865424813799e-16 2.9394115892693281194586174e-15 -1.0823889954061269302876269e-01 -1.7191676417385265418502627e-01 -6.2558584520759782932053383e-02 -9.9331994095741657502252053e-02 -3.4150902254283709973341563e-16 -7.2335956658889529894949113e-16 -3.4267316669224036351781848e-02 -3.1696936075062513704647671e-02 
-1.9280230108037938602238981e-02 -1.8243290736512034200256238e-02 -9.1000990546782423509797333e-04 1.1745159226492348988890591e-02 7.8144560118746740082697306e-16 1.2581893979948261663948595e-15 1.0870846852900170700822667e-15 1.4576144641581564042428144e-16 -5.0297322803739222957242205e-03 4.3721817268089872843273014e-03 
-8.5990614519504161850083079e-03 7.4947230191063918258720378e-03 -2.3823906720408988268999906e-01 -1.9709817830736522936696531e-01 9.0852855324824524640980883e-03 1.0650534347855018790784953e-02 -5.3794022281285038235805670e-16 6.2944170864674394155494534e-16 2.0484931725148029790783966e-02 -2.0218426402190056712093735e-01 
1.0866807281364174175841697e-02 -1.1659698861932832336663068e-01 2.8053279719951714620334514e-16 -6.5196240723660507082790774e-17 1.6230342172939497824568633e-02 -4.3643281007860995623914846e-02 9.6360252433247937930982374e-03 -2.5063792433414416871428898e-02 -6.0447552469792666454684316e-03 -1.0105873057175800144857902e-02 
-3.9738335573848340745869125e-16 2.1508634146625870174087421e-16 -2.5510352138358274827063820e-16 -1.1433807994180799973320642e-16 -6.3808656801239808931125452e-03 -1.6983225980320331219286523e-03 -1.1085809430212116219460761e-02 -2.8463520810313135134261842e-03 2.7977067254047865985100429e-01 1.3165832985638636909442312e-01 
-1.1448534766037443341502033e-02 -8.0565095924212456329760457e-03 -5.3203434770619634404569044e-15 1.4154233625201371719522540e-16 3.0439821880273401633054675e-02 2.0092666893611499379090901e-01 1.8471085395570747966775826e-02 1.1563634489164652252579657e-01 6.2337763447657769071144687e-16 -8.7987524712563726073789732e-16 
-4.8667934987156290238541345e-03 4.6308469044249830903758891e-02 -3.1001800787004776815969365e-03 2.6672749335506479306800998e-02 8.3680765756608769395663572e-03 8.2851089713749295068145884e-03 5.9890789003383196497988104e-16 2.0211346677988758451453614e-15 4.2258281877967762858876443e-16 1.2435141189072836922801050e-15 
6.6027547064652931246842016e-03 5.8109904613731560782396990e-05 1.1445387319446007415302269e-02 0.0000000000000000000000000e+00 
5 (band)
-6.0235001652730835175475477e-01 (Ry)
0.0000000000000000000000000e+00 (Occupations)
1.5952031361450392382694830e-02 -5.6083310506952172014294433e-02 2.9713325400013580052105411e-04 -4.6636213452128094658633017e-04 -1.0100350883190454225338390e-16 5.4583053051759642972704069e-16 -4.2553631193552138300972842e-01 -1.0381102620285817539347306e-01 -3.2577662291755835055617752e-03 1.9281186787411086491772494e-02 
1.5094349815431622543027368e-15 1.9045890883778379249474378e-16 -5.4597378445204625130315890e-02 -1.0760622241868397774844368e-02 -4.8544668798014556365671979e-04 1.2985912115781456099838920e-03 -1.5084651517772475204370863e-04 1.2015330222436837459554226e-07 7.1250663774835444522667740e-16 1.1401095041909190041939029e-16 
-5.4309410174540846129229599e-16 2.2606606576500117785747858e-16 1.1213935860664818455756375e-03 -5.1135345185081351737643729e-03 -1.3552028764416419737148800e-02 -8.6110018870525287248973711e-04 1.5035168006695127755623087e-03 -5.8288459056708923078371498e-02 1.7181871981552404061999173e-04 -5.2560454589247254664208242e-04 
-2.2416018396909881387926744e-16 -2.0019451889508372793706294e-15 -4.3798405858242045463057934e-01 5.2769654801969045898601962e-03 1.6396186541686240227544413e-03 1.9485606364842047999452745e-02 9.3851586312397622520279096e-16 1.4061550588654985628560155e-15 -5.5558159334952214591929476e-02 3.1552583782918940981387923e-03 
-1.4724898571649366885161214e-04 1.3785192627893891326174014e-03 -1.4607751360573692413907798e-04 3.7630381303924501090740762e-05 -2.2983054957427852061522634e-16 -1.1866745866670729058256481e-15 -3.1279647496232204893767315e-16 1.5567323202701776926971543e-16 -1.8552137795818852451790182e-04 -5.2317626728616596631926683e-03 
-1.3340413769111821723489797e-02 2.5362053614515489563530082e-03 -1.4805308072527480212077222e-03 5.9014946073473434351441824e-02 6.1460349370402386770528835e-04 9.3822810115354315918523298e-04 -4.5693987250999753905142584e-16 3.5869567454020333038159975e-16 4.3870835913113404025409636e-01 3.3489303615583131124022742e-02 
-2.6694350358071362860901132e-03 1.9169016097036965795563646e-02 -1.0056296318405911699940598e-16 -3.3039508472032376473203890e-16 5.3840129128241064060400589e-02 6.4700558888436468518712275e-03 -5.9944066644890270367795893e-06 1.5091542256118958831301313e-03 -1.1276601517057013336631233e-04 -1.7721591291080390773160502e-06 
-5.5436252498487491167558381e-16 -5.4673847895054161941303071e-16 -2.4793429839635275167029100e-16 -1.3875196041849586598798789e-16 -5.0751303722405003218676178e-04 5.2106245558873436063418438e-03 -1.3344108558263597166804182e-02 -3.4261847457715188455806832e-03 1.3242403070609365389742607e-02 5.7529076061081055315504784e-02 
8.2862243538461138880890644e-04 7.5590626657525555875949408e-04 9.9065027202677400328038589e-15 1.6372811829455110071612255e-16 4.3325398043814289383846017e-01 -7.6665156770643214101390583e-02 2.1815706249078766106042071e-03 1.9230647704868864683591667e-02 -1.0822166532823092900611678e-15 2.7521407706244976408212921e-16 
5.3757679935543277449649935e-02 -7.1227084523474227042982854e-03 3.6950531273348608722953412e-04 1.4632321187941421322675772e-03 -1.0966398149796551333718525e-04 2.6327284095748208683079872e-05 -7.3383073679820508122716221e-16 -2.7506729161087594378477055e-15 -1.6686603613351373355017614e-15 -1.9235540406187417988545262e-15 
8.0426105095145444378451627e-04 5.1731365637574687130206819e-03 -1.3776936347636978275055242e-02 0.0000000000000000000000000e+00 
6 (band)
-5.9096343730972966667991386e-01 (Ry)
0.0000000000000000000000000e+00 (Occupations)
-7.9175190746877399661229902e-04 -6.4439709490476254627466801e-04 -1.7052315567717829525307138e-05 -1.7252794813085725600387832e-05 -4.8054521649057838007432933e-16 -1.2073027740283616088362184e-15 1.6265184334810206534527310e-01 1.5111616835827276772441508e-01 -2.8163181533117043198188867e-01 -2.6161957746293196258591252e-01 
-4.9757482635199087602045792e-16 -5.6813464200988799333549760e-16 1.8540182687215557566506874e-02 2.0645880640150965357193513e-02 -3.2402653346714840876252595e-02 -3.6253907584670598540643738e-02 1.4755441241610066371858778e-05 1.1324146274341653772843586e-05 -4.1751439554476767051469850e-16 -1.5887853550836622246717894e-17 
1.4087367130956532309484539e-16 1.3178544627341038332726984e-16 -6.0740936928190755739187523e-03 -1.1262354752651068667823608e-02 3.5432999456905568680387120e-03 6.5055813904120740609471341e-03 9.2713260622699633639598460e-04 4.2725148269798229883065233e-04 2.0807181336381097569443455e-05 1.2470028110431186085804711e-05 
-7.1195374310837157992670754e-17 1.8806300930164900481521937e-15 -1.9512289945121902290381399e-01 -1.0591870747671085217778142e-01 3.3784597716723802074412220e-01 1.8336133297544071618645489e-01 3.8426886092726658896130374e-16 -5.4022347526253093286617268e-16 -2.3092130481888187981676097e-02 -1.5386496394221897687781819e-02 
4.0400644594027569633798436e-02 2.7056712206986122809526663e-02 -1.7108072578592061624425114e-05 -7.2988483777302465282943444e-06 2.6905854638652243093690882e-16 4.3915101537058216325168980e-16 -2.1846399844185766656603809e-16 -2.1588694405541514315323193e-16 8.6840986026293573440959506e-03 9.3979614929819155211276893e-03 
-5.0498529641440342147218345e-03 -5.4200137244199177166681380e-03 1.3703578751016916303928639e-03 1.2094292491680314061142099e-03 4.0076184342033825680484682e-04 3.6126580105665107023327209e-04 2.0543857209536265071490367e-16 3.4135427493526403737211469e-16 1.8699834872288290110731168e-01 1.2119052366185474600701610e-01 
-3.2434499205843936309179298e-01 -2.0974112054073779098928298e-01 1.8308703706109408626457620e-16 2.2728600269434990732974090e-16 2.4093192288139973072924604e-02 1.2404515890726074134331469e-02 -4.2006986597798577631746042e-02 -2.1820359100706836208427575e-02 8.7154618775777835306545205e-06 1.5288111084039448205051936e-05 
1.3917776006480197450997813e-16 -4.7890988440983032604590659e-16 -4.5057645776035035430255834e-17 -1.2614310837521706207735037e-16 1.2566697820800261028995060e-02 3.1825630662388150124431085e-03 -7.2781080801103716082511852e-03 -1.8687005410123573578839995e-03 -1.6280783860597447532114757e-03 -8.3063865999830066577658272e-04 
-4.7801432446472561649253308e-04 -2.5025055397852671856817608e-04 -7.2169973401563672327791375e-15 -1.3025167038237513099010458e-15 -2.1126230938685913729457866e-01 -7.0878502263309897668541737e-02 3.6631559330528851159414216e-01 1.2249039807450354255813352e-01 2.2809301121659773092400626e-16 3.5952268785014023353712486e-16 
-2.6421138005333102277694124e-02 -6.0230719421272473773631972e-03 4.6113762511047394487828655e-02 1.0688119637584821142173297e-02 -1.2243648234987700794515648e-05 -1.2640359729736769646511046e-05 -3.3828151094974052843783631e-16 1.4325202760615470499225741e-15 7.9098835310042231004428797e-16 1.4533652058143076482753747e-15 
-1.2963363150057380032698084e-02 4.2633667900208416473399609e-05 7.5141798579598621798947278e-03 0.0000000000000000000000000e+00 
7 (band)
-3.0638657245776190762853730e-01 (Ry)
0.0000000000000000000000000e+00 (Occupations)
-2.5088727957923468528196588e-15 4.0657295902328677704832201e-15 3.2264146424836064386872588e-16 4.3391920080132670666758287e-15 3.7822097834589624154588705e-01 2.4075415452782755743044163e-01 1.4141205732256941367980459e-14 3.8907745154744760590770319e-15 -1.1748026537454285458934364e-15 -4.0812546082790470445064367e-16 
5.5997238669775115105231578e-03 2.1418564129233319537348734e-03 -4.8439421369825738931467438e-15 -1.3448564650831662240960538e-15 -1.2101841095651206294330092e-15 2.0962620130137612942317031e-16 -6.0115885041718470205026512e-17 1.8905048549565185457464873e-17 -3.4832377033683165068467247e-02 -4.7867328824680727139551095e-04 
-2.0014682771824467838461814e-02 -2.5613359723908931536717759e-04 8.5067530297323618569217073e-16 -1.0471378987273130755343388e-16 -3.0381848960471550713886258e-16 -1.2356190051643393802467265e-16 2.5622899315515108046814872e-15 -2.7934663660412027913505865e-15 -5.3406318279280146629502997e-16 -3.0731548925020283177222468e-15 
-4.2621159433532412874612305e-01 -1.3913068761919047955366580e-01 -1.2228396302941457551879968e-14 -1.4917302782570992286035850e-15 -3.3899797036291652141013812e-15 1.0071246557328455037922275e-15 -5.9564562741745447765895349e-03 -6.8197135847945788977852999e-04 8.3562330353598538395144853e-15 -8.3369401899173726420682062e-17 
3.8473174249069191832084144e-15 -2.6035042622089862777976259e-17 1.1350354747660327561211441e-15 -1.5265317914800216344036949e-16 3.3857095062951717001631380e-02 -8.1988250275132554256707351e-03 1.9449582543526758304786028e-02 -4.7293625108775806664684893e-03 -1.2641425096770458765292798e-15 3.8121742200428220397311888e-16 
-9.7858152157648343716704432e-16 2.6753363525445587770450173e-16 2.1140914967570472202560151e-14 1.9558280136858299463637671e-15 8.3592015073067424438540422e-15 1.6127569910248722614723406e-16 -4.4829256129196132230063654e-01 4.5892144288269525603807253e-03 6.4058863677061947418654045e-16 -1.6593394957683520522145043e-15 
5.9087697671679033737352036e-15 8.1567395191858365557289287e-16 -5.9075757009144670706124458e-03 -1.1464005832336025825224368e-03 -1.6304210128896929390800089e-15 4.0336326629316953989384346e-16 -6.0476889379395959527458224e-15 -1.4542551932288662251458749e-15 2.4163156858917829701510988e-15 -3.5021802286146391619975518e-16 
-2.9823534960262364917893407e-02 -1.7996991021729618481783675e-02 -1.7124803849682589118597065e-02 -1.0356317789580255644965590e-02 -6.1695622498719162048399448e-16 3.4510847339298717222717176e-17 -1.2313646153569778145593579e-15 -1.0885970400889183494800725e-16 -2.9068766371870694376431849e-14 2.6748729864060651564657048e-15 
-1.1168187906381458075532675e-14 7.6985525148015832139833289e-17 4.3306733490824461663137868e-01 -1.1593086230310943596233386e-01 -5.5024449873201016697940257e-15 2.5872760399663886388660336e-15 -4.3468523723448097485736366e-15 -2.3348556719373183647075645e-16 6.0070765786889926407532414e-03 -3.5877003365046306743169069e-04 
1.4262574128639099167245561e-15 -8.4511455250998038141148123e-17 4.1299988874133123320760544e-15 -1.2632529867090491768035064e-17 -2.6935612247603654617275572e-15 5.0933284631782992436738433e-16 3.3362243434340778380775561e-02 1.0014770910504480067038102e-02 1.9162308148957765685516108e-02 5.7721894851883942881287659e-03 
-4.1289364734640486107476238e-16 -4.7286736021957281378619703e-17 5.8252077791365480085551381e-16 0.0000000000000000000000000e+00 
8 (band)
-2.9086319692181178409029485e-01 (Ry)
0.0000000000000000000000000e+00 (Occupations)
-3.2653357784104739662550596e-17 -4.0840064472027576272564675e-16 6.4195075351004781107352779e-16 -2.0670461697134220500666768e-15 -9.3421195109799279321372012e-02 -4.4477910512661866793138188e-01 2.7473026620443281119508195e-16 -8.9224470392309262917954633e-15 -1.4814694399638572461381652e-15 3.8650002903795456705042322e-15 
-3.4516614586947139044909028e-04 -5.3799293548081900812052325e-03 -2.0839592421088738722089261e-16 1.7460452913096235888487473e-15 1.3498450124125172430824245e-15 -1.0737721027433414109905606e-15 -2.4680163311900439954419672e-16 2.8033152032357322466923456e-17 -4.8302078059338088289464963e-03 4.3068762678232647145293299e-04 
3.6407948083088531587847569e-03 -3.9902335599597840709584773e-02 -4.2676592885297787693130918e-16 4.1691304505401670637883476e-16 -2.0199669265081110736033405e-16 3.6234645781015482286644123e-16 -1.3486020944053099893114677e-15 -9.8120037576795484930164462e-15 -1.8677486595332679535579067e-15 -4.5719824377002726023955092e-15 
-2.0109826194310048697033722e-01 -4.0757264517694474781350777e-01 4.9145233767524969191685949e-16 5.1404354354555928085653295e-15 2.0896193443216994712024947e-15 1.5608056208658691261591265e-15 -1.6722561408838224061845779e-03 -5.1250696512597226917051785e-03 -2.0343509248602373603458898e-15 -4.8865888151944981995414791e-15 
-7.6600133535557114372534716e-16 -2.3749102492190822575340102e-15 1.6224226750036207287001982e-16 9.9450490530061121785270011e-16 -4.5713502882661384563167672e-03 1.6183806172554789266915254e-03 -6.3968947934227807922136222e-03 -3.9554159201538180434809533e-02 2.5019152290668486526765230e-16 1.3174351562770116329942825e-15 
1.5591570329398225138163219e-17 -2.5725397623875573755921519e-16 -3.2958602339326714249121660e-15 9.6561731454891532274401736e-16 -2.1532823676101270760152179e-15 1.4579723055388017434047763e-16 -7.0156234076758083872960015e-02 -4.4900295580679905338428171e-01 -1.3135695161960151444682545e-15 -2.9545417780831127270330530e-15 
-2.4315986798832542568197193e-16 -2.1003781129665181086656502e-15 -1.5864531945030835996535146e-03 -5.1785297947801699203207448e-03 1.0815164416181007604308764e-15 2.6674635550882414991228202e-15 -2.9326550222519300858415885e-16 4.1183117615434727609375168e-15 -6.3945804070481319859564300e-16 2.7777899535435746047997729e-17 
-4.6695527125889518121892863e-03 1.3059865784143653150151110e-03 1.7534655388962330779811793e-02 3.6021750341456472421786117e-02 -1.3164486309119974319941161e-16 1.0778856112617461878374243e-15 7.0951152299690504998096635e-18 1.1007315229881102121514154e-15 7.1632922809248211533829386e-15 1.6741661155071326984357887e-14 
2.0425361936242267285589487e-15 5.4218254043330662510233052e-15 -1.7961464139115779214961321e-01 -4.1744955635491254319902055e-01 3.4595286614636176909737334e-15 3.5042722751853748469435911e-15 1.0323099554937835525803131e-15 4.6892904820485905499810936e-15 -2.8244598404571640178073455e-03 -4.6213018926909597491881065e-03 
2.4779500674039746750229720e-16 1.4372911265932337005174012e-15 -7.8961689402924913526173439e-16 -2.7820147841878707988225007e-15 5.0045985730760528279129893e-16 2.3075055875141575926452804e-15 -4.1980644725902850969423419e-03 2.4262271457258358965669576e-03 2.5942016973841602878181334e-02 3.0529369344963724897112911e-02 
-5.4995036838465081240302312e-18 1.0631209368653131192937669e-15 1.7066205876234931709137662e-16 0.0000000000000000000000000e+00 
9 (band)
2.7856499503502364645246558e-02 (Ry)
0.0000000000000000000000000e+00 (Occupations)
1.2478863436668058585299574e-15 -1.7800859896458184455326004e-15 2.4071118046470189131687878e-18 4.5758590215803486656113499e-16 -5.0102988375110457663907937e-01 -1.5047984481413420598805430e-01 4.8430846743903096668482971e-15 3.3748226705688935434878947e-15 -3.4546551196569805036680973e-15 -3.5970707703965214791292780e-15 
2.2450692895303128032713502e-02 1.0470936745536013265378550e-02 -7.7501939236606939477798803e-16 -3.0276156934874989072803832e-16 1.4700742383895649845601207e-15 1.9407068189220733569935157e-15 5.5618210111677461986681477e-16 -8.4606251700254606483499052e-17 2.2518495798532801865921016e-03 -3.2876767620365551780814428e-03 
6.9592079303932685707678729e-02 3.9903078993056811940576267e-02 -4.9156952480705902443407207e-16 -8.4466541222046695556642874e-16 -2.6384730453156407025740590e-16 -2.3562896471579829836993376e-16 1.2514342342012257271173690e-14 2.6024142144956572113634018e-15 4.1042689173268195206289319e-15 -1.6333224739622413812737382e-16 
-5.2271192425093571110039647e-01 -2.1151178519881019823856150e-02 -1.1847932450393595023639244e-15 -1.5123231208104625985013550e-15 -8.1678417582268782218066237e-16 1.2155515795062094716958487e-15 2.4349379171819063305548525e-02 4.5587127300619895153843686e-03 2.7249736489376555298507897e-15 1.0659895223253462739006550e-15 
9.8381173582491459898117593e-16 7.6687348473173556148357034e-16 1.9238346043942430821714241e-15 -7.3097233133698226649228952e-16 1.3634916214621058301592615e-03 -3.7444005688643017433492322e-03 7.7329208374035993123207788e-02 2.1342604040200559289974791e-02 -1.5247344583891620191876544e-15 -4.5447637613623472325894579e-16 
3.6170347686923555233189472e-16 2.0004767925623510760184629e-16 -5.9987319813892298005052840e-15 -3.9601474250979938189049684e-15 -1.9384875777926564625233389e-15 -2.2884566745531465080485109e-15 4.8591985872875970153828007e-01 1.9384499260905307949087728e-01 3.9260116778773186432357560e-15 -4.9284011465899940851036554e-17 
2.3763225278152815387091565e-15 2.4418366527177647233374176e-15 -2.4109497855265383386980105e-02 -5.7699517484646025214378717e-03 -2.3894790945683507871631040e-15 -1.8741357042164425117639505e-16 -1.3165903841628405844687805e-15 -2.8913449460447331255502841e-15 -5.4908190676991499277895164e-17 -2.8834521173436006925049129e-16 
-2.8369611737869422337168790e-04 3.9746218353020569200029222e-03 7.9315301395525214522841395e-02 1.2047998109655486814739689e-02 -7.4549350728839710485830321e-16 -6.7684808899146725899493923e-16 -2.0685587275731424571133400e-15 -6.4370340970502051674304894e-16 -1.1174414797965586099659015e-14 -1.0041803277772098832254283e-15 
-2.8727453692095578574513174e-15 -3.7841652023862024683258512e-16 5.1886108216215520716474430e-01 6.6911640871837249622267052e-02 5.6720696743250304405497840e-17 9.7438325348188035270083097e-17 -4.5648230116639042147020393e-15 -1.5658098790705858920763300e-15 -2.4786982295150680744022509e-02 4.0711019713658962854152534e-04 
-1.5926521165625910330847177e-15 -7.6038864718334912565690926e-16 3.4784762589939254123252300e-15 8.0059627804327776961703369e-16 -2.1324591833189292198299534e-15 -4.4430949191843123852909638e-16 7.1366497356645990177842487e-04 3.9203041369417594708135510e-03 7.9819680641996279546468429e-02 -8.0554252601817716988863438e-03 
-5.5703772314236350997359376e-16 -8.1912254842035338919223361e-16 2.5684979161485882883279338e-16 0.0000000000000000000000000e+00 
10 (band)
4.5293027271297650604431340e-02 (Ry)
0.0000000000000000000000000e+00 (Occupations)
-1.2228577609663368637217971e-14 1.6428592072663644275340929e-16 -5.0094191319534864493955363e-15 1.3729186360287957907293049e-15 -4.4751313873912901275531340e-01 -2.8244211736789903710587168e-01 4.0475116467599690634856613e-15 -7.2378140438192663519700899e-16 -4.2853874120834578516814386e-15 -1.3874380075595504028640900e-15 
2.4027500073447189549158409e-02 7.0787371408351784651813432e-03 -8.0445207726572261621054294e-16 2.6442151365415072670328941e-16 9.2230367363606240123881990e-16 1.4217549423520435918477957e-15 1.7580572113595602801390576e-16 -4.4519955423160283455955626e-16 -6.9650181907814204262940905e-02 -9.3290674940751383559245369e-03 
-4.0112242288630507724978003e-02 -5.3776504314555972560696340e-03 9.3339036280570125248555409e-16 7.2920148164627720152016727e-17 -6.3016631026999002734956651e-16 -5.3696039862755732896257172e-16 1.1126118850021899215665826e-14 7.3061342170813011175011083e-16 4.5733348578140991867609875e-15 4.7164922803841741089256764e-16 
5.0369418886541728053174438e-01 1.6227668689820184955152627e-01 -2.9016059348026681911566997e-15 1.4504107672673922283176366e-15 -3.1641187724588124411389400e-15 2.3765944911343257847927898e-15 -2.5033042315986110681880206e-02 -8.8094931454921893143605871e-04 3.7291965056202037954770060e-15 -1.6878993669045269553808562e-15 
3.0988234709542932207661679e-15 -7.0663114342743753448830844e-16 -1.8663749705053078959716080e-15 -6.2887901125039941577630528e-16 6.9782038107908228585785082e-02 -8.2853181958720250460670442e-03 4.0189409714879997803649303e-02 -4.7668073543404125558264894e-03 -1.6922082238838044803948345e-15 -3.7544114801436184701955494e-16 
-5.7780439422046820229872284e-16 3.0303868749855606838497775e-16 -5.1838539284908460741896864e-15 -4.3860046583289818045034052e-15 -6.7180063022211027174151911e-16 -2.9180177831286085833113801e-15 -5.2748023897958784544925948e-01 4.2684308978245474874846366e-02 4.8241090853414816911676651e-15 -1.8330203141972550407497631e-15 
3.9527717652735550835210818e-15 -1.0406487165441381215413924e-15 2.4585666021186877716608876e-02 4.8878348263394488792954462e-03 -3.5823608537866908487204951e-15 7.6068863918868415883100990e-16 -2.8020890362645522325417330e-15 -1.1327101946584549640128649e-17 2.1734467474120878021539870e-15 -8.2071099600791623541956285e-16 
6.6039192462977472364293874e-02 2.4033943424263237709226360e-02 3.8033236847872478603171942e-02 1.3835574033209643157738000e-02 -1.1280825752703839599075492e-15 -4.4194368464386358303974555e-16 -1.6043892583032980064141481e-15 -2.7118538096183193958053240e-16 -9.5346992071386857754839127e-15 3.4475125972300681775260760e-15 
-7.8516634636691427803002340e-16 1.1226989765995192874990400e-15 5.0029332132017201306695142e-01 -1.7252230403423010618446654e-01 -6.6532701523187952067710156e-15 3.2487184549842179946017125e-15 -1.9076799909433307864326080e-15 -9.6677011856046207405735377e-16 -2.5028817204695193165964184e-02 1.3799320015093841443332146e-03 
9.5080583782245973590373291e-17 -3.1861063291150716998841866e-16 -7.4032423280386132695686710e-16 -2.5894917544520476771759988e-17 -2.6717510273555910138633087e-15 -5.6876993624830780501897027e-18 -6.9941448472481834719438609e-02 -6.8555935741841118186146176e-03 -4.0279120119252984077995450e-02 -3.9424226528971453159533311e-03 
-1.9713306093218584007946204e-15 -2.8610061529361298594715308e-16 4.1565432246581492980329862e-16 0.0000000000000000000000000e+00 
11 (band)
4.4738980215550733232632297e-01 (Ry)
0.0000000000000000000000000e+00 (Occupations)
5.9343053321296013180585760e-01 2.8868385227918269553271102e-01 1.9014426263980199749425992e-03 2.9487634308108662262171151e-03 6.4211327063625832508547399e-17 -2.5507194472670393775416049e-15 1.8787654326777231128531298e-01 1.2931777354772469590393769e-01 1.0854427539031058502771998e-01 7.4895311418026841443484898e-02 
-1.4866629220387278332655396e-15 1.1165194818772999156011402e-16 -1.7234082247999139847483008e-02 -4.1368562845500722602309907e-03 -9.4988330170389170814537749e-03 -2.4195693344204946551023738e-03 -5.6792982721379295374397600e-02 -2.2832892300742424485093807e-02 -6.6817331267164820870425983e-16 -3.4096828154108219029322387e-16 
-1.7144464338192473277031352e-16 -6.7928989944224256100816840e-16 -6.0139266553803277792766835e-02 -3.2499958914804061294034909e-02 -1.0399699045672447517141279e-01 -5.6226456873788202561748051e-02 -6.4657957641873742282712101e-01 -1.3203414586235306948935886e-01 -2.5750329546232598836030814e-03 -2.3832530530274523283829069e-03 
3.9681035661976084719320815e-15 8.0175919298498338520137763e-15 -2.1413407869224576618449873e-01 -7.8532021546733152272956602e-02 -1.2375986392590448970096872e-01 -4.5548473887807569560060017e-02 -1.4618793215830524652255862e-15 -3.2312553924139108329269739e-15 1.7721436185546078634356348e-02 -2.7905263240967682902837765e-04 
9.8021321354608281772868850e-03 -1.8709596696218910860665119e-05 6.0687036144073711052548958e-02 7.9917145376145089230579543e-03 1.0656125313433310328130833e-15 1.5294088598901814358495225e-15 -1.0909725280134879973094608e-16 1.1807532235819864507353842e-16 6.6332292022123012786849472e-02 1.6522885528828551437996452e-02 
1.1471268498006223501839429e-01 2.8596999515713327627564055e-02 6.3349568457080740468967406e-01 1.9179451569621783213470678e-01 4.3259208210750183312698347e-03 -4.4118346540013286816162008e-04 -6.3380533061793169878801726e-16 -2.0589229310524325486203102e-15 -2.2456591321261246130269740e-01 -3.2001708412142067239347654e-02 
-1.3003486912382483664529786e-01 -1.8948630294605139923191928e-02 5.3890261265905078990047823e-16 4.3619128423798906951196600e-16 1.4585067008020129869505510e-02 8.1929805147379491936376894e-03 8.5336678735639815568392308e-03 4.8903334812226972871940234e-03 -5.7112987367054696141721593e-02 -2.1780301331998548619584000e-02 
8.5352487682811466598049342e-16 4.8709428350622217052783270e-16 1.0886835166087204254745476e-15 4.2194669527782757786193578e-16 -6.6225720285010211685339243e-02 -1.6940905232719970924248898e-02 -1.1450189788691188252922615e-01 -2.9399090556637620663682497e-02 -6.6129060919083026970355377e-01 -2.8224967984862521508393485e-02 
-4.0802961974778211712289178e-03 1.5031356364301785843995418e-03 -4.1053865714447005980090836e-16 -8.7500765636292407882996852e-16 2.2546926335528030826971246e-01 -2.4850955722628048638611631e-02 1.3066191732259324620457619e-01 -1.3985032700113067885561158e-02 2.7570251261465379778530480e-16 1.3623455025219561299680595e-15 
-1.6164361707641190790685215e-02 -4.3084242975215836929381297e-03 -9.4817434866168760765336998e-03 -2.6144577616406842676677336e-03 6.0735218526203428590637401e-02 6.8926107305254218082790629e-03 1.1548678939898945275195928e-15 6.2086204694006071279803117e-15 1.3002548270143927033500444e-15 3.3236586672901648700241498e-15 
6.8358149312373328587710830e-02 -6.0991362409431280899863026e-05 1.1821586672381072247173250e-01 0.0000000000000000000000000e+00 
12 (band)
4.5953719245562746342770311e-01 (Ry)
0.0000000000000000000000000e+00 (Occupations)
-2.5736043776289296847181731e-01 6.0769907444308801647281371e-01 -7.9484168304314040121028029e-04 3.9499543339461748447938305e-03 -1.2705136796570057816392841e-15 5.3608146975075718577762018e-16 -7.0655806552525513009044289e-02 -2.8558184797261271237189817e-02 8.3547838039821353817160343e-02 -2.4780142140329117217412147e-01 
1.7899436723440096403126505e-16 -3.4412047440245430411531875e-16 -1.2997669142975259992667247e-02 -5.8181841589829861802196653e-03 -9.8637785459591668935086517e-03 1.7991027285810229363605117e-02 2.6101865985231766098539907e-02 -5.6160487718500330667215081e-02 -3.2725526282572301644367851e-16 1.1015073032021756605849592e-15 
3.3815438461076250205443021e-16 -6.4277969553213008757655212e-16 -5.0520873928574516753542412e-02 1.2691967818200555750962621e-01 -3.8604146301941255625678195e-03 -1.5480114722500519595232982e-03 -9.8146372104448736939374953e-02 6.5261002876743645639834313e-01 2.1244342765838752917773036e-04 4.0235283435459054390825884e-03 
1.3444752448540145601160405e-15 -2.6489313681006935028094772e-15 -7.5538156217658622426647241e-02 -1.0089592347760354892893808e-02 1.9297321545975135853590032e-02 -2.6079378648987605604503415e-01 5.9547491597655960271731830e-16 1.7779926066178671879507184e-15 -1.4036247027805856535387363e-02 -2.4030063321818975058397072e-03 
-5.0797032590318789285754875e-03 1.9878828054054734075783983e-02 1.1315282513497768035470870e-02 -6.0887372831615105273073141e-02 -3.8598612771146350251116722e-17 -8.9317609406729283654333353e-16 5.6156987541929376551746704e-16 -6.8326571869856611037632253e-16 -1.7370027326627828639926676e-02 1.3549629353966952116650191e-01 
-4.1241074041278944634081327e-03 -5.3933176654863846516407833e-04 1.5005823376190075002512003e-01 -6.4455418373469508530604344e-01 2.0340975544016828835403032e-03 -4.5502466427372288693131708e-03 -5.8294816255549978815641742e-16 1.6170846631781460405204351e-15 7.4667994926041064696065064e-02 1.8399719473314320172807612e-02 
7.8027524784987145611836468e-02 -2.4818141556670270109208332e-01 1.2803610829321815540833708e-15 -1.3464106883455543620853648e-15 1.3364027777584969181035035e-02 3.2693097706631675872235299e-03 -2.4157224292250083219624202e-03 1.9507020065308654233060537e-02 -1.1931230797514381924973037e-02 6.0688105340602399584426507e-02 
7.7447095100010756779246813e-16 -6.2254268314615603149590358e-16 -1.1416438017493808080115435e-16 -1.0450306664850312668509923e-15 3.3833709333421661813456893e-02 -1.3234371901674971128137770e-01 -4.0798492833964937476221024e-03 -1.0475272527593981839594273e-03 -1.4950228814131438781487304e-02 -6.6162229402235239739127337e-01 
8.3859231513029597326891462e-04 -4.9131517684293619582791557e-03 6.3785771525937242912699990e-16 -3.9952194139351422736750751e-15 7.6897986720252414771792360e-02 -7.4751678180046544734682623e-04 1.3855938377566556080067173e-02 -2.5978899635758090358450545e-01 -7.2670781012293483033310815e-16 3.6861428530992481862161455e-15 
1.3757216548196667810222138e-02 -1.5690016768761874677018398e-04 2.5113705520553135375205756e-03 1.9494936897397494024453124e-02 3.5361288273919964236791103e-03 6.1748653354435509288400397e-02 -9.0284371139126831467133656e-17 1.4274148120581161889218110e-16 3.3319029942243814255940052e-16 -5.5978813167685119305937659e-17 
-1.4178341038359335360419244e-04 -1.3659999907731462664983724e-01 -4.2121827501371677388020132e-03 0.0000000000000000000000000e+00 
13 (band)
1.0272798383089190021877357e+00 (Ry)
0.0000000000000000000000000e+00 (Occupations)
-1.9421396924759845581398565e-01 -1.2499221237334906531302181e-01 -3.1906094431680620537861159e-01 -2.6764095232818829739329658e-01 2.2378446443658387067964800e-15 1.5849800237299126098310462e-15 1.9540506557677853050059014e-01 -3.3139435693099614232970396e-02 1.1365093485054489352847895e-01 -2.0299748532613723361883729e-02 
1.7610131640957311261720033e-15 -7.3584343487925114638231561e-16 1.2932310533040719535691210e-01 -4.9939171773839399759431501e-02 7.4153957527119299109052974e-02 -2.8877013452814043192873328e-02 1.5050833822764053682163876e-01 1.0302677606065180349048660e-01 -1.0083176650029844681159111e-15 1.5663179157443900153055537e-15 
7.0732999146022383801054086e-16 3.8147852686324454990212420e-16 -8.9944250025097635670157104e-03 -1.9904106307382010004891626e-04 -1.6064174133585990000838706e-02 -1.0696364926644358339657970e-03 2.1919667946073656539240915e-01 7.2766302079053032936251100e-02 3.7559665627417726518899599e-01 1.7988528941271006433844093e-01 
1.5554322824225300103309658e-15 -1.5421378329741450880509882e-15 -1.8102461359367691406951906e-01 8.0693563091387240926444235e-02 -1.0503203957077700270161813e-01 4.7925832768012384399458625e-02 5.1490037677634049569961063e-16 9.5130956565641091259070019e-16 -1.1284081517436030106527056e-01 8.0531589333279113285257722e-02 
-6.4642853374610398375921250e-02 4.6411128304330716287662284e-02 -1.7140155933019327050281788e-01 -6.2360098786539697179875930e-02 5.3200705720116171817609404e-16 -1.7981442047561829137648269e-15 2.3406207470281231498450796e-15 -5.7806258885823585483038466e-16 8.7613481009881227778990365e-03 -2.0440347169217894240933475e-03 
1.5825496341897705987467049e-02 -2.9589657573565655152014742e-03 2.2401502100329906408404668e-01 -5.8569139179566284680866772e-02 3.8709272326865878932622422e-01 -1.5492579134625969472516260e-01 -1.3463961281449279616134009e-15 -3.2572012227269764155696312e-16 1.7546068371151860021406321e-01 9.2222518643662362847202019e-02 
1.0110098173876223837108768e-01 5.4522939661591204862922666e-02 -2.3554272206231825671585908e-16 3.1397879592078807624462373e-16 1.0683035715767756623773010e-01 8.7725794496371509167964575e-02 6.1851099158983000037004274e-02 5.0589942534058865430957042e-02 -1.7521435098544368980100217e-01 5.0991278121027182324009885e-02 
-6.7790438368508939942880206e-16 -2.0689749529828503885605816e-15 -2.1088669769774577391501042e-16 -1.2969659878321670252319401e-15 8.7031991311886762463512213e-03 2.6005570635378033594875546e-03 1.5578138730963982105937049e-02 3.9997862018686432955538734e-03 -2.0241162456983574635671630e-01 1.1243935226770654378647407e-01 
-3.3640301598471716859606317e-01 2.4632455839457398361069806e-01 -3.4288099332867288202916632e-15 -1.9226035827707452155892290e-15 -1.9288307143864849568792863e-01 -4.5689881001020032913473301e-02 -1.1148401219803484585302300e-01 -2.7667209510625623281043772e-02 7.6970206501828655180701995e-15 5.4210334730650825826523191e-15 
-1.2529060297502112031331478e-01 -5.8402097878495880245441896e-02 -7.2489140243142222153061027e-02 -3.3618823590112388577377800e-02 1.5702865475031457798138490e-01 -9.2963330528705132027589286e-02 -1.8671249857996116453314613e-15 -1.0543974938144605785277914e-15 3.7003085285451257619228827e-15 -7.4577854980647657006480223e-16 
-9.0765043691087964744523831e-03 -3.5445817138881263383409781e-04 -1.6083429235763301023975913e-02 0.0000000000000000000000000e+00 
14 (band)
1.0568458640837763429232155e+00 (Ry)
0.0000000000000000000000000e+00 (Occupations)
9.6721047085208358695673780e-02 -2.7562958823081140646849008e-01 8.9461121922124631211659107e-02 -3.9676965700848620954843682e-01 8.4597416857087873569057376e-16 1.6697878994784598430163595e-15 -7.9506065575588591443079167e-02 -4.0329441658265234582625425e-02 1.7195402244308288786101002e-01 -1.9240711623468487179167141e-01 
4.5953036974474327448241535e-16 3.3298011288729108251550458e-17 -9.0037966736798702438449027e-03 -3.6439707164313411835721013e-03 1.2821682589375182903523864e-01 -1.0513469948958885369361127e-01 -5.4994687639254087596629716e-02 1.8266144391056360340996889e-01 -1.0933772514158543878725330e-15 -4.5254955315126286481202849e-16 
3.9093277003230204787508434e-16 1.2830272994998587917926405e-15 -1.0472771169842857302834105e-02 1.6230798723906512265324764e-02 1.2588387803920589314010670e-02 8.3895326850702920534752494e-03 2.5136086337078117347587636e-02 -2.9102372415526123194950969e-01 -1.2022064962360898277005106e-02 -4.0655248494167833817058977e-01 
2.5804641481362046544112186e-15 2.6829176836107250710918315e-15 -8.7037760619522383520596520e-02 -1.9290063610962495527223481e-02 1.1870206660057394665308550e-01 -2.2912551930513352926865878e-01 -2.7859792109236568279213818e-16 2.7696729684072619821887934e-15 -9.6271445106595118779146958e-03 -1.2903354967029913302756228e-03 
9.8042721980873270837264499e-02 -1.3371792754005717984711055e-01 -7.8408745234590290079657038e-03 1.9059942142290561828410489e-01 9.3083254252764811212589679e-16 6.1182770963696585873935339e-16 1.8828377710762346993658065e-15 1.7425969660714160016833897e-15 -6.1073143022190396964066217e-03 1.8325350616173678719444951e-02 
1.4279292389454086020794676e-02 4.9953553459508200085270602e-03 1.4301472077964835771801688e-01 -2.5547612224617138876325839e-01 2.3804054677834482478537836e-01 -3.3061835292410823861075642e-01 -8.4101733683562843859787017e-16 -1.0031529780102360194671058e-15 -8.2718372360010131161267566e-02 -3.3045663668524113965041522e-02 
-3.0223081885490998832466403e-02 2.5591775486906281900090221e-01 -1.7069294850075760270532315e-15 1.8221843142633928186039476e-15 -9.0633877784747490791161795e-03 -3.8646678175761253054565358e-03 6.7649401928079402890325866e-03 1.6548159021052100126070172e-01 -1.0017294751326985546846515e-01 1.6246885504872773942075526e-01 
3.4505664604780128545677378e-17 -9.2908241572556138601428811e-17 1.4459311223932365553495066e-15 2.8585945956328391406251903e-16 -5.2113273775848262259202670e-03 1.8652784837425898101237465e-02 -1.4645362209475883130682661e-02 -3.7602898971718819176590642e-03 7.4987322325965624636445739e-02 -2.8301618485164586891400518e-01 
1.4834062439203130057130409e-01 -3.7942964612125690271327016e-01 -9.9257595959631520925507164e-16 1.1643082323410996523609158e-16 -8.8337744952917435226069642e-02 -1.1436250688974157474486759e-02 3.4370589390154013265110677e-02 2.5539380282390455878527291e-01 -1.0464150712561040594072920e-15 2.5890342610442011861528900e-15 
-9.7397485885226155188920671e-03 -1.4892792874760091802188722e-03 4.7706005154103905963047794e-02 1.5860030954148154891392153e-01 -5.6621468932095214698918539e-02 1.8227659622204656075794560e-01 1.5805454357947091739239721e-15 -7.6305615812221504468454725e-16 2.1237495507901746830666638e-15 3.7031715370141769557539182e-16 
-4.0884498853182833864178258e-04 1.9362777719199360942914367e-02 -1.5120397294962346912416962e-02 0.0000000000000000000000000e+00 
15 (band)
1.1938596962424006253655762e+00 (Ry)
0.0000000000000000000000000e+00 (Occupations)
-1.7499843545500681774029772e-01 2.8610160757216135385405664e-01 -2.6932832112762583598453148e-01 2.3146172377896551131115643e-01 -1.0620295264606466772500715e-15 -3.9591716885926907738534565e-15 7.3218802914003955351063269e-02 -3.5800829358458144402455048e-02 2.3009068037427188313515103e-01 2.7156944769241842668749953e-02 
3.1144068776391903907111245e-15 -4.7761855931908847916207100e-15 1.1789348296232543544803661e-02 2.0172458926990717575922218e-03 2.7085514450301678701649166e-01 -7.6344036999439937596356742e-02 1.0483771122842372447436787e-01 -1.2042372070209440837462722e-01 7.0016369824106613699447085e-17 3.1018542214475295223376284e-15 
-3.8190952106224717487773899e-16 -5.2425754422220938833779098e-17 2.2902333422482098329586719e-02 -1.8197207291288840236287427e-02 -3.9142186770280470303751130e-03 2.5103589939507457012846103e-02 -9.8349961300682325893163238e-02 3.2063354063358173728914835e-01 -2.0330468668961115819016072e-01 2.9116915788964575773078991e-01 
-2.1079784600871473083248399e-15 4.0969514940309728978602519e-15 6.2015195366947259425494110e-02 -5.2884856306117229707286498e-02 2.2961561607356845149396918e-01 -3.0917465928792624285659230e-02 7.5747943281177330914631111e-15 2.0875470825263727077152151e-15 1.1920632893880206415460066e-02 -9.7802129403698132015243516e-04 
2.4335974212359365309588100e-01 -1.4130448401472600616912700e-01 7.1595880233717448803965056e-02 -1.4271246664853462493560698e-01 -3.2175763034331916744231162e-15 -1.8410538445203535445349967e-15 -1.5269429451804053699827561e-16 -9.9635679342811760224680710e-16 1.7657353075589167501480148e-02 -2.3321087276562180168326677e-02 
2.4517626499486779023673222e-03 2.5288341100412187884005633e-02 3.3230162348674940897552688e-01 -4.8240402648343637392880368e-02 3.1879918693887604463910179e-01 -1.5619746823531863166856226e-01 -4.7856967358057344809700173e-16 -2.0727312424607149549486846e-15 6.2170787308220731848251717e-02 -5.2606584012365849301051668e-02 
6.5511203352025010326897814e-02 -2.2197241403324369235505742e-01 4.4133296462756554654909249e-15 -4.1767918863985756702919299e-15 2.6093748395875828588463818e-03 -1.1715815230792524931358045e-02 1.7731139326285819124429111e-01 -2.1916932862435892226393719e-01 -1.5178394693386532132706179e-01 4.8725109088651338828945825e-02 
1.6436593078263855749449403e-15 -1.5873748290922202007440781e-15 -2.2781657601442586719495056e-15 -1.8094217820177044444541746e-15 -2.5737493202319876306471969e-02 1.3880653320770248645987799e-02 2.4636173946518364480384733e-02 6.3254943558994592908706345e-03 3.0986485663360852083059171e-01 -1.2936489494095496088910124e-01 
2.6993879349966498626400835e-01 -2.3057237137178335228959725e-01 1.4339885183865206301290752e-15 2.2693590986477784423677310e-15 4.7134852258646359191018860e-02 -6.6415097519524263214307780e-02 8.2507538323789240269912071e-03 -2.3129071623733671314582239e-01 -1.0551373884212365973272341e-15 6.4372598801989546885107404e-15 
-3.8620823713680224598121526e-04 -1.1996666485870877832953241e-02 1.1723563418504916178175534e-01 -2.5637927152501099881121149e-01 -1.3489793324844823185770792e-01 8.4941452823866558929921666e-02 -5.4752174945527877619857857e-17 5.3574314882912828013237154e-15 -6.1762104283183658339507767e-16 4.0023507800348880652861082e-15 
-2.1476924417307349801653515e-02 1.9845221352346502363683811e-02 2.5435269716870191614166430e-02 0.0000000000000000000000000e+00 
16 (band)
1.2138792367405413230585509e+00 (Ry)
0.0000000000000000000000000e+00 (Occupations)
-7.6771772157837134265001566e-02 -4.0157094761502215574111574e-01 -1.7746206433747002684242489e-01 -2.7449384234160567608284964e-01 -3.7832226569242749991846376e-15 -4.3949338507682384070354748e-15 -2.3476530278317378486185873e-01 7.9717146161453283914610779e-02 -1.4428826846941594785889151e-01 3.9339227577647281619555031e-02 
8.0586920468418147218981717e-16 -1.6662916401040265008828916e-15 -2.3684840265294440642129814e-01 -5.3903821797021578277053777e-02 -1.3684284453664372072090316e-01 -3.1386316296923358337700449e-02 5.8493942447255045657961148e-02 1.5767868779025678849237124e-01 1.1487485245586942977581901e-15 2.4075223340826869948252006e-15 
-2.5525729659822263324745888e-15 9.9428137875050882002379401e-16 -1.0733261049990536900589078e-02 -1.1243061472685665289072965e-02 -2.0493472610363265562494206e-02 -2.2531127377194842820173903e-02 1.7422647941321006692660944e-01 3.6986249450295166640856337e-01 2.4015060993585185533660820e-01 2.2173709276941316881348598e-01 
-2.1226316006907353336766175e-15 5.4732977038210351818108596e-15 2.0756487100902595854812205e-01 -1.3559644208458326852806408e-01 1.2997191912041813899314491e-01 -7.3986346608397479673868702e-02 3.8253162276887104118587402e-15 1.8637666532550599133531622e-15 2.4281270991030601269500266e-01 -6.6914684178696597766089482e-03 
1.4034913439748936125894829e-01 -3.6311741120835256541043989e-03 -9.5869342757327460913252537e-02 -1.3817806991545245054453517e-01 -4.0482867170419451112810292e-15 -2.9865088557195088861982415e-15 -1.5651419957558169649044416e-15 -9.3892557555111722255487508e-16 1.3192091606043863938335647e-02 8.2205865425462217033203416e-03 
2.5452896008586634035708585e-02 1.6726751187703222528702085e-02 -3.9170571556293554138505897e-01 1.1948847231939704882641706e-01 -3.2573092625290345214494891e-01 -2.8663260467068171766236162e-02 -2.7386772425737380489819153e-16 -4.0718184214159582448641487e-15 3.8874281705452977397907688e-02 2.4439280469364732528703144e-01 
3.2387827575730172846579791e-02 1.4604975897289901309861193e-01 8.7238249958246954187857052e-15 -2.1075245563820219324294298e-15 1.5904163768095297415428035e-01 1.8439912575321348864321180e-01 9.1735819360985237924666080e-02 1.0653349050860347335678568e-01 1.6647933377209284122599797e-01 -2.2078618265982251356316368e-02 
1.7121610417857432561995143e-15 -5.0163018923381075364022973e-16 -4.6693467965188189673479124e-15 -8.5571659367502503369205321e-16 -1.4964762126830819660705529e-02 -4.1390994022712443434208751e-03 -2.9521480688486818888538465e-02 -7.5798279342454040474752475e-03 3.4968398551343743418939880e-01 -2.1314777244271815304088591e-01 
3.2262575323866804488659454e-01 -5.3243235864469745655114252e-02 3.3516336208075949040586218e-15 9.7743368602272770969880528e-16 -9.8430993684056819481575928e-02 -2.2704711459631821135474183e-01 -6.7691402494850005933102466e-02 -1.3340681204269069781709334e-01 -1.9705070483227924600960658e-15 6.0531786939909353961713529e-15 
-1.9990324995296954169177184e-01 -1.3905384120200903197428488e-01 -1.1534757163929335033181189e-01 -8.0372774437009422698885430e-02 -1.5575835028221440836659895e-01 6.2786704604483350999899471e-02 3.4551339769291150419165535e-15 7.5414857171037817742439978e-15 -5.3093738769754367076666594e-16 3.4513126555631342565868138e-15 
1.5523968769660063948823137e-02 2.8747697850970343677601271e-04 3.0479035640144085117508865e-02 0.0000000000000000000000000e+00 
17 (band)
1.3646666565794280945311812e+00 (Ry)
0.0000000000000000000000000e+00 (Occupations)
-6.2270845802940566482419626e-04 3.2895412462170814382744766e-03 2.3806013748497306670159901e-03 3.2279177940397335566657944e-03 -4.0917261939692205246950709e-15 -1.7819837471960889032834317e-15 2.9499043902118615712026894e-01 2.5961059194184132881133564e-01 -5.0491736468421721806265623e-01 -4.5120994869003838712018251e-01 
-2.2237475697522297729955718e-15 7.5236571008893383104126682e-16 4.2667434609688845159602977e-02 2.6409347486744533251012967e-02 -6.8519355808022180953642533e-02 -4.4717825482092757316543441e-02 -1.3443908159787697903508885e-03 -2.2434610719191134392547227e-03 1.1884461877018629091247740e-15 -2.4683798505168822892128243e-15 
-2.8329336762814037579301742e-15 -4.9247395683176339251491964e-16 6.8660465822894173326673695e-02 1.0736103359708583371290302e-01 -4.0115694195596671156600621e-02 -6.2445299856998620624537466e-02 -2.1493071468917102073703518e-04 -3.3410555551049159195287075e-03 -3.1085609170389827404790140e-03 -2.5344753335547198780375311e-03 
-2.2383036250717282059283357e-15 3.2419247537773377409737757e-15 -3.5028530074649272263442867e-01 -1.7809330881047669148387058e-01 6.0126580842195309628550604e-01 3.1146651598398739091422271e-01 -3.2594858196761643170352445e-15 -4.2019548437487793252297148e-15 -4.7894696338061717999501354e-02 -1.4968689773343667182015082e-02 
7.7487565220439175162070455e-02 2.6272861899733660623335041e-02 1.8600803871571848502330937e-03 1.8386422165854905685922205e-03 -1.6700502057320822007864950e-15 -1.4079368856516761458106719e-15 -5.5754362987436195040295406e-15 -6.6928283321661789498064645e-16 -9.3202974362460833113175340e-02 -8.6912925805324892092329492e-02 
5.4384900470215755130531932e-02 5.0507098470053732319762219e-02 5.2103918951147687455005553e-03 -9.4081326089831551762188155e-05 5.0704746888042134811414030e-03 2.1305950462172720816234062e-03 3.0142158959185459385201736e-15 -6.6601570585007484244194188e-16 -3.3810345463048024905461375e-01 -1.9674633343232991733451342e-01 
5.8780702842466769908469360e-01 3.3656507879691105467045986e-01 1.8063140846196641389608373e-15 9.5279294392442888967815398e-16 -4.0041250170273559594313895e-02 -3.3285797022994403904228022e-02 6.4033147861566025449420181e-02 5.1324325982868561346617042e-02 -2.3537620066779074874674382e-03 -3.6628567243365242785124725e-04 
-2.3396500730554450012604718e-16 3.7031098536940324521716527e-15 -4.8462445320359107714276896e-15 1.4007542788588505297059761e-15 1.2344626846039016832001778e-01 3.1291282798583272550807521e-02 -7.1837224991532985796105493e-02 -1.8444664427718387988974769e-02 -5.0233007781135229075086812e-03 1.3868973607216728005653295e-03 
-5.4410338441265686248993205e-03 -8.0268270673507918777644932e-04 2.4870337053772252274559155e-15 4.6774324603860715949843237e-16 3.7641013633609399224866365e-01 1.0648227559435995137615549e-01 -6.5304032119479493712077556e-01 -1.7980960437297693887970240e-01 1.0717124298912224816123219e-14 -6.8961674077965354490405523e-15 
4.7061121771325979679101437e-02 2.2282208514439821867014757e-02 -7.4785269610299395792729626e-02 -3.3787481586777287634326683e-02 2.3709057875219209134132203e-03 -2.3057867336049458779206889e-04 3.6613534372774970455914743e-15 7.0720122635719573466912940e-15 -2.8172187918645175896635050e-15 1.9566727411152440202137357e-15 
-1.2734980252332503414258724e-01 3.9162896551601000978692912e-04 7.4167327984367370508067552e-02 0.0000000000000000000000000e+00 
18 (band)
1.3840043014191967252202176e+00 (Ry)
0.0000000000000000000000000e+00 (Occupations)
-8.5656385552275726702475822e-03 -4.4310415514533726955015425e-02 -5.4420530856270687980469347e-02 7.5569614749408153819842937e-02 1.9510278503882470306900742e-15 3.2649717427546734512234309e-16 -7.4408399081500831151458897e-01 -2.0330676142493916969122836e-01 1.6091276112400999809270985e-02 -8.9262371094781522984362709e-03 
2.9678333749127702579099617e-15 -4.3935908016772424522275953e-15 -9.1778342025962592054533218e-02 -3.3093383833026887574924046e-02 1.8590645284168212658659769e-02 4.3076217074050737743107220e-02 2.3346178666494125930608305e-02 -2.4348056956795843808194491e-02 3.7750014399122271394969873e-15 3.4301005517895950224703474e-15 
2.9688669518221277002214129e-15 -4.8541641183729073519919285e-16 6.2129848096358596121202567e-04 7.4517990301042145301346764e-03 1.3929581590481091013522530e-01 1.9236257753103870593580638e-02 -1.9316085503489784785946526e-02 -4.0788134644211021528903416e-02 -3.3917410841987599701141676e-02 8.6729292017341225173865382e-02 
-2.4559344230682922853568425e-15 -5.8968093136840023107295614e-15 -7.7126755952758352385956186e-01 -1.1873341942825355044277558e-02 1.3365874184143138048153077e-02 -1.2647540597240176235560583e-02 1.0828889934265385849562125e-14 1.2175028477418565129376694e-15 -9.7124946533990355601595468e-02 -9.2293488028146256074712994e-03 
2.8719205540431558265623835e-02 3.7099593024998059331842626e-02 1.6557599995801169923126395e-02 -2.9389076512852239930762011e-02 1.8725691547171027746586703e-15 3.2623673625101669177547239e-16 4.4627928428871350358403953e-15 -1.5434300971396841311618607e-15 2.4549663066307601116955439e-03 7.0631764115415898719341214e-03 
1.3970344447118329678225734e-01 -1.6009545397113821019186020e-02 2.7509834596373627935150807e-02 -3.7535203572340247735183993e-02 2.3241839921454524042765399e-02 9.0707147873171037333328570e-02 -2.9482290460598113149968714e-15 1.1105187256577210438682842e-15 -7.6510010280075957389556152e-01 -9.2437625779945992166020119e-02 
9.6812106053333520094827946e-03 1.4064831444029771145842744e-02 5.9040995519138387919271690e-15 3.1940431514040496988684500e-15 -9.8496004910142431754138670e-02 -4.8090916436740287209783418e-03 3.5041341523613690756011607e-02 -3.2853229395812297286560977e-02 -1.2165327793555218149901265e-02 -3.1266282625705368869439837e-02 
-1.5004238019633799713316034e-16 -1.9484614487529030552359820e-15 -1.2826018627828682008264023e-15 -3.0284115228432100696010199e-15 -3.3788841752760857134463279e-03 6.6671615571500392194437268e-03 -1.3609895425339177399415291e-01 -3.4944272143941461361560386e-02 1.7310937014250717125296575e-02 -4.3197383791389015739170532e-02 
4.5069605151134811693580673e-02 8.2077405476396650407799882e-02 -4.3495112822453029590724734e-15 1.1351479922629219385181130e-15 -7.6405137887550822473059497e-01 1.0073913045013602185484558e-01 1.2874838916290522183860645e-02 1.1215339727802729058447895e-02 7.8591719220405148674035248e-15 9.3337692582957207833695186e-15 
-9.6597544252611855508661165e-02 1.9836955160903169126385137e-02 2.5770187431655738885538653e-02 -4.0535512051087442542129935e-02 -1.9558739948707281469664210e-02 -2.7258600866045909483226239e-02 -5.0079011775204221979620242e-15 -4.5884136280422216530742834e-15 2.6005096540287854067000888e-16 -3.6079423460271958832596315e-15 
-1.6146746602517848562935443e-03 7.2979947410963807996608921e-03 -1.4051344243357638541525034e-01 0.0000000000000000000000000e+00 