115 (index of k points)
0.01894084922890099803582942 0.03275942283255162124078197 0
18 (number of bands)
52 (number of orbitals)
1 (band)
-1.5398949473225447270863242e+00 (Ry)
0.0000000000000000000000000e+00 (Occupations)
1.9654628660208411927712291e-01 2.6077701242638368084314493e-01 -1.8725766305838220660007210e-02 -2.4845308439700869440613928e-02 -2.9046641792539199940582722e-15 2.6378169136528019822963364e-16 4.5697328808428222535198415e-03 -3.7050814682537420302610442e-03 8.1930493235411044894433985e-03 -6.0242044498316771328205732e-03 
1.8876449357020470988507709e-15 -1.7119508726888850341998474e-16 6.9089685080531842986673041e-03 -4.8305387556616934813247255e-03 1.1531651549548035950998326e-02 -8.9091389666952937320676398e-03 5.9562743261129535987663530e-03 7.9027671208636851574169668e-03 1.2826822223525097957449991e-15 -1.6068022577144686358356754e-16 
-4.4349607105508018703021139e-16 -4.1591939313773435742727758e-16 -3.4341171804524277255676878e-03 2.2863048030491812598330448e-03 -1.6413111775748084886217271e-03 1.7615893615265283689286235e-03 1.1278474383727964125423426e-01 3.0645504489999131347843786e-01 -1.0745457047698681735115045e-02 -2.9197240075747494386648739e-02 
-1.3383503074517259411523679e-15 9.6588776223595643319373469e-16 5.4455807398811999220367142e-03 -2.2261486235641350650560355e-03 9.5845524988632663232479558e-03 -3.3990366087732239164242998e-03 1.0913034910358194974148493e-15 7.1915987242906392215652271e-18 8.0102695572744249397079130e-03 -2.6274573516957147947814555e-03 
1.3614499311749600485299538e-02 -5.1958784703442541241802388e-03 3.4179065635327587208136535e-03 9.2870257207287691680885899e-03 -7.3431248390603672753877743e-16 1.3846394922427241050465673e-16 -2.8231197288109913322645312e-16 1.1427116977764968068750084e-15 -3.9483621192111656439394096e-03 1.1961551057930262104145314e-03 
-2.0804145304158688269124955e-03 1.2120127234948566315175800e-03 1.1320718216483226237212278e-01 3.0760297623851906578806847e-01 -1.0475953380360766842294140e-02 -2.8464896356393418197505696e-02 4.8213835335714163048926381e-16 3.8796048809769767986312128e-16 6.0861516874334865845330711e-03 -6.9090997796066315646268396e-04 
9.3677487599470726786776709e-03 -4.3432081548173042534477517e-03 -3.1767039038285108051832093e-16 7.5472209750888134801435942e-17 7.4641899542140909690202122e-03 -4.0025453897247756027133470e-03 1.3848914374893092626983560e-02 -4.3709276547544487212526576e-03 3.4185116083805676574780552e-03 9.2886706487090905243197980e-03 
3.6170746894971771665214261e-16 -4.7123461257491627141382337e-16 9.8911799351480995025797721e-16 8.6311697210223627869971421e-16 3.8550142143176403808357833e-03 -1.5057072684844143971999442e-03 2.2844781451318535263339538e-03 -6.8972461649464554718502729e-04 1.9468401788982427763619043e-02 3.2719480193956151925505083e-01 
-1.8015742834060683753849563e-03 -3.0277883907395615470381500e-02 -1.0924424006040383089319081e-15 -6.1817450785702268988889577e-16 6.0260866278100677639883997e-03 1.0976697655856191074286166e-03 1.0223253793328055880063054e-02 -1.4502605913327456643030500e-03 -4.5940131842353974513907788e-15 -2.9452305242482903413456289e-15 
8.3024774627467757409648996e-03 -1.6743265063865080989613521e-03 1.4521172825093294628251428e-02 -1.8159765911968816674490479e-04 5.8788664670863524045613113e-04 9.8802840711911862209282376e-03 1.1691043597796169241590006e-15 2.2006406666922633079900083e-15 -2.8271608116395639934415435e-15 4.9773127443570932647319910e-16 
4.1256775481001957753268705e-03 -3.2722124020547165967193193e-04 2.3863278153214641415236219e-03 0.0000000000000000000000000e+00 
2 (band)
-1.1567966425579452316441120e+00 (Ry)
0.0000000000000000000000000e+00 (Occupations)
-3.4709278311772734371132287e-01 2.0088947400387949238087515e-01 1.4660164224288868561885124e-02 -8.4849765797404379241708483e-03 1.8757934793128435997151038e-15 8.3253284189749725024181329e-16 8.7314173587886637073474105e-02 -2.7293552173039234420848231e-02 -2.7229551035615473519868601e-02 5.5958096339596613555400495e-02 
-1.1374013785880062803609561e-15 -9.1725124322136205965388380e-16 3.9326601745603352588975810e-02 -1.8374028118491932126676858e-02 -1.8348317359142551907780216e-02 1.8207706296598014095167173e-02 -8.7000695453113806310252443e-03 5.0354056561829584059974962e-03 -6.2816888473387522271384253e-16 -1.9546440442772659592757690e-16 
1.1990424380290552948892075e-15 6.0176367201356378271259125e-18 -5.6058989037207698769016417e-03 4.8109716489106169046152672e-03 1.1308269673013550404849781e-02 -5.6432036886601283365294535e-03 3.9034213438709947086024954e-01 -9.1994559513327606170562944e-02 -1.6486889076713473478719152e-02 3.8855799071340225286919079e-03 
2.4293881053738192580095205e-15 9.2576274404889740358879214e-17 -9.1476265216109159394974881e-02 8.9207716400997293798580401e-04 4.2241049252719639617303926e-02 -4.5699570606094669367180927e-02 -3.8621837684335192481746438e-16 -5.2170543025742482344485767e-16 -4.2958800986767617380301942e-02 6.2231769970443814865568299e-03 
2.2827808023604609366508100e-02 -1.2127345106520637241231952e-02 9.7841385506928467419296425e-03 -2.3058952787111536286701607e-03 9.9179486907927724770732207e-16 -8.5211073203288836262864250e-16 -2.3162560012682372052026033e-16 -1.1812893383665377047193987e-15 6.7571601023716267031549165e-03 -2.9853539281419205764223079e-03 
-1.2456692343917330489944106e-02 2.1338994161394977261414496e-03 -3.8950065721211352132158368e-01 9.1796112562125400935464370e-02 1.6913758807177974724522684e-02 -3.9861695501256649842858337e-03 -3.9757595575709720609770386e-16 -1.2459213092712352088761975e-15 -8.2100497395485846907625671e-02 3.9988725562234712918030510e-02 
5.8103680081783251609728325e-02 2.2003675353709672979363177e-02 4.6982937170258537619967745e-16 7.7185827776132244936124929e-17 -4.1343205620684206347270617e-02 1.3665837442573325333228240e-02 2.5924801518755393597848169e-02 6.7382911665758715713536731e-04 -9.7498782312323301751932902e-03 2.2978147745850744862461390e-03 
1.0803427685498066395602907e-15 -1.2230627178174278684675393e-15 1.1242131134924945122519271e-15 1.8630911899669840019639912e-17 -7.3598253039191662699947116e-03 3.4602612775571500725035889e-04 1.2067319862783944944828463e-02 -3.6433386689249569641291249e-03 3.9940856881782593745811027e-01 2.4699866499983184203736997e-02 
-1.7344000830673927254776956e-02 -1.0725762698172898196996572e-03 1.1328167986218601166955007e-15 -1.6281896221668023168290437e-15 9.0154420120137024330375652e-02 -1.4552332372580511002380099e-02 -4.9264023994909152126542295e-02 -3.7858358495152663603100507e-02 1.0577954670068692222124114e-15 1.5076500548544338087435929e-15 
4.3528518383894217180785091e-02 -1.1330716231634594542976302e-03 -2.4623559923367014518058582e-02 -8.1381617190535351230584737e-03 9.9978900626882596935907088e-03 6.1828193944109938705311347e-04 -7.2517268345557740632408912e-16 -4.3707378577031518895170538e-15 2.3175993478765317414159623e-15 -1.8450851582848584764715110e-15 
7.1457168154242609731108260e-03 1.7959659738262913689088585e-03 -1.2605321309958200659551153e-02 0.0000000000000000000000000e+00 
3 (band)
-1.0860729344558768261208570e+00 (Ry)
0.0000000000000000000000000e+00 (Occupations)
-1.7930997593461739381126563e-01 2.1415319992491710365811741e-01 8.9552554255378571945733768e-03 -1.0695424975477985096716793e-02 -1.1007663724146474191201487e-15 -1.4575489213565441313455227e-15 -1.3273414678810990796620217e-01 1.6790637933269708659267394e-01 8.7398804165996366033475340e-02 -8.8159141738208421368305778e-02 
6.2491846952516922385082677e-16 7.6871431555379547553498528e-16 -2.9156738760931485976435340e-02 3.3947816926739537990442841e-02 1.5864408730849738349277800e-02 -2.0459764470897132127014117e-02 -7.9317847733667776188859477e-03 9.4730732276236545574832348e-03 1.5870339950245782877084732e-15 -7.0504852541901723315358708e-16 
-1.1373292243875677626100723e-16 -9.7788797192729878677626760e-16 -4.2163492580162154760303750e-03 6.6188916479496210515387489e-04 2.3449941099295650015488235e-03 -5.3186199787720071438523739e-03 2.3355402025543572919197288e-01 -1.5318674919941871470641104e-01 -1.1664358523764298963820707e-02 7.6505852960128128970040962e-03 
-1.8775897157916225676921645e-15 -4.5550804752285994337629457e-16 1.7559926924191951447262738e-01 -1.2237566173829458882060806e-01 -1.0914937444103825492369708e-01 5.9135431855987519167427990e-02 1.5412429484741158520405689e-15 -5.8275839137609174493275438e-16 3.7724313028263449509847050e-02 -2.4071682446615106504284043e-02 
-2.1100830284503581391053473e-02 1.5001212880580438308042446e-02 1.0331271591139414706139732e-02 -6.7762196966348270735225334e-03 -1.6200804005977035547453273e-15 1.6533617164164748906399808e-16 -1.6065989893198611858995845e-16 2.7402129244782974656208796e-16 4.2277003677980385873413915e-03 5.8501959980183926290919771e-04 
-3.7821588726329761695477139e-03 4.4138407443362441540113394e-03 2.3197799937234836464838850e-01 -1.5215282773589433595873288e-01 -1.2214089018580450568540741e-02 8.0111410964266438483605270e-03 -7.2522355666129415843126048e-16 -6.7445413033667024454237019e-16 -1.8083995291935586746667752e-01 1.1186074339209974015663107e-01 
9.7413152352608195494454435e-02 -7.5569140199012063696670793e-02 1.2253805906534904974521191e-15 -1.4776263997939088745268672e-15 -3.8029724231222410135710987e-02 2.5339042955967262804595208e-02 2.2406684438898157030184422e-02 -1.4012248838021879038251427e-02 1.0299304370592489432656436e-02 -6.7552476815539970814161741e-03 
1.1156963248073647387830241e-15 -2.4383121848828710919097609e-15 1.6577265529385895537600288e-15 -1.7493859197632631961406959e-15 1.1142667370933083056949719e-03 -4.1521075346646479919954231e-03 -5.5642233164907382164665606e-03 1.6799380642940099639393026e-03 -2.6605406700602507452657619e-01 7.8609850593846952726551081e-02 
1.4008260068630245392951039e-02 -4.1389614724160949874032234e-03 2.2837227532107177820531262e-15 -2.7561283284653921838921817e-15 2.0545292453103769503286458e-01 -5.4817974112074729919896754e-02 -1.1509739444719294110264229e-01 4.4188312857124406596298627e-02 -3.9403551508861685564056832e-15 -2.1283977529265134688554195e-15 
4.3730385610343425195623013e-02 -1.3265760339979941473398384e-02 -2.5500341349088264525368785e-02 6.9379547507145275173079391e-03 -1.1812206261086937233995009e-02 3.4901038670460339703727204e-03 -8.3954865748738340231471812e-16 1.8372970158821041079407437e-15 -1.8261441290187850014722703e-15 -9.1125028043979953457326617e-16 
-2.2668003746159509116664399e-03 3.6528349815517805951325947e-03 5.8122949869805953099222151e-03 0.0000000000000000000000000e+00 
4 (band)
-6.6612507875279547420177551e-01 (Ry)
0.0000000000000000000000000e+00 (Occupations)
4.6230842782383583000779879e-14 -1.7287870358659176033909202e-15 -7.9786288422257570931410291e-15 -6.0936058377961245683021597e-16 -3.4542824257194248982472118e-01 -3.7607814249684207164037275e-02 -2.7306581253969896202853811e-14 9.8859328641796762129656891e-14 8.3717017059559499519352922e-15 1.6911542879622594341215081e-13 
-2.4921672145619362670476704e-02 -2.7132981531029221056172673e-03 -1.1429377470067446045879364e-15 1.3293286397183743849958725e-14 -5.9304610391801766404941486e-16 2.3434370551583980344867917e-14 2.0961042233944332828146625e-16 -2.7083384738624014622482643e-16 1.0521353128909692598025316e-03 -4.5345636070854636323623765e-03 
5.4609028378080001764338647e-04 -7.9814871504383204381394279e-03 -2.0999178592635640323824550e-15 4.7515675715823544571087773e-15 3.5396325826712185314618381e-15 3.5177329853846216821263342e-15 -8.0675902004627239690713866e-14 -2.4779334564636687193479337e-14 -1.5073268894883871676881454e-14 -4.4541923409365012313936213e-15 
-3.1981533748459611832259952e-01 -1.3584243949734681189411845e-01 4.7150192733510085296355943e-14 -8.4861474501354682800156511e-14 4.4091319970952601948699311e-14 -1.6531177522909517218633122e-13 -2.3073773215552945831108289e-02 -9.8006489070158568643886809e-03 2.7112026113990368092470425e-15 -1.2749007239233294811766467e-14 
8.5111873793705306480981195e-15 -2.2473399099452424488211045e-14 7.3381418555232966214949221e-17 -2.6942396894058152050716872e-16 2.3178627166693293107369023e-03 -4.0369255938158543628446751e-03 2.8296864492381584854641119e-03 -7.4829958124836698507564847e-03 3.2734012717364371435575748e-15 -3.0529515605846616508755146e-15 
-4.3595489458223943989766356e-15 -3.5796113493807358621847601e-15 -4.7013592096918292795751607e-14 -1.6026772778008674662364712e-14 5.7678100852534414106662817e-15 1.0580652826755845765311918e-15 -3.1984796709312507401179460e-01 -1.3585630861145200909412267e-01 1.7179144349126358767134588e-14 -1.0239181576809211715679986e-13 
6.7148991181053405356050618e-14 -1.5568628308280771120272770e-13 -2.3041184369227144662639617e-02 -9.7868061934881893371152017e-03 3.1372207877561419347313842e-15 -1.3152816540556488162394949e-14 4.8253954154430967747331059e-15 -2.1784703469943517689552340e-14 -2.9781492450594282685088685e-16 -3.6167713514002962954614528e-17 
1.2967221315467658201980861e-03 -4.4715791572200735970454843e-03 3.4208504174611164758146309e-03 -7.2334906789396427595484340e-03 7.1815772206323121916502308e-16 4.6950897758205995173206041e-15 -5.1835045543644059789834647e-15 7.8207903207082264670355948e-16 7.6534853054202172344494067e-14 5.1484372384029391461937207e-14 
1.2197089130211976113772814e-14 7.6753179558635374579054870e-15 -2.6692990214656259206904565e-01 -2.2250412576661471319994234e-01 -3.9401574904570425116749340e-14 9.1435801576141247226093666e-14 -1.0918467198148158464252894e-13 1.3493045530837235350284417e-13 -1.9229076862911906320441346e-02 -1.6028735308996691633076637e-02 
-5.7729022981204584004464837e-15 1.1552483747202564767117664e-14 -1.3710733534070635466459197e-14 1.6039815613955364737183489e-14 5.8231833696463468283295561e-16 9.7828816465802475673406440e-16 2.5338059382880480374655718e-03 -3.9059359842196681410209091e-03 5.3655556117168127713834558e-03 -5.9360271190851496975193768e-03 
1.0628757063133571771927665e-15 -5.6780197935372412089218915e-15 4.9162552861542880967642057e-15 0.0000000000000000000000000e+00 
5 (band)
-6.4306436957482093763616149e-01 (Ry)
0.0000000000000000000000000e+00 (Occupations)
-1.2472388085276965574710317e-01 3.5910910535731088710775794e-03 -1.0061061733089293745990744e-03 2.8968634258066949804799606e-05 -1.6560545406258634227341993e-13 -7.5560243138532187758635876e-15 3.1680726658042113186297684e-02 -2.0903043084099387494134703e-01 -3.2133992432515301462814250e-02 -3.5902876990939286416804066e-01 
-1.2739045002758183827137329e-14 -1.1724995116725642998124198e-15 2.2772162379344068616759955e-03 -2.7697553730058915855138935e-02 -3.1511085151149087479893751e-03 -4.7700584387754763060485175e-02 -3.5369027175391476447430250e-04 1.0182469267566718329476316e-05 -8.3910426092866420505375652e-16 -2.1202670205324832622574968e-15 
-8.6066305838094750658848284e-16 -2.4775963964067162176215643e-15 5.0853516553689224327650109e-03 -1.0260636096037776751610515e-02 -9.5063833557813975927430761e-03 -5.5489726806808425257910855e-03 1.2043854244938279052234975e-01 3.2611345918243939134839593e-02 9.7153791271520351102708446e-04 2.6306443676900326256173912e-04 
-1.5318953370248162420111944e-13 -5.3959336813012592629236409e-14 -9.0745018362180351889634267e-02 1.9095216966977640593583487e-01 -7.3008233022136451162431570e-02 3.5299298718714222644621259e-01 -1.2843009404156930663916960e-14 -4.4462518906080860073768998e-15 -1.0185497229474170521879017e-02 2.5857220318746938769738364e-02 
-1.0770367999166946537670242e-02 4.6575470034873958646848280e-02 3.4153765062898758242404540e-04 9.2479858435481898659702438e-05 1.8069048173126303060032698e-15 -1.6908707623109726196709822e-15 1.4912654862395705651090708e-15 -3.9405963300346862598069834e-15 -7.8339563798794434323902180e-03 8.3528786650041778050201913e-03 
7.4968165926465411136314643e-03 8.0597868020302419062028676e-03 1.2034759501074719645341560e-01 3.2586834633904340763344010e-02 9.4944254303497288560720335e-04 2.5708335385684483176405024e-04 -1.5760885480109598764688398e-13 -5.8337716296198136872285021e-14 -1.7919214110969972075793066e-02 2.1073011092084825701675754e-01 
-1.1514886530762935556992943e-01 3.4168406841041637500566708e-01 -1.0799499645125466480692043e-14 -3.8904963972766220721423368e-15 -4.2962356980748295232075407e-03 2.7412575786577506042895891e-02 -1.4152544061050160995041125e-02 4.5591711171505976130102766e-02 3.4060984834500618659292037e-04 9.2226883823646587517997020e-05 
-1.8382165608617350352638165e-15 -3.0960092224774671097269975e-16 -2.6178980155929186660124021e-15 -2.8854255101164232973682253e-15 -2.5461454488346310122415250e-03 -1.1174948464706173367755326e-02 1.0540496774586537165330213e-02 -3.1823636006343535703733139e-03 -1.0579246781583559466888289e-01 -6.5980293798693273599198506e-02 
-8.3461459451707187273683530e-04 -5.2052999142082612138437980e-04 -1.3229156957180025967215931e-13 -9.5714737187477933444190118e-14 7.8062115672878462646622211e-02 -1.9655682124958209766596440e-01 2.0899181414903336695410019e-01 -2.9381913723551961181712500e-01 -5.6481938208386586214944525e-15 -3.4825045021861056049328504e-15 
1.2035976237498425753247311e-02 -2.5000844554505099320840245e-02 2.6725960573847070550490557e-02 -3.9555298789821190241777771e-02 -2.9941594691930086989326010e-04 -1.8673767059794988917333092e-04 2.0211581964407244981355094e-15 -1.8527323257395385685636643e-15 1.8002780648683774651528167e-15 -1.5607061355294745435184391e-15 
-7.9244075345790592531519669e-04 1.1433913043559113323355270e-02 -1.1010427346005359494629516e-02 0.0000000000000000000000000e+00 
6 (band)
-3.9001359192736995140649015e-01 (Ry)
0.0000000000000000000000000e+00 (Occupations)
1.0080876810814820565553873e-01 7.6320358694775880525895673e-02 -5.3516913942243480445393189e-03 -4.0516770432958426617631176e-03 -3.9013358240204831164408850e-16 -2.1735076665554764428885591e-15 -1.8652443492679818271007264e-01 1.3102884795303906817487416e-01 -1.9450498494612555866467574e-01 3.2360431072962630993927746e-01 
7.8042931681671951570285940e-16 4.8663461340559707338509605e-17 -2.7269554720251880375325726e-02 2.7420146895563608790968857e-02 -3.7614137313108884919099495e-02 5.4655044697946145171307819e-02 8.0922570483290417759497659e-04 6.1264211889396373231231330e-04 1.0288007468012667854203560e-15 1.1960630016965105621142412e-17 
-7.0590932087591643011532151e-16 9.1501680564689316763450779e-17 -3.1854450058910313559046301e-02 3.3345678607249643055077115e-02 -8.6222863708153730383232372e-03 2.6552780903164520387438330e-02 7.4447188818104262364450108e-02 1.0219990682904094014826768e-01 -3.9522150201648231782058929e-03 -5.4255584114892563274423765e-03 
1.0158100013721070233015933e-15 1.7322108936612539720910656e-16 -2.1643498169491012794729556e-01 7.1524978290008367487473606e-02 -2.7973534987783071903422183e-01 2.5357459084145639316432153e-01 6.8459699309323234493786294e-16 6.1190154821876771554805762e-16 -3.4030970751881398084215391e-02 1.8368072846643282436396305e-02 
-5.1805792812601066110733683e-02 4.1450658231226622518761360e-02 5.9761449265748403658626842e-04 8.2038620501243865457130511e-04 1.7965933277534964721934018e-16 -5.4673954682503795640024377e-16 1.1198887741344992502953153e-15 -6.0650024269788442698757576e-16 -4.0132847532076111607413083e-02 2.2715519349129284498722825e-02 
-1.5928880833729917865237979e-02 2.2927379949236957601410580e-02 -7.4448878592064449133403059e-02 -1.0220216428147685383542864e-01 3.9574584563571019169003762e-03 5.4327131709494339006916164e-03 2.5856505397589896023645460e-15 3.9723871057463850593706826e-15 1.3479451268499098581798989e-01 -1.8366226636954380291300026e-01 
3.2700685228870068899098555e-01 -1.8878932333934730913860278e-01 2.6814763563224545123624489e-16 -3.7367575228690989985862684e-16 2.7995639739786221111828013e-02 -2.6689873305514616452782661e-02 5.5335489099757308173455073e-02 -3.6668445973622211531139925e-02 -5.9666251239042769529546950e-04 -8.1909810339063056708330812e-04 
-8.9584863823491766103688836e-17 5.2778150997093766757046981e-16 -3.0812610491825123262592795e-16 -4.8585997470593195693013658e-16 -3.3887559339796910484743364e-02 3.1249829650095178878999036e-02 -2.6734179782646069756246732e-02 8.0715247537692311197154993e-03 -4.1731687855190061076093855e-02 -1.1935821771538210334107077e-01 
2.2183252910417672332243910e-03 6.3446735719542984854868450e-03 -1.7696341656565477928256322e-15 -4.9894794628790220967883647e-15 1.8212565002935826585783730e-01 -1.3686356834224061573834774e-01 3.6761615288873211726539125e-01 -8.6216322039262244247836975e-02 -3.5208907186458170875698461e-15 -2.4724846236967397121287929e-15 
3.4514993809974289784570090e-02 -1.7459106042437999573024854e-02 6.3572089451026131401434327e-02 -1.9109702427309423200529892e-02 -3.3445125988922660802138420e-04 -9.5659302288370170932324532e-04 2.4441977446589022334678869e-15 -1.0978044441295856671829633e-15 1.0139497146959827601290000e-15 -3.5148536451500906923555191e-16 
-4.1473415697148262315518963e-02 2.0121489049763418427430040e-02 -2.7926078860119381980231523e-02 0.0000000000000000000000000e+00 
7 (band)
-3.7037500172125342734474884e-01 (Ry)
0.0000000000000000000000000e+00 (Occupations)
1.1272694039223041251318591e-02 -9.8318177408264623151623596e-03 -6.6713706660434524131630951e-04 5.8187330126717277944958795e-04 -1.2286895089149720977965519e-14 -1.5837845979270130027275821e-15 3.2112212836797726644988416e-01 -2.2357429159083985759082225e-01 -1.2106899132168481847404706e-01 2.0333005321108127416707134e-01 
-2.6644704694869907365983531e-15 6.3374745816390529608331739e-16 5.2072532646805357037234074e-02 -4.1378291190424271173142756e-02 -2.5489835560582187190536985e-02 2.9218344943664750767986504e-02 -9.2563938166516281785822784e-04 8.0734190642930969694646137e-04 -2.2944287863062305112501204e-15 4.0435606938171472982654041e-16 
1.2467451835501299355985446e-15 -7.0750718591451702732922862e-16 -2.6879003842150452074921674e-02 9.6453711551830832032772278e-03 3.0881787149094303696061914e-02 -3.4878661644152084142511683e-02 1.3633277742144775390720213e-02 -6.1540238053270357454493933e-03 -8.0684320724390412582494037e-04 3.6421483124526865537973208e-04 
7.1129573437164041910065954e-15 4.2421044308502587737192982e-15 3.7203655382119904526661003e-01 -1.2121752269691113412797279e-01 -1.7467055658651750582599504e-01 1.5965903626235397605448441e-01 -1.4126350202792568826050191e-15 -1.4327912438391563984183594e-15 6.1809692645202446437124877e-02 -2.4561627250608772388140721e-02 
-3.2846947313233079701610961e-02 2.0603918325256043164728226e-02 -1.1194801097025061480116914e-03 5.0534493442541336682971576e-04 1.9129107836205216104009250e-16 8.0820698078353138435016488e-16 -1.3539564482962230129917116e-15 1.6640876306245279858854617e-16 -2.8519613409465113806895431e-02 1.4648150880516713767676151e-03 
3.9644779205776352337675661e-02 -2.4464204408375461730074107e-02 1.5531060684236446325923175e-02 -7.0110325773121984216373903e-03 4.8291744279962880298517902e-04 -2.1799166982718748419856070e-04 -1.4873542961594461590393909e-14 -3.6019258036115445609430591e-15 -3.3515689089751998785970954e-01 1.9755750146857956051071881e-01 
2.3381884133752334209432888e-01 -2.5530352151240359726003248e-02 1.6409575835838708101563450e-16 -5.1412512881561017646029423e-16 -6.0829218308172512685860767e-02 3.0784062423704555006009898e-02 3.8047954984044028703404905e-02 -1.1424076148764603089169611e-02 -1.1302415276059696921245878e-03 5.1020062537215004824786568e-04 
3.3696683269533883110196382e-16 5.2380503417288943069151805e-16 -1.0864779998005450211329418e-15 3.3235254349265967129488462e-17 -1.9677120554188569367948247e-02 2.0337850760882691253383925e-02 4.4114712504656462821461815e-02 -1.3319016961872076273976084e-02 1.6894598554563607095690969e-02 -2.2228278065539053970356420e-03 
5.2531280774046479331573778e-04 -6.9109179565970957348497450e-05 1.0187806364605115203544156e-14 4.0171403130749636142787469e-15 -3.7795262603505752618815450e-01 9.2254649616243536436321904e-02 2.3121841926292016622390690e-01 4.3140375971235225827093984e-02 6.8631131551123083854530321e-15 5.6775107863647302428894057e-15 
-6.7130569585267224619329340e-02 1.1888604899088538527363035e-02 3.9725970405164505450112955e-02 6.0577959437493455324696967e-05 -1.2294664548461596738360146e-03 1.6174926665270969125022538e-04 -5.6723871549651753208373908e-15 4.9731926090543117538126882e-16 -5.3801413432848066030611588e-16 1.1182284565734429413117944e-15 
-2.4715576712818664723014805e-02 1.3782507559547317599335514e-02 4.6081493814752690074687536e-02 0.0000000000000000000000000e+00 
8 (band)
-2.7323910301917703202789767e-01 (Ry)
0.0000000000000000000000000e+00 (Occupations)
1.0979464251710442487131452e-14 1.4286731482920422097626085e-15 6.9611993167981450458256400e-15 2.0736626208081262464174879e-15 4.6003145471971279567569013e-01 1.8342785120904429169153005e-03 6.0793869440887600702305121e-15 -8.5423261266862067676351482e-15 -6.5299222680526615527514808e-16 -6.9005086104989585062342696e-16 
4.1827810185598914699545148e-03 1.6677126581828016771424927e-05 4.2781925541750121633461026e-15 -8.9545533709703329477958317e-16 -3.2617654419964059697132086e-15 1.3306600384304726837453736e-15 8.9649789881150517430528427e-16 -8.2350430412154646993452328e-16 3.4484218157758525502565305e-02 5.8334474991338577942734389e-03 
-1.9990510488290390289645160e-02 9.7717899058901158682033383e-03 3.6516804763496663831701887e-16 -1.1125329989032681872394292e-16 5.9569073672784981893234038e-17 -1.1554489363168503062313881e-15 -2.2103470503885968385845495e-14 -2.8865735882794667849096481e-16 -1.3399691954385981693228637e-14 9.3019157835007251429998869e-16 
-4.3986691627072183052860055e-01 -1.3471970857924658870885537e-01 1.6194529707517314453472229e-14 5.1036409014404356307725130e-16 -6.2793693205451449304683970e-15 6.0339090594103048163943998e-15 -3.9994376031451048247866709e-03 -1.2249220523414955374974511e-03 -2.6918060446585878770399056e-16 -1.9182770478555556061449928e-15 
1.0885709277823935543954410e-15 7.1904292230961020662226421e-18 2.1610825198205463160877055e-18 7.5328095412367523723136963e-16 -3.1326362586971127910384638e-02 -1.5551508568194054651923075e-02 2.1961663451818283498973017e-02 -3.5768318350713479425451169e-03 -1.6295280763202632747693664e-15 4.4713751263924090999808739e-16 
1.6787214567253785519857705e-15 4.4658449215533003624001746e-17 -1.3274150172454448134812039e-14 -1.0040199390626246145562356e-14 -6.2672866099718746853413843e-15 -5.4503656523019965511292520e-15 4.3984326967904485705673778e-01 1.3471252197071528766691983e-01 -1.0429542556726167087676992e-14 5.7341306711184744351690769e-15 
9.7274158117219569108247418e-15 1.2481517045242577753675490e-15 4.0194001864081556341101731e-03 1.2310383482447423419969823e-03 -2.0838274260368214346549441e-15 2.0621586417003291501723578e-15 -1.2967783163529262803053690e-15 2.2004734000928870091548766e-15 -2.2995041010935300746658497e-15 -5.6779136037265784645007810e-16 
-3.4656999899346889459916810e-02 -4.6580536625206274414789931e-03 1.6188998643327200122055132e-02 1.5260373177806818567603386e-02 -1.0127865819816080034596646e-15 -1.1492780095810053793371808e-16 2.0976582399381369088251062e-15 -1.7225461581555876447924253e-16 2.7491786902346730186695373e-14 8.2511509641339804152632879e-15 
1.0079470692744292817272685e-14 4.0052019608190278564210447e-15 -3.8213433563340004628372526e-01 -2.5609161444234651572315897e-01 -6.7210904008602800806518935e-15 5.2660581050523493701158973e-15 2.5374278862443400036109395e-15 -1.2863307806679403581723300e-15 -3.4920409410017431810213662e-03 -2.3402314714003873835634906e-03 
-3.9565928054139683222287025e-15 -8.3743239620142248220526959e-16 2.5283614894289345743222314e-15 -7.3082738054597385063406986e-16 -1.6663088922603364691428292e-16 1.0804741740364452759514470e-15 3.1831496109694747131957371e-02 1.4476220548362379522688848e-02 -1.1087310965718685101810692e-02 -1.9288188151017113258767210e-02 
-7.1053534760636029586823721e-16 -1.5268299306111486526724041e-17 1.6502385697119563457847649e-15 0.0000000000000000000000000e+00 
9 (band)
1.7581364708129671586833709e-02 (Ry)
0.0000000000000000000000000e+00 (Occupations)
7.5703663933526271426325001e-15 4.3550075719095602750075379e-15 2.3911554854561580412369010e-15 4.5817179558374557256648788e-15 -3.6424401549287738211191368e-01 -3.7522337663845450883570720e-01 -5.7835493630346555985915689e-15 -4.7522902505870526471331290e-15 6.9535625029773153514663818e-15 -4.9076304159597182752080872e-15 
1.5709295716565426642707948e-02 1.6182820061997921223806429e-02 3.2106919694748901577583559e-15 3.5486964841073637525503648e-15 -2.5390394421468597480585731e-15 -2.7044070914388892239844815e-15 8.9010468433436740425552230e-16 4.3645862253776745327153226e-16 4.3334685307153827937831636e-02 5.1462773797758612492891928e-02 
-3.2923334780482954586844357e-02 -2.2116921142997618410230842e-02 3.1342917231575763865119267e-16 1.5825467891075563672525008e-15 9.1080931723533305206478745e-17 -1.6418478341043719392975483e-15 -2.0871143025520186334257592e-14 -1.2305317774250056513329592e-14 -8.0584371079454920163764183e-15 -5.1455408120173818401509160e-15 
2.4024641109894412371872363e-01 4.6448675670295652695429567e-01 4.8984148669016815095930031e-15 1.0859824552054481528368624e-14 -2.8076015919065105708449836e-15 -3.7560498671938032347545820e-15 -1.0361465520407432683303028e-02 -2.0032615139797545211752805e-02 -2.7849737660495069415740437e-15 -6.1992625653376790221154509e-15 
2.7560055582825003206022208e-15 5.4298351881619485406941468e-16 -8.6447268216627972419130338e-16 -1.5243246806566632323189659e-15 -2.6610761179253816788303766e-02 -6.1791418717245930047887725e-02 2.5125656849191907449281302e-02 3.0688850447841760360478958e-02 -1.1235970841704509191699488e-15 -2.1516718038338129071162646e-16 
5.7789101026421281273962521e-16 2.0486657947468223750283910e-15 -9.8200580067436232337664611e-15 -2.1455153430023294410656883e-14 -2.1063411036096358338608979e-15 -1.1337295491079379314362870e-14 2.4025251472551437115221518e-01 4.6449871012131055403315827e-01 -6.0720315366516419244552787e-15 3.5405792815223202747086093e-15 
2.5545799008944536910591542e-15 2.5620228596954196654116224e-15 -1.0372262533932585792939562e-02 -2.0053493356654183976672812e-02 -1.3303249396314825317258312e-16 -1.2395340158182360292615323e-15 -1.1184401569420584602501945e-15 4.3838061701327530957765863e-18 -9.6855291189832908105715821e-16 -1.8598969292331055868198794e-15 
3.5054328228421957613925031e-02 5.7428812499607330421813600e-02 -1.0526360218304119803489627e-02 -3.8242734935309850852203084e-02 1.8504922487208839419948558e-15 -2.1334444304823705005973521e-15 -8.1134327342462701102174476e-16 9.1121865895080147544996237e-16 2.0671937867876940217310204e-14 3.2513154796327838396530110e-14 
4.8548224745493030747280591e-15 1.2321586445627570956874496e-14 -9.5743519828169448837584810e-02 -5.1411428782637469403482555e-01 -1.7697180167063016545956655e-15 1.0145506867146970182343900e-15 2.7932713301256668092197637e-16 -6.0607461774369142232884529e-16 4.1334719380193866641870493e-03 2.2195513862399787047285926e-02 
-2.2701589035053326146420519e-15 -2.1925162804297472202085818e-15 1.2949525075791405094026365e-15 -2.1852065867367452108352404e-15 -5.9265252624878773270704876e-16 2.7473942106947792740504546e-15 -1.6959439014717091892547884e-02 -6.5109537404031192497910752e-02 -9.7627652223286306206601060e-04 3.9652968601733534770303891e-02 
8.6093762473275037000041740e-16 -1.5222976707175373590422401e-15 4.7459743868259610386142900e-16 0.0000000000000000000000000e+00 
10 (band)
5.1143765367271398769588586e-01 (Ry)
0.0000000000000000000000000e+00 (Occupations)
-5.2957131154037395681655198e-01 3.8123400546056890325630206e-01 -6.8318744499289291161048254e-03 4.9182166405473126680192308e-03 -1.0848571018985954906850796e-14 2.9212361199594032683068299e-15 2.3471199236052453507284099e-01 -6.4793476910837394244779830e-02 -2.1714525120948457992398062e-02 1.9580728717612166933648155e-01 
6.4829458238933749999228995e-16 -7.8188983907641644313601547e-16 -4.9379258219729438295075852e-03 2.4439422302279772969413330e-02 2.5707903930633269062866475e-02 1.7614490596715937087424209e-02 5.2929497549406193113163965e-02 -3.8103501038883755280828325e-02 8.4278385136007248055024325e-16 4.1631228347847569094037557e-16 
-4.3543275377898566309435800e-16 5.1071028895944386916440364e-16 6.0152963192411187942632012e-02 -3.3729331328595291150662661e-02 -9.3988842320286786202743201e-02 7.3173633818215677582230683e-02 6.1715769151963184580012012e-01 -2.1189979878298934035107948e-01 7.9618076089158079655661027e-03 -2.7336757345404263941368583e-03 
-9.7620699431443006610080260e-15 6.6429755659082239715230228e-15 -2.4342174165339044988876083e-01 -5.8111701496436629632569293e-03 7.7382270339898834299319219e-02 -1.8117394555930829702639073e-01 3.2370947734575645665025315e-15 -1.8809496120131249066618108e-15 1.1790942810413380936740424e-02 -2.1969117905244694988198262e-02 
-1.9519529804747939166764681e-02 -2.4293096955503634681861058e-02 -6.1683563373148633801612561e-02 2.1178916682485018907478036e-02 9.5789448000268321462711560e-17 -3.7623467130996067539795179e-16 1.8669789681517731561770951e-16 4.6091775717499681390183359e-16 -6.7334453741615118982366539e-02 1.4903627478518491344949837e-02 
1.1112685817387253639498823e-01 -4.2884782374137106475409098e-02 6.1665852805453713614269873e-01 -2.1172841636321715341750860e-01 7.8656575796698935398865160e-03 -2.7006516161837343381613152e-03 1.7005502392944589279338883e-14 9.0935894531599287072073148e-16 1.8892983209035241198847643e-01 -1.5424690789362677234564103e-01 
-1.7258677234163233293884332e-01 -9.5328105982528860140590155e-02 9.4867684114881423345740786e-16 -2.2774220063100753776667092e-15 -2.2936418866688769446771090e-02 -1.0057534053175665178514464e-02 5.5067470524287551181252809e-04 -3.1204885424233608226529668e-02 -6.1692474316154488622743202e-02 2.1181987161691749610437085e-02 
4.6245950469402778969790274e-16 -1.4324158918723566874843949e-16 -1.0482783705454340532702594e-15 -8.8030106878079262450966499e-16 -6.2291037881298645662031532e-02 2.9593835512467407677927866e-02 1.1403121561360438085408475e-01 -3.4428053787742191049758844e-02 -6.5153547687100366037071808e-01 2.4457818720487932429019651e-02 
-8.3105215514728408843225793e-03 3.1196130407148796315208727e-04 9.7685438739342978878862114e-15 -4.8596729734516330807553988e-15 -2.2544847288450531319625725e-01 9.3056843501687469544236819e-02 1.3766782841139987847434156e-01 1.4114251945458902715024863e-01 3.9541266963559485797179014e-15 4.7230247245696447379564515e-15 
1.9050533844904640745632207e-02 1.6257627806146132676268223e-02 -9.5463757388597296482668497e-03 2.9713882735564679099526941e-02 6.5181676325986800946132860e-02 -2.4468425987352409277375553e-03 -1.6046340355776012112003769e-17 -8.9958329673714380965011219e-16 9.9325686337565657330125604e-16 1.6993606909748279033448105e-15 
6.8185984541613675613547230e-02 -1.0326665132468795110787241e-02 -1.1911510828577041853915119e-01 0.0000000000000000000000000e+00 
11 (band)
5.1372009984960775863527260e-01 (Ry)
0.0000000000000000000000000e+00 (Occupations)
6.5859593006405967030580939e-02 6.7148109618747231497337680e-02 2.4786600269525352335797663e-02 2.5271734292577674452218162e-02 -1.3277739955516077818859316e-15 -2.1968792592540113667756212e-15 -2.5556736223543408126346321e-01 1.1125697837565245995605778e-01 -2.8119443485659767478779258e-01 3.5639732692305015060441065e-01 
4.5750371090557934645201043e-17 -9.6590651112867959046706779e-17 -1.8904715179471141828226877e-02 2.0376521682356138476244212e-03 -1.3656760533086592657170399e-02 2.2936939185519405332014387e-02 -3.0743537201008995507489630e-02 -3.1345190590542755526559660e-02 7.7437836988513768155761719e-16 2.5845523490865723679940460e-16 
1.9145955945934731489400210e-16 -3.9380946101132942500847237e-16 1.0245884584149086982129973e-01 -8.8345705395295431872071390e-02 4.4941869955311457285329624e-02 -6.5177997751815139326758697e-02 4.3640733702395351212288688e-02 8.3317711071904276831645575e-02 1.6424360941975565952866134e-02 3.1357239590299297582465243e-02 
-9.7814495969428232927271684e-16 2.7026773000770847876888799e-15 -2.7681642318237464905905654e-01 3.2641380696355470902858542e-02 -3.7220307490488419022156563e-01 2.5991197714530112072850443e-01 -8.1287963104653923827069338e-16 -7.4816972630727745180488837e-16 -1.8686798704428898149076943e-02 -3.5133796486557233862413341e-03 
-1.9703387880116215308268224e-02 1.8010741059268725594577631e-02 -2.0371630824811581828015505e-02 -3.8893221907230726697157763e-02 6.3263210154273445229884335e-16 -2.1919481648679256391472511e-16 4.4739897674427787854746097e-16 7.4462121905821627413152944e-16 1.2362056879981692114611747e-01 -5.4961201975346402059940942e-02 
6.1862242173762425900829243e-02 -4.9406538628486179609566875e-02 4.3363886324986514186896613e-02 8.2790524041286200906952786e-02 1.6308555159180532223572868e-02 3.1136043479491365415512405e-02 1.4980334382299203542133272e-15 1.9644114889121801714071097e-15 -1.8452435131600611328828165e-01 2.0890593383422662032700146e-01 
-4.2562270912749877727065950e-01 1.5803034356378323210812198e-01 9.7813649948622711348077936e-16 -1.9213334134907810756082009e-15 -7.5610583945441012243549039e-03 1.7626000015061843440022926e-02 -2.6039516306639309828341311e-02 5.7378862117276052678960241e-03 -2.0363273898444930742890335e-02 -3.8877378380432404958444437e-02 
6.6398024603296824128214976e-16 9.1495534256669861535173124e-16 5.0179854915333240678055999e-16 1.2307292610363316179941052e-15 -1.1564220934631749826415614e-01 7.0249724715658393159323225e-02 -7.5774578015532056962655361e-02 2.2877693915862501450320110e-02 1.7583999936799141194931906e-02 9.1790524862074063250361178e-02 
6.6131912348441970750378971e-03 3.4520832501961778993049279e-02 1.0946597063346204943071006e-15 -3.5198097403653869051725621e-15 -2.3702921672841115174890092e-01 1.4665631877569970664687560e-01 -4.5313271221137491062691538e-01 2.8267032669085416507481767e-02 2.7586386399961160861265771e-15 7.1640094881290878986745994e-16 
-1.2332823079947860533955861e-02 1.4688327183701634787160728e-02 -2.6586568229142636815565126e-02 -2.0332578437900362261503417e-03 -8.2573606040508857467630222e-03 -4.3103705982810429364615601e-02 1.0527225748839948537808112e-15 1.3047309589975096719188858e-15 -8.2771405281304710333120788e-17 9.9248680573853578449212996e-16 
-1.3101094591335132877318870e-01 3.3827155600412855962488834e-02 -7.9152861933968962637742095e-02 0.0000000000000000000000000e+00 
12 (band)
5.5415554580496406700262924e-01 (Ry)
0.0000000000000000000000000e+00 (Occupations)
8.0567572729504141615386459e-02 -6.0769099517522309761297095e-02 1.4031408365382455616376944e-03 -1.0582956408619649535385321e-03 -4.7605166638778052335462834e-15 9.6468311641220960232043983e-15 4.0346662228117963211460051e-01 -2.4348656665609730298527325e-01 -1.6578384847824345627032017e-01 2.3026179202369032039676711e-01 
8.1168580779395515916122119e-16 -1.2740805142383347720395297e-15 2.7466348456397463029254880e-02 -1.3953014336658173255578674e-02 -8.3762530251474676123990548e-03 1.8016534581892146293924384e-02 -6.1942833161676884648483288e-03 4.6720467672608442799564443e-03 -3.3698607568898194000206439e-16 1.0971271791653114592722432e-15 
8.7889487447043314227997285e-17 -5.1109639806336592272577098e-16 7.2271846205841233645728039e-02 -3.6148309823765177595245035e-02 -1.0512077453608292820774750e-01 8.9860769472692836323801657e-02 9.4693110274010144911116527e-02 -3.4888853496967686673713160e-02 1.6491351713650362342811206e-03 -6.0757473384853710740571842e-04 
-1.4065954808423561707456152e-15 1.2498452119635656507479547e-14 4.5662182400220885369890311e-01 -1.1647975481535444153280423e-01 -2.2526109003532857055773775e-01 1.7251729941750501562403031e-01 -3.1452862377033511477319908e-16 -1.0464489062826547728705607e-15 3.0326935709673083496618062e-02 -5.4188446248592259113507907e-03 
-1.3226101701724887055311441e-02 1.4826576370075950084270744e-02 -7.2802782642731817333570099e-03 2.6822966262439601470290995e-03 -8.0108110777732749325536907e-16 -4.5811003001441796898149431e-16 4.2658971613999763373339612e-16 6.2213064926507706008696409e-16 7.9635258439954698106433284e-02 -1.3716620222079695459727056e-02 
-1.2660678673293576657066239e-01 5.5642220322783535191302207e-02 -9.5696133358733323492906209e-02 3.5258719798389376309799559e-02 -7.4825755364502435917906098e-05 2.7606606447030945794551826e-05 4.1465546534296219424929770e-15 -7.7814527614084604176331227e-15 4.2366491277948414850840209e-01 -2.0789020114668252392498005e-01 
-2.8373070148948348334627667e-01 1.4957498903897720188282960e-02 -4.2097299251494296683332020e-16 -2.2037952774645778756409680e-15 2.5637149836283026904659721e-02 -1.5439224130921316846531965e-02 -1.9309874845802620091372859e-02 -3.2514147209540267269289870e-03 6.6154128928759044908636255e-03 -2.4374727937498162980145544e-03 
-5.3026917903986870091457584e-16 3.5159573719631272239439905e-16 -1.3726227249444546367943606e-15 -2.8573611832819744788348172e-16 -6.9719199433449105529625456e-02 4.1010526987213885563576810e-02 1.3260083483757814648562601e-01 -4.0034552376917123539534771e-02 -1.0180266544386809557387608e-01 6.0946345387269777738037391e-03 
-7.9611341589628376036458235e-05 4.8013200778249456868174150e-06 6.8113246343816233395032758e-15 -1.3953994259604926027441580e-14 4.6566955982636287769693695e-01 -7.6564711874237620370386992e-02 -2.7594412537228041326642369e-01 -6.7688089156725847472806379e-02 -1.3474917437342884670316682e-15 -5.5532765271643475906212567e-16 
2.9005370093198916403576249e-02 -7.3703188024350323181987932e-03 -1.7545957445646003652894862e-02 -8.6938105318684066880052796e-03 7.0375708881430017876956740e-03 -4.2137555441240323074458818e-04 8.5829263482229350946189708e-16 -5.1013980642369166811444480e-16 -3.5591704270961025566501455e-15 4.2503348023699949393740576e-16 
-7.8596895278164463638503889e-02 1.9109111597443391439288263e-02 1.3851262319241033904582139e-01 0.0000000000000000000000000e+00 
13 (band)
5.6639045708147950364264034e-01 (Ry)
0.0000000000000000000000000e+00 (Occupations)
-1.3425056057120832164741842e-01 -1.2901642038382060695411724e-01 2.0140601666908317102233639e-01 1.9355374905605654545226457e-01 -3.9668224564003326192028545e-15 5.4226189880813068000011557e-16 1.4279731150418029095305883e-02 4.7493877170760034900354185e-03 2.0900271247263901841506595e-03 -1.3511903559877608271833083e-02 
-1.2907337725388347180223635e-15 -8.9028718037007026199802328e-16 1.3177534131357415692065160e-02 -8.8052127377440392308471928e-03 1.7133902476446749574279238e-02 -2.0666093666836637954276057e-02 -9.4628752530518653318658551e-02 -9.0939446608178153841350877e-02 4.6748695395028812142116202e-17 2.4612761159810287433552428e-16 
3.4227245321292721579148487e-16 -1.2848730317334606609804135e-16 -2.0088926188226788327462202e-02 1.7478294083607799624946466e-02 -7.6069044611651245868522153e-03 1.3865943258882148722554994e-02 -9.1230831375304022312633379e-02 -1.6231261549523892662172386e-01 1.3686671878971945481850980e-01 2.4350552070106992741393981e-01 
-2.7216769748878198716223502e-15 4.9162989251133857695034315e-16 1.2297540983822569451988649e-02 8.6739778168218178988624345e-03 5.9061934825662132375612146e-03 -1.2331124431292153631467556e-02 -1.8438620907387449338076568e-15 -2.6588911248422501988579166e-15 1.5160096813270705629062007e-02 -4.6206754649237100768255360e-03 
2.2375777097428273254564601e-02 -1.4831811784302720291783828e-02 -6.4305558161656728444199871e-02 -1.1440882371740930534276259e-01 6.1537845321289274736213158e-16 -7.8686566885121435026322260e-17 -1.9059963667333909595952918e-16 -4.6051271251185063079826333e-16 -2.4283303470658476608257104e-02 1.0925973275679654733716362e-02 
-1.1289936452660005380965735e-02 1.1075500568139671001000046e-02 -9.1344856363797327647446878e-02 -1.6251573589794873764269312e-01 1.3671932684273810365560564e-01 2.4324330140279262768565616e-01 2.4573988135209700839895476e-15 -2.9285110902820620812931159e-15 -2.9053406424465605395468515e-03 -1.7690396454428089501043075e-02 
1.4022162598210208273030730e-02 3.2909305792884896435523956e-03 8.3357167249482235963277325e-17 -2.5146763833095980186333334e-15 1.1917187249952596039825892e-02 -1.0336577957867746496711803e-02 2.4197833718482095188839764e-02 -1.1497232219662464891563047e-02 -6.4314313625320349010472398e-02 -1.1442437606038886876991256e-01 
-2.2866181707318623550072715e-16 -6.8698375440407779469705547e-16 2.7387603364378559774845518e-16 -6.1099595533823112125395524e-16 2.2231918843012919706492170e-02 -1.4745490764207511494299219e-02 1.5021024952473871483249468e-02 -4.5351148124443243017656080e-03 -4.0473996823316871207509848e-02 -1.8198105060615901718001908e-01 
6.0579028784838832855097479e-02 2.7237778778958099401563686e-01 2.3859733253302710036762287e-15 -4.9648994315720948455678393e-15 2.3317478313778410362044902e-03 -1.7775097271595357434348372e-02 1.2472506074095134065427004e-02 7.2033228610189747181946629e-03 6.4255429627157246052879532e-16 -1.0658282648435615089966307e-15 
1.4396155411350555070049140e-02 -6.4509615718711561804799004e-03 2.6488123704957421133965312e-02 -4.0125812105014308298067682e-03 -2.8497063380687422118331398e-02 -1.2812956783109175074031327e-01 -1.3975273500791964929580370e-16 1.4518136630540544840166816e-16 -1.8623566188293560749398551e-16 -1.8530096720152893167788886e-15 
2.5544965068146120029668467e-02 -7.6904143572857214250504398e-03 1.5690712443513509660730776e-02 0.0000000000000000000000000e+00 
14 (band)
7.1168183078388003170999809e-01 (Ry)
0.0000000000000000000000000e+00 (Occupations)
3.6148521821880461776771696e-14 2.7004868963529145112191678e-14 9.1551634905794897394759840e-15 5.1588228055773309764185356e-15 -4.7914984902277052425390025e-01 -5.8021921015327182491461144e-01 4.3473236765733530352789770e-15 -4.0607282351067237496363971e-15 -5.6278777271423788500061993e-16 1.8110994703669353777982341e-15 
-8.9241823100247863465028786e-03 -1.0806652512285830000648978e-02 -3.1246796099298641461272965e-15 -5.8495456524511262777877731e-15 2.8366734845195590239033796e-15 -5.3348201433449541944695366e-16 -2.6041285509715534386141460e-15 -1.9738420918939167470263894e-16 -1.7959716100008737971194250e-02 8.7664770074747030981221485e-03 
-2.4190726995802262766499524e-02 2.3483428062086288135024148e-02 -5.2089746099755475541555045e-16 -3.4551497524564246961389739e-16 3.2259506084010300025785554e-15 4.2374208473073826306155522e-15 2.9733930821603046426547789e-14 1.4330278617279916948642789e-14 1.2571833971456003615648251e-14 7.4844664094073861605546300e-15 
-2.9099769179709256139432227e-01 -6.9394470458258328271483606e-01 4.6015456907027732886736868e-15 -9.5479135018117684919955139e-15 7.8189850223265588546581550e-15 1.3395494612033226097114887e-14 -5.4198275307117821375513245e-03 -1.2924791602223113101688412e-02 1.5143304158735074755748435e-15 4.5303490613863324366735173e-15 
-4.6998739211231648435871023e-15 -7.7494258440803129645207174e-15 -2.2779067325902527555744587e-16 3.6817926257569449125717426e-15 -1.9726976994928573788667947e-02 3.2013903474991975244001718e-03 -2.9945712023302040183381223e-02 1.5489254260616449471177347e-02 3.7749618317796826037553444e-15 2.9170766434988733043113302e-15 
-7.0737028335377473382146045e-16 8.5428967117735447341907700e-16 -2.1865958166363988195594904e-14 -1.4850262618777266740888696e-14 -1.3435869207544921772745612e-15 -1.1496251799455317050577593e-15 2.9100697506829092953140048e-01 6.9396673596311508891432140e-01 1.3554854488921086514390195e-17 -1.1666490949890895608726645e-14 
-7.1976605518405073449079821e-15 1.3011482447603209550327717e-14 5.4331712480538488230230598e-03 1.2956446117386279451300091e-02 1.0580815915636037024892818e-15 2.6625491428467678733181857e-15 1.5983309409718520907482959e-15 2.2515732333401765348659754e-16 1.7198523454576561779196080e-15 4.5186835167952553845742674e-15 
1.6110267344403329803359526e-02 -1.1822180595431767968772618e-02 3.2033506515829833494191092e-02 -1.0503541478655195259839239e-02 -2.5622176587088945070894021e-16 2.6232006478785755208327189e-15 -2.3403344840724154285084999e-15 -5.2573432174729264546661375e-15 -2.1158417744364968534378762e-14 -4.7392098788292775357717108e-14 
-4.9447907511543128416754725e-15 -1.6331074924707357488046172e-14 7.8008198457537314407517215e-02 7.4845815590125197580562144e-01 9.5585489812649195975838967e-15 1.0031132817539391817208185e-14 -1.2494818670783392531788549e-15 8.6219171353258342736164169e-15 1.4564558662833945734682572e-03 1.3973817735785688809446725e-02 
2.5041059573741460352435992e-16 -3.4971124246050032432956806e-15 -1.9414535157479771839867933e-15 -4.5202054251628123878716584e-15 4.0732813881534730876584387e-16 -2.2231365866048573379713225e-15 1.8839659140356280336847661e-02 -6.6612244681029057075116739e-03 3.3702157829759549212411684e-02 -7.9654310093541522488913564e-04 
-6.1785485423559199309808084e-16 1.3230781580001012119319601e-16 1.9733883362802977895408820e-15 0.0000000000000000000000000e+00 
15 (band)
8.5977638568405412300421631e-01 (Ry)
0.0000000000000000000000000e+00 (Occupations)
-6.7579579080752782971330817e-01 7.1001916742862025699878359e-01 2.5669296268304719887964893e-02 -2.6969247905365423267909364e-02 -2.8119451813862124423012825e-14 1.1437380852059675918146977e-14 8.1076579451398234077430516e-02 2.6010828148291587069707020e-02 8.1269403425336145252444453e-02 1.0693103591558378306913824e-01 
-1.7862100532705027304800541e-14 9.6961232137856043314138936e-15 1.1557803713535194645167792e-02 9.3320860632791491351412105e-03 1.8066914345848714140707614e-02 1.8160902019543512242449879e-02 7.4669467547425039111175238e-02 -7.8450870399265792975995737e-02 -1.1972515122922720218871919e-15 5.6354926190680617296367058e-16 
7.2208946049381200119687552e-16 9.4034516992401580109529092e-17 7.9819817102767219585413017e-03 -1.7627682681308487477878089e-03 -6.2150909339346869023068543e-03 1.0342878725279017193550146e-02 -8.5217060270283351286479956e-01 4.8438872084130113471189816e-01 3.2368687989373583213659202e-02 -1.8398944027790319066806290e-02 
-2.9602129791804123024584864e-14 2.8080296593156608543942592e-15 7.0098233903721121618168866e-02 4.8334382380223736563884529e-02 4.6894314995733724082960237e-02 1.2585660728056233259586350e-01 -2.2528125453002194304186551e-14 4.8973562134315649142534648e-15 8.3672412398706416669647012e-03 1.2274360716823716488388385e-02 
1.2046731219355347880517471e-02 2.2607698314341451162334806e-02 9.4157333195270448422675713e-02 -5.3520697452220912515574724e-02 2.6934159996940453492533222e-16 2.8671124672965454854556716e-16 -8.6085810349480023932919273e-16 -6.8885668977266204108307541e-16 8.1508028003388372645376947e-03 6.1951408394916862576451422e-04 
-8.9392485532975764911389760e-03 8.1050805637706210826642916e-03 8.5209515979275485264565759e-01 -4.8434567999627564649500755e-01 -3.2325958827616255164549841e-02 1.8374622045943159176495385e-02 -2.2428684365603672487418702e-15 2.8607300130542314272378973e-15 -6.1936203319964827640475846e-03 -8.4739049044067676907943110e-02 
-8.3922710274982881273331259e-02 -1.0494767345839389749428960e-01 -1.7470512198161846377205729e-14 3.1207424946023082450571054e-15 -5.6378420768396428353064209e-03 -1.3760014994246325126248109e-02 -1.3559664407607179698045385e-02 -2.1633942847441939294483859e-02 -9.4226626977174474109055780e-02 5.3560032831370493755507312e-02 
-1.0963920201899512810756261e-15 -5.0262070363172444964746571e-16 -5.8573508495675230392720188e-17 -1.3704362187586209969871153e-15 -3.5430923862811557895069470e-03 7.2892864569927134921201173e-03 1.1395724448345703749829738e-02 -3.4405720586828843210458473e-03 9.5571861244753719688560523e-01 -2.1739096783129227552500140e-01 
-3.6257120689971764071479754e-02 8.2471539775209445205517156e-03 2.5443366183951157964012615e-15 2.6208229097992192453249153e-15 1.8563006109995377340693423e-02 -8.2912497066904330966785608e-02 -5.0007632190829390261832543e-02 -1.2472478577608908656415565e-01 -2.7624516054343789396132537e-14 -3.7791962948218288947240317e-15 
-1.4201342848293666693004766e-03 -1.4802246266645589095611868e-02 -6.7280337419193259052008216e-03 -2.4629769465848244669459177e-02 -1.0568553972488815839714249e-01 2.4039572405803996679729551e-02 2.3780655010264223509070891e-16 -1.4344157698919363780840956e-16 -1.4484995924228323383849765e-16 -1.4084608329768706195998651e-15 
-5.4987069858771775443528895e-03 5.9541096893891932648190668e-03 1.1903783927540658241217564e-02 0.0000000000000000000000000e+00 
16 (band)
9.1881169370692417075474623e-01 (Ry)
0.0000000000000000000000000e+00 (Occupations)
4.7337279418528103130174138e-14 -3.9242963876032037409690386e-14 -3.2749015858561753302522327e-15 3.6122925265821533462194877e-15 -2.1691316230592547209532484e-01 7.7231404172658182916144654e-02 -2.2396812312342950755137082e-15 -3.8882291491449456091517754e-15 -3.8437323919992009286001450e-15 -7.7430653890946549628873205e-15 
-3.1193460052600313625603690e-01 1.1106368124370114003340859e-01 2.8897881655536504905400861e-15 -1.2076568905606159857092964e-15 -4.1541196591640778274733541e-15 1.6805446199657258137192676e-15 -7.9798580274765789393073752e-15 4.1428271179473184853670023e-15 1.5361881082941253665041792e-03 -9.3687161917358000029487641e-03 
-7.3212144546901626249169048e-03 -1.2651100730851821962730241e-02 1.6466489628441609168448389e-15 -2.4057264169325273854630613e-15 -1.6527131889676938645681984e-15 -5.2946531117601841463020772e-16 3.9192128970180713724865553e-14 -1.3577893924216828671946568e-14 -2.4724567912122538074096822e-14 8.8235006990046513734623926e-15 
-2.2997753107503787761700664e-01 1.1240327960818889338479032e-02 -6.3477690300236701449424546e-15 -2.9660883127847400849940611e-15 -3.9022580192687511746348579e-15 -9.8986259275726485901638399e-15 -3.3072201040307752650804218e-01 1.6164409412793099424243692e-02 -4.1190965505558519512865006e-15 -9.1692071875742080123503032e-16 
2.9808846366321622720414632e-15 -3.1836714227030575906597004e-15 -6.2821363922287070041863143e-15 2.9461205732146844444660764e-15 4.1784797036588791283029387e-03 -8.5248474679315462687601013e-03 -3.3521709659422652127780395e-03 -1.4227209164443983813175265e-02 -2.1572704039037022242962744e-15 1.7270666482311597632102136e-15 
1.7569254813883424966693752e-15 1.1722738907306519982937977e-16 -4.8117730692757508356492245e-14 1.7477574051175849034967384e-14 1.0183473896198737923141646e-14 -4.7301822102506182264924962e-15 -2.2995028022842536885583797e-01 1.1239168539784610140186416e-02 -3.6946849472368500166948647e-15 9.4739540370790588039876061e-15 
9.2479754183525413905165793e-15 5.3450295673621131097628656e-15 -3.3067157774977873341271106e-01 1.6161956566285166220220404e-02 -1.3775392078498298750887592e-15 1.0211807934942156132619562e-15 -1.9985503721932116347306820e-15 4.6345567768676415099026564e-15 1.4281434329079262290855042e-15 -2.7419583825482766934533368e-15 
-4.9960476163527370654926507e-03 -8.0802355912153161349165131e-03 1.9518923978848789005380304e-03 -1.4493029928983023474353686e-02 -2.0422634279441791295974573e-15 -1.3511811496100453349770607e-15 1.4456985495283921967902536e-15 8.4901048986608442739146004e-17 -4.3451046433023801415141930e-14 3.9558023421709922268857505e-15 
9.0149507063843295587598213e-15 -2.9996768951135845615067256e-15 -2.2338436380648021839512296e-01 -5.5703467516571854301066224e-02 -3.4424217627811201614871156e-15 8.0514542324799873240646868e-15 1.0795418302612557941350858e-15 5.9234110374157235788092110e-15 -3.2122966801040137019285226e-01 -8.0102444166891870191982150e-02 
-1.8955562628615711053375246e-17 3.2298345157479630440260496e-15 -8.4565959094302414063396234e-16 -8.8572983897071610975764312e-17 1.2374569718906636702001886e-14 -1.5258629668420241021553265e-17 -2.4473687813340136605610997e-03 -9.1793836962232155246566023e-03 6.0575311327301720187854528e-03 -1.3310301162303245572915422e-02 
1.8004936073080323624707373e-16 -1.6136004563611297415785487e-15 -2.0783771998044439182249729e-15 0.0000000000000000000000000e+00 
17 (band)
1.0633771123344668563248661e+00 (Ry)
0.0000000000000000000000000e+00 (Occupations)
-3.6398790547460097011267521e-01 -5.0651563779829184008818288e-02 -3.8341001277693420590253481e-01 -5.3354267262552740325176615e-02 -5.0680174416744001955363715e-15 -1.6985318509029951488567290e-15 -2.2762186831880926174420665e-01 -1.4130142490773084373856250e-01 1.6614297402580607831978909e-01 -1.6648506093093567992369231e-01 
-2.9680096223429050088851160e-15 7.1586780244296785715060702e-16 -1.3314640105959302252003340e-01 -3.2192308722948807797603621e-02 8.1287263914339727421953796e-02 -1.2320669879923751288686162e-02 1.8785783358008170673691950e-01 2.6141801983798080427634503e-02 9.0436771064178938476207935e-16 -1.4037041291261564477870214e-16 
1.5192387345684154236812903e-15 1.4664106277507575668563875e-16 -1.6733067094129430718574270e-02 3.0662320106906587602324521e-02 1.8650002074991602063480656e-02 2.1587822799292180619978865e-02 3.3381280628389853326609682e-01 1.5369380796252052334693872e-01 3.5162480104358267984920872e-01 1.6189476527609464318047117e-01 
-4.9779035228971323472421005e-16 -8.5357725824286711828956147e-16 1.7706624786028266060888825e-01 2.0106056671209049380166789e-01 -2.0717138473488033723057811e-01 1.1135879255068711901621725e-01 -8.3427244591175083969066114e-15 -5.2004374516345073894118900e-15 1.1815904492461057340157993e-01 6.9301868362524735034391199e-02 
-8.1378948001531753453363649e-02 -1.1699786456761812614146834e-02 -1.7228415484993298001370476e-01 -7.9322943944405421845544879e-02 -9.6717957483590800532525670e-16 -1.5830401875015902433693348e-16 -1.1201980851972095950238085e-15 -1.0066644188324346489338994e-15 2.4881276860988555538201084e-02 -2.4517248428034411900089395e-02 
-1.1614443400364753838927001e-02 -2.6056887287442213191335227e-02 -3.3093117673674654621862601e-01 -1.5236739450313291355243450e-01 -3.4985264634262447369650317e-01 -1.6107924387166516755343082e-01 -1.9904755802328050407814771e-15 -2.8557188061387960578664679e-16 2.6853911720163542442563198e-01 4.0503368991866434134507813e-03 
-5.0420928964727489141051109e-02 -2.3005374458062119447099292e-01 -3.3328232985647600634388503e-15 -3.1849702438583464145872693e-15 1.2932340979681505865883651e-01 4.4698531864018384296421971e-02 -6.1758383002166572506297371e-02 -5.4108998336565496123373720e-02 1.7224303440528535014131251e-01 7.9304147729709908998252388e-02 
-5.3555294920994284302947552e-15 -5.5940117135374680962197285e-16 -4.7470758726850061954908245e-15 -3.7626101942246788880995342e-15 2.5593419324970428235799247e-03 -3.4844827960483513995537663e-02 2.7203468762086152610280010e-02 -8.2132114501674135381703579e-03 2.7276784600938935865244162e-01 2.4151391021515661305940625e-01 
2.8836373630778167065358275e-01 2.5532283983578968333816306e-01 -5.4766947739205410619992549e-15 -4.4376613845911840361608497e-15 -2.5590705659734641619351692e-01 -8.1493810072322869775263143e-02 -1.8223908801442374738588370e-02 2.3480818687010640566370512e-01 -3.3423276912766341540911005e-15 4.2578708793675949055297197e-16 
-1.1088452470274644257042240e-01 -8.0169353581800148478286872e-02 4.3483283165983072082738659e-02 6.9649735513752392135344849e-02 -1.4197019483048112231671212e-01 -1.2570312059798335879712283e-01 4.3778477305731934790293001e-16 3.4814007635441705998215505e-15 -3.6212489810570811171333773e-15 2.5212588706313854124610875e-15 
-1.2521371171516805856360754e-02 3.2617901997344406206380540e-02 -2.8416290310575395561265566e-02 0.0000000000000000000000000e+00 
18 (band)
1.1887854404595028512403587e+00 (Ry)
0.0000000000000000000000000e+00 (Occupations)
9.8402571684554851483284210e-02 -2.7287888662856363275466265e-01 1.2203929016187226030965007e-01 -3.3842608825270698025278193e-01 -3.8940672952568352445189918e-15 1.4649815238771423045133979e-16 -5.5062822581396810017739796e-02 1.6478211596301195474012502e-01 4.0738473893691701244179626e-02 -9.2063066037528437646209056e-02 
2.7987179029785970109153788e-16 3.5645826613744894946675171e-15 -7.5259445081892056839123484e-02 2.3756037526646162083565628e-01 6.4766907207548018998721773e-02 -1.2968856093258929185196848e-01 -5.1757830526190311271061972e-02 1.4352924280575196647191660e-01 9.8876457459837324489750640e-16 3.4263691271890620528991656e-15 
2.4601635660421470567191036e-15 -1.5450013513340332235660488e-15 4.1752077867977688274692127e-02 -2.9989351321494384094989982e-03 1.0711325953526591725495365e-02 3.5224919593716944032912863e-02 -1.7307337542455095147353461e-01 2.3279080652149389263350088e-01 -2.1464649234904625840769654e-01 2.8870865743079343612720322e-01 
3.0441889288877913856681402e-15 -6.4236778798709690525681425e-15 1.0033998472325841855301576e-01 -1.4183422590338767843576306e-01 -6.5608888764923906089521211e-02 7.6359053807962845583645617e-02 1.1201327898993912547861607e-15 -4.4001696552891805621276048e-15 1.4070983629037644990766864e-01 -2.0566880643867826994330983e-01 
-9.9486740871037593336723148e-02 1.0543369241782515888239402e-01 9.1033295271311334695418793e-02 -1.2244368384370049596121532e-01 -8.9319208836407351067484767e-16 -3.6583843273818709465500324e-15 -4.3318184000640520969744936e-15 3.5828699888770306477179876e-16 -4.0836865815928782841304212e-02 -9.1967390173083082144378508e-03 
-7.3039373411106292555139419e-05 -3.6817416114073631128178477e-02 -1.7437908118219461184317254e-01 2.3454668346229157194215986e-01 -2.1498610145853438990748430e-01 2.8916441144442756039367737e-01 1.6090666361883617099652039e-15 1.9647859207648926172832479e-15 -1.0589377110020262162670690e-01 1.3546829774360047426995379e-01 
5.3531258110870158506422456e-02 -8.4045139846823796458963329e-02 -1.7360856817246605286290913e-15 -5.0301738022181786082816110e-15 -1.5693051698562210383158799e-01 1.9433013815830846304777424e-01 7.2228168364817629809593313e-02 -1.2611652822300761789264811e-01 9.1131032872771716712989587e-02 -1.2257464247594422601661535e-01 
-5.6209909244002673966357342e-15 1.9601590823375282319905650e-15 -7.1069225396835668458521533e-15 -3.6468603563199514468222109e-15 2.0424268029170147831230508e-02 3.6399052760850411636361912e-02 3.5249700460303172444564979e-02 -1.0642512025485925675205579e-02 2.3472794376080810541118638e-01 -1.7413501398320016533283194e-01 
2.8938809607054527539560240e-01 -2.1468490985396487813474664e-01 -4.5617973779439671425885164e-15 3.3635458060149618150194218e-15 1.4052881726436061704532676e-01 -9.9079775785235746354828734e-02 -7.5538234909424864516047649e-02 6.4985815325909912498758558e-02 -3.9877215763859037271673720e-15 6.5080709065380057186915103e-15 
2.0640023269635476843575361e-01 -1.4067812090331979768542681e-01 -1.0559712062043616342954522e-01 9.9857574139542271129954543e-02 -1.2266948377132062819594438e-01 9.1003328960217025334067387e-02 3.1854442861009180740198399e-15 -5.8635600875396644710939006e-16 -3.8281774942603429854108166e-15 4.0701879584208901398149553e-15 
-9.0320663817988339205911075e-03 -4.0748785789146091396162319e-02 -3.6821249907541347967665502e-02 0.0000000000000000000000000e+00 