126 (index of k points)
0.03382294505160892555961638 0.05849896934384217483948731 0
18 (number of bands)
52 (number of orbitals)
1 (band)
-1.5155987588655515097002535e+00 (Ry)
0.0000000000000000000000000e+00 (Occupations)
3.1618242945691243939165815e-01 1.1103960296597845114341396e-01 -2.6450914522806026618617636e-02 -9.2892708925035524791802288e-03 -3.1212468367072685111613736e-16 1.5472364329250072180296618e-15 2.9266291312923242706744986e-03 -1.3660075343645898884870071e-02 8.9047756728808657999962861e-03 -2.2276377172833008305508073e-02 
1.0219422025298255925192598e-16 -1.1806109693097105109830754e-15 5.6216031094393353884086650e-03 -1.1664437597346892158678422e-02 6.5896370003089843603305553e-03 -2.1274772922998372998160121e-02 9.5500510411792721710000365e-03 3.3538673955857134512115181e-03 2.0060321388859631238756998e-16 -2.4084094587327194304758997e-16 
-2.7354796659258690746798347e-16 -3.1601074996445574645654563e-16 -2.4536715694389900355165679e-03 5.4079233140756077791166945e-03 -2.7100267341047257207975463e-04 3.5141990502904479898305112e-03 2.1830221467028543269606189e-01 2.5425433171172429069883947e-01 -1.8262528484948314239089129e-02 -2.1270201835982584237516591e-02 
-2.4301595667782594324750924e-15 3.8872605751290780326034321e-15 9.3645728464374165117556359e-03 -1.0366657700051570140109547e-02 1.8849950533356030213383292e-02 -1.4839520700497599303702145e-02 2.1719093208919819353911179e-15 -2.3333489853544018025074300e-15 1.0700669901060499977774043e-02 -7.2908977260007397369623305e-03 
1.6344179504692871174320601e-02 -1.5129675311764841788564340e-02 6.5936531117089421105692537e-03 7.6795598857468585357599622e-03 -1.1744807418710851501299792e-15 -6.3137069948191374116392006e-17 -9.8676647920264868492514456e-16 3.8721112006437403793666790e-16 -4.8289035685365605532481936e-03 3.4565631872420675071988505e-03 
-1.9917947246617453971317957e-03 2.9078843149045238009042791e-03 2.1907494401437674347299378e-01 2.5515439727212496645591955e-01 -1.7758017965805651672273058e-02 -2.0682562218604896159268591e-02 7.1073912138437678387573910e-16 8.3518792289912629333308224e-17 1.2557004916082574463853661e-02 -6.8503103495637339415136324e-03 
1.7234366692290031819467799e-02 -1.7070279740031609611028429e-02 -2.2247168539403014158046204e-16 1.3502619768812450801921587e-16 8.2167035387543732594117785e-03 -1.0075017313642076199897701e-02 1.7656097281621208061608286e-02 -1.3413296345344249624331745e-02 6.5946575472330820621991165e-03 7.6807313633126539365036933e-03 
-1.1360233298475395253570694e-16 -4.3520956585722561781516560e-16 1.2535366625427376362648321e-16 -3.3275062389126114424719468e-17 4.2701889653993796436282082e-03 -4.1547956764179999264441356e-03 3.0166094069664401051966696e-03 -1.7416402529408249975906298e-03 6.2147268230355226514838307e-02 3.3050766192890573824669787e-01 
-5.0376135713378258212946648e-03 -2.6790633279305583330787144e-02 -9.0965228323305341694912673e-16 1.4026784796011608246849104e-15 1.4299840427577231727340745e-02 3.4595967076293506273221290e-04 2.3460539243343937754193718e-02 -6.1661125596523050362840479e-03 -7.5210365256389152776944895e-15 3.3997611080714256413187435e-15 
1.2153382656505964942716957e-02 -4.6168691684377602749145275e-03 2.1997276950102912645990116e-02 -2.7882067438969736390685927e-03 1.8707752840240274728317305e-03 9.9490372537881597431175251e-03 -2.9974966376701002124687771e-15 7.8400321920261193384825382e-16 -2.1338629150446181653078193e-15 -7.8932443683359206487556348e-16 
5.7754899611295864789162202e-03 -1.4630641209156074189490226e-03 3.4832805061985982857108990e-03 0.0000000000000000000000000e+00 
2 (band)
-1.1356942507257619112692737e+00 (Ry)
0.0000000000000000000000000e+00 (Occupations)
-2.3841644630067920784810553e-01 3.1293553376365268459124991e-01 1.1107037465566793610349805e-02 -1.4578642667193560111815742e-02 -1.1996086762270879529378516e-15 -1.1457081101519773853537365e-15 8.4999888621352867601466130e-02 -5.4099536028465122772246332e-02 1.4785812958650890180933857e-02 7.9986581467379747056867245e-02 
4.9073350678781869030112698e-16 1.0508373190994559365108422e-15 3.0316231502272542042142334e-02 -2.7552504811174320653588410e-02 -3.9124092997034898289143712e-03 2.6303850487267882440889366e-02 -6.1763201257054520243450213e-03 8.1067850508123803776605598e-03 -3.2315917092393229319803116e-16 4.4966486952739521123065729e-16 
-2.8658596992723480398002022e-16 -5.7608976392610540946438074e-16 -1.9429316772132249058202547e-03 6.7057074914367298390516225e-03 8.0078142373098126771679972e-03 -8.1184336157825720547975834e-03 3.6294246605023738894146845e-01 -1.5180189885481892853036356e-01 -1.6908297939210725768788279e-02 7.0719561705909414484061415e-03 
4.9329359419429643959848095e-16 -2.9041399964419323169565967e-15 -1.0066183087892771608196085e-01 4.3516282281882119956084587e-03 2.7188401091873315440494707e-02 -7.6663317993375612591222534e-02 3.4292146497899045627199825e-16 2.0939013710292726902009614e-15 -4.0030879033116348320042732e-02 8.7030533553316968831126132e-03 
1.6540171086095623032008461e-02 -2.0823598090333683696684375e-02 9.4022426559658891370707678e-03 -3.9325217346624918857145303e-03 1.3772720827411469034589422e-15 -1.1108056780303269173098635e-15 8.8372553928894265034918403e-16 -2.2557756962058477808823112e-16 5.0354819357493994791408198e-03 -4.8358471995892798878102781e-03 
-1.0994187366028961364006200e-02 3.0268626321234282094962964e-03 -3.6223900161881145143283334e-01 1.5150740166565979105683937e-01 1.7274743373312004962594202e-02 -7.2252013785128813005975701e-03 -5.1452390352027444900339281e-16 1.4523326715391456613521997e-16 -7.3650387080370999237644014e-02 6.8507124456517146104950200e-02 
7.3556247075681216451847888e-02 3.4443816887538822313352682e-02 2.5469363640149219650830323e-16 2.9963544201092187382126209e-17 -3.4407548564455339712431226e-02 2.2467828030900187374907517e-02 2.6528907738842713581739474e-02 2.8734533559118188850156628e-03 -9.3710111489703259296524251e-03 3.9194474316960499493678327e-03 
-3.4738831087106925301257712e-16 -1.3531734294659688072342179e-15 -9.1544718770110256426268977e-16 -7.1322656464895303407628234e-16 -6.9603212903808688721829512e-03 1.8920792206152461933932329e-04 9.8494006046991496028386592e-03 -5.6865540897946586021416415e-03 3.8946187847886737376512656e-01 4.9910242085187329907913778e-02 
-1.8572967294510460412038100e-02 -2.3801637444282692721020389e-03 -3.6167109210390641010264691e-15 -9.0092716014664090676690222e-16 9.8036668437252852403851477e-02 -2.2503716584514655424387186e-02 -4.6479670134307579654198150e-02 -6.6607343963324072699805356e-02 2.0433352592496782565513991e-16 -6.5417506634766324106453837e-15 
4.1031725154084153217581843e-02 -2.2539355625359122625717134e-03 -2.1537981359361559052789659e-02 -1.5752937471102623767649220e-02 1.0075257430071038466934397e-02 1.2911645293107120412157141e-03 2.9955227639516977370685218e-16 -1.9001708639390476689568227e-15 3.0149585644966592618561992e-15 -1.8916365012004114607619106e-16 
6.1224190171797780377072051e-03 3.3163017777688981284345271e-03 -1.1373108180619638865604948e-02 0.0000000000000000000000000e+00 
3 (band)
-1.0660495709295911836989035e+00 (Ry)
0.0000000000000000000000000e+00 (Occupations)
3.3663921594722756580608802e-02 2.8572816585459254179468758e-01 -1.6963108709687757524875451e-03 -1.4397729972747207172201200e-02 -3.0382837604652801732368969e-16 1.5961961724166585042424289e-15 3.2062431328778812078539318e-02 2.1163880383913841187748517e-01 -2.3140817882866676624686875e-03 -1.2427686063492930645946188e-01 
-2.7413152130277553567338413e-16 3.1232576334793239987351438e-16 3.7486132708463015816846564e-03 4.4535888281622942885817906e-02 -5.5781211895508664433407375e-03 -2.5347929563112627654453135e-02 1.3580481897312972339175730e-03 1.1526686174127873107941866e-02 6.2154379167011511880571669e-16 -7.8472868568273058974557805e-16 
-1.1818017145123452014372649e-17 -2.9892043463243948538241053e-16 -4.8114547402683394139444317e-03 2.8848803429879707471705785e-03 -3.3928883210785007462639840e-03 -3.6267375453843050947533300e-03 1.1371027162142212374451589e-01 -2.6427981101012998355059835e-01 -5.7298166786994009225253421e-03 1.3316955349009888809330704e-02 
-2.3453840486047680664585487e-15 2.1615760603042575686606054e-15 7.8052521871316254964412451e-02 -1.9931579621971939886293512e-01 -6.0134376696677510620858698e-02 1.0878395930972233063283028e-01 9.0507937071051658628625745e-16 -5.6076760397075057225312346e-16 1.9021549817174930596674898e-02 -4.0443517268414552745525725e-02 
-7.8431701247233132773262199e-03 2.4741011530177547950160033e-02 4.5872388546356907684797832e-03 -1.0661427143351828034090190e-02 -1.0767719998135797205745325e-15 -2.0529999511196362387894618e-16 -4.8153756443786962659124278e-16 2.3775149958024168295732101e-16 5.6092822057186349921087398e-03 -9.2652294065017487545432573e-05 
1.1249587058186185165031823e-03 4.8372910076415857882903282e-03 1.1307232027448770039779191e-01 -2.6279627214951756242200531e-01 -5.9297103925704044979916318e-03 1.3781499817688933062775902e-02 -1.0280599745934047104902813e-15 2.5736453129843175797438141e-15 -8.9800339676367663122036333e-02 1.9251936754537601892423027e-01 
3.8356312070717768492045252e-02 -1.1714726626494341432671575e-01 1.0368754640688966529175621e-15 -1.6023335161439711822897835e-16 -1.7089409947171965709067365e-02 4.2452263426808169166637441e-02 1.2171335587835729885597402e-02 -2.3559510224648527731972081e-02 4.5782346148908132157928641e-03 -1.0640480619147199559115791e-02 
-7.2917769024000769586806854e-17 -1.6679892810240783656702867e-15 -4.3095024160589623673386551e-17 -4.9721819947788516245714228e-16 -3.8718039993288905220580887e-03 -4.1866060132401614057862105e-03 -4.3454752144717438688825695e-03 2.5088612845267262152493259e-03 -2.2932163788836237849899646e-01 1.7105208757609557945755796e-01 
1.2026029745426356637461041e-02 -8.9702737487104243496727207e-03 -5.6128177369061208326614888e-16 -2.7724065484285632908205213e-15 1.7402905919452094085642102e-01 -1.2182649318573587904346311e-01 -9.1791173776894871561005118e-02 8.2274352538792921984978079e-02 -2.4052776717792417851862650e-15 -8.6942807283784552012343657e-16 
3.6025994861864057972056230e-02 -2.8220033604066351029526771e-02 -2.2320440928622439780149023e-02 1.4317466562517883882366121e-02 -9.2851077901917409423981908e-03 6.9258092176979020246352370e-03 -2.0478490552469762849206189e-15 4.0130104327503280720518467e-16 -2.4483542825481489674222107e-15 -5.0190453215143126112084514e-16 
1.2597776155619017004333449e-03 5.5616091626999172511935932e-03 5.0177225695128557791946378e-03 0.0000000000000000000000000e+00 
4 (band)
-7.2849171781789023860653742e-01 (Ry)
0.0000000000000000000000000e+00 (Occupations)
-1.3255368757005858704189905e-01 1.2085552613231256846582085e-01 3.6261382692971688701533139e-04 -3.3061016805457921208244443e-04 5.9980353056402592260340731e-15 1.0184338462325456658249210e-14 -7.6585619252382775012932825e-02 -1.8139802165698587499420569e-01 -2.4436808633287693259816820e-01 -2.1170745633343501790335495e-01 
-3.5381152623782752686276922e-16 -1.8271197925098844612961083e-15 -1.4124952328110423893647862e-02 -2.4973487339037168941668909e-02 -3.5323702642898191506048988e-02 -3.3260969130410183991486406e-02 -1.1724457691780071355580617e-03 1.0689739496326927659097805e-03 -3.4628511653386434330268926e-16 3.5256439645208235124780823e-16 
1.2024821510218594290586166e-16 1.6415346192226693114953691e-15 6.8134467218035343893944855e-04 -1.0060532263726770091372131e-02 -1.2052405149919252769219469e-02 5.5546008908293007660939011e-03 1.7522262386514253496017091e-01 -3.8387112042459925476123317e-02 -4.7933786990012050566178914e-04 1.0500989084485934377255489e-04 
3.0001931357434053328691403e-15 1.1403000714380404167907530e-14 -2.4373918981141967643466728e-02 1.9538810457864758118873283e-01 1.0577524248773734205641972e-01 3.0552807851625873869494399e-01 1.1626355322555007573179282e-16 -9.4607355445150240838893221e-16 -2.5417612462334815415232470e-04 2.8690150620764749700430940e-02 
1.3960739281708767212109024e-02 4.6466695542139377361756658e-02 1.5498547954645516822047568e-03 -3.3953571185737357884804055e-04 6.0720600138634217324425894e-16 7.0787894717567637451043608e-16 2.0621444873748791645321712e-16 -8.4858800183875787083842899e-16 -5.6203279262658084602932718e-03 8.3720041801878183895802010e-03 
1.3214989482010086260799220e-02 1.2157770949243959512919844e-03 1.7515332337543193519380225e-01 -3.8371806714498933599255537e-02 -4.8941734598080544049736318e-04 1.0722080464890121342946827e-04 7.6645230253712265013417925e-16 8.0832674118236860507632584e-15 1.0395296382228511045120456e-01 1.6733761554150228256787614e-01 
3.1609504274618553665288090e-02 3.2188467343019017130600901e-01 1.4815824288600260426597395e-16 1.3876525921875735154463551e-15 1.2158691427140072560675321e-02 2.5930610259875537526585987e-02 6.7644814544986150983696405e-03 4.7973726133557006989782678e-02 1.5500901637055641401480299e-03 -3.3958727699951222166185882e-04 
1.0164979219678441264861441e-15 3.3314272518882855829293418e-15 -8.6640169501691872720334724e-16 1.3534379855865564679941591e-15 -8.6065839432372861356190796e-03 -5.2665467504855231067883992e-03 1.1492245393225908323131534e-02 -6.6350509705698319448674560e-03 -1.7087313096049472349591269e-01 -5.4345702274912865981093546e-02 
4.7745825699549437892699189e-04 1.5185273231968499096922187e-04 2.6654774536784684013434039e-15 1.1037639494110859999058656e-14 -6.3570997083459146459460953e-03 -1.9689510797846646039666041e-01 1.3356770299683937142098955e-01 -2.9456505642370245379169091e-01 4.9327006245523077799955387e-16 5.8808335401421281864510803e-15 
2.4355694757611512368811191e-03 -2.8535912934377641314576124e-02 1.8128650281400947308352301e-02 -4.4928706274063166803411917e-02 -1.5122110984512300915771910e-03 -4.8095387309036866704120561e-04 3.0422214161452474577558811e-15 6.8232342540925984099377558e-16 7.7453245881034868400326099e-16 2.4069433832075796376494313e-15 
4.8202469598677454357127381e-03 8.8642552475051289428975565e-03 -1.3270101942342876766289805e-02 0.0000000000000000000000000e+00 
5 (band)
-6.3672619936118823869009020e-01 (Ry)
0.0000000000000000000000000e+00 (Occupations)
1.3607463486869852585959768e-14 -7.6898222255939455839303414e-15 -1.1320432634521270636514086e-15 -6.7454239619147696741757323e-15 8.6491198664492702219419584e-03 -3.5309374834351847649571710e-01 -1.6279215311146732335156875e-16 -5.9826152576679215079907708e-15 2.0104932595336931380488198e-15 1.8997101032907177262478472e-14 
5.8204336153880320559039774e-04 -2.3761448555077419042547149e-02 1.8727904094688979484710911e-16 5.9414447749629019344798184e-17 4.1155327309005765689587248e-16 3.1390201524628445009352853e-15 6.1810719665210647511805280e-16 8.2144821557732952234492001e-16 8.0269501319280775475384360e-03 1.8250563239302977636135950e-03 
1.3975128357332881889885101e-02 -5.9920117149838032777342534e-04 -1.1130505953186506035613245e-15 1.2226522553978429131118275e-15 -5.1913254589567242720728478e-16 -1.4101419770576877733901961e-15 3.1146789223192317297090265e-14 -4.3565790569696236244078227e-15 9.4322397921769906924337488e-15 -6.2734062855857467649958980e-15 
1.8403723168069485716102918e-01 -3.0146359605936540182469230e-01 -6.3563152606241262161224825e-15 2.8965202770879293637672376e-15 -1.8158873233340205282197051e-14 3.1686422847791751668698793e-14 1.2384788613673083576549594e-02 -2.0286996399292073212095033e-02 1.6672713637697561571889260e-15 -1.9195203898438371032721656e-16 
-2.7458784028646945897642990e-15 7.0246231893779235806368207e-15 3.9508089286016676186619642e-16 6.8698655702970003662904494e-16 6.0390145674878688633602231e-03 5.5940202055085336968476284e-03 1.2402416764686237382608880e-02 6.4686407415220914529641050e-03 -3.2826871323977271658861975e-15 1.1286230853153692576827642e-15 
3.7226107404657882690216799e-16 1.3188994132881713433266924e-15 -1.4650642489839781271749248e-14 3.6374413741241497713993900e-15 -4.0446739944115061950084527e-15 3.4288972544592455774651766e-15 1.8405587860449160175768668e-01 -3.0149411052124869270230079e-01 -7.3921502309810352923822084e-15 5.9031186511681000768507336e-15 
9.5037011067727242699192548e-15 -5.7450805711663006349639068e-15 1.2366077755992880768398656e-02 -2.0256347612982266576109325e-02 -8.1676981349189762092659468e-16 2.2054148154425750254995966e-15 5.2198257642073622573269656e-15 -2.5145172911706508272729181e-15 1.6411937820448964903134843e-16 -3.9207120652498010744499586e-16 
7.7365530018099881032211940e-03 2.8162876047574773863413355e-03 1.1423946239354167489499225e-02 8.0765046222018698623967836e-03 -4.6937564606711989661896806e-17 3.7375746294765021049690788e-15 4.0030170127963179073069311e-16 8.3027386882745418322616490e-16 -2.9128991292291894746989069e-14 -4.3862531642479245191937554e-15 
-8.7877234896467142660914690e-15 4.9950317480166474055967231e-15 3.1014412183912892784221071e-01 -1.6907361951678770428664222e-01 -9.8013462337725983920207302e-16 -9.7694478106386545103395702e-15 2.8851606088898924680122394e-14 -3.6091242104397558298194100e-15 2.0837511287757834455014461e-02 -1.1359472743826318913429319e-02 
3.1381906625788151903190789e-16 -1.3229945880798504232784320e-15 5.6757674707602118336976608e-15 5.9069017729787027621438081e-16 -1.7132974270982381924700131e-15 -4.7479803453673266020295378e-16 5.2919076352438412444434412e-03 6.3072531107099729513754127e-03 5.8551753443125331352603347e-03 1.2706431295978775145028017e-02 
-3.0355384103927378611865222e-15 3.5624323831811148823769737e-15 0.0000000000000000000000000e+00 0.0000000000000000000000000e+00 
6 (band)
-4.6949569162789650533795793e-01 (Ry)
0.0000000000000000000000000e+00 (Occupations)
2.0104610866738639729511817e-01 1.1606662645174625758670572e-02 -9.6704420864818993464062657e-03 -5.5829495376782944937588127e-04 -3.3151825170493343183693491e-15 1.5132195836710140791837073e-14 -1.1511590628912642120251775e-01 1.9009566073085232273953693e-01 4.0433083634876146317260748e-02 3.4261064514855127383086142e-01 
-3.1807243057023640389422232e-16 1.2216935585547536602898867e-15 -1.0164472150707030972949241e-02 3.5334911124395768089456737e-02 1.1069903166637876101852100e-03 6.2192735250793086676512900e-02 2.4363933237670004280928104e-03 1.4065046041665876797033263e-04 3.6665770103898468342752758e-16 1.0337825096662995596271565e-16 
-1.1855659334133348704936473e-15 1.6065150359322866922902254e-16 -9.1043333028699713338482979e-03 4.0280391399717258016366372e-02 1.0384434048994941462984443e-02 2.4091232938498442772701225e-02 1.6830770612115775186623523e-01 1.1057471902878536484937655e-01 -8.0957010361181747093439753e-03 -5.3187186555718191094399572e-03 
-7.4280702333714258300845383e-15 2.0097631935986074941903447e-14 -1.9474112958587033728186100e-01 1.0706971820772789860676255e-01 -1.3628924497653746583658574e-01 3.1692606413018487021560077e-01 3.5292918565667596669528496e-16 6.3212658059177140675938818e-16 -2.6470146659433493874225007e-02 2.5518694600228944424635813e-02 
-3.0137685886573437055169222e-02 5.4413983817936217857180736e-02 2.0396532818551874055579276e-03 1.3400035335534681013580638e-03 -4.4284607575600071121730568e-16 -1.4413155595975240831071048e-15 3.3805297145319493806184072e-16 -9.6547445205033653882875472e-16 -2.8024779623076791212898939e-02 3.0331675576567199148492193e-02 
-3.0524327775316786870440922e-03 2.6055836757882519516549280e-02 -1.6831938621374400999464171e-01 -1.1058231594172272804765811e-01 8.1044349725626491087737691e-03 5.3244358798315294389880137e-03 -6.6384181439479149855030337e-15 2.1964810698751593223113325e-14 2.1247784256414298242887639e-02 -2.2110326681088846023648387e-01 
2.3665452521022695142605130e-01 -2.5107811086248532639331188e-01 -9.1867191889728367996531937e-17 9.1083310497499871462071031e-16 1.2967720875654675793953174e-02 -3.4407759048609404262109024e-02 3.7963846156645511542571114e-02 -4.9303924914115233868461274e-02 -2.0377710569398324765011399e-03 -1.3387801894509145095302216e-03 
-4.9551388982090976921627334e-16 2.6305882071716024730260370e-16 -1.2336214496684065111227685e-15 -6.4137009893542716832389472e-16 -1.6686781540067596035781250e-02 3.7758551895024423938895808e-02 -2.2723740264572737934667401e-02 1.3119557557157893179500263e-02 -9.0477706449047901049453912e-02 -1.7992678791701158247384740e-01 
4.3564286301031665549210459e-03 8.6633142187982348225716578e-03 -1.7404886538443306982391723e-14 2.5085718301583414645892743e-15 1.2895275433616881777254548e-01 -1.8085715379650457723670343e-01 3.3048788617864932604106798e-01 -9.9112759753305509913268168e-02 -4.8841248011966863107134377e-15 1.0135034010945545447249555e-15 
2.8434255230579637274690441e-02 -2.3314132987046546491294308e-02 5.7529617652833736629602868e-02 -2.3716528406592662925334025e-02 -1.0953714077979353255093420e-03 -2.1783031825637149368757317e-03 -6.6887860198846303704997381e-16 -1.8238098768813227898567632e-15 2.0792817686183856213259547e-17 -1.2374430494504975293962371e-16 
-3.3330452667335135064075047e-02 2.4356474382915382914660540e-02 -2.6239115116697190460692823e-02 0.0000000000000000000000000e+00 
7 (band)
-4.2059100785895436880323928e-01 (Ry)
0.0000000000000000000000000e+00 (Occupations)
1.2837833831758072022921624e-02 -4.2479664598617690451920481e-02 -1.8848744964868741069707880e-04 6.2370352495931535852236038e-04 -5.1815910045201860719646697e-15 9.8274875529967093436971202e-15 1.7246989769012427418104494e-01 -3.3503073759866747183266966e-01 5.0886745861409787838880447e-02 2.3922262226484164449047398e-01 
1.5848331512237571444561047e-15 1.2649615146006995859950046e-15 2.2799971691365689130392980e-02 -5.8772797273693506980851708e-02 -2.5282308937551178917857442e-03 3.7201139690847470631318572e-02 -8.7639889608977575297110718e-04 2.8999946678008800549086743e-03 1.0105888705783884036410862e-15 1.5955048104898860869207828e-15 
-1.8294558148077194096873150e-15 -2.6247147584388260626247823e-16 -2.2343268804527555149164186e-02 1.7615981324245254951987860e-02 2.7434328455548107061900964e-03 -4.1499518624002820765817034e-02 3.2357722525597584772860671e-02 -3.0369551772466030215014143e-02 -4.7508668213794291723672814e-04 4.4589937224812081772995498e-04 
-3.2060346138528121541556157e-15 1.3130223696723072512393449e-14 3.1687868157640242117167872e-01 -2.0391018098062774210887937e-01 -7.5542096488341342608308082e-02 2.3261624097592914495180594e-01 -5.3635312720750226583456564e-16 1.7141871104284288602344815e-15 4.9131753325073038163317563e-02 -3.9498749647377054405872343e-02 
-2.0790082024426968787533809e-02 3.0953016576217684541205699e-02 -2.2089810416547703969536443e-03 2.0732696052266665065477724e-03 -8.8705116099330532753232019e-16 -1.1881720839349760071177577e-15 6.6364301894612967562075824e-16 8.0239240862562224229127184e-16 -2.8157829050212482280279858e-02 4.0842529386015090364647762e-03 
2.3125641848016641882734845e-02 -3.4567920951644126592583461e-02 3.3823698040530536523817773e-02 -3.1745880763657502443564340e-02 5.5491929284011767831152895e-04 -5.2082722390223157304944834e-04 -2.9442625786057029151689593e-16 2.3611390872827246240083756e-14 -2.2227894406502030077987797e-01 3.0159577513395213754776591e-01 
2.3558132903715001127409323e-01 -6.0304946107294143953225785e-02 -7.9066854392067632156582756e-16 3.2436712319078804964787540e-16 -4.3662431422489364485350904e-02 4.7667337579554838744577694e-02 3.2945729178007740478584253e-02 -1.9355344683756686707809536e-02 -2.2175471251493642302343723e-03 2.0813060904459803474031432e-03 
6.5334875141767133466850136e-17 1.6694489188798843091422240e-15 -1.1733165044490105762766163e-15 -3.4273187977839640568492339e-16 -5.6559604653975900645512809e-03 2.7650802703149547634442484e-02 3.5608631187112882443557282e-02 -2.0558652798868044808688893e-02 4.5165122134284182986441181e-02 -1.0580890188951332792077764e-02 
7.4098781657255807786555124e-04 -1.7358996050768210617221143e-04 -5.5106285648315431245627623e-15 -7.5948929779358130081066467e-15 -3.4329709984582285065002338e-01 1.5005013092552840769933198e-01 2.3417188866054092222235283e-01 6.5565049203547609568687449e-02 2.3778659337612415290919063e-15 -3.1606776406793279108168647e-15 
-6.1646443591621136182112650e-02 1.9449909566647563541330612e-02 3.8209510756227749173064012e-02 -2.8935560813068365165756646e-04 -2.9611051896490710871878704e-03 6.9369038496199192465191397e-04 8.2866296821876863918255460e-16 1.8843862404888146277409684e-15 -2.1624530393631211447866061e-15 7.2892635044787818035356480e-17 
-1.8723606796307416116897926e-02 2.1118317344241122751613560e-02 4.1117305601462178499261313e-02 0.0000000000000000000000000e+00 
8 (band)
-2.4249927553534747493024781e-01 (Ry)
0.0000000000000000000000000e+00 (Occupations)
1.0303316164163657019072622e-14 1.1480020389826568785799441e-14 4.4927533718167684272606061e-15 8.2172916655568359619331351e-15 3.4285792746594245805624723e-01 3.1908042288240212602801193e-01 -1.1872377360810399506456459e-15 3.9691012097885758851138576e-17 3.9676610565735708969935697e-15 -5.9832416365528153753718856e-15 
1.3989951601994232710524102e-03 1.3019716088214193516758854e-03 1.1092235584700173463605386e-16 2.7107213066336955929044094e-15 -1.3075769164428589415327391e-15 -1.3952120269086924221371622e-15 2.3103275279996897063144000e-16 1.2339636727598661330632763e-15 1.8241645179315216229731789e-02 3.0738361997049920559810232e-02 
-2.6385371906428173316427888e-02 -7.5365293658175361302120621e-04 5.9074620523439914921580480e-16 -1.9562046537078087271675659e-17 -6.4969530857530393514478081e-16 5.4774506624028042219142147e-16 9.1274711909359272286182742e-16 -1.3337662232098038159255462e-14 -6.1169780680092355547891448e-16 -8.6209524411831897401517565e-15 
-1.3738346365663245407517934e-01 -4.4776071579221976559637142e-01 -4.5246651200170893996228069e-15 9.0970366871034895274051216e-15 -1.9023316968030425539895881e-15 -3.2850042470417198925189166e-15 -5.6057954418867184109842583e-04 -1.8270380683141559940985132e-03 1.1663860292206593951336849e-16 -1.3527167339113613163002762e-15 
2.0520449396298333401837578e-15 -4.9802039147858367212518104e-17 1.0040086386339056750393712e-15 4.6644677274518566648120353e-16 -4.2854713545516578965255405e-04 -3.5741024949802073507054700e-02 2.2473575891701166873382078e-02 1.3845368540754347808086067e-02 -8.7089163209822588261918140e-16 -2.4373068263507506893130797e-16 
6.1009200279901876537845284e-16 1.5322897911041279182582302e-15 -1.2835391502128813159945864e-15 -1.5561483479952863935038191e-14 -9.3186998897564803751392413e-16 -7.1288745530961017392346118e-15 1.3737604535555875129304582e-01 4.4773692514997243119267978e-01 2.5382448872924478468445309e-15 -6.6947926561452426078159450e-15 
-4.4865000485416760573508216e-15 4.1602228302996660383766525e-15 5.6667345650348449614952528e-04 1.8469110455489375771653826e-03 -3.0083840523783659773864020e-18 9.2016745810694936898188525e-16 -7.6506859565036462122196294e-16 -4.3504743081626091230669269e-16 -9.2308735949133860261977526e-16 -2.5596679597352539520900598e-15 
-1.9687941969277433090779184e-02 -2.9826210014610055054617987e-02 -1.0840372103921146890170846e-02 2.4063633079310177420584438e-02 9.9126715741469273153020745e-16 -9.6739888514308921672518817e-16 6.5855299832652267773002935e-16 -7.5217887165362039433738972e-17 -5.7932950615234290390543746e-15 1.4526937158761278404850434e-14 
-1.8757955383840731089027346e-15 5.1889414877907121961210077e-15 1.0489731740173116603109804e-01 -4.5643957407548019222787161e-01 2.3467288296029382889454417e-15 2.5873846685757461445994753e-15 3.2842672989609783957842499e-16 -6.7290578498222340637856985e-16 4.3270191369343164074223740e-04 -1.8828086122503243614312307e-03 
9.3261437495766812982709072e-16 -3.1973332046223273639625226e-15 2.9726373345248627739178567e-16 1.8244433043270262299317929e-15 -1.1801564490569413211805049e-15 5.7441231690170824334496313e-16 2.1371528881899545457279110e-03 3.5674226555788751680253768e-02 2.1419854167318719967427754e-02 -1.5419531503192741156427203e-02 
1.8914729929328355549042938e-15 6.6695181007441895863069247e-16 -3.5226997744783815736120250e-16 0.0000000000000000000000000e+00 
9 (band)
2.5813644160865567567242351e-03 (Ry)
0.0000000000000000000000000e+00 (Occupations)
1.1746635901931011840725353e-14 9.5573469742127195144932710e-15 6.2538360686133897913209450e-15 3.8516034893336403902043430e-15 -4.3099459654964139554422786e-01 -3.0205320393449347493586288e-01 -4.4713431795303335337429936e-15 -3.2232006457873264491873165e-15 2.9588869822829165189029088e-15 -1.3311735457488603392492327e-14 
1.4592363445984232739327524e-02 1.0226741572124768697715780e-02 3.9051046586346389935663888e-15 3.9582867768134212834163913e-15 -6.2774247565401161052377220e-16 -2.9893121868153224308940791e-15 -5.0561625856909013723479816e-17 7.2761171675775366521531181e-16 4.4363614964784109373496790e-02 4.2488429855407433555214425e-02 
-3.8011666442453129199918749e-02 -6.9275756431442792049324453e-03 -7.9002678990389398985325498e-17 2.0415326925924724174261165e-15 -1.0910103131650277838385553e-15 1.7388712592222233423215303e-15 -4.0786348415569997057452937e-15 -1.2076574830150016537983504e-14 -5.5666195602290045454237099e-16 -5.5977982758515263194788288e-15 
2.2222566756355127681743511e-01 4.7708304616494884298205648e-01 -1.1001494367085114403788246e-15 1.3503838652170859215076297e-14 -1.9417094493655426933027201e-16 -1.2420812843765466066568220e-14 -7.5239866602631877423590367e-03 -1.6152799722002328386416536e-02 -1.8529572189660125455045667e-15 -4.6908118428633661519740901e-15 
3.7123219297603077597310479e-15 -1.7099164850535790650884993e-15 -1.4602360858216949268899695e-16 -1.4962551737442520259210256e-15 -1.7175802638599028254740020e-02 -5.8977867103188676145553160e-02 2.9455280959081536762411702e-02 2.5005289713285156621980221e-02 -2.0059465358926904011869092e-15 7.2716226267669671122177438e-16 
2.2059365449395605718237650e-15 2.0232085868080587940634478e-15 -9.1136176738708335663018526e-15 -2.0079144418002043218307572e-14 -6.8138538753606981357011436e-15 -8.2006252744801321450142981e-15 2.2223217382384075069268192e-01 4.7709735036065803459592871e-01 2.4924462893103207817106912e-16 -7.2569091392564575526028569e-15 
-8.6394447623404293680192448e-15 2.4434435244070797953581035e-15 -7.5344425543425325164648143e-03 -1.6175256366516160139168434e-02 2.0472029372054177222803465e-15 -7.5134904849168685073601896e-16 1.7517564737737296605410406e-15 -7.7846280626626919092564257e-16 -2.4980264973350416176116018e-15 -2.5165812226465878482111141e-15 
3.4099594379166833779670753e-02 5.1099090450679222896734899e-02 -1.8834294012845748458873096e-04 -3.8640356228058551912862839e-02 1.8374083931819291389276108e-15 -3.3985979932957583217822108e-15 1.2545972602742912898618870e-15 -1.2948307748753408843183512e-15 -6.1318033383887008722940376e-16 2.3488197173110510748738203e-14 
-1.3785813907205376183952888e-15 7.9161052804740549404169529e-15 4.6089967083193558727849393e-02 -5.2429451240491653507547198e-01 4.5052708766187549820500808e-15 4.0664361310362017069916887e-17 -2.3690900117589267141311988e-15 2.7187902664338707564187919e-15 -1.5626095269133867971672602e-03 1.7775404203386618168236666e-02 
9.6628088130828304958898268e-17 -3.7650467775924593317298804e-15 2.0692243529205437518591805e-16 -1.2181289532718949985500341e-15 -2.1550274889613073811391070e-16 1.5823616340327076730081379e-15 -3.9815697689737847286828298e-03 -6.1302907629942594847083370e-02 -1.9157068341497187485833464e-02 3.3557701575846067554298457e-02 
3.9254600633551757867201243e-15 -2.5514072973622109195930657e-16 -4.9069243745870307928686479e-16 0.0000000000000000000000000e+00 
10 (band)
5.3575211550202828103550701e-01 (Ry)
0.0000000000000000000000000e+00 (Occupations)
1.6689339600778080319187779e-01 3.6651439821518305706149476e-02 4.9925997400459082298240787e-02 1.0964361858417037698387730e-02 -2.3054504397950347090477992e-14 6.2205059623912296079036099e-15 -2.1324115644643593103779722e-01 2.0335200976484921198128575e-01 2.3310019995861491759470141e-03 4.3321829973365527655104756e-01 
-6.0053689167851719127930168e-16 -8.0311351319200920470536052e-16 -2.3030340180732321309076127e-02 4.9602401248660388244360320e-03 8.4720544003378528419290205e-03 1.9187326208334527788412771e-02 -6.3609264436071927262261738e-02 -1.3969330633716990630599497e-02 1.5589887566535395708635117e-15 5.3063387969157648584248521e-16 
8.7871428373527517356635488e-16 1.1329978737316028354983613e-15 4.2392866105428667067300808e-02 -1.2712081628536828215025878e-01 -7.5326235852096468104122096e-03 -8.0196398431900711711861618e-02 1.2620820076180228053175369e-01 1.1518777596797706574971443e-01 3.7755001130647641849336082e-02 3.4458414603922238317323945e-02 
-2.2980028199450667177266363e-14 5.3570165510493714267528203e-16 -2.8634826349378239562781800e-01 6.9487428158768793640120975e-02 -2.1459044289922277193305433e-01 3.7634355396468094356876577e-01 1.7677941227164383114740275e-15 1.2792757802519508564298942e-15 -2.2424979717120367694871419e-02 -7.2194761321922873431589096e-03 
-2.2566487701355907036226967e-03 2.0852739127402653007692379e-02 -4.8102573603120514500464111e-02 -4.3902427418180511864420623e-02 6.8574729380507150831379296e-16 -6.5672129953467778570614279e-16 1.5581921905174120762782537e-15 4.2634177570876254994629233e-16 1.0027370712456760981634574e-01 -8.8893423205477745119296173e-02 
3.3574755830178756865755929e-02 -7.3218430128409284218804487e-02 1.2549486259343603511418053e-01 1.1453770099767063284090796e-01 3.7452713029513418074856190e-02 3.4182481739160802680643769e-02 2.8442853009993277864318867e-14 1.0741421352634088473167933e-14 -4.3423016125966835965233059e-02 2.9130713354956272453932797e-01 
-3.5516615780140886604598904e-01 2.4822494457536581347056881e-01 2.5854068778543066288469800e-16 -3.2037674508488633004695027e-15 9.6307135087694978325956185e-03 2.1962929170039280357684675e-02 -2.0705157415452389579879622e-02 3.8865157100938380052568277e-03 -4.8079126836253462118353497e-02 -4.3881108398153303995492536e-02 
1.4419016004690309859103247e-15 8.5845808292833283518602002e-16 -4.3138707266706681564445323e-16 -2.6452179925938862654441111e-15 -7.9493357211582502119817661e-02 1.0790250441620678756304841e-01 -6.9720820926942955741978381e-02 4.0253334725419594175566118e-02 5.1412888560009945004836140e-02 1.6193999004911957539931677e-01 
1.5343760057167261934285563e-02 4.8329254064481741437475648e-02 1.6568092660044405081539143e-14 8.5851238715386923786599121e-15 -1.8325900183671836596310811e-01 2.3056786990417582616785808e-01 -4.3169538750626679224353666e-01 3.7386028977128650530037390e-02 6.9470309581956631284929264e-15 3.9405210595538812011707823e-15 
-2.6410220286116805471499092e-03 2.3835811357293165690940384e-02 -1.9874450166544301021875896e-02 -6.9867573695350723705921325e-03 -1.9697191036141654951752145e-02 -6.2041718036114773537903488e-02 7.7665184383758078883064303e-16 -2.7902414046314929951436412e-15 2.7030662992039011351604182e-15 -4.4541876911886709232702034e-16 
-1.2279451898263314679748959e-01 5.3699631357039048773494017e-02 -8.0506669458146093432127088e-02 0.0000000000000000000000000e+00 
11 (band)
5.9607925143694329150889644e-01 (Ry)
0.0000000000000000000000000e+00 (Occupations)
1.6781010497718454321791626e-01 1.1621591134831854574827048e-02 -3.0302188688156278528751386e-01 -2.0985956718808124188413444e-02 -3.1911621913342380881552685e-16 -3.1174100924610680264560505e-15 -3.2866591480810919412292037e-02 -5.5525260580682189726076103e-03 1.9523885826102038709706221e-02 -4.3139884490898117164192627e-03 
1.5238512393627953110030633e-15 -5.9675458155704088256718452e-17 -1.0369622674494399783284848e-02 1.7052104365076120595645648e-02 3.1689535324244122449499628e-03 3.0954292646403425148804445e-02 1.2323244545521194748260996e-01 8.5345501909090681902370079e-03 1.6973402799363011927528700e-16 2.2760822979278382973878516e-16 
-7.9561180940231164085466556e-16 4.2803544047752332354075888e-16 7.5300057579798830575956714e-03 -3.3549088369064339332226155e-02 -7.6488838887027038593302564e-03 -2.0143823242876737755757688e-02 1.3951701835950033880884291e-01 9.3969645636461734961031311e-02 -2.5193167359161072749174082e-01 -1.6968531506879980241819794e-01 
3.0270599345600857387995573e-15 -2.9395021122797462425498782e-15 -2.5687040130280894972836236e-02 -2.1241924360539621297050417e-02 1.9065175330871819703304482e-02 6.0259193234989405496548898e-03 1.0445749419026587737907454e-15 2.5043276112849655166216653e-15 -1.7506408845803622664760724e-02 9.5827442318092495576742351e-03 
-1.2732752059223390039832680e-02 2.8391680554836873362489769e-02 1.0245515324284767966211973e-01 6.9007359997441397592154999e-02 -9.6245127694060478580936105e-16 -3.7150714425625633499849662e-17 6.3304188756944567681164047e-16 5.0861190110126525417773464e-16 2.3295720460259558559634741e-02 -2.5289359923649515349275418e-02 
3.4477838621147951884970961e-03 -2.1269504602203961884931971e-02 1.4091082242146396596993441e-01 9.4908897337913092351335820e-02 -2.5171590996051806943256679e-01 -1.6953998202075262757837493e-01 2.4877179436585362107083790e-15 6.3827862832205250458598078e-15 2.8374979951029617730728916e-02 1.5268992306084062937632240e-02 
-1.2297317408901026203338347e-02 -1.4928148410166361403916824e-02 9.8786160601445949451508790e-16 1.0804522869939406183325506e-15 -2.6753896267588186952401941e-03 1.9608031167051856447081093e-02 -2.1346302191527860570019470e-02 2.2652475432401619759303912e-02 1.0236894763505755001631314e-01 6.8949254201184168033833544e-02 
3.6333751570798472287921265e-16 8.7098697920333403622812279e-16 -3.0193824784868465680096035e-16 -5.7794602038922424733531931e-16 -1.4390731912243708012777432e-02 3.1195439412318289040815245e-02 -1.8817752234171342129442905e-02 1.0864434316633867633195010e-02 7.4577903224154945549528861e-02 1.5264892734658691564320065e-01 
-1.3322238156643259610056873e-01 -2.7268388636041873684945358e-01 -1.7908808573788201841805062e-15 5.0503280053669581049960141e-15 1.6938957317853872708290908e-02 2.7410825201884737867263908e-02 -3.1857150704325668845451336e-03 -1.9076814458942055463541720e-02 2.4273318309904827158044538e-15 3.0733632119840172469818595e-15 
-1.2120970964504025266239573e-02 1.5643358296121977202286502e-02 -2.9812677690454536527653318e-02 8.9444680888586241412907540e-03 5.4179482115859205204611015e-02 1.1089627952490983819888726e-01 9.9313300078268223091184871e-16 -9.7496174576967053404211475e-16 6.5497375711479151385850650e-16 1.5548538028824080820482198e-16 
-2.8060459120172354108291302e-02 1.9820677058635313705359238e-02 -2.1728868635233235945269925e-02 0.0000000000000000000000000e+00 
12 (band)
6.2865732470411439525292963e-01 (Ry)
0.0000000000000000000000000e+00 (Occupations)
1.3169133909086483402717249e-01 -2.8669607283531661767739251e-01 1.1055166100302719206505131e-03 -2.4064345104425899357636354e-03 -3.3618904582027623012420822e-14 2.5700425313980429080678482e-14 2.3637704194947994906783606e-01 -4.0135901262426376678860152e-01 -3.7543409116356118992996471e-02 2.7759013149752426174998732e-01 
-9.6189997997505475347118714e-17 -4.3963156461555664559992501e-16 1.5427825993667876325332600e-02 -2.2631933387048525085916140e-02 6.6929446321001284658791519e-04 1.7490105297097796599459230e-02 -1.0918019447477295830184474e-02 2.3768693919454374208211078e-02 3.9305030217497894512613035e-16 2.5318760935190646653836104e-15 
2.3061012881786581280427024e-15 2.2068985532262264255097092e-15 5.2460318710478764936411267e-02 -6.1579026848356407941587065e-02 -4.4957683649430174588346176e-02 1.2817212775870934216015939e-01 2.5739608151919363132620333e-01 -1.8244041270862609849245928e-01 2.1606227237399022733654874e-03 -1.5312751136881130875622148e-03 
-4.0964208869389457258138247e-14 8.3294740112969260864305660e-15 4.0538802949982116752281058e-01 -2.2939858001695140332643064e-01 -1.7130861177657730198831132e-01 2.2162840116752696717483673e-01 1.6243159330456744916615246e-15 5.1868186531478985480069342e-16 2.4676855928581875598837314e-02 -1.1885916254402217884234005e-02 
-8.1654266399847630353292516e-03 1.5481522734186792256139142e-02 -2.1339629159462060459251376e-02 1.5125283026395056062973765e-02 -9.8546391365749297226645227e-16 2.3216637026245789515449860e-15 1.3606460289321600693187438e-15 2.7631325477796483608055644e-15 7.6221482116661840033877695e-02 -2.7098842239759331901316486e-02 
-1.0302056001042836363978950e-01 8.8521476876833093960783572e-02 -2.5671946398061595839834581e-01 1.8196067545528266107268678e-01 -2.8608858115227332047370012e-03 2.0279315553037025043892072e-03 4.3727551693330726185997133e-14 -3.0168338076622728894398971e-15 3.5162804732178148947596696e-01 -3.0694640297362363323685486e-01 
-2.6614129024806659762347749e-01 8.8816856431198132337812012e-02 1.7935247237711553173438874e-16 -1.0007498272993169141935071e-15 1.8430709106677184427880434e-02 -1.8879701347442393033482233e-02 -1.6988545813139771523125887e-02 1.9819443466129182951362964e-03 2.1752320133255079181999747e-02 -1.5417954540347975772585087e-02 
-3.4026437196881413224977447e-17 -1.7115968307442474919473760e-15 6.7220300026865270411610042e-16 -3.4067016730766143415826939e-15 -5.0925444122943794300617526e-02 6.2993345167031838949256439e-02 1.1780760082253699527754520e-01 -6.8016250039241360481057086e-02 -3.1330591517920031163768613e-01 2.9222835460119993278294004e-02 
-3.4915655677302120940552754e-03 3.2579733845233133093799438e-04 3.7500613654418062350850518e-14 1.2031860159731162322529985e-14 4.5799202314587827977732104e-01 -9.0009358938528558069513963e-02 -2.7489354656934167353554699e-01 -5.6152991155944118051301928e-02 2.4576059861385689058711283e-15 3.1961622407246703505785006e-15 
2.5401312969493407972754184e-02 -7.1349464307360020709491977e-03 -1.5703484421206823085093163e-02 -6.7778587526926750012057354e-03 2.6547039096686191744778327e-02 -2.4761802410905053330181236e-03 -2.0055682197189745072914649e-15 1.0955152352345861024574835e-15 -3.0773370175552105716509933e-15 -1.8342368389681182942201121e-16 
-7.5599400891475446173650710e-02 2.9091115126499894616429742e-02 1.3603250009083855953662123e-01 0.0000000000000000000000000e+00 
13 (band)
6.3595875649768529580541099e-01 (Ry)
0.0000000000000000000000000e+00 (Occupations)
-2.0415817641306566776885340e-14 1.1577542026541692570870444e-14 9.3826026488336468368928430e-16 1.1314004298237182683053359e-14 4.0931213469501698254404687e-01 -5.9562854341282045478322971e-01 1.2359517919420498536791511e-14 -1.3108936863123711837844912e-14 1.1431168586604481735796397e-14 3.8745144084317065723577763e-14 
6.1534156422567726912875585e-03 -8.9543530364299683821371900e-03 2.9264207310274840307179696e-15 -1.3276356032989484806407748e-15 4.1190839045028653366792140e-15 2.9480533755651656241194748e-15 1.7658450648315758204331559e-15 -1.9882263533324176940704083e-15 -1.8170424089050854488114339e-02 -2.7489082466505429525049919e-02 
-4.7587326101648744214323017e-02 -2.4027590068033385928281120e-02 2.2292127899675321410623039e-15 -1.0030592673214839986298244e-14 -4.4447155947712297221192488e-15 1.2765387794146992226303140e-14 2.8364663587968736657926534e-14 -3.4473717045918732015938203e-14 -1.8788928491860690237150742e-15 9.4013235778483294580942346e-16 
6.5228897841324318118694237e-01 -3.1117338250127091203722784e-01 5.1868114499406801267666273e-15 -9.9406415071983583949069507e-15 -1.6089187425714705916015698e-14 2.7309106150064015311443826e-14 9.8061907842022372205903480e-03 -4.6779893833861219132330689e-03 -1.5115735006632061978477034e-15 -3.3843458403459303173918675e-15 
4.3224609072722036609617573e-15 -3.0796173076181392451858766e-15 -7.8991747919718620137997149e-15 3.6414340898801599408204114e-15 -1.9915076271225292531275031e-03 -3.2891455787139575739352892e-02 -2.9198038270521930320766657e-02 -4.4602166439929202823577725e-02 1.5118874834515850223409258e-15 -4.4128888160107619770387586e-15 
-1.3707269627656672948149892e-15 2.1772574546449783435768036e-18 2.6087569901780075310036792e-14 1.0639936882737960738779296e-14 3.4550599886674243885903794e-15 4.3349706415737366786777418e-15 -6.5230187067612988016662712e-01 3.1117957178438165888323397e-01 2.7272170246601453828919383e-14 -2.5661773738075571248430124e-14 
-3.2341408660234764735578026e-14 2.0548346608565230160251055e-14 -9.8276798648981381067990526e-03 4.6883169039092786878342167e-03 -5.4254277190121930118805793e-16 -4.4834582981955177522634466e-15 -2.9579699303012669998831673e-15 -3.9393497928670475559178468e-15 -5.7282633299301975549055228e-15 -1.0649331551332981212409252e-16 
2.4306113592006194784600481e-02 2.2244030476274493507427010e-02 1.6294168018821490739878044e-02 5.0753995867658260876531529e-02 -4.2223552054832596604664301e-15 1.0269751750923483729954463e-14 8.9305003658565248550621727e-15 -7.7816835763394952952614167e-15 -1.1563759046874214545932303e-14 2.6663597273134113731814960e-14 
9.7500726810452965095079634e-15 4.9847433665180933964334605e-15 -7.2049977683679822249018798e-01 -5.6661520996305107800150580e-02 3.8740641025775309604309480e-15 7.7430604483196142124077566e-15 -2.3829184888824087169342557e-14 1.9155218039664677357679220e-14 -1.0855178875256183551600841e-02 -8.5363839209882269067064531e-04 
5.0614158720699482055951077e-15 2.5391439255289716279568939e-15 4.4977883767466796061282794e-15 1.5917316911828926115587317e-15 4.1104048435054192083036194e-15 -8.3330200168300830125421173e-16 9.9276966014569499596742475e-03 3.1416952270492834453641251e-02 -1.1265834493271443400574938e-02 5.2101333774963572154081959e-02 
-5.1902988364228163130867335e-16 5.4104933325134807216740521e-15 0.0000000000000000000000000e+00 0.0000000000000000000000000e+00 
14 (band)
6.4257208364979101489211644e-01 (Ry)
0.0000000000000000000000000e+00 (Occupations)
2.9250345111188913449495885e-01 -5.7110857302425310777493905e-01 1.1565829556085205354065693e-02 -2.2582104875006780986268495e-02 1.6519549975595720931363035e-14 -2.5948311320422122971022086e-14 -2.2981436315984721252547729e-01 1.5263952467015134972783130e-01 -1.4434671669183618547549486e-01 -2.3023663374808464587850665e-01 
1.9739063384780349078512717e-17 4.4727515865406339746617888e-18 -2.0642501941234459028606807e-02 -3.0761879333578379114300105e-02 -5.4606729242805018831319330e-02 -1.6294650305607949469788309e-02 -3.4557376609882915763360955e-02 6.7472736120542886606443744e-02 -4.1681250126734695845953890e-16 -6.2106854245417380646311697e-16 
-2.5770768659941929497474665e-15 -2.1732794921356485945139945e-15 -4.1148390855594296766639673e-02 5.7129767133639181020399178e-02 4.9695304492389652528672173e-02 -1.1039223426326666421815048e-01 -5.3886970585143645351422492e-01 3.4834280703036457627064237e-01 -2.1307354648215537373800998e-02 1.3773761715770063696062664e-02 
2.7993685749948689217361962e-14 -1.2880044014381033120125232e-14 2.7534483898511336041892150e-01 -1.7282524420454498104149366e-02 9.8896067482127369974165276e-03 2.7156413205304852365173929e-01 -1.2376650929785452604811965e-15 1.9364878849847683020891638e-15 2.4959914139237038277485681e-03 3.6961819941523532673244290e-02 
3.9143489591204394528745070e-02 4.1414945729790153539084940e-02 6.3663934090433110801754424e-02 -4.1154415241630611099754589e-02 -3.9221783314757136839157098e-16 -3.1180171863143706978177083e-15 -4.5091736137762578307327889e-16 -1.2756999218439590296791262e-15 6.4200435371099262571448207e-02 -2.8901634225586406157226804e-02 
-9.8233513267129035639868562e-02 7.0754827011461490782195938e-02 -5.3846031835547114585693862e-01 3.4807824575972523550859705e-01 -2.1228088793699036174178474e-02 1.3722528283795939335609759e-02 -3.0873013764803732626371466e-14 1.8100107757414652933150049e-14 -1.2912928737535178669304514e-01 2.4422371888494154301696426e-01 
2.4379159023887450596923543e-01 1.2043331447483945906284930e-01 -1.4674337570554533890420399e-15 1.1047660950092595667466940e-15 3.2729235791089467122461087e-02 1.7418466537911125868731688e-02 2.1663620670650064747864150e-02 5.2715184754337583716843341e-02 6.3655178149932808984168275e-02 -4.1148785725949973968162965e-02 
2.0907500937730882191977758e-16 1.2211309785208599732632167e-15 5.5792071030941399799240178e-16 1.0217659978855894580359053e-15 5.2721191258194063933295581e-02 -4.6661857377873386387712173e-02 -1.0484453920704195351021326e-01 6.0532022926918865879386544e-02 6.4035943750391344231331914e-01 -3.2214444188441847261028528e-02 
2.5245328310963141560385736e-02 -1.2700137024021459532241440e-03 -3.1611680029598197789311596e-14 -3.6886769674886435295304501e-15 2.3394110267438414374474576e-01 -1.4693930108567571091171544e-01 -1.5091305315027706002162233e-01 -2.2619410490869884533537970e-01 -4.1979398027275076517964119e-15 -5.5263981388185265406295340e-17 
-1.9635116374231081221024553e-02 -3.1449452411316913824634867e-02 7.5963465354743058693953728e-03 -5.6484499498167452247177067e-02 -7.5701394223036677644245174e-02 3.8083047025509546811006256e-03 -1.4374343826006136558198914e-15 3.2908044767885974761656460e-15 -4.5328342555880807777500978e-15 3.8216297922123688655071049e-15 
-6.8988819635574211153183910e-02 1.4049758251517654658591105e-02 1.2106404586482528984436868e-01 0.0000000000000000000000000e+00 
15 (band)
9.1739104937779603066161371e-01 (Ry)
0.0000000000000000000000000e+00 (Occupations)
3.2767026937833776401021169e-01 -8.4153980741976686097416405e-01 -1.2247121830185780932964690e-02 3.1453735662830800690059618e-02 -1.7239149471802737468619708e-14 -5.1831774361088635274622656e-15 -1.7716620127057691735927847e-01 7.1511587944902865743301845e-02 -1.9679646739847017622437875e-01 -1.5785820790566212901140375e-01 
-1.7976344618235382546800875e-14 4.2633703193173052130164282e-17 -2.7826242878719098516882013e-02 -6.4842401208404232271220735e-03 -4.4732751733732839527490910e-02 -1.9932975482345738349465591e-02 -3.9983147345392267002495146e-02 1.0268687270839141345568635e-01 -4.4487964170562220428520137e-16 -1.3515513252196669965312519e-15 
-3.9005537580887333625572314e-16 7.5787876043605107677037880e-16 -1.8266714306821026786442630e-02 1.7624251904255233691642957e-02 8.8270077549417146067778361e-03 -3.9531542659598184474845084e-02 7.0454068102683664598373525e-01 -5.6495971686911228282212960e-01 -2.6333186458476098845693514e-02 2.1116173214206411523630180e-02 
-1.2363189620778558880703765e-14 -8.8982417830653774813643694e-15 -1.8918622496612710892627263e-01 -2.6652248800139586443203044e-02 -9.1501636201592892461142981e-02 -2.3510745193662305196902196e-01 -1.2240501730450245214288528e-14 -8.9004517275288989167644312e-15 -2.0856113165455214542021167e-02 -1.9528638107159074221996775e-02 
-2.8773211643495694156413833e-02 -3.9628839006070837314155142e-02 -8.5969857674963956473135340e-02 6.8937866732452529605623681e-02 2.2379347613755375407250182e-15 -8.9882823779280384456112114e-16 -2.1678913616394757767030990e-16 -1.8118894459206610687356077e-15 -2.4631564585184218679758672e-02 6.1296927196565764717206548e-03 
2.7410184283414965739078539e-02 -2.9821816317965300913161997e-02 -7.0444952410178640622717694e-01 5.6488637432120458736761748e-01 2.6317297724746863130107499e-02 -2.1103384761680738651579148e-02 -6.4381920605095104907528053e-15 2.2908741825319848832292399e-15 -1.4769890711226835167124705e-02 1.9029119375712408301914991e-01 
2.0952663329413601100981168e-01 1.4062060216884048058361145e-01 -1.3912586865773141768207818e-14 -4.6554036826461132143069467e-15 1.4139519633372704676688159e-02 2.4844228638995827923574566e-02 3.2577436562165475175678608e-02 3.6456642340020661841037963e-02 8.6022384049710937103938591e-02 -6.8979885098394588816006490e-02 
2.6552617784725198082832486e-17 -2.8564785135194568743715831e-15 1.9271237233569811792051674e-15 -9.6164670175135873308308200e-16 1.1273296063924572590897455e-02 -2.2683919683758518859306719e-02 -3.4982597218656874549225222e-02 2.0197211918697777210951472e-02 -8.9251437070938888229676422e-01 1.3698118840969727982859183e-01 
3.3343140769192564087930464e-02 -5.1174184488206857918113357e-03 -7.3998980354224497667093002e-15 -6.6946107374574245838219846e-16 -1.0793669743737482891177137e-01 1.5741206256016937459207838e-01 1.1114508612960595501650829e-01 2.2654433041492894052026941e-01 -9.4802879388228661412742937e-15 -1.8722284975719031809980547e-14 
-1.7693111820705001435705128e-04 2.8585492955497521921914839e-02 9.9845664855148143906893310e-03 4.7861096683714014765609335e-02 1.0898751242946840001035724e-01 -1.6727140826189031835857790e-02 1.0340745496430489477400113e-15 1.0985612639216938170720623e-15 8.2131629860426236356458288e-16 -1.3397497288228788920506833e-16 
2.1104920616886839457304603e-02 -1.4008202672682407152748851e-02 -4.0394423841067110536595663e-02 0.0000000000000000000000000e+00 
16 (band)
9.5038843566898056902658709e-01 (Ry)
0.0000000000000000000000000e+00 (Occupations)
-6.0545548004094943682222450e-14 -1.0255414205744624704727088e-14 -1.5835490496087975252542861e-14 -6.0974436179727095876499375e-15 -3.6617060750660609946827151e-02 -2.1002458201577983709640307e-01 -5.7747350866825540628974799e-15 -4.7376541643625459772347148e-15 -6.5183085781809674798646657e-16 -1.8752324610152867184027612e-15 
-5.9080762605458109204548123e-02 -3.3886890041650696847597146e-01 -8.7529370048373285399365019e-15 1.4028660286014038299766865e-15 2.4370768879442642952742913e-15 7.7104012113536882688599621e-16 1.1626486591335008182657087e-14 6.1197508041051350716594280e-15 1.5055041862291486387537276e-02 1.2061245143131602008956804e-02 
2.0304076257352525469723759e-02 -1.2031123850313124937216891e-02 1.2223258377695693952354812e-15 4.9884613332644243260087711e-15 -2.8567121133386631175217641e-15 -7.4938337409919563485219077e-16 -7.2098483863178896597443307e-15 -2.1021110801247912053238728e-14 2.0948865097128285236363424e-14 2.2046268491264661837420375e-15 
7.3300986175419913237760738e-02 -2.0019515382404592940268628e-01 4.5027859421823204748595237e-15 2.5484798555608388998032621e-14 -2.7194399871671287335190343e-14 1.6868660355568370529700744e-15 1.1826900890005699606977174e-01 -3.2300945762211108469585952e-01 5.9235919444107123491413570e-15 4.8867359433888819051305842e-15 
-5.1315270318492608742163569e-15 4.5076888359428291004156803e-15 1.3214884485728480563156851e-15 -1.6419021240467703883961715e-15 7.0074261371602525327872968e-03 1.7972865626001820887891469e-02 2.3599407764386140518020341e-02 -2.6722076301029934475295136e-04 3.0681936870456606821545351e-15 1.4312181806868635026170750e-15 
-1.0110551802198728745430934e-15 -1.2522450178851279043616978e-15 1.4131032857286861875386776e-14 1.7405190446261333999694899e-14 -1.6278373154788763273998813e-14 -9.7285323413874571481162238e-15 7.3301931447904769556522808e-02 -2.0019826765741460805614338e-01 2.1682578584733428964338482e-14 1.0175122948781119402494911e-15 
4.8431200719438192232178109e-15 -3.1716813649510244071505043e-14 1.1825146579367722121656215e-01 -3.2296160120534128656899497e-01 4.4789364725516865684659271e-15 5.2209212330203293176576736e-15 4.1559666225952216052947220e-15 -6.4770178121170692470441265e-15 3.8935967338417066562077822e-15 -1.4478883759801543915302969e-15 
1.6963736679698672438210139e-02 -9.2038608623445563455822693e-03 1.7854328742774150384775567e-02 1.5449997385219923703991718e-02 -8.9732836335357651760334986e-16 -3.6601214699640631791637761e-15 3.6947424277357784132578702e-15 3.2307686442160281436826998e-15 2.0208117409976150729661655e-15 6.3904395246921814354670182e-14 
-2.5724015012353241066298877e-15 1.1397642969620596374561243e-14 1.6358046860189945359564945e-01 -1.3672581986957074717814464e-01 -2.0704895718942612453316454e-16 -7.7162716822967448066237296e-15 5.1843527781825443606366197e-15 -6.4133437246737775378523597e-16 2.6388957400318602264377432e-01 -2.2056721820770414099754930e-01 
4.0462351892844981609559443e-16 -7.2837406245466110587590175e-15 -2.2924576781292879569212768e-15 2.5464158515021446242757647e-15 -6.9976994005834227932767962e-15 -1.3434711202690018766156071e-14 1.9292957338927513993853680e-02 5.1109101915315137149714575e-04 7.7373035673143119098082998e-03 2.2307254594985007761787088e-02 
-2.1390322477378876721366551e-15 1.3329631102631323466635533e-15 0.0000000000000000000000000e+00 0.0000000000000000000000000e+00 
17 (band)
1.0424134394933994851584202e+00 (Ry)
0.0000000000000000000000000e+00 (Occupations)
-4.4572006256067947527199635e-01 1.2741283071225395495673638e-01 -3.3112146158892280523033946e-01 9.4653959601619527819416078e-02 1.5487659559760091406962818e-15 4.4370275084593419253853674e-15 -3.0289587678804241743790726e-01 -8.2178777671356617595677108e-02 7.2207183628015703114044754e-02 -3.1252885737029850732326963e-01 
9.3914560374942445571201471e-15 1.1625926537532868871354799e-14 -1.1999190560155936768893525e-01 6.8405231711436420560801253e-03 5.2630356037886238951273299e-02 -6.2538449662994377575842009e-02 1.6895567443863346301924366e-01 -4.8297406845122840823858468e-02 -1.7371838400512906094907772e-15 -4.3952789607023028375388784e-16 
2.0645140568565180282501394e-15 2.9259654709594372075104199e-15 -2.9044206944500508549289464e-03 5.3731358615155488944736817e-02 3.7376521573781892882060163e-02 1.9770279366996705572301352e-02 4.4971131251588697397281180e-01 1.1251728309187875032293391e-01 3.3408657727942048243363615e-01 8.3587997193172197674115864e-02 
-3.3912631095028547694453935e-15 6.2408927254511501737664583e-15 2.2122613517599537535929244e-01 2.2261684749780208392166969e-01 -2.1879768403047061831045994e-01 2.3455433809586667681656991e-01 2.8719589414151502233168311e-15 1.7803699187689933164521979e-14 1.0733630008784791898257538e-01 5.4071885953771506305720607e-02 
-7.6848450169063220460685670e-02 2.7844708106532820024447972e-02 -1.7046860960217158353913192e-01 -4.2651055945600667429484787e-02 4.6579131449146533522032823e-16 -8.1824085182143358754268850e-16 -5.2953387031477348861415472e-16 -2.5435723498461571389869169e-15 2.9380981409886049171564792e-02 -4.5080511194891724480182660e-02 
-2.2483877506365084614214922e-02 -3.5809824957448638249601913e-02 -4.4677913010071762522912309e-01 -1.1178401369176194091181742e-01 -3.3230904207210520961979228e-01 -8.3143729267625948731179619e-02 5.0709994060545585988489499e-15 1.7005733020250762892216077e-14 3.0059196742713301109262147e-01 -9.2156677988727925265877161e-02 
-8.2853688150365117914830648e-02 -3.1019743771363356144021850e-01 5.3154759638026662095306119e-15 1.6026919271062106393456933e-14 1.1980898778337170651475674e-01 2.8722230791921321557680358e-03 -5.4543492770938811764480647e-02 -6.0524279747494719172706823e-02 1.7053819501192049590265754e-01 4.2668612042264200678864938e-02 
7.8949770942903433745386418e-16 -1.9605521184664412760103695e-15 1.0486893401550464769554333e-15 -3.0835445503331840593843734e-15 -4.5654633988570017533170642e-03 -5.3624724704086274007508450e-02 3.6509763441303001718640786e-02 -2.1078921748340393588216912e-02 3.3103006971886617115785612e-01 3.2019736062712800261920165e-01 
2.4621620772037586255542863e-01 2.3815910273430790367044096e-01 -3.0306821878194513678668614e-15 1.5654928088867068837267888e-14 -3.0639861896348813408152978e-01 -7.0485959430890476884457030e-02 -8.3345320105132861265850863e-02 3.1006570532837535170145316e-01 -8.3306340773820833362371673e-15 1.0541418856411852196082313e-14 
-1.0232151548577796129624318e-01 -6.2391912038256509831501972e-02 1.6973910481195272903498505e-02 7.9687310191672022785525087e-02 -1.2635610318113724148680888e-01 -1.2222119947217134627859281e-01 -3.2114396599562924109099142e-16 1.2804048763686939535175645e-15 3.5347790066512556795136395e-16 -1.3367478196404420075779864e-15 
-2.2858555066035228520160416e-02 4.8723105565312660458765492e-02 -4.2157843500497130251325473e-02 0.0000000000000000000000000e+00 
18 (band)
1.1881756454004632761467519e+00 (Ry)
0.0000000000000000000000000e+00 (Occupations)
-5.2332402092148941341598345e-02 -2.7771660137021803027579381e-01 -6.0560666786536938854812462e-02 -3.2138174623679516273000445e-01 -2.1112456571201399401877431e-15 -1.4106376758225673600582960e-15 3.5913905192236098007363410e-02 1.7299510711604768053994974e-01 -1.3376071369440717395704610e-02 -1.0141457625880999360301615e-01 
-4.7060697463350717606193731e-16 5.4332134316280140208159010e-16 6.9732442219971990660098982e-02 2.4052022807070144727603633e-01 1.4081674179991038320380881e-02 -1.4931502140620350749244949e-01 2.5958044637832793088971783e-02 1.3775328303171419097594708e-01 -4.9668780792548754275543789e-15 2.7681520194032214565746369e-15 
2.6594659805464906268012901e-15 5.4917003950510176113499238e-15 6.5850289575738629732626350e-02 -4.0659548511165384543364354e-02 4.9799188403268655755962158e-02 3.9688891229109832248234113e-02 -9.3537111018323459976642198e-02 2.6667583289023216730484478e-01 -1.0824379719498608554140162e-01 3.0860508995259555709012034e-01 
3.3565521494590158454044799e-15 -3.7305016014185907001706481e-16 5.5395199303650194400105988e-02 -1.6777511009191950486219014e-01 -3.9123270515680909353850581e-02 9.4515635040941542444059564e-02 5.1536007383477756314980795e-15 4.6140057675778311666979647e-15 5.9870047592188703478033318e-02 -2.4316284874637419943788075e-01 
-8.6852598264393579552411495e-02 1.2226976461893751535470187e-01 4.6396315420003053642261648e-02 -1.3227686488151843557936616e-01 6.2881742700142355865627977e-15 -1.5206214641363720202847025e-15 2.5235452700210198089073333e-16 -5.1280696639566184323675475e-15 -7.7357797874613817845634856e-02 2.2870571332597733338332091e-03 
-2.3282916633623571001088237e-02 -5.9271182252868752360353000e-02 -9.4134694845928734707740659e-02 2.6837800422919644294239561e-01 -1.0824434985640445094912110e-01 3.0860436432989934996129477e-01 3.0305033287289514469132304e-15 5.0470582500490789151776526e-15 -6.0779520568117265111318659e-02 1.6392672572924074647637838e-01 
2.8397463539879916338826149e-02 -9.7144618921284509038827082e-02 4.2523425705236556509896604e-15 3.7006036820278209440947642e-15 -1.0571370587309364408312717e-01 2.2794493917014452266656122e-01 8.1835156081194876387385762e-03 -1.5036152324718746187137697e-01 4.6394778794478293282299575e-02 -1.3227129174700014146992544e-01 
-9.3161720905220713969132009e-16 -6.3425570815786652830934838e-15 6.9857794080819594505816199e-15 -3.2121377988520272957257025e-15 5.8790889406818258589026982e-02 5.0070629899955858277404985e-02 5.5117772943454997058854161e-02 -3.1822261042185981394503358e-02 2.1571203921898671196366593e-01 -1.8535482206774367419654936e-01 
2.4804453894557704218826188e-01 -2.1313704431321864318782389e-01 -2.7529833634129284162669795e-15 2.6745377957833446689395764e-15 1.3459997170061172022670348e-01 -1.1157494856370757385644055e-01 -7.3165234285548261250475832e-02 6.9930976060681132588925379e-02 -2.8339386127900964086827387e-15 -2.9641947969882131523968343e-15 
2.0552322439179374069517792e-01 -1.4454925505965776633132691e-01 -8.2267894025885995867852785e-02 1.2612514108403458101825834e-01 -1.0631470290769277908804469e-01 9.1352909452610528417970670e-02 -2.2907916719951704260992029e-15 3.4999447493447375835151434e-15 -4.6367983440189996274080880e-15 -3.1646450062568739085300501e-15 
-2.5879088791221287885191416e-02 -7.2757882178910493475854082e-02 -6.3644522090147509496560474e-02 0.0000000000000000000000000e+00 