24 (index of k points)
0.1562620061540594407212268 0.08995881085718833436448705 0
18 (number of bands)
52 (number of orbitals)
1 (band)
-1.3022183292214715155665772e+00 (Ry)
0.0000000000000000000000000e+00 (Occupations)
3.0757916931074225086462093e-01 -1.8585954734561249690472096e-01 -1.6561584613643320906817280e-02 9.3347680425085732824896922e-03 1.2952659538698212477233351e-15 1.0854357853863790545582219e-15 -5.3871849756136624964852899e-02 -8.4166405610346217702755212e-02 -3.0957139210901915560292252e-02 -4.8599083814393539970666325e-02 
-1.0654298111920824964346528e-15 -4.5886929899096656407221355e-16 -6.0074474488567494723234574e-03 -3.8120430955432743624911041e-02 -3.7419242446310174710077945e-03 -2.1555201079278177300757591e-02 1.0394935297221602477080182e-02 -4.1682110658453966345327046e-03 -4.7718330070449123826075782e-16 7.4312988339150071122061785e-17 
2.7455531818267098130465294e-16 3.9017564329230147996049296e-16 4.1623810511282749446948515e-03 -6.0019439145009290115240219e-04 7.0710330641513968741307394e-03 -1.0193989863928228090106387e-03 -1.0780741574438261476398537e-01 3.4282105805201801285164720e-01 6.2498350827653904870917501e-03 -1.7954485254693688944804819e-02 
-1.8514988507860277314689640e-15 1.1456298945794900620276532e-15 9.6070113535308115926270034e-02 2.7508059088662238644840130e-02 5.5360443576510397212242509e-02 1.5982387266445324813801676e-02 9.3978705771909030949255603e-16 -6.9598230542121962667111848e-17 2.9715746133693456826341261e-02 2.4621760960518844496558444e-02 
1.7061569030775346200723419e-02 1.3694216035553354038345475e-02 -5.0408685995201180096714211e-03 1.0000915312371133278346313e-02 -1.5670709434120124654082145e-16 -3.2783377051996317618105593e-16 -7.3075053708313137885007312e-17 -6.2420438084195278868547920e-16 -2.7253324299039566325220108e-03 3.2028444340689576907976743e-03 
-4.6299195299424437954893818e-03 5.4408205294803300977601879e-03 1.5550209420928867709577048e-01 3.2397206767613900835200980e-01 -8.4938929412426006360092856e-03 -1.7073455051169500462648898e-02 2.5154433680373578418327436e-16 1.2209683555695116209166441e-16 9.1681825280407025502427132e-02 -4.1100036321950861317731096e-02 
5.2645222424705845343240185e-02 -2.2743013747515722355885259e-02 -3.9048327851138918724992137e-16 3.2382237284574133728503278e-16 2.5596798340352125422647589e-02 -2.8299741561457793237455149e-02 1.4979718582778335511651591e-02 -1.6569938568839877313099151e-02 6.4214594947986031528430750e-03 9.1752269154290119757000355e-03 
-7.8584407217875318146570603e-17 6.0934662935874615882122402e-16 -9.8001528667487144439845970e-17 4.4107249123811150273432280e-16 3.1074797500475394990138156e-03 2.7101733886196154033054739e-03 5.3936525591966755915906973e-03 4.7551443769355307422674883e-03 -3.3089041460475598910306871e-01 -1.4017965423164627236651825e-01 
1.7662241526897097532167180e-02 7.1898754459011207998408999e-03 -3.5881125237927913465997223e-15 2.5324647971289762928679116e-15 -4.1591610341828601227209816e-02 9.1459871099775227887285212e-02 -2.4449539259489051074014654e-02 5.1874696610837163490703716e-02 -2.4200929759995819262194489e-15 -2.0231723586577094535819867e-15 
-4.8548690201005457317551262e-04 3.8155415869702252740225390e-02 -2.7855574563073108671634737e-04 2.2335559981582236988018053e-02 -1.0884494276441910795560908e-02 -2.6358519190306461087158763e-03 -6.7712433655984114860048599e-16 7.3744813991527182442250291e-17 6.1009579544177538096906871e-16 -9.9376590840405123383140103e-17 
-4.1232247781405675923771526e-03 2.2082170537821152120350199e-05 -7.1904718881876652711304665e-03 0.0000000000000000000000000e+00 
2 (band)
-1.2111620525672595061195125e+00 (Ry)
0.0000000000000000000000000e+00 (Occupations)
-3.6083139192948088247447913e-01 -6.6935335762104058998644973e-02 1.7882929424425819675548155e-02 2.6737385217418807581424289e-03 -2.5536569851999173862576544e-15 1.1346321873234202507917249e-16 1.1927575239101581572320754e-02 -3.8519726084783545427825402e-02 -2.6881878646752010997289517e-03 1.3260869238041564366348268e-01 
1.8971871747347495489554194e-15 6.1432760086148334512087012e-17 4.4635934903107382654141588e-03 -7.3192845234262837728067552e-03 1.5913605191417615203341995e-02 4.3749121240793317766382131e-02 -1.0988447614114549288899525e-02 -5.0834014114181647059353963e-05 2.0493669998938384095484474e-16 4.4920824594921244140903447e-16 
-1.2203883707870145705305097e-16 -3.4764961520508614431388588e-16 9.5963766840470553221020822e-03 1.1917255279988714367078728e-03 2.6173976260240906788201443e-03 1.0098116951609906188913612e-04 -3.1492875310536894151169918e-01 1.8841314455962943075206795e-01 1.5182358327885447923932816e-02 -9.8205925526621724863662877e-03 
7.2537120699026724206628395e-17 3.5829695945985730364848818e-16 -1.6526545688186795868279688e-02 -3.6781919965482322287808614e-02 8.5679262241681625189571037e-02 1.0124897861490059214339965e-01 -1.0706226256078851214433089e-15 1.6465199521913536243811875e-18 -1.4921388136125632306594468e-03 -8.4421036799206816692020539e-03 
4.0868784385829998173633726e-02 2.2292844196164125769588082e-02 -8.2761733300968330639957315e-03 7.2286596320004330162856121e-03 4.4320151465221445567768655e-16 3.0912501614666352666672368e-16 -1.1222553981284817931366042e-15 -8.9798738243804355644573843e-18 7.9864506109219978585711530e-03 -5.4522712547610853450752444e-03 
2.0301189784815831113062856e-03 -1.6551690132813930839139616e-03 -3.0962912209346554748279345e-01 -1.9533142497784766744572948e-01 1.5159855420343485571388342e-02 1.0784628750779810812954196e-02 -2.7363718503947086171157805e-16 6.3637736778700000159659579e-17 1.8653070402794239696087075e-02 -3.6063122320173834900458587e-02 
-8.8195448593604119924549423e-02 9.8838291377627382483517238e-02 -3.6863640475720766153730851e-16 -4.7100026567134736595481451e-16 8.8453748819365338174058877e-04 -8.6319567614425718460324788e-03 -4.1469992510455459810980727e-02 2.1373265871484067868202317e-02 -8.0743617749964163854414778e-03 -7.3718771352607632973974461e-03 
9.0581079412230968422072440e-17 8.6381376325940113293575691e-16 -9.2574210927932068383739575e-16 3.6514414119372729456786273e-16 7.8561557550194446170044316e-03 5.6603189380156904153551523e-03 1.8574603565592116404675549e-03 1.6375715849207585217417460e-03 -3.6143122097068275389020187e-01 5.8241148167569145588373658e-02 
1.8503578320805846857410870e-02 -1.9357228582484635806548745e-03 2.0580544837116548179244995e-15 -4.4046917223061818804334391e-15 -9.8570960992155551294580107e-03 -3.9386844039886625967739064e-02 -7.9344744473932660513981752e-04 1.3246439308821431057872076e-01 -2.7241996770776446902191006e-17 1.7633185846461468600087407e-15 
-5.0449140659030704963994296e-03 -7.0598814555980571663895695e-03 -1.6972706118054920604309999e-02 4.3456921426402068953098734e-02 -1.0931777966880938321447836e-02 -1.9005539639530723955949953e-04 1.1051031324783023598792484e-15 -1.1677010107258199122021089e-15 9.3134092666996695912637796e-16 -1.0432463692486450963165821e-15 
9.6362254718049024371229194e-03 -9.4950112358029958685434746e-04 2.4762470942797944715996206e-03 0.0000000000000000000000000e+00 
3 (band)
-1.0150360138435565726666709e+00 (Ry)
0.0000000000000000000000000e+00 (Occupations)
2.0347971893442332036450182e-01 -2.4239175183556030401810233e-01 -1.0826187309675633363426073e-02 9.0373333080034368158806046e-03 9.3324772430398658781366164e-16 -1.3268358472796542270330590e-16 3.0699266518854226304391375e-02 1.2081188903616535412766098e-03 2.3235112068257987583130841e-01 5.1624373223171399205355669e-02 
-5.7883173715981346047619017e-16 2.4853864671305143026941313e-16 4.7678353146579088850387507e-03 -2.6530375801554484382904775e-03 4.8242180947196497409201754e-02 2.4382344907104475106862651e-02 9.4914980906315449260546302e-03 -5.5853991489487504751298985e-03 -3.1072575016591687252782325e-16 2.1762579609387916694651538e-17 
-4.5354007296169884713751594e-16 -1.0207371767468005498247255e-17 -2.1672731945955106547252456e-03 1.4119574744493434970138424e-02 4.0396266095367450166264689e-04 -3.5025553933176051257802897e-03 -7.6641519274445873977086308e-03 -3.1638428872304036332252508e-01 -2.1443471954111711919033212e-03 1.3938489878375495689688535e-02 
-1.0196276483018887397509763e-15 7.0035883245475480217965540e-17 2.3826803002261899566693870e-02 -1.9395565852566576392490560e-02 2.0842895821742879469695708e-01 -1.1493253921120410998568673e-01 2.4105630392533680142470882e-16 -1.0367210005610700507875622e-15 1.8219208167883416994714540e-03 -5.1430989225110801399409866e-03 
5.2311327943091033565448100e-02 -1.3613659851105890802314136e-02 3.4259870553907043055907877e-03 -1.0466510036962943172578200e-02 -9.1287828440980808651832949e-17 -3.3740315481152736796264334e-16 -6.9847409890403272356450865e-18 -1.5968904319878384883433998e-17 7.7117466976781637311155748e-03 1.2024492793301021567597964e-02 
-2.0132645768548671112718740e-03 -2.8944508733587774595985564e-03 -3.1445869760880523768875605e-01 -3.8825105068236123728731002e-02 1.3877836192848269636357372e-02 -3.5365061173347903458741293e-04 -7.4246260419944754825176310e-16 -6.3210886572158639130972084e-16 2.1959840446365959387708955e-02 -2.1128943263845650912813312e-02 
1.3554067886338219683928230e-01 -1.9587102792264701744961997e-01 1.1546403181136757833767071e-17 1.7300207179412279747805718e-16 5.1312667800968575493314461e-03 -1.7452564338815701461271601e-03 1.8692670116221971055026074e-02 -5.0597019928567785185258288e-02 -1.0790133859676828351203959e-02 2.3897890661987043064984348e-03 
2.1681121040815758968659850e-16 -6.4854155282700029846753608e-16 3.4661404786925981086937457e-16 1.7336590220273950400870144e-16 1.1191402029656483466113492e-02 8.8951633197537488539907713e-03 -2.6968006404589905944391148e-03 -2.3775495845245707415838154e-03 -2.6155445267200261305617914e-01 1.7883212679166818337428424e-01 
1.0176045205058634884887070e-02 -9.4428549779998222774013428e-03 -6.1623345968970582770423937e-16 1.3101686486745480130355032e-15 2.4994985240007223242786338e-03 -3.0371357279595924405501961e-02 -2.7861271237735445865935091e-02 -2.3655968543105926338299128e-01 -3.8044724255969064230280073e-16 -5.8864734599042896246961239e-16 
2.6948612252148430867837448e-03 -4.7025037762179842243392969e-03 -1.9438830853656736269430283e-02 -5.0315069281168661730063718e-02 -6.5134029858410057850504060e-03 8.9282507824722124462057948e-03 -4.3879181215339532031190358e-16 4.1965184400095695596773570e-16 -4.0763037660047828882548323e-16 9.0516429922601258874603489e-16 
1.4277271594475664240331270e-02 -7.2864647950090209466839086e-04 -3.5952017636367611559677915e-03 0.0000000000000000000000000e+00 
4 (band)
-9.2730647545826316857642269e-01 (Ry)
0.0000000000000000000000000e+00 (Occupations)
3.0188337446937629771070988e-01 9.7521210825005949507371383e-02 -1.2198754612107287620403895e-02 -1.2572830464481904444440374e-03 1.1854380912650466728917134e-15 -2.3122825332018326985023042e-15 -1.2898037351928126614808434e-01 1.8499133050981864112571884e-01 -7.4695537822670493577348338e-02 1.0671790262580170549622238e-01 
-6.7152882285257645416849946e-16 9.1873645650919747002660194e-16 -1.6365975669614341025948079e-02 4.6945185446727599742899883e-02 -9.5103937278982059178034092e-03 2.6518175060782009366810996e-02 1.0154031443685096469664586e-02 -1.9077857944554549307625280e-03 7.2344493154831798388049828e-17 -1.1303736891297416570956529e-16 
1.3857024636759185307550345e-16 -6.8430443038682572264886899e-17 6.8808082389067853901210015e-03 8.6403707864080581124710534e-03 1.1851971381930830051754100e-02 1.4873440238358778819893757e-02 -2.9093799476616177823729004e-01 1.2648731771694338155143100e-01 9.9818770669422851593566293e-03 -7.1240792363567589928763368e-03 
-7.7259874525911743801675932e-16 1.7686664222741823109593827e-15 -2.5587355906272923888877813e-02 -2.2406029620323814066651380e-01 -1.4543865476111722534469095e-02 -1.2944732553621796089515783e-01 -4.7023036638377797471531579e-16 -1.3316629277535291404456910e-16 -1.8769108640658956066449292e-02 -4.6037117167375976589660524e-02 
-1.0402932202580006740277874e-02 -2.6180912875644182791212700e-02 -6.3550100049142160818504976e-03 8.1460327174835665819951913e-03 3.9226687808695179112228145e-19 4.3103474175561379954762790e-16 1.3384981039522289334541480e-16 6.6226174357742969445142068e-17 -1.0875350149857580112078281e-02 -1.9308776411904766956428858e-03 
-1.8726277438338753689173188e-02 -3.3188828639304024728517994e-03 -8.1568474150056746729831048e-02 -3.0616836256339619026789478e-01 7.2721856380866811697671892e-04 1.2459083918694848630570604e-02 -1.6428370085259808915701859e-15 2.3818996393881330319862849e-16 1.9163469995170215320889895e-01 -1.1873807655585251474850139e-01 
1.0967813828925405961189909e-01 -6.9378981111150636595930052e-02 7.7676551274538969722638077e-16 -2.6281967537348227178131917e-18 4.7617681100381309411417874e-02 -1.4240279852263816595669965e-02 2.7491886762230022256403572e-02 -7.8306740762502796693311780e-03 2.4402331550419723016354112e-03 -1.0023154838354088672081055e-02 
-1.9540268302130195623557331e-16 -7.5794192357595597983624163e-17 -5.5137721816184291633672988e-17 -6.1486639107516389892015788e-16 -8.1786149390608714471184726e-03 -7.3177841973685771315150106e-03 -1.4284237668787516661872417e-02 -1.2593249506539422322148880e-02 2.6365818634266990905246075e-01 1.7571807813765777384062972e-01 
-8.7848347212672525663457179e-03 -8.8647784999392360838488258e-03 -3.6954385073770739990920686e-15 -8.9531439922936744597643947e-16 -6.5224410866989060431286873e-02 2.1579704649698860929873945e-01 -3.6389642214353569438234359e-02 1.2457339594845545649448582e-01 -2.5399594921831714237923010e-15 -1.2032565549031400897277778e-15 
-2.6301283671695482174746061e-02 4.2171929062691723699707325e-02 -1.5443450905265913505881592e-02 2.4054586223259743354985218e-02 4.7979853205062841098316184e-03 9.1322345364572878045894555e-03 4.5162284869557846818356097e-16 -2.1321808284904764634126105e-16 1.4037602372996601576934752e-16 -6.7947551920737747761065910e-16 
1.0974207117629126637115000e-02 8.0535830500096930104070303e-05 1.9042830118245406695320909e-02 0.0000000000000000000000000e+00 
5 (band)
-6.5795525209990635140400173e-01 (Ry)
0.0000000000000000000000000e+00 (Occupations)
9.7937804271657324939326372e-02 -1.0593544889837293310197452e-01 9.6025360446120450186313633e-04 3.0260075687793541732162339e-04 -1.2715850898724555062619605e-15 1.6946660523036133782810229e-15 -3.1775619848246916543388352e-01 -2.4835238262375394779901683e-01 -3.1088770072218468998315188e-02 4.6842863100284445887488971e-02 
2.2302590283930113051397950e-15 4.3985309824415622935946674e-16 -4.7813232229640748038868026e-02 -2.9998707936747665003807128e-02 -2.8600828921383769642972084e-03 3.5098056000276156574102515e-03 -4.3490518213353673848686753e-04 -9.5870727158177404536587574e-04 1.2996236847277811916498429e-16 1.3189281227033591306139421e-16 
-5.8440244696231008315428804e-16 -5.0516545017789712058597684e-18 6.9086772612029501150487931e-03 -1.0346571016476999171906925e-02 -1.3022208877553398398418949e-02 -1.8866022835485433961633106e-03 3.4078618045639292449822122e-03 -1.4423078491353497065929901e-01 9.2041032932899460861086993e-04 -4.0804292493779037442891422e-04 
3.6203900099860036786447709e-15 -2.1069149981591130481583159e-15 -4.0259081933585921797558171e-01 2.3844072961417911438175565e-02 7.6577106015671856861781741e-03 5.5696722671771517476635438e-02 -2.8007909683219127207311842e-15 -4.8607840903900460870255439e-16 -5.5703736273217528685020028e-02 9.1170948949755459961297177e-03 
1.7569625081811576783330509e-04 4.5241507852124898669821107e-03 -9.6023168542871506318803210e-04 -4.3152897971377238151013955e-04 1.5011826648018440403649469e-15 1.0173968257313399834928415e-16 -6.3454180691706060659197625e-16 3.0019438681013901998362337e-16 -1.6600348884767551771446392e-03 -1.2329867698702918002440221e-02 
-1.1015735505351034045906644e-02 7.1965799865677734792335229e-03 -1.7167409841480130161528450e-02 1.4490898953409825367089070e-01 1.1030993753782386557205086e-03 1.4484871601462834256324186e-03 -6.3395431031320084349817127e-16 9.6398090890427039919874640e-16 3.9610272593508727423383675e-01 8.2543237524853402264923830e-02 
-1.5445147647159152004547877e-02 5.3507097654674359854531929e-02 4.6110308384091451867470731e-16 -3.2996273109313835442226384e-16 5.2910185587509123150695700e-02 1.6671461827475156369793297e-02 -9.1430746126316270183664869e-04 4.7905671409321781695211939e-03 -1.0043291119015270926317918e-03 3.8719521579484370010781902e-04 
-1.0829133431018186997513967e-15 2.0395433214388604978543857e-16 -8.8779855902905157085332822e-16 1.6875797361990951503744930e-16 -3.4126579018121869224522413e-03 1.1970403062287075790504076e-02 -9.9900928037703756734444482e-03 -8.8074515552380612526395254e-03 8.2952570011981099917797167e-02 1.2005084896353127033030717e-01 
1.7853487981488655456097092e-03 3.5703354747058241303037107e-04 8.1856959857732087251274244e-15 -8.0769851865156002016516277e-15 3.5170786181214980237186296e-01 -2.0003083635739607459846923e-01 2.3799302335844658984331801e-02 5.0350325655311077566178568e-02 2.0739735916560850824796389e-15 3.4098269336942547415791241e-15 
5.0713551424189373673101500e-02 -2.2484685461782977222711111e-02 2.4822267441843553353875151e-03 4.1980998149115673206965837e-03 -4.9730159398951806828947930e-04 9.5461417586325723015627798e-04 1.5385665012813965758779826e-15 -9.8559111094025031868374129e-16 2.1326357451283301725876874e-15 -1.4224582833524576467178265e-15 
5.3562971087888298221679761e-03 1.1235963007717262446272244e-02 -1.3318151415486683547539926e-02 0.0000000000000000000000000e+00 
6 (band)
-5.7113061150683319677767713e-01 (Ry)
0.0000000000000000000000000e+00 (Occupations)
1.6872269810719320304315261e-04 -9.8776649717347009271861680e-04 3.7614598238117080697406891e-05 -4.5759569380188214182680895e-05 1.5110080838153216504407041e-15 -3.9153262286577085501076614e-15 -7.7805556757565369485618589e-02 2.0831280752134037625999952e-01 1.3479325416602602749627238e-01 -3.6093994700421117016730932e-01 
-6.6130066361241752682826426e-17 3.8505147395943285362134901e-16 -1.5977791081908512826892377e-02 2.4471849138329740402930668e-02 2.8229001069994957839881522e-02 -4.2665913392872206744144137e-02 4.6852251547879752990866109e-07 1.5691021312470854187637315e-05 -6.0640246556637402941919586e-16 4.6956363753577821210402493e-16 
1.9780040858242198688931356e-17 4.0512959708991875563153390e-16 1.6005602201034668796708615e-02 -9.1539008439762842295195355e-03 -9.1996429904622895046273356e-03 5.3476963559427326266870750e-03 5.2666094121475715006397422e-04 8.5251290597243567503937811e-04 2.0462196694270851082819718e-06 5.9199739675996898569110272e-05 
-2.3721455527334579735430068e-15 2.8083241358709173200102886e-15 -7.9396921910151158074953059e-02 -2.0771148073946404943868060e-01 1.3758395756172581148035761e-01 3.5988542806528056594572718e-01 1.6457757930336636733798452e-15 1.0044599120541675406807256e-16 -4.1984062428095398483707257e-03 -2.8922907757118653665484587e-02 
7.0405885843633463083701685e-03 5.0672347285703966957015609e-02 -1.0728102496256053388634655e-05 -1.1460169279900456196230607e-05 -4.9911590459162639201809039e-16 2.7818313688352144148600445e-17 8.0280605027664818927820360e-17 -8.6876589452370044226075218e-16 -5.9523961449797629930102971e-03 1.7451137000560786038949601e-02 
3.3642589914601242484515353e-03 -1.0095199299949682292254494e-02 -4.4304271861009270061515508e-04 1.6932300579203113377602108e-03 -1.3890454314629402388092672e-04 4.8103563410393374022433477e-04 2.1002240627757306462393664e-15 2.8786892907120352927579754e-15 3.4773215101707777296979884e-02 2.2024088969232152868116259e-01 
-6.1373691374478692162064419e-02 -3.8193632462653370751581861e-01 1.2338152035327544865597716e-16 -4.8078721710340156226268118e-17 1.1201718840055510661990468e-02 2.6552661637971597397012147e-02 -1.9090837854184000699220292e-02 -4.6322788376735569981779150e-02 -1.5820690643813780165705118e-05 1.7189899597899131050704469e-05 
-7.9854813534413570821810013e-16 3.4017928773095433178479109e-16 -7.9816559926764679319671171e-16 4.2690729139085719234565580e-16 1.3986819808258527109146030e-02 1.2245264212947051113422603e-02 -8.0453685014963104149554596e-03 -7.0929464533346486126985653e-03 -7.8742188047287858809752947e-04 -1.5631000165311215166497050e-03 
-2.1392073704058767180669065e-04 -4.5268937656183644291374435e-04 -7.9290929157762382390073730e-15 1.0383240142075440043792492e-15 -1.7173168715738282297245121e-01 -1.4220918960125566998797808e-01 2.9861610855769937789006008e-01 2.4590751467167079602482715e-01 -2.6203530282114723857356450e-15 -1.9137164217584266882591006e-15 
-2.5962123497922325043862912e-02 -1.2509615841843194083971014e-02 4.4954058391361607915914789e-02 2.2122238745604660276056208e-02 4.9939061316236560216603665e-07 -2.3356744415008813585757363e-05 -1.1825641583751424405925329e-15 1.6580307683017775206254518e-16 -2.3647960920663505411080578e-15 -3.9684811123661523625861117e-17 
-1.8589606885148480391878323e-02 6.4341660665113097582190615e-05 1.0725569621921560159449882e-02 0.0000000000000000000000000e+00 
7 (band)
-3.9237601174961383998507358e-01 (Ry)
0.0000000000000000000000000e+00 (Occupations)
-3.3049493096145967959071041e-15 4.7084223929231253274912503e-15 -2.4714698285611523555546998e-15 2.7776503770014336102470750e-15 1.7049426581063571728424932e-02 4.1662315927688392536154538e-01 8.2631182679363615362248946e-15 1.3130164325396021943634549e-14 -1.3196961446717920843046580e-15 -5.4175902183079183072379646e-15 
7.3902764131187487217644616e-04 9.9052922011878263841566650e-03 -2.9406838468335387413899056e-15 -2.9052675797160104835619842e-15 1.3830945759999406797947298e-15 -7.4637660615005105814428146e-16 -6.9104494509913691972591016e-16 3.3537510042016174768836914e-16 -2.9556742858574860943754459e-02 -1.4166477723263001808895467e-02 
-1.7006121462712110725679082e-02 -8.1132788747106266563635657e-03 8.4251434882239037666678911e-16 -5.5250461352433249566653010e-16 4.5648603739166225290667574e-16 8.6269619440482100420849735e-16 4.4514105189828382059192161e-15 -8.7261773225854551501117244e-15 1.0509421510715997782458912e-15 -7.8432472122583875895736430e-15 
-2.8830680220772753052926873e-01 -3.0123865554298390190268719e-01 -5.6630486508595127046582243e-15 -1.0209654002379497771348435e-15 -1.4948755934949176358096040e-15 2.4172643499402147596142245e-15 -7.1048400766520920790458860e-03 -6.9413415800326228044525578e-03 3.0807576911415669396554500e-15 -1.8742115101196258880539839e-16 
2.5476886972173097487858073e-15 -2.5916916522963620774781312e-16 5.4901340815869195221638873e-16 -9.6975820569180511184899255e-17 3.1539299808674946257180949e-02 -8.9197929948029719415814043e-03 1.8121887547187253558744757e-02 -5.1604896115064885497858427e-03 -6.9461750536289898216582119e-16 1.5810926479694528375903377e-16 
-3.0037349213665170249923543e-16 -2.3762514712821514452828044e-16 8.4853609480484789336615291e-15 1.1173141989983962844957654e-14 1.5838422685228316280447100e-15 6.0067954326331227812277389e-15 -4.0550029105987706046221319e-01 -9.7075859548210713390048454e-02 4.5798320642588069370367526e-16 -9.0640412096216333582665451e-16 
1.3493621350935124690551908e-15 -1.6349673975568649353291627e-15 -9.5818323249779787514901486e-03 -2.6458458020943587812867648e-03 -1.2896108548158186383864244e-15 6.2324873186118127892949630e-16 -3.1380267378572857818535957e-15 -1.7862402912793087049318058e-15 -9.8717166420357344674022476e-17 1.0586740431117852638262486e-15 
-8.1970059448682481423320567e-03 -3.1734872078565172504038827e-02 -4.6788694802249244930614225e-03 -1.8250755556533042323064109e-02 -1.2704716923670767449899510e-15 2.9672899224853754630210911e-17 -4.1527839098742351509984409e-16 -5.2107418476169127413851787e-16 -2.4295559189728266658888964e-14 8.8191666233646502276335332e-15 
-1.0361794386922743434697797e-14 3.9811450671232054353612253e-15 3.6836767481812787705663936e-01 -1.9534447702908880328820374e-01 -4.9012241482866489756998886e-15 3.8235825397811763315321255e-15 1.4102873943929143030732286e-15 1.4155765862932037841796122e-15 8.9371677170490652908352303e-03 -4.3519011833630383279114540e-03 
2.4168712015441880689970501e-15 1.0564275483967894409585506e-15 4.3266763957760137026102677e-15 5.1738112806677144695520327e-16 -3.0730510273763392714467766e-15 1.1137475412721463353048808e-15 2.7135312347155084167216188e-02 1.8383901547968557049772542e-02 1.5579112991127800486035326e-02 1.0595901868501712839165663e-02 
2.0326053847256930967926642e-15 -4.1165398835774366305146019e-16 7.2600211884934083644947318e-16 0.0000000000000000000000000e+00 
8 (band)
-3.0231596829847806606750282e-01 (Ry)
0.0000000000000000000000000e+00 (Occupations)
3.2072832863078628725735444e-15 -5.2755393828577723262846116e-15 1.6506116247361858991609829e-15 -4.0934673064812002665367523e-15 3.5364362036598095961892341e-01 -2.7394017986390856167489005e-01 9.4054822162302360153514601e-15 7.7866064166252406048190507e-17 -4.9159876817779197782280543e-15 -3.7023616703369810355114070e-15 
4.6490591827223863574669593e-03 -1.9622748222311858778965643e-03 -2.8712649546313778559060533e-15 7.3164407481130619564823812e-16 3.0677846174772617571690275e-15 6.3190804456867216028386678e-16 1.9873948280249013946447336e-16 4.1804042876903403677686752e-16 -4.2681283780033607566650744e-03 -1.2403351910530199808668783e-02 
3.9621864768931758238323937e-02 4.3134859618687709792439477e-03 -1.0624216660762966853912873e-15 -1.1315278252128607691068837e-15 8.9491497727922689449689552e-16 3.4260790344907406129715676e-16 5.6661488111053047646174584e-15 -9.2257430384377920761248932e-15 2.0667319825824880267173809e-15 -7.6324433698103815181807164e-15 
8.4112103007832048073844078e-02 -4.3935428357652062114624414e-01 3.9356408395328500193092916e-15 2.5200684303365547181640997e-15 -5.8221444523549039902727845e-17 2.9320439371086613827750746e-15 2.1896351333572650066372489e-03 -4.5464020659359491438600287e-03 -1.8411144171299619615148506e-15 -2.4585131771497008000527634e-15 
-4.5144462417222197395423444e-16 -2.3574400203108801235135865e-15 -6.7174984974697715114618105e-16 5.4721584259448779163213105e-16 -1.1404054131162071061833529e-02 -6.4813276295103000590458464e-03 3.2573358810068217539246405e-02 -2.2966815729248312577537305e-02 -7.5805720155407446940745965e-16 4.8933683394500716306089342e-16 
7.8774030306524921149138933e-16 -9.8132662204751030163778193e-16 -1.1323185263241790919622518e-14 2.8703517241470404730711213e-15 -4.5965419378583483371270387e-15 3.3662151753394087654935571e-15 3.7826918114801799664093096e-01 -2.3872555829856190179327768e-01 1.6155454854920667972353303e-15 -1.4942845194777376656105454e-15 
7.4377896875369109683339397e-19 -1.1839070510884675969090791e-15 3.4552810935713027667981478e-03 -3.7121089169550938735575585e-03 -1.8713826788429480893523632e-15 2.2562411291518068444581159e-15 -1.1390785677986073451261743e-15 1.4856434927514042314277099e-15 -1.6839929007818359476419326e-15 1.6503428633241900299965658e-15 
-1.0195481552397137742227429e-02 -8.2499696465388808186425251e-03 -9.4848356302742256596083337e-03 3.8705288819591260329744387e-02 -1.2957437858452091777209552e-15 1.1546566544494402896356603e-15 -9.5022069665073203066651257e-16 3.3452179515252352730692259e-17 2.1891367122009614781706520e-15 1.9680255137516996519910200e-14 
1.8580872873680116196650449e-15 7.6485452068617039309707859e-15 1.2587185582032739405988764e-01 -4.2922458166290439196544071e-01 1.4965089842916387214116256e-15 4.0354015480377303650489174e-15 1.9260306133134971780545304e-15 3.7965096915561968458183161e-15 1.3698292481859487140782861e-04 -5.0695123754850076464029129e-03 
1.1575454106789221759651233e-15 -7.1752464526711108696004479e-16 1.5893747648785706003356133e-15 -2.7059859414566055884191322e-15 -1.0417459248121106486822965e-15 2.2990221875373226203740333e-15 -1.3103546388482788243035060e-02 5.5399936730494525431722774e-04 1.8481586547279979515501225e-02 3.5305699939763499073386299e-02 
7.1601541187663253272232958e-16 -1.1753990707578185373486685e-15 3.6809288622030042693368880e-16 0.0000000000000000000000000e+00 
9 (band)
5.8616151484907799695811548e-02 (Ry)
0.0000000000000000000000000e+00 (Occupations)
8.2114433460747616099430484e-15 1.2806922118598735984392955e-15 4.4166761518511746417019360e-15 -1.5806266756171702753378333e-15 -4.3808483825572852587981743e-01 -3.1700160396721105415807074e-01 4.3633196287131916890979036e-16 7.2919481809602638384066282e-15 9.7404010839805397404184420e-16 -6.5522560633558691331879189e-15 
1.1705173373190880248273515e-02 1.7516822224809755481622631e-02 -2.3436013421789146193577599e-17 -1.9576436299604060188117317e-15 1.4167249415387490957738350e-15 3.7154703921582819557052978e-15 -2.1831483376196762037792896e-17 5.8317159019934650920286905e-16 1.3831185785073078775564426e-02 -3.7386230038880946535684302e-03 
2.5483735875351229416274634e-02 7.1974844758682487988465937e-02 4.5954526889013661045130462e-16 -1.4539451451841865729449233e-15 -2.6011214584942787912596886e-16 9.2086460328148199727398727e-16 1.1979184015715934660287526e-14 1.8838996356141335109879087e-15 6.6021728808049174077116588e-15 4.2272011109891230441832738e-17 
-5.3824920864304126588706367e-01 5.1924289330510478568392330e-02 1.5318154157742188063922555e-15 4.0996160298344741738335369e-15 -1.5256686449512671774702636e-15 -7.7918450545170288773992863e-16 2.0364262499208259094007900e-02 5.3987922182144043592444405e-03 -8.4968644697332461582664646e-17 -1.4584327882396929860774623e-15 
1.0555234608716869713622398e-15 -5.6921840055553537395895958e-16 2.0020528630973145701903496e-15 -7.9051086931795750928443847e-16 7.9025298110565675435701394e-03 -1.1951109771555099015039048e-02 6.6713451219385114243642931e-02 3.7136430881277715521093796e-02 -6.9056388982743116812270676e-16 -1.1455481597254341844039788e-15 
1.1345720506289738275910271e-15 5.9863736123936544764840873e-16 -1.2019125045758853649651112e-14 -7.7427801686695371076099430e-15 -8.0830430503989884297261033e-15 -2.0935684534754226636826628e-15 3.8027182294990163891057477e-01 3.8447112652941367594294775e-01 1.2045222471838703886037377e-15 1.7197719668912750668722093e-15 
-4.6473764159309726687008080e-16 3.8143800855864828336654071e-16 -1.9119774031527370095062679e-02 -8.8964280421666638853928077e-03 -2.1068219227715399602269884e-15 -9.0523801702558147265673137e-16 7.8297119864833245607530558e-16 -3.1949992734945317172002612e-16 -3.3802158390062607647043473e-15 -9.8647882623209071008989358e-16 
-1.5820367872159998411801807e-03 1.4239820654317591683279964e-02 7.5029608531197639065268845e-02 1.4182831879215374026870222e-02 -1.5548469618103002581997499e-15 -7.9729765027267922601349192e-16 -1.1713913972011282466149581e-15 -9.3774057809214386764212278e-16 -1.4915046135937107549272140e-14 4.2502633031893701230525898e-15 
-5.1195287011303422477738169e-15 2.3924624974750421891473592e-15 5.3950142171154313874836816e-01 3.6917779397987959821847426e-02 1.3057805327026301573440130e-15 1.1868551438145998281102934e-15 -4.1190547960167903041839471e-16 2.8081663111882918554168565e-15 -2.0225267573167282630919317e-02 5.9708242747548217685404914e-03 
8.8316938331302176658635793e-16 2.6205243110000833864575068e-15 2.9314743787327784620138216e-15 1.7517968873000475800411584e-15 -2.9833679584233571272751308e-15 -3.7621315313210514965675249e-16 8.2302590521261959066734448e-03 1.1727666801119676978637507e-02 6.5659814914907674299193729e-02 -3.8979271180963857845735987e-02 
2.6764333626632624285379227e-15 -2.3289011363160716663673657e-16 4.1908336290545501450231028e-16 0.0000000000000000000000000e+00 
10 (band)
1.6570180439267892524846104e-01 (Ry)
0.0000000000000000000000000e+00 (Occupations)
1.9602862743229806674244969e-15 1.4278907759473417539524496e-18 5.7152487409381573285658507e-16 -1.7339802195569849706878120e-15 3.3013245537847540900244780e-01 -4.6530681403875517876400636e-01 4.6374130047927906991272779e-15 5.5978746806385516734534853e-15 -3.0067333937909626178340762e-17 -4.6749038611940186749448643e-15 
9.2153537905959037601633099e-04 2.2487284505660953826122750e-02 -2.6372697359474637621591800e-15 -2.6620011117458841414840006e-15 1.8658558009030050135903027e-15 1.9179932404179578747209106e-15 -1.2342387068855770972091520e-15 1.0613226392467687620309638e-15 -1.9571147581697576067760735e-02 -7.0655790672138701902227353e-02 
-1.1275761130189791703326563e-02 -4.0685026618233907647059766e-02 1.4305534020623580371738359e-16 8.0564910736022533449739430e-17 -6.2757795141483929779709341e-16 3.0590174707294480620191867e-16 3.4745333800296180400147509e-15 2.5643034355881207026918801e-15 5.5172925977671462566494374e-15 1.4220239448331234380804579e-15 
6.0076907916109145713079442e-02 5.6735230185516571932424768e-01 -5.3823415558147879297856654e-15 5.6873517644229499127792242e-15 -5.2152844947460851918731114e-15 -3.0898915574729131979649920e-15 -1.5562361951392270770222481e-02 -1.6258538753142481869673475e-02 1.8426280713073051029238729e-15 -3.1142425188924730472242000e-15 
2.0560298254810083657682159e-15 1.7607355309209165235151857e-16 -1.9073750004129768251803551e-16 -2.3069625568828148043059586e-15 6.1406047171711303223062828e-02 4.0057058602887045395402055e-02 3.5363564085907336909109233e-02 2.3061494208596239330333333e-02 -2.1059339875313090582169595e-16 -1.8045878733858249187188842e-15 
8.0608097656071406518615633e-16 9.0330165048785821182759030e-17 1.4989864854213524701369905e-15 -6.4572696277134600161622749e-15 -1.9744574627781919994274716e-15 -1.4370425571662200430092185e-15 -4.0448316285335361719432967e-01 -4.0236429626223385591643478e-01 1.2755313324827132944970625e-15 3.0439038566321647657385516e-15 
2.5226839728058507184244580e-15 -2.2155167466481055102301690e-15 2.8954617361077947257363974e-03 2.2344593809012370383415558e-02 -2.2302407723732150509988447e-15 -1.4779219309582875298907586e-15 -2.1455283074187050110681873e-15 2.0025057172364753494862014e-15 -1.6074983278023444462841099e-15 1.4106193074405975508733546e-15 
-7.2564749598686487108700760e-03 7.2959203660731331009259293e-02 -4.1826517429402890538292503e-03 4.2010294596243863418649767e-02 -1.9214911005682900604757002e-15 -5.4380415074575855456059624e-16 -1.6437511059584095324670443e-16 -5.8187328131826459850830320e-16 -2.1082741724283418849292717e-14 7.3207160442286773332481177e-15 
-7.2349517893225635543937812e-15 4.4653113280945890516618089e-15 5.6949558123623988947770158e-01 3.4328397731811635673615513e-02 -3.6127644544376714930873908e-15 -7.7000507990929081835553222e-16 2.2631901452930022418374127e-15 2.0326586664504300547082386e-15 -1.6948662911683766429948861e-02 -1.4846123960855304307893121e-02 
3.3278358010429589406171256e-15 2.5453226724013328513881149e-15 2.9142998595507896357819710e-16 1.1441770565631278091726047e-15 -2.1337263140648041505941962e-15 6.1395563876879913973793004e-17 -4.2805624871514340312739222e-02 -5.9526299288722932245843111e-02 -2.4644452909451001337837184e-02 -3.4278424241200450284239309e-02 
1.5992922705393288042276834e-15 -8.8281717889136420053807885e-16 7.0235005195731236430654015e-16 0.0000000000000000000000000e+00 
11 (band)
4.5845341361507385702367401e-01 (Ry)
0.0000000000000000000000000e+00 (Occupations)
-1.7032962395823536549954724e-01 -6.1290771729567561365570327e-01 3.4342124935230478044445590e-03 -2.5502521630970248489589380e-03 2.8999359578099180893933026e-15 -3.5881451578184949213511919e-16 3.4567413947300618115576754e-02 -2.4881577665594678538951712e-01 2.0299997691446025616102133e-02 -1.4404419294737777490489350e-01 
8.6260352506089888944666979e-17 1.0795342277984071867235056e-15 1.4056341367843561140915654e-02 1.1147927945091756773976499e-02 7.4628259757935633267322828e-03 6.2263345751240317671459934e-03 2.7912455755831906689667932e-02 5.5169597765305361525278727e-02 8.8382565719444301074056360e-17 -5.1924784075636230210100479e-16 
-1.6401851012791702311277614e-16 6.9940293643560846846304835e-16 1.0177570858785428553616725e-02 6.8859639154378440850656773e-02 1.7545964222418684863580296e-02 1.1899117506911632835553405e-01 5.3308928221309503925340323e-01 3.4710786206571719869629078e-01 -8.8952879185271588324823711e-04 4.1840578478969728259961869e-03 
-3.6062402102003422356070598e-15 -3.0136617539578849894290170e-15 1.3861542553195113636199665e-01 2.0949930936523439295449123e-01 8.0030880945264407100303572e-02 1.2147377298522657462775953e-01 -3.0259316511519407873807354e-16 2.7179193390130647166819730e-15 -1.7916074282394091332637487e-02 9.3344117453670119588515774e-04 
-9.7154973071772524062517107e-03 2.6481287860885549534373240e-04 -5.7421751650349010798191074e-02 -2.2924487809159781182000160e-02 2.0117271663126858164685103e-16 -4.2592053703154622081836729e-16 6.7708788307460856144840883e-16 1.1278729668591299746234726e-15 -5.3172004977818022875002413e-02 -4.4921829211372915624522761e-02 
-9.1851697932587170192242354e-02 -7.7653243278851730169165535e-02 -4.2255091393671284638600127e-01 -4.7786047696945915808086625e-01 -4.3292174541652989061546464e-03 5.4273894615708417887844917e-04 -3.3197199483704577610318995e-17 -3.4673489566495143834142176e-16 2.2740801235644320099638094e-01 1.0495352773750291075494090e-01 
1.3105554187572795998839581e-01 6.1710933245220450649171084e-02 -3.2685387478890468578648558e-16 -5.6181502402102207289281936e-16 -1.5606566119997847263967117e-03 -1.6890826552973744328900452e-02 -7.5188157914332989784078620e-04 -1.0079204977743810855983497e-02 3.1076356240150850018810758e-02 5.3378430977531789169976406e-02 
-9.2618138280588628075025059e-16 -7.2800360628207009301364397e-16 -3.6896129553797961705214251e-17 -4.2777455377684031752597479e-16 5.2302205333961966637890129e-02 4.5882263747568541312205070e-02 9.0230163742315017127992860e-02 7.9548589947199377370168349e-02 6.3297492141557853972955172e-01 7.9010500424003982100629173e-02 
2.8884742303553977670060871e-03 -3.2700773614316724913209100e-03 4.9055183918880458648371415e-15 6.8665536903349318502352934e-15 -2.3998828059159107994879889e-01 7.1660813888326513332316381e-02 -1.3911638507265847164440231e-01 4.0378530714374180621284438e-02 -2.3384439787595839344801563e-15 -4.3381165098556654848999200e-15 
1.2340769815146158602803261e-02 1.1637915237377161742360343e-02 7.2294925403751696471599253e-03 7.0632950172687209919319962e-03 -5.8610508577316484946084785e-02 -1.9488588843121552873771662e-02 -2.3043249200546129806131100e-16 -3.5786049355077346528893068e-15 1.0798155671535848201244998e-15 -3.5945664268006777701766861e-15 
-6.9574948611261608344413787e-02 1.7127503318843401852733521e-04 -1.2028907103952617141384707e-01 0.0000000000000000000000000e+00 
12 (band)
5.5200123943735546205857645e-01 (Ry)
0.0000000000000000000000000e+00 (Occupations)
-5.4581755499177908586005969e-01 3.3794495856402290145936718e-01 -9.0503550466659102302635631e-03 6.4625878760404820155827110e-03 -9.2253811703965878112639488e-16 3.6302216048400446036368028e-16 -1.1887375483892470562352628e-01 -1.6231691058084396495075907e-01 1.9710851425186445839976557e-01 -1.9268168773649929637059586e-01 
3.2337427972610323907761648e-16 2.0183251171112643274857699e-16 -2.2608932122772817940870027e-02 -3.6418072471667103928716358e-02 -2.0797963160287258332914462e-02 6.4516515708772370629731086e-03 6.0736064947806395197815732e-02 -3.0606500888153347766929002e-02 -1.6509482692214543894142198e-16 6.2671397150361893519721218e-16 
4.4481491032802771855196103e-16 -3.4456121916689898554898666e-17 -1.1272312765450073768214168e-01 8.1856187549255068902631649e-02 -7.6975727781742053767999323e-03 -8.0377870822258938587889787e-03 -1.8593677907325339981881029e-01 6.1445187976268089702358566e-01 -2.5149854614641420358367441e-03 1.0832765882023337455919432e-02 
1.3945963843009180541401039e-15 -4.0656459433712791676561930e-15 -1.9651061830301186361680266e-01 -4.3143086864337376606926000e-02 2.0430592128002342255932433e-02 -2.7488286611730344821680205e-01 -9.5630186743543828018937577e-16 1.6399331759986926072115067e-15 -4.1042913695543525864906087e-02 -1.2366044220519617838349724e-02 
-1.1334228657544938648205068e-02 1.8593395073180567916848460e-02 2.5318352449767517198253586e-02 -6.3123755521912724986144383e-02 -2.4250713359757545142198040e-16 1.6051880853606522246654555e-16 -1.0467635168465049943900456e-17 7.2113033266351822874148977e-16 -3.0422397780524725041662037e-02 1.3594637421275335142922813e-01 
-1.1089518518617492298661276e-02 -9.3873685331236078610572804e-04 3.1447487776436100492816195e-01 -5.6058158137961200395693595e-01 6.5686599595121408778908290e-03 -9.5437660559131304305324761e-03 -4.7337211595617401616036344e-16 2.2406927578861387616821617e-15 1.6890895227709806780680424e-01 1.1246651800065093906866309e-01 
1.8342522139241057566039217e-01 -2.0415673689321800488016834e-01 3.3269079318493803962064793e-16 -1.1894234899870550597728857e-15 3.6201029224398884043267799e-02 2.0654039179960146516146224e-02 -5.1209095332252338103606881e-03 2.0388238404897347788580220e-02 -2.7938198225493884874204298e-02 6.1984225315985783111294438e-02 
4.4133987814856437077655723e-16 5.3100248485213383773804492e-16 -5.1983772282173908776202638e-16 3.9739690243029750690110464e-16 7.6859947291614050257635427e-02 -1.1618982343502307075233659e-01 -8.4553168797170397130713582e-03 -7.4543645654753711710105435e-03 -1.3482816431650085364779557e-01 -6.2846441763556004644897257e-01 
-1.3841811843888635058519299e-03 -1.1502817335009993954253460e-02 -5.8988237085897762328625823e-16 9.0725129535841664876207991e-16 2.0107591766819010725697581e-01 -2.7339114185148415125947707e-02 2.5780165226234330599908162e-03 -2.7444150358964120028915090e-01 -1.4958276433832442884564707e-15 -9.1729286822412543936634717e-16 
4.0813553929808420173142025e-02 -8.4473467415556117293684579e-03 9.6417330427527557501488076e-03 1.8679961553336291851801221e-02 2.0034151909878943065290713e-02 6.4970915534270742841549406e-02 9.0125286939837885693425426e-16 -9.2155366798127445994151874e-16 1.0744164893178168082631016e-15 -1.2907564916080244575613471e-15 
-1.9184211592788203565307370e-02 -1.3798366784912097227078220e-01 -1.1272086524307063648553395e-02 0.0000000000000000000000000e+00 
13 (band)
8.8534591239074111879148177e-01 (Ry)
0.0000000000000000000000000e+00 (Occupations)
1.8471936518653420122859643e-02 8.9467207049486685566108690e-02 7.4504081539744360096477749e-02 4.0753854222771795923208060e-01 1.5016278912511591246901878e-15 -3.0819987867910386832752778e-15 -1.5653748384900828538590645e-01 -1.4540545855353220749961451e-02 -9.1352142951238640700140081e-02 -8.1152064600295698015841594e-03 
-9.1633782069747670818238208e-16 -2.3037606397331205365280053e-15 -8.3838253310957192021568574e-02 7.5018575204538195944081735e-03 -4.8243205350628808047996898e-02 4.5485179505212192108132285e-03 -4.1929859615880256396014403e-02 -1.5119722554698866723299489e-01 -4.5223780646939358613115350e-16 -6.3567209966317586813410628e-16 
2.0106082278946918811881187e-16 -6.6395791256149360714781338e-16 9.5289933153127059917153474e-03 3.6029700635500858107995725e-03 1.6267653975776823899179746e-02 6.8888042534543392214629876e-03 -7.3021729639344112872123560e-02 -5.4894631581446529100531961e-02 -3.2539640984750295427119227e-01 -2.5642873868880283749760451e-01 
1.1741153191169675330330170e-15 -1.0786386205400478280079032e-15 1.2703633494968225026156006e-01 -9.2613071032692104167516334e-02 7.3890935983754624238883935e-02 -5.4324949858386997747494718e-02 1.7941450070692605350703769e-15 1.6759574932457068409722816e-15 5.7926934476784229521850733e-02 -6.1070458051426065870792570e-02 
3.3179773477639229461999548e-02 -3.5315697784713238893683496e-02 1.3144057110416876299474609e-01 8.5685998904873716952579343e-02 8.3974439394722322504262096e-16 1.2987040697311233552399478e-16 9.6958147693436582589633148e-16 -1.7475055080432216407163798e-16 -9.5304902216801559711178982e-03 3.5990086157926745591417728e-03 
-1.6758195314849282098190741e-02 5.5906242681278695005886448e-03 -8.8938502140848585408861027e-02 2.2275419911331945099774998e-02 -3.9965899794513448650690179e-01 1.0989675716073948885664890e-01 5.1006154725020873917828971e-16 9.1558324006772211924873577e-17 -8.1259482661815651827197371e-02 -1.3475564688091529186309003e-01 
-4.6619680879305638865339745e-02 -7.8529883135815242711785800e-02 1.7951138340320189522573650e-15 -1.1414847710789499992182783e-15 -2.9463399498717290914129308e-02 -7.8549490055408219268962000e-02 -1.7169198930356781296335811e-02 -4.5551792914133151790601062e-02 1.5442532981238762945785936e-01 -2.7941056013923982331847995e-02 
-1.4766916088030116957525085e-15 -1.9916649937404935283402793e-16 -2.9457579550654101177100923e-16 -2.4289875057064250475088740e-15 -7.4512291522316892455890525e-03 -7.0020648456079193078238632e-03 -1.3246785406650916569470944e-02 -1.1678612303548926987240009e-02 5.1982755479785758279120955e-02 -7.5525125806004650419467339e-02 
2.2711260896508400630722235e-01 -3.4673401148724203313378212e-01 -1.3592510560794604562071149e-15 3.0988574058511234317555419e-15 1.5006914565879814205118237e-01 4.7343842366257576914634342e-02 8.6902682190405339257566197e-02 2.8075986513870661992475775e-02 3.2805261466697751580374523e-15 -2.0554988706625325014412811e-15 
7.4046531901691706178958441e-02 3.9436346323122317691911576e-02 4.3002747315240445746820086e-02 2.2814709135651423110857650e-02 -9.7358397451925524079818786e-02 1.2308219832465748522221105e-01 -3.7755810083121668393251224e-17 5.4022740477517471907167847e-16 -1.4091593151354282188586800e-15 -6.2248620490411166611271311e-16 
1.0219798033606890264035627e-02 3.2474010134458009164959424e-04 1.7659765257400587834535344e-02 0.0000000000000000000000000e+00 
14 (band)
1.0019472848280475130167133e+00 (Ry)
0.0000000000000000000000000e+00 (Occupations)
-2.5087913286689755842928662e-01 1.2491410939938905888535459e-01 -2.9189370923814561553655267e-01 2.9008955467822883367290387e-01 6.0610672161717962795283037e-15 -1.8875058199883817957270778e-15 8.2666594349904906624537659e-02 1.7250957004835382191387794e-01 -2.3556883671311715233720463e-01 -6.9069611055353474782236844e-03 
-6.1801134666792086891435925e-17 -3.2806406061771168316619856e-15 1.1905655708822515670419762e-02 2.0016953985279833938548677e-02 -1.3448055856999910351312622e-01 -3.6696230306955304745208934e-02 1.3791175750152731560582708e-01 -1.0792130812878900081308586e-01 -3.3938024316821351460876762e-16 -7.4608544142869404726927557e-16 
7.6853065809071784675689659e-16 -4.6154921897877096259111485e-16 2.4144249479881859515861819e-02 -3.3826023746059002972330632e-03 -9.1590901966883755958015456e-03 -3.0255135438692744298538884e-02 -1.0558003201056581632499842e-01 2.5960880354046811380186455e-01 -2.7113037939839268464226052e-02 4.1063215948080655781637915e-01 
-4.2774011672317334852690495e-15 2.7881699723926680868764168e-15 1.7609175306536539729052038e-01 7.4732938400966925085455728e-02 -1.8127044741089223811592035e-01 1.5060347883611790997804292e-01 1.3856302812666991442364266e-15 -1.8318683689575658927878651e-15 2.2168013316495645964598893e-02 7.1415873799277919398154069e-03 
-1.2514300814808718143034127e-01 6.1407340470732277304399815e-02 3.2079494347266604425961134e-02 -1.7215564947980027676877057e-01 1.1154684128254615757310157e-15 -5.6196024947190734071209256e-16 3.0564409712221788925339205e-15 -1.0359029819440632792839417e-15 1.5873913716782948879480131e-02 -1.8504206145735807576002685e-02 
-2.6878414996855459068170191e-02 -1.6637696983092642444290732e-02 -2.1929465360488020753138017e-01 1.7529886996575644309004360e-01 -3.8599472754675911989608039e-01 1.4409470178469102608076469e-01 1.4059339223398652139323408e-15 -1.2717388384722269338533592e-15 1.2234434543349032020742584e-01 1.4684892971772953162989950e-01 
9.2484371763179459846604402e-02 -2.1637958117268712987524282e-01 3.7134873565202422522072017e-15 6.3563593308324071429667882e-16 1.3584097013049856172983709e-02 1.9272559893478639903019456e-02 2.2259691726525587807117290e-02 -1.3774863276928683841759948e-01 1.5555560017268479922059043e-01 -8.0400823676224961178427009e-02 
1.0652685093042959989828391e-15 -2.5225462036807908974966385e-15 3.2937600648236313000850236e-15 -1.2758127557040891380825254e-15 1.3170004718602419668815884e-02 -2.0574543351009045438759770e-02 2.3694692880174412358273983e-02 2.0889681783500514689055905e-02 -4.8568124493623202053704802e-02 2.7651577928595560962321542e-01 
-1.9424738193132720653899526e-01 3.6334992416283512506325337e-01 1.2226075412975261184622243e-15 2.8838170614796136711744754e-15 1.8888478744876477377623303e-01 2.9245240454250115424983392e-02 -7.3720833415900549612231885e-02 -2.2346973148362750394291254e-01 -6.7530105011272679987898652e-16 -1.3192386277497048142109134e-15 
2.2934754073133386403915424e-02 5.4732359817752157180037464e-03 -7.4397564111813779819115666e-02 -1.1804737252390463952966826e-01 6.3513958953663171569381518e-02 -1.6318031195867355176432056e-01 -3.1203453130051920117024218e-15 3.3986741622531339708801921e-15 -3.1746577674315393041128524e-15 2.8259864558234787271426511e-15 
-3.7272233151306659142132371e-03 -2.4142673106965925611255841e-02 3.1588245847181124770219895e-02 0.0000000000000000000000000e+00 
15 (band)
1.1564342235903553035569757e+00 (Ry)
0.0000000000000000000000000e+00 (Occupations)
-4.0396063992514058549332390e-01 2.1581793363654580564237051e-01 -2.2574632671892058688456473e-01 -9.3166413367466588413279283e-02 2.4434680631729762494221381e-15 2.9468877646017302158867668e-15 3.0713864820134989530586722e-01 1.1311940186913936601253994e-01 6.0199662415594046294131658e-02 2.9241664284246232652364483e-01 
2.8524819007526421420942381e-15 7.3028235741299936642165409e-16 2.4571521099363696771789023e-02 3.8939717954202368588312311e-02 1.7360075542865704978368058e-01 1.3853100402705562088634395e-01 1.2554598928846000260861615e-01 -7.2634129695758990752363360e-03 -2.3168499404929680345069986e-15 -3.3417750671278128030648304e-15 
-8.8329934466645471490672972e-16 1.5115751736235511999967670e-15 4.4727513823500375522712602e-02 8.8544304170663605535462892e-04 -8.5523420083208387398876482e-02 3.9206368817940456805715144e-02 -1.6029238743931684130217263e-01 4.2903138535181206680846344e-01 -2.3094687320978526945403075e-01 7.9403566427748040190692791e-02 
3.8086770639084365307048778e-16 1.8585440394971079619339193e-15 3.0519530258158811264479482e-01 -1.1826231682302745795709598e-01 2.3853502869577308809212468e-01 1.7953420969638136939217077e-01 -4.7812306612607855727459636e-15 2.8577680814704369651618675e-16 4.4182667489770330315757008e-02 1.2959675033672068966694724e-02 
2.2183204502153447412737819e-01 -1.0890599786392118897282444e-02 8.9370055133448839113086137e-02 -8.8473418832037145631552733e-02 1.2290039364357025249309134e-15 5.3445676791892655731161330e-16 2.8904880449464297523848453e-15 2.3216745356117984011266061e-15 3.4136157225616650667809893e-02 -2.8914654970796184463299738e-02 
-3.8224427221509864327497752e-02 8.5966783714436639796119266e-02 3.2456920361372521011134040e-01 3.2300641809982710839221909e-01 2.4285514701813576410316387e-01 -2.4361382884555554673156053e-02 -2.3641232251597103699216043e-16 -7.1163560236189665148203965e-16 3.2651470278905847521855321e-01 -1.9621586934787660361223516e-02 
1.4190546723231028947154186e-01 -2.6270977397575989709110900e-01 -1.3886537732261159979338667e-15 9.7115700778641876346177449e-16 3.4918579193107292246711637e-02 -3.0045921331394269404579944e-02 2.0595661825651290222083389e-01 -8.2757992831154536528259769e-02 -1.1814056381437451626048585e-01 -4.3083005223487860768649682e-02 
2.5775930288149490764501588e-16 -2.2833244592326925299814784e-16 1.2587067152317281826102409e-15 1.4447354637141422406106693e-15 -4.3087907926559733395865948e-02 -1.1953767487939670130514536e-02 7.0598827790632950884841534e-02 6.2241239179265613057356887e-02 4.5707092935695581292776524e-01 2.7649224309873043914365098e-02 
1.6605786253781459893552608e-01 -1.7887673325124903156435607e-01 -4.8224705128298084985889278e-15 1.8680385941225730257932764e-15 2.3194630470269328448296164e-01 -2.3064641672054819743209464e-01 -6.7288228854614176577264573e-02 -2.9090527879438060621097861e-01 7.7956964358547764409174595e-15 -7.9510485942139757895995481e-15 
6.3230885074728668260313214e-03 -4.5629848928576161037895531e-02 9.9761496608250593842726062e-02 -1.9827924191803653064525292e-01 -1.1710984723764668313794601e-01 4.5810717495391957421180251e-02 1.9791788680526137813443463e-15 2.1632725786647050804828433e-15 1.1230081898397281261547802e-15 3.9137799563984928835764199e-15 
-4.0225884978019987858743889e-02 1.9527891447307276634459683e-02 9.4117832210393603808995522e-02 0.0000000000000000000000000e+00 
16 (band)
1.2279455552578666388541251e+00 (Ry)
0.0000000000000000000000000e+00 (Occupations)
-4.4092345779220665225039966e-01 4.1793796239732017294699062e-01 -4.2655689434468319065629771e-02 1.4970738026342766957554886e-01 6.0206478470344645009034110e-15 -7.4273611770447864765442617e-15 3.6923359145904238731716873e-01 -4.4321247629258986311384660e-03 2.1179834859103230382260108e-01 1.8502527968774912237037711e-01 
9.9625931442607496334796123e-16 -2.4547549091089329001800450e-15 1.3246434538636484012918970e-01 1.4153546445332612635503722e-01 8.3376169293849194952272796e-02 9.8137574926458873147971929e-02 1.0071514741896794853381891e-01 -1.1546810822967847054432156e-01 6.0151693715346985158476124e-15 1.0242637523831791637370894e-14 
7.7638318794369483963760052e-15 -3.5286603899655949763389288e-15 1.3920188281732776003352114e-02 3.2274205811560780637892165e-03 -1.5643766079112022410191329e-02 6.6321152469940469753595380e-02 5.4354233047097438857875318e-02 -6.0508780635046299778423418e-01 -6.7006762067259417747777661e-02 -1.4050587668751077230488988e-01 
1.8557521367142198335341659e-15 -3.8997087536436615934583652e-15 -2.7403518753853789435837029e-01 2.4750314095461051211444214e-01 -2.8123169864989772115393407e-01 1.2752505239528866276543795e-03 1.9606568397326591908901378e-14 -8.8803119256910821673539131e-15 -1.9296205381273343060222203e-01 -1.8567075295386953337484215e-02 
-1.2744093026363212395324354e-01 -1.8476431259769887649468956e-02 8.1288308034549797143064609e-04 1.5321802817834828669418812e-01 5.0531936564389009370121486e-15 2.5652758644358971034967027e-16 -6.4972748495977348566842682e-16 -8.0589813184429964510872655e-15 -1.2576018846169302600745965e-02 6.7846617739638417909908696e-03 
-3.2124402943660097797806685e-02 -6.0093638744815124075326906e-02 6.0313546122956829265149281e-01 7.6123151465052690811674552e-02 1.2311400605548565578839515e-01 9.5572065628981656137952427e-02 -3.5836865207056821258377817e-15 1.3408850230909507822613418e-15 2.9535125463610389928703626e-01 -2.1133605154076848253730248e-01 
6.9613964460726485139474562e-02 -2.8025297017131312049542657e-01 4.4433487664946154487536388e-15 2.2387869440462782060622105e-15 2.2044326105278955196808965e-02 -1.9273541925965875787341020e-01 1.0101106213575281045358167e-02 -1.2876656165912037099730014e-01 -1.4944588822657220439360515e-01 -3.3302635302997166122374040e-02 
-5.2825027790602754042244779e-15 -6.6297088951112676527517803e-15 4.5132596117933849122156789e-15 -9.4861605764801872449145733e-15 -8.4037927448323279655539864e-03 8.7067503466785635402036547e-03 5.1455971011644105472804256e-02 4.5364540731976037146733205e-02 -5.0275972924460976543059587e-01 3.4175981833942797871728203e-01 
-1.5555211976268645823751058e-01 9.7270886162419828435687918e-03 5.7455529423907762049657304e-15 6.1486210653220776247268140e-15 -8.1787207077224269302639925e-02 3.5384480080182434402757963e-01 1.3311640912362449062911196e-01 2.5625739591237495229592014e-01 8.0998667847750320565523092e-15 2.0745413249906230273682768e-14 
1.1092252659042933782274076e-01 1.5915114591302972901765145e-01 7.7577903495803249289686221e-02 1.0326920469068509578214332e-01 1.3412444294191400162574723e-01 -7.3849663719423100372019064e-02 -1.0601283540723747854814070e-14 2.0591453419563111404756065e-15 -5.3342889017387089443618519e-15 -7.6694490080852943571952786e-15 
5.4590065211137996526585825e-04 -1.2088557671427392625762565e-02 -6.8597802505428254193908799e-02 0.0000000000000000000000000e+00 
17 (band)
1.2376025599508517771596416e+00 (Ry)
0.0000000000000000000000000e+00 (Occupations)
1.2283201181705466487059653e-01 -5.3101187533954208319642021e-02 1.9776995613630637960156378e-02 -2.8066716682717540720659599e-02 -1.4882450332152781111678848e-15 -1.5374785004416861412996178e-15 5.4259370668402501225457968e-02 -3.8791751271591262684168555e-01 -2.5874003460270850185409586e-01 5.7105608335365831695895622e-01 
1.5525468734887266304043797e-15 -4.3482396242788737472191336e-15 -1.9337801698279932088864186e-02 -7.7060586865620894769790539e-02 -6.9690030936824798324380481e-03 3.9484940451482770928937072e-02 -2.9643726953175970895149050e-02 1.7332139324001946678599495e-02 1.0755935836360209746700366e-15 1.5811012867471355668667959e-15 
-1.1241228873393576323111372e-15 -1.2093452772400512816170627e-15 1.1587913636765310998466560e-01 -9.1703722120735714495864954e-02 -6.0691151001289772581870352e-02 4.0029472972180041301371034e-02 -5.7021206389893608346142173e-02 1.2106205543597703400138244e-01 3.7259094291684780042572811e-03 3.4131916731672262699248677e-02 
-2.2728291824601452135019538e-15 -7.5729529438780622847147418e-16 2.1583389935632110723240373e-01 3.2686358601969534021236541e-01 -1.8356239957496656156621384e-01 -5.9946334442042015222540385e-01 2.8365695009186403102728280e-15 1.0824583739349880189160350e-15 6.5466579559232310203675809e-02 4.5015681527775103232258402e-02 
-2.0884333257316013698901003e-02 -3.4226775351700058913628766e-02 1.0774138346275108357730232e-02 -3.2604777933869025230428917e-02 -9.1689522705253151072907388e-16 -1.7351809052380671381443816e-15 -7.8694366795179459754268375e-16 -5.2994390851261891007927685e-16 -2.6277463395813729918337742e-02 1.4542022491246320292646033e-01 
1.9053138755533272075126661e-02 -7.0162329065202658218147747e-02 -1.1966363350056202774496228e-01 -6.2332517858562822010703997e-02 -1.7862731952271324042946787e-02 -3.0657811403098152169821589e-02 1.2059466693770067741151569e-15 -3.9310133923353571687591017e-16 8.1796000151139400258237799e-03 3.9528118697027075922889594e-01 
-1.8407843668650653023988184e-01 -5.9592523868352886839971916e-01 6.6948005554214668269761103e-15 -1.0062684991551080342586860e-15 -2.6468093080527509836086253e-02 7.7250702436361382008378484e-02 4.3122972636844281169032911e-04 -3.9562138413617137233657672e-02 2.8594833894719631772751711e-02 1.8704105265480740205585874e-02 
4.4525991629913131882916089e-16 1.9005763434640338580933981e-15 -2.2423016455779509254795222e-15 -8.1945692645333192452496620e-17 -1.0366757209151264418345306e-01 -1.0546681762697629469727190e-01 5.4138234775832259904060351e-02 4.7729274336082309904139009e-02 1.3098224977633030063906006e-01 -3.2378669038028412563434699e-02 
3.3673407416950268400412938e-02 1.1183927116981781657578665e-02 2.1036426541280486879313742e-15 2.5996682027420538096208616e-16 -2.6753974759916554493344165e-01 -2.9109552741950478482735321e-01 5.3217170422602222412677975e-01 3.2527686387767318354491408e-01 -5.2950645712928346202079966e-15 6.3184718821019080052296222e-15 
-3.1232796514038412699632019e-02 -7.5450271040880700912367729e-02 2.5839441359205919668262652e-02 2.9961175297034112197103184e-02 -3.3818548180993980578623592e-02 4.8799465343680840934137422e-03 -1.6599917631815616806394562e-15 6.1440671488813297464263879e-16 -2.3755942477378865648308542e-15 -3.5946370359605941618966854e-16 
1.4750865128220880251319613e-01 1.0555231907280974296137188e-02 -7.2173624637345210053318567e-02 0.0000000000000000000000000e+00 
18 (band)
1.3145589958520680351483634e+00 (Ry)
0.0000000000000000000000000e+00 (Occupations)
3.3301642775296367942820443e-15 5.7643241274744908055528006e-15 4.6564805686924174742837667e-15 -2.5704965202363499197942238e-15 1.1392253954521265602028990e-01 6.6591693319411365825644111e-02 1.0962186373868904227076913e-14 -1.7638256116547739071850512e-14 7.0529029801432651663065423e-15 3.3342669309599745023721486e-15 
4.3078232830889462423584746e-01 -1.7076106154920053792345414e-01 5.8174414306175351662737627e-15 -3.8648105847341977303114837e-15 -2.9000005047675239695045076e-15 2.0725996672978625327754688e-15 -2.9490371760922240799704145e-15 -1.8896720260935188169828608e-15 -7.6259998237673848331397153e-02 1.6532133807404661429707460e-02 
-4.3585802481604367375478404e-02 9.0711414090067100240988296e-03 -3.3829827837813995149640763e-15 -2.9425167659206418232436581e-16 5.0715035499244478566194325e-16 2.3998317688422581361964857e-15 -3.1818033491318908585279120e-14 -8.9186500370654215285205631e-15 -1.3592490581408474866619847e-14 -5.3819618174016444874765283e-15 
-1.2949243491740639044884631e-01 2.5387160824640583878242239e-02 -2.4494375421101696601260949e-15 -1.4042010819970334313530826e-14 -1.4847321336966123581241543e-14 1.2093604740080473143178208e-14 -2.1020827692785393203678268e-01 4.1297122761217430753077906e-01 3.3802333684430326159282862e-16 3.4746181541807892318606869e-15 
-3.8676604875891094610179574e-15 1.0620161319654290336956306e-14 4.2757764919783796026303314e-15 7.9968558986860514753730262e-15 4.6270572602259127381607584e-02 -6.2832578257705634650065463e-02 2.6695339474374090577013519e-02 -3.5628171925937715536214512e-02 1.2267427904132007882563220e-15 1.7032164333208921549864160e-15 
-4.0141823575812866439936982e-15 2.0531606902427801197659136e-15 1.7849154789530410102881236e-14 -1.6604447531523190915301938e-15 5.6026684695436947124164911e-15 1.5073737717395779138542182e-15 1.3108087477459542946611748e-01 1.5198544223660043206436399e-02 4.3534104236341936370672320e-15 -2.0590122134048575174107181e-14 
-3.3088845897124422537789711e-15 5.5762477223234259659063547e-15 2.4177950670925921206055875e-01 3.9529423299462906893353420e-01 -1.1015491231716437501779414e-15 -7.5470210218156295663079254e-15 -3.2486987242258090948143284e-15 3.5868480093004821877398312e-15 8.5387865918132008115188830e-16 -1.9973028238362236975300477e-15 
5.1039356617275141725365017e-02 5.9012084052277577472800374e-02 2.9378051245076870767736210e-02 3.3430356716487037715968000e-02 1.7892198647308682070015678e-15 4.9777937988083485705950598e-16 2.4516424464003599349648338e-15 -2.9689394783583826014631572e-15 -5.1476528790671209119435039e-15 1.6921642698793717775634116e-14 
-5.7939321540817306694458412e-15 3.1450447199523861905519552e-15 -1.0837619281597019038620999e-01 7.5284741541078795123986822e-02 -1.9454104160218597656845495e-15 -7.2599573450363580313461435e-15 1.5278141432819253921234825e-14 -1.1284515564964798475564049e-14 -4.4277425096560202311124499e-01 -1.3662292335137254939425588e-01 
-1.1277660227543919717297872e-15 -3.1074445134696514942734278e-15 6.0442079680729145972282221e-15 5.3262641187635346269399732e-15 4.9559091410979009696009181e-15 -6.2273979072599489975741263e-15 -7.7310577766797131116227604e-02 -1.0512685360013247423682792e-02 -4.4144693001797311038281180e-02 -5.6484267663621939847828912e-03 
-5.0717018504281239026803341e-15 -2.2652990220538870568795331e-15 -1.9056956783023620356478339e-15 0.0000000000000000000000000e+00 