146 (index of k points)
0.0608813010928960646195307 0.1052981448189159174866347 0
18 (number of bands)
52 (number of orbitals)
1 (band)
-1.4364509475155038398241913e+00 (Ry)
0.0000000000000000000000000e+00 (Occupations)
-2.1409101939685296067672482e-01 2.7142003838770456525253394e-01 1.4728006923747746781394596e-02 -1.8671830245643561418944500e-02 4.7940520773272502009998457e-16 1.3741580453867669504037616e-16 2.9988716975657886409933894e-02 1.8381146493610792114203889e-02 4.5949952732935867016905718e-02 3.9293444560596885173353598e-02 
-4.5341332233405147192220606e-16 -4.4486022220652141271113288e-16 1.0255806100210623776902708e-02 1.4337135357802593960130366e-02 2.4748680254441643433516163e-02 1.5909110244708937753621569e-02 -6.6386004333563453094768647e-03 8.4162769760375705230259769e-03 -2.9173001217230654600194134e-16 -1.3717609346925757364675686e-16 
1.4612530995379052632146913e-16 -4.8153353965340785816242561e-16 -3.6797337571272945890010764e-03 -4.7210364069835324477009131e-03 -4.1634491685438798636020863e-03 -1.2518405579690916606949713e-04 -3.4542296752056106390327272e-01 -1.3666577261609649807105882e-02 2.3762733250344655888675049e-02 9.4018144064544201254918221e-04 
-2.3897805740973366871481125e-15 -6.8738242671431908772941022e-16 2.7562656873388186040685355e-03 3.5065548501722478003106431e-02 -4.7803598514300493782513968e-03 6.0270399876615622647424431e-02 9.7841976187543976497516075e-16 1.0331502119623905991663882e-16 -5.5707745774629599533334101e-03 1.6724278150046272689577265e-02 
1.6761687166843425300655213e-03 2.9373243292968913287221966e-02 -1.0710982533610184652683728e-02 -4.2377708271680754326116158e-04 -7.0199638839815790677891938e-16 -4.9731086172291918583178080e-16 -5.1491220861747582086411501e-16 -3.2862856681003182097829409e-16 1.6565054489663666448251433e-03 -5.7519227200070535688247730e-03 
-2.3459379916977783457621154e-03 -3.4418824741661779506585184e-03 -3.4650863737992271262911004e-01 -1.3709596350465647063288088e-02 2.3025006132944659392736142e-02 9.1096855333822751576988708e-04 -4.8509069776367491592539642e-17 -4.6529516256732190323417896e-17 -6.7092412234154661515583840e-03 3.4965147360278323040994053e-02 
6.6743094206789255196099475e-04 6.0960015121287007555661575e-02 -2.5397025907802277675935325e-16 -1.9265690670751829564703154e-16 5.0452762408129542270884826e-03 1.6985773224073259096700284e-02 -4.4473375947670576446846269e-03 2.8856785091006913190891936e-02 -1.0719897232721924129617008e-02 -4.2413249845134034024529690e-04 
1.1271293044854219517806380e-16 6.4238780078506581718814397e-17 -2.4951480702417104123826238e-16 -1.3670942211487021722449625e-17 1.0630766142436208487875859e-03 5.9002742537313133605603177e-03 -2.3818169569372630786641132e-03 3.2782897967490219962027886e-03 -1.9258137043751721861895021e-01 -2.8838967486958233532590157e-01 
1.2796769999695936648187455e-02 1.9163075136896072503400745e-02 1.4328987664271407847974587e-15 1.0276406475726603529796043e-15 -3.2230991469068395738339916e-02 1.5124107796539946330094395e-02 -4.8925382142379569838652742e-02 3.6371360847133431259958769e-02 -1.3660285159199740286354573e-15 1.3047733149338266926578848e-15 
-1.0776240231452158951919174e-02 1.4065701221044894092537803e-02 -2.5959708990557658209175074e-02 1.3363621013626286737618898e-02 -5.9578671012118535055268609e-03 -8.9218778662705430781976190e-03 -1.3684097371321661226619265e-15 -1.3390240994758199390170853e-15 -1.2815134164028395994640672e-15 -2.9896122203640395604586037e-16 
-4.1485613864223336300085521e-03 4.3281412384612773930347984e-03 -4.0521890390042489271671400e-03 0.0000000000000000000000000e+00 
2 (band)
-1.0672344790151770954622634e+00 (Ry)
0.0000000000000000000000000e+00 (Occupations)
2.8174093525744951793665649e-02 -3.7733585866777274997474478e-01 -1.3913989519253044946367481e-03 1.8635014805754988864716637e-02 5.6531532153459748491362090e-16 -3.5144239486118100094794624e-17 -6.7357071181696578920927720e-02 1.0497018011092978939657883e-01 -9.7648520776285774314118271e-02 -7.0890904438052695923921931e-02 
2.9068950392314982811371363e-16 -3.7136430028418773123201130e-16 -1.7640939992062353719459722e-02 3.0725056386407628705725870e-02 -2.5020310720294688944242978e-02 -2.0394458951429297183244316e-02 7.9048974223466165860141341e-04 -1.0587062898730806304037344e-02 -9.0784803528842047347760172e-17 -6.8624962633269739982354148e-16 
6.1406796335228907811490610e-16 4.4718087903976768173815734e-16 -5.2099153350975424547897319e-03 -4.9035366378424594113738522e-03 -3.7745842887587748026856360e-03 7.5600479331199704757793256e-03 -3.2183143890165133438330258e-01 1.9899913245292608077186003e-01 1.5893887451371491170704076e-02 -9.8277214825117226171258267e-03 
2.4934900065474124085672136e-15 -3.1560116882593045286074720e-16 1.2451415268986722184596516e-01 -7.2069085341037730785274107e-03 4.4413994848335747178680322e-05 1.2066794093394975218025422e-01 -2.1313384870975069097926882e-15 9.3766471267699482319588008e-16 3.5226177133293200272046164e-02 -3.7879147727833857584034405e-03 
-1.7928942305893286190965341e-03 3.2229418777566076759200087e-02 -9.0297520176369633349011679e-03 5.5833998024725078890284635e-03 1.0869181614858411890296817e-16 -6.3129754423639928014279966e-17 -7.8917862747146442338148854e-16 1.0213054469190696703842035e-17 -9.0473307222469628863237290e-04 7.0971365652327950135358492e-03 
8.3348522345190381027668636e-03 -1.3899818461891241816452691e-03 3.2149499344506432541024310e-01 -1.9878973182018941368021103e-01 -1.6150446614479965767863234e-02 9.9862921721043593215050294e-03 -5.8381753013529569939377457e-17 1.1719571782361012290227366e-15 6.1931465077114597472807134e-02 -1.0798188872579611574664682e-01 
-1.0774442118594164397027413e-01 -5.3907005812391980970055272e-02 1.5504095798216176046637434e-15 -3.0342540658094684257407891e-16 1.9178983718619618814571481e-02 -2.9905027109156177844706548e-02 -2.9717409363067631700161542e-02 -1.2836456324869776474129068e-02 9.0092363408892043447062647e-03 -5.5706712639717898688518360e-03 
-5.9513028862188032760389023e-16 8.9361373545224080041338032e-16 1.7631448006676473133776758e-16 9.5837390872262960030325247e-16 6.7350130928913046549078025e-03 2.3568834946599385993248887e-03 -4.9525720016029631254106391e-03 6.8166305614899402182116361e-03 -3.4979428719615768272888090e-01 -1.4324924059948096477512536e-01 
1.7572074416622784909236543e-02 7.1961905123514267879070161e-03 6.2899881309242623901710682e-16 1.9275873128193824869901800e-15 -1.2376158488782300348685084e-01 1.3366553985451496214253986e-02 1.9718897982992193707030282e-02 1.1885281079844373097742505e-01 2.0699216337070940718159655e-16 2.7954319616211862610047608e-15 
-3.5466798932110403519413211e-02 2.0616101443051704222853004e-03 7.0825436485570814754142432e-03 3.1586968922306418727785626e-02 -9.8022639785980397036935230e-03 -4.0142668908635121410855007e-03 2.5025733728509174191316197e-15 -8.4386607769885039706005813e-16 9.5714695001041960967377527e-17 -3.7411582544515923320527456e-15 
-2.0519825697040299829210230e-03 -6.8340814088273726598088409e-03 8.4258187520824100874561324e-03 0.0000000000000000000000000e+00 
3 (band)
-1.0311385570990110327471712e+00 (Ry)
0.0000000000000000000000000e+00 (Occupations)
-1.8940705076043157228937730e-01 3.0633522468220819590101200e-01 8.9953868151837687583416425e-03 -1.4548581756351042226782511e-02 5.7952066260125057016463662e-16 -6.6880254931861357889117356e-16 -1.1949273424625278527955174e-01 1.1984756381046723916483643e-01 -6.6909348184031464112919707e-03 -1.1614827600175620103684082e-01 
2.6229324048453634085574008e-16 -6.4790104154090187237715923e-16 -2.9987743314817238982072922e-02 2.5507156561742239109236152e-02 -6.3961592322423835299538553e-03 -2.9422875072801057960703019e-02 -5.6262222523789096051416436e-03 9.0994989492983943679682568e-03 -2.3880205136455678381794023e-16 -1.0906652991891249343729599e-16 
-7.2687757262420144923104370e-16 -4.1791010119170327985139666e-16 -5.6109678921871459014725225e-03 -6.2564937244415433359456813e-03 -6.1135294236183274074747374e-03 1.0614675470508316834639118e-03 3.5916107385824230791016021e-01 -2.6825804440132175465727471e-02 -1.7057405593455275683023586e-02 1.2740209953002873399796613e-03 
1.5560596389773039115849698e-15 4.7910763196453289408314240e-16 1.6719478280562263816655388e-01 2.6227022162817078404506432e-02 -9.0033096335516857311453975e-02 7.3683323697859182122016364e-02 9.6524444384711752456296256e-16 -4.8553510399722988638120999e-16 3.8262076407489319096466573e-02 9.2678635061260675881422699e-03 
-2.0044037887123205415873528e-02 2.2468933567337763534954576e-02 1.0668659756272059341286607e-02 -7.9684187034869194410369175e-04 -1.6883151657878790418861673e-16 8.0145144397447596491733352e-17 -5.6502896737529156452703684e-18 -4.1963519575963817271480477e-16 -1.7635655693831187029729790e-03 8.2168431221252766216700536e-03 
4.4521877196062858289549169e-03 4.3220342289551896483579263e-03 3.5842686730613004808532196e-01 -2.6769717659322525560305905e-02 -1.7074928214674219006941058e-02 1.2752691741389210466905979e-03 2.3422910381622780703366777e-16 -1.2903602038496446599403902e-15 -1.5939548389840896280844618e-01 5.1707447987216985374470113e-02 
9.8981902260110596336595279e-02 6.1447706859936251921894268e-02 2.3615798816774370138097228e-15 7.5412265169931202931435464e-16 -3.7833911973906043935134136e-02 1.4343615233360973437726216e-02 2.3849087705815896764960371e-02 1.8139503010094856771949878e-02 1.0677572975752966030760227e-02 -7.9747485216260117352193859e-04 
1.3503871586728633146130794e-16 -2.7536921839336024303184839e-16 8.9249567696305334120326798e-16 1.0664578777638807920230584e-16 -2.9047491487546612393133572e-03 -8.0001375857656452372790312e-03 3.6341364899589098658161390e-03 -5.0019597603142753466931580e-03 -2.3233518317478801806785782e-01 -2.7423858162115216652310323e-01 
1.1068105424052832735926089e-02 1.3064322689101293128999259e-02 2.0475506976968477983842640e-15 8.9933417712733145790227928e-16 1.3552251888421365522141571e-01 9.8560779927095845676099373e-02 -8.4678632882366298290088835e-03 -1.1619609694265049804062784e-01 -1.6568685810737358349239525e-15 -1.4813873557052032716448978e-15 
3.3842443981448228074171425e-02 2.2177312248658924420663396e-02 6.5702416774875063015803889e-04 -2.9956449607660185635582550e-02 -6.9212906341800939369335310e-03 -8.1695940382357640219268546e-03 -9.4847739840013748349110275e-16 2.4763303649534460464883323e-16 1.3400057300145874535432854e-15 1.3803668349350940656809258e-15 
-4.7648785523075488229638452e-03 7.0523543154108149152992091e-03 -6.1827622848891899964840491e-03 0.0000000000000000000000000e+00 
4 (band)
-8.8916917627028735360283918e-01 (Ry)
0.0000000000000000000000000e+00 (Occupations)
-4.3159036307846926350251238e-02 -7.8706605659316392076263469e-02 1.2067196849343264641873930e-03 2.2006268790520089329021403e-03 -8.9935635384072427972713795e-16 1.1005172183779951777822482e-15 2.0903054702933604458436889e-01 8.3812557824376854309633700e-02 1.6847186579701614594917203e-01 -2.0711323690445287981631850e-01 
1.1121438532068918075724918e-15 -1.1150029721895308052472331e-15 3.4617542528085215591815427e-02 1.1462703560804574087761409e-02 3.0252626479254710045729837e-02 -3.4192005237896394564955926e-02 -7.1779393361173088328186509e-04 -1.3089983475844599314363847e-03 2.4982764764641543221793872e-16 -9.4815979361082940187222155e-16 
-1.0405339649315746436334075e-15 -1.4074239199756498210877773e-17 -9.6458004453590928672923610e-05 6.7362906155202656455216470e-03 -6.5719424069625616280365676e-03 -8.0055831406255321958109761e-03 -3.8306736495410304010889035e-02 8.1178975902058247982040484e-02 1.0710525087584878839441771e-03 -2.2697527579598197888799405e-03 
2.2978950923033826540068592e-16 -3.6954329650294914534179464e-17 -5.5059289221098303701573684e-02 -2.1837305033111903407316845e-01 -2.6658340655876355818065804e-01 -1.4558496271724508108746932e-02 3.1984331201637899262287141e-16 8.2636841823521929504107723e-16 -1.1074158989718925483192180e-02 -3.4743788312117870886730486e-02 
-4.5443960997244473021261513e-02 -4.3773325167717272443645982e-03 -6.3709322031551413045846743e-04 1.3501174147943625566958836e-03 2.8457101893244362970817147e-16 6.6062553503401406864458364e-16 1.3519852036442137337685027e-16 5.3734330860274280884601618e-16 5.5064701791180947765269593e-03 -3.8814561146328693114204711e-03 
-2.6137619839743989579028405e-03 1.0022376799594369389811988e-02 -3.8400057290667977127895938e-02 8.1376563199733950582093200e-02 1.0638734594298968061387711e-03 -2.2545402732898206510370187e-03 9.1746673124341645642354322e-16 1.8233139526715276653055574e-16 -2.0292913796692041428215703e-01 9.5859174813688441396664075e-02 
-1.8031368323547891652225417e-01 -1.9587595822971837211667889e-01 2.0354355304910509880174417e-16 -1.7041916538829747201623317e-16 -3.4254086031195299377749564e-02 1.3881916311979488470873534e-02 -3.2484205219567102718158935e-02 -3.2700528855220026280825607e-02 -6.3540802537540800459803236e-04 1.3465420022514347671294122e-03 
6.5928502418025087000755716e-16 -7.5255199879764306325360175e-16 1.0506208753929723824602138e-15 -9.5353517594914165424374336e-16 -5.3397943088632528196857407e-04 -6.7590516259359075673662787e-03 -6.1155000574468210139400526e-03 8.4172637120421157225225173e-03 8.8406009933478274520624041e-02 -1.6765644806246388781589829e-02 
-2.4492905253044594537925605e-03 4.6449381503450154484724521e-04 -1.2800547955684286033741733e-15 -5.3217673950247617226141252e-16 1.9683045605857821258588558e-01 1.0782851199814148801525704e-01 -5.2481255180374740409998680e-02 2.6100983358686596913500466e-01 -1.3904930547786973810626803e-15 -2.9590125008626819944761176e-15 
3.1364752812620341759775044e-02 1.9552552041322553838531562e-02 -7.3615468041236279891914585e-03 4.5501162675357788300889439e-02 1.4628588299385211594916267e-03 -2.7742163975869163277873652e-04 1.0875584479308809038831770e-15 1.6651912465308501794001556e-15 -3.5627136472610061057688010e-16 -1.7043869706815661837438227e-15 
-5.1543223963241274060420594e-03 4.4048692999278478074631771e-03 1.0404310133339573704591707e-02 0.0000000000000000000000000e+00 
5 (band)
-6.4742824754314964863510795e-01 (Ry)
0.0000000000000000000000000e+00 (Occupations)
2.0356902018503947315863911e-01 -2.0549601469506798001596337e-01 -7.2795484122640252699909524e-03 7.3484584595102098170116278e-03 2.0745517461319075592330995e-15 -5.6945572493921413417723457e-15 2.0150082260241175546866543e-02 2.0195130077475215157889465e-01 2.4483460175213098142243950e-01 1.3731569609987090418989908e-01 
-3.2318826001286725762327759e-16 7.2411089285200362332265991e-16 1.2979678712528419648464251e-02 3.0598137871592434589018694e-02 4.2918136355459296504832878e-02 3.2258646060244519637727478e-02 4.1056881467106710881243004e-03 -4.1445598119441663317874536e-03 -1.4293629545970627461153357e-15 6.6175676921044481707081449e-16 
7.5127653284262367449738099e-17 -2.9103177871741836143713626e-16 1.7787755736479948787120975e-02 2.4855526490565160724344196e-02 1.8605747973097858105617775e-02 5.8644852923374693465241592e-03 2.8590463605715682460228777e-01 4.3903269988375126509083657e-02 -1.0223838976426535829489239e-02 -1.5699628663468565004102118e-03 
6.5180618813309926551569906e-15 -8.2582408351751394562289826e-16 -1.5153811316512152962410198e-01 1.3500575527753846949430283e-01 3.2819436447846621340840301e-02 2.7878749470116942488218115e-01 -2.9967967110276308631375832e-16 -6.1594654703215776746123078e-16 -1.7125149804943562426018389e-02 2.8485914850115777452455035e-02 
-8.7114526758544363893577156e-04 5.3682658091687568413519216e-02 5.7662822652983052040820411e-03 8.8546034904589399072705191e-04 1.5110679611385324659717032e-15 4.9214826012972969219037800e-16 -1.1512657882398922054597530e-16 -5.2133432057272814767412712e-16 -9.6531628389879726992450770e-03 2.9000308592630891224573020e-02 
6.1917160034395644918614465e-03 1.8499424269830030270744814e-02 -2.8590066735188313096216461e-01 -4.3902560861272296732771281e-02 1.0247678909121288315375864e-02 1.5736220190432914645128903e-03 3.9100935869224798070229959e-15 -2.6961846965034209784560934e-16 -1.0381967636935351961824381e-01 -1.7424820293354131850449562e-01 
1.1483350070747018467631761e-01 -2.5616589920621807285883165e-01 5.2962651595783986711019431e-16 -2.0946479499312969220705483e-16 -7.7813476943489820469856966e-03 -3.2330661170641303292505597e-02 1.5278558069176476422179611e-02 -5.1505088996247477828305250e-02 -5.7630697381278062768616977e-03 -8.8497521429452448427088740e-04 
-2.3147695912435534457110780e-16 7.3518953660199437611175213e-16 -8.1024912622399407759415023e-16 8.8034297340164018781572426e-16 5.1435151381832092121193512e-04 3.0547057485386774899893680e-02 -1.1464656910266646933083123e-02 1.5779746492561287640743473e-02 -1.3253027808089545835912304e-01 -2.5710377639046433362324251e-01 
4.7503475777418147085739975e-03 9.2154982053985340373358781e-03 4.7766698300161326027440519e-15 3.0004735179466693935949891e-16 7.9946082727280154411886315e-02 -1.8641240646366299960057233e-01 2.7474000401670872761883402e-01 -5.7668284123644414362885868e-02 1.8228829129096870413567076e-15 3.0814044131130000766977273e-15 
2.1582292906344956867625839e-02 -2.5298728358864111531723040e-02 5.0649003402422870800947408e-02 -1.7913318607266713600179031e-02 -2.6714874125306495647458327e-03 -5.1825967372719425330096499e-03 9.2373316263355555300450046e-17 -1.4068240113916158347330884e-15 2.3396925444699145575991782e-15 2.2182238233901881988632583e-15 
-2.4410760397777345881431543e-02 1.8371229008903422474929812e-02 -1.9504839333858246114283830e-02 0.0000000000000000000000000e+00 
6 (band)
-5.5638018501376429458815664e-01 (Ry)
0.0000000000000000000000000e+00 (Occupations)
-6.9075936752196392953706550e-02 -7.7785675637738360688189232e-02 -4.0120933987731685621547228e-04 -4.5179269619710638039578043e-04 -5.6245715905481600310163017e-15 -1.8727340910516573093854156e-15 -1.4985927790210820664817959e-01 -3.0662634291080154147479675e-01 2.4461751884005747403882935e-01 3.7001549791186028048883827e-02 
5.1193706148346469512470384e-16 -1.9560156384674150128705734e-15 -3.1312958276986935235441933e-02 -4.5427189325869532510182580e-02 2.9752762072121644032485221e-02 1.5921168339800978452913682e-02 3.0944827821732176498237266e-03 3.4846491251010990042313864e-03 -2.4950154311103344418664334e-16 -6.4352087248130527167577204e-16 
-2.2193142568530021091185053e-17 -3.3324282662936237250651796e-16 -4.7569652619635985346668861e-03 2.4844719685917747431513902e-02 -2.6416085873170958020494936e-02 -1.2360031031516185984209244e-02 2.2328116589055604923608200e-02 -1.0160487971647025329247072e-01 1.2968303603352882014121406e-04 -5.9014225818015964009077834e-04 
-3.1705399516419465777205266e-16 -7.3151135314000687704073404e-15 1.5998084883939259204232997e-01 -3.0146914492998355683539558e-01 1.1384768744797585382499960e-01 2.1964869513194645866960286e-01 3.1209057577064019429257974e-16 2.4211132999266838674647611e-16 1.8346073085557579318560784e-02 -5.2034147330808813713964867e-02 
4.6077390069098750347009741e-03 3.3428718094902373780819005e-02 -1.0002490183768641962558377e-03 4.5517145248225518439078030e-03 8.1227979254795603307324097e-18 4.7607096189204470797980046e-16 9.5841841643326302881410566e-17 5.6945064088756761606732673e-18 -2.2895874472026483958941867e-02 1.0754894092301299501901468e-02 
-5.5275105467435872719228485e-03 -2.8636106353944208724460196e-02 2.2714005894390279505223873e-02 -1.0336251369939325472913083e-01 4.2063529044206182661014282e-04 -1.9141194596727639787303588e-03 1.3716957175519910276124338e-15 -7.0934311672957544059301744e-15 1.8738326032397695231068724e-02 3.3871158992738165105507164e-01 
1.9427613661417386659024942e-01 -1.5076306673999911867056767e-01 -6.0054878413826421131071224e-16 -5.5777157925754452866916140e-16 -5.2717080585329423314533415e-03 5.6412607453368429633044911e-02 1.8733491811473629296003196e-02 -2.9169776518190693170851091e-02 -9.9976373678939368591644943e-04 4.5494869801935263267655962e-03 
-4.7434272155216452747770730e-16 1.4849528487133159267919216e-16 2.2514844821417461516301688e-16 8.0265473034196358309265656e-16 1.6294417709869352811624665e-02 1.9125340263699643073014300e-02 1.6916831847046308323623265e-02 -2.3284021501309884460972910e-02 9.6972987845332411782628412e-02 -4.2378944422619864440537896e-02 
1.7957983923805459491873648e-03 -7.8479009128283941376658106e-04 7.6705754528496915122043974e-15 -4.5214718955069197895731612e-15 -2.6300932072833471675465944e-01 2.1424930157098676097859880e-01 2.3616253109736504156579429e-01 6.8556388879955576509672710e-02 -1.0319906030145863160746022e-15 -8.6387994879168238181898996e-16 
-4.8737390375250544405361097e-02 2.8893597300308670322577242e-02 3.4610115135878041781047898e-02 -1.9898512138494641246500017e-03 -4.2682586627485526870051658e-03 1.8652954994364922668842466e-03 1.9050996510333681432826019e-15 2.1869931928302193266212275e-16 -1.7760393405748897639980555e-15 -1.5452939504304084158180430e-15 
-5.8951068696845455169297523e-03 2.4424053793364906145280102e-02 2.8780633367156093632699410e-02 0.0000000000000000000000000e+00 
7 (band)
-5.4241607984245177043192143e-01 (Ry)
0.0000000000000000000000000e+00 (Occupations)
3.3265270045801786649113288e-15 -5.4108512019395262926500605e-15 6.8747348260530590094789277e-16 -6.8203252257386240780517965e-15 -1.0206062176757474402322146e-01 -3.5992385019115202826611721e-01 -5.8647289321894672127051402e-15 8.5447196783034960436761445e-16 -6.7984869834999528929128252e-15 -2.2937680456725510103208969e-15 
-5.1488645700165647234314292e-03 -1.8157826570278617905884744e-02 1.3493760570437995375909674e-15 1.5583215146501930132577150e-15 -8.4536793611272394924633790e-16 -7.7393925940783943622205289e-16 9.8261490679770189665813411e-17 1.3106693255207659147373164e-16 1.4499838507387969449569098e-02 9.5886374448650446566944083e-04 
2.2007300380324404387444304e-02 -9.1720649181170239849780756e-03 -6.3362076076533479571945288e-16 -2.5022747143909724332195436e-16 -2.6150967773326167539016031e-16 -3.0866604725529758181991972e-16 7.0505041047335745890284018e-15 -4.2059010997694062616665054e-15 8.2130174301705343313293013e-15 -4.0694112371164244381763870e-15 
2.3119478314300148658055889e-01 -2.9412670857891481945856071e-01 -7.6442814902219572259219664e-15 -1.1100070170657977543953611e-16 -5.3084819369487486099672318e-15 -8.8971075607827886219994305e-15 1.1663563614562631742810339e-02 -1.4838421611671231969964424e-02 9.3094439350331756892950350e-16 -1.4245223303491767535358075e-17 
1.3757730179011873599311189e-15 -7.7685192076861680266740243e-16 -1.2327538321172470203564873e-16 6.3906125647033944678134754e-16 7.7470541718440656328570348e-03 1.2294221735406264672807453e-02 2.0355922999761976582844270e-02 1.2413075514140808897067814e-02 -1.0031088279818643027926147e-15 -1.5129468364203770337247873e-15 
-7.8522612503293420240889563e-16 5.5116023230939505732198041e-17 -1.1309025321321387706836377e-14 6.6091730055205467504704202e-15 -5.1019300852359021880071576e-15 2.6607812886919995769876954e-15 2.3121641171872475695181492e-01 -2.9415417609267541232398457e-01 6.0934583205920753356217907e-15 -4.1723043735869430188051619e-15 
-7.7861184985943089011147169e-15 3.3481505124868710766312431e-15 1.1641083204221587543703009e-02 -1.4809818648044495437154922e-02 1.8327221729287296636492253e-15 -5.0897632052649682332832364e-17 2.0278323899089528512947104e-15 9.8446379542204643548912727e-16 -3.2212651582618030647543777e-17 5.7765452145015590597090903e-16 
1.3778225191294179996503999e-02 4.6257422536052604511436215e-03 1.6873748686608895652749851e-02 1.6850707570900926718371338e-02 1.2657598224111947868699148e-16 -8.1511462947519263270468203e-16 -8.4277476161225943928138188e-16 1.1198841139882655906278847e-16 -2.1123365123470829438548697e-14 -1.3552168134094388294197900e-15 
-9.8990909909288603561414317e-15 -2.0073285043213249114949116e-15 3.7388132432292625617620274e-01 1.4158519816087471523968766e-02 5.7370732348942778153990729e-15 1.7681337794163836515816700e-15 -6.8173195632002006201701416e-15 -1.5764896849832701950604860e-15 1.8823851998096725879339175e-02 7.1284115292776797055684934e-04 
1.1086332807642782560524503e-15 1.7801786318426227986618223e-15 -4.0418045909109128589926712e-16 2.1470119194423820369898276e-15 -1.3151602834034212626465073e-15 -4.9154653275954076306240095e-16 4.3563334767492030430435790e-03 1.3865761409246871518896604e-02 -3.7143681610039454288330063e-03 2.3555746847497401053050936e-02 
3.2375069671191746152709461e-16 -4.4708429545931453338068504e-16 0.0000000000000000000000000e+00 0.0000000000000000000000000e+00 
8 (band)
-1.4273149890991751465030291e-01 (Ry)
0.0000000000000000000000000e+00 (Occupations)
5.2775748434772257056630081e-15 7.6638524472194684740511751e-15 3.4015802470241712314723517e-15 5.7121532427927338054665552e-15 2.5637934328436451369981341e-01 4.2530375421195576457478182e-01 -7.5048427926898482287607873e-16 -1.9368996586793502485152006e-15 2.4688324496932844488937741e-15 2.2078965140694621215240771e-15 
-2.4107768894694944772361112e-03 -3.9992065795718539922276591e-03 -1.3592321621938219862219402e-17 8.2740302236706554109515768e-16 -2.1679005857470314350110375e-15 -2.0830964528051591213827951e-15 2.4097165016181425268595005e-16 4.0024825154128606581390043e-16 2.3611653357013609455528069e-03 3.8442125090340853454939918e-02 
-3.6593216143422396813278397e-02 -9.9056880486529663709660554e-04 5.4415363784034655599377614e-16 2.1754723630614782532393865e-16 5.7777444607959638797249376e-17 -3.3490988702799510916357567e-16 4.5698164583662497574310199e-15 -4.6395609610152433002122366e-15 4.2491303034702831631661535e-15 -4.1458369917018286463801612e-15 
1.9338196791084952264050401e-01 -4.5740252021236876833754081e-01 -4.9481976034480730119779261e-15 1.1895943791086489738041309e-15 -4.7607583573829294676498920e-15 5.4627014077783447798214668e-16 -1.8184069842884353213063875e-03 4.3010341217419034709479320e-03 2.6992326558270443341881722e-15 -1.0918636351877158548460380e-15 
1.9031874819471482599851921e-15 -1.2696851053456279895404055e-15 3.4796970152129825504189218e-17 1.1149340533493967251668353e-15 2.9712474333113716301602025e-02 -2.4505937080796146021466342e-02 2.0707565788665525940981382e-02 3.0186775471793825253996602e-02 -1.2121973062447307517543472e-15 -4.1838380189192226177961919e-16 
-3.9551200714142571606509917e-16 5.8839309087115765339887851e-16 7.2413954411451756915245269e-15 -6.5495914135663207761143428e-15 3.3374805383164231644217641e-15 -3.4695168102140757515691553e-15 -1.9336931905015192212360375e-01 4.5737074111898273764964529e-01 1.0548116321676828555901832e-15 -4.5725825783831372499972505e-16 
-3.7828318069697316916290702e-15 1.2756053306841505528668169e-15 1.8109356693591267817300405e-03 -4.2833605835888438617686802e-03 -5.3409914166065465717358228e-16 1.9745563993694795413266230e-16 5.9494836140019066890844386e-16 -1.1204892456703311307367881e-16 9.9975662218120110894691237e-16 -1.4450737716136413519514250e-15 
-3.1223276811643222578007695e-03 -3.8383610353308672547001379e-02 -3.6078613978969456543843819e-02 6.1759855211316778966779140e-03 3.2903929680335476173140632e-16 -3.6709832693016518593868635e-16 -2.1915332532348258481115323e-16 -7.6885467173791057522578577e-18 -1.0859145660643885377489447e-14 5.1887222273323966647617934e-15 
-3.4995061660047207031643578e-15 1.4358815343867991832976160e-15 4.8368033626804962654688325e-01 -1.1239671120312208496549999e-01 -3.2188390931512250144132027e-15 3.6296052297969317181991176e-15 -1.0046836284810803992663490e-15 1.8761710805067806911388000e-16 -4.5297527843590219137626107e-03 1.0526184494814890945518782e-03 
1.3263191172931089857619742e-15 1.3224616240971647668765715e-16 4.5071728196041445844300771e-16 1.7463488881695794870042453e-15 -1.2597875836542036376345526e-15 3.1715146555680092237732467e-16 -2.9217734915116377186761198e-02 2.5087336254237566773861445e-02 2.6202954466010168477207998e-02 2.5558058632316422997821093e-02 
1.2201796772228700558726386e-16 3.1222989831308984682263946e-16 4.5371270055188791525171818e-16 0.0000000000000000000000000e+00 
9 (band)
-7.7599720420167855872151108e-02 (Ry)
0.0000000000000000000000000e+00 (Occupations)
-1.7619793235195613156681853e-15 8.5572950442615147057221368e-15 -6.1948373664122666967493371e-16 3.6525856256864317097582918e-15 2.7684403905069110418679657e-01 -4.3400162677527664989440837e-01 4.2106644403499154852886813e-15 -6.4866647892006002106976548e-15 -1.6183742548036268135939787e-15 2.0149590982103421013448949e-15 
-4.3635682054093821724549684e-03 6.8406642617035717801599048e-03 -2.6854739143610032573568611e-15 2.8521252981548284284396010e-15 8.1253625112427299581724825e-16 -1.5334729456361038186753397e-15 -1.7724081166855465585871681e-16 7.5797019364741803960137719e-16 -3.6886851697453260090497906e-02 2.3824562252427586295233652e-02 
-1.4249951918057512240123330e-02 -3.6469206641410595315377918e-02 -2.9934213807622182956732746e-16 5.2101865465657697734621191e-16 2.4092734993206289068992553e-16 -8.1608754749586051350909107e-16 4.2083486448737823399373571e-15 1.1610126991780895828365582e-15 1.3639852340594336218357604e-15 1.4660854297396815808926179e-15 
-5.1383953498372858526010987e-01 3.1128223354468811945316986e-02 -7.3063374780897898602679913e-15 -2.3921323111967004743378433e-15 -2.4728137387615508566710940e-15 -6.6544302591341142146394831e-15 8.0990546790029732671101215e-03 -4.9064073538651609140970322e-04 4.5808261691161884710677978e-15 2.3944113276667600171133030e-15 
1.9686706782998749571431677e-15 2.3573574175059383299221456e-15 1.4701116339285456904727119e-15 -2.5945361881969491897895781e-17 4.0956023178512934723727312e-02 1.5838363554066266225550663e-02 -2.1128296357854237097484429e-02 3.2964515099352553750833295e-02 -7.1373575679829245960924027e-17 -1.8714888453198473782325312e-15 
-1.4492203189310156236848805e-15 2.4538149948597974452420190e-16 1.0966598452489531262584219e-14 -2.4226070499050967537415010e-15 5.1782983047280836510790250e-15 -9.7583708262427362608779826e-16 -5.1387295372899821632728390e-01 3.1129482658140118778167249e-02 -1.9940245266515938821884830e-15 -2.8085164484143560314527875e-15 
-8.1631200980649880855757246e-16 -5.5420088591737231339466524e-15 8.1267716283268051635779727e-03 -4.9230210749414554660674526e-04 6.3522460359370570558309048e-16 1.4271649312988794009110817e-15 1.0945692932048573599974519e-15 3.5148236980518037786020910e-15 1.2710863300566721442332175e-15 1.2139456460936066781670970e-16 
-3.8746661379771903110924569e-02 2.0668588870199042922815025e-02 2.4954558582802561367275374e-02 3.0176192162235389304658639e-02 5.3412327590341020578943931e-16 5.7260170857005329761770875e-16 5.8024815861984746430808939e-16 -5.7762144532215505853305625e-16 -1.9270201414261268416156808e-14 -1.2748416245794507248441701e-14 
-8.3154744061704607350941673e-15 -5.8226468648513823847898732e-15 3.2723122428787565496577372e-01 3.9743450166762683828380887e-01 -2.4399772443451712592235798e-15 -2.3097843560727187356098561e-16 5.2182805361928022251421813e-16 -3.9454531038803985889077532e-15 -5.1750772838042745013775736e-03 -6.2853284377787452946728664e-03 
1.5826556322840658555823042e-15 7.1758581830444135644779037e-16 -4.9647887704084581590322480e-16 2.8501336878128292561411531e-15 -1.2925207948803621459749334e-15 -6.4163465064130938975186672e-16 3.9495955782149989865548179e-02 1.9198015804205097178947170e-02 9.7451307687577443800153176e-03 -3.7925782704836097369849313e-02 
-2.2428190618112546137377444e-16 -1.3745105285581951049573486e-16 1.5124310340254335621340260e-16 0.0000000000000000000000000e+00 
10 (band)
4.3466493585806315058661653e-01 (Ry)
0.0000000000000000000000000e+00 (Occupations)
-1.1114355735768599993092799e-14 1.3335665846608023508424660e-14 -2.4588457692365404960281986e-15 3.1412483619147048614245184e-15 2.4187117226057747165768319e-01 -6.1010886564894939443348676e-01 4.4828214389531936844199204e-15 -5.6240969280500697306905274e-15 -1.2036837151565562199067243e-14 -9.7729085840995546588065872e-15 
3.3276299189931302091594034e-04 -8.3931533205633401806267102e-04 1.0755247086700244053411281e-15 -3.6870169620287106916117063e-15 1.9923409095705427241791372e-16 2.9734801804073917513732190e-15 2.0863333182789858620715805e-15 -2.5803039476925958732939015e-15 -2.5738155112696239901204365e-02 -3.8200447863247818935938938e-02 
-6.6650717527074743173898241e-02 -1.0235774788261667311850545e-02 2.7682604385285034984621460e-15 4.9046446448912546470947582e-15 2.4715397714597539394407589e-15 2.6719832822585307455232056e-15 -1.7353776366944356754191302e-14 1.8902769765843334251339919e-15 -5.3545838590580689431167149e-15 -5.1666041588519257791183527e-16 
6.3575674872293008732526687e-01 -1.6293510477306399897301503e-01 1.0927781843317730366879528e-14 -4.2218378940202469546668910e-15 -3.0428274401386121810532169e-15 -1.0830312935777044684588642e-14 8.7461354639420396672733204e-04 -2.2412625874174141316075293e-04 4.1671049074131895184738704e-16 1.7866628011689151712725851e-17 
2.0232597016882768400151322e-16 -6.3126825861833065290362529e-16 7.9040679975110200251858158e-16 1.9355936398862451704183605e-15 1.5776303513565025776754780e-02 -4.3276264776500664166469790e-02 -3.0895393068478702036649963e-02 -5.9938000630101198606958235e-02 -1.8165594475122563145641992e-15 6.2684496059036965691747823e-15 
4.0946121690354851055171776e-16 3.2970068000107427956118094e-15 -6.0574766785788802711628145e-15 -2.4595144897279096306481690e-15 -8.3011681097443643939343575e-16 1.8320049778028366810042748e-16 -6.3576082846973014373048727e-01 1.6293614665662259355372044e-01 -5.1372391820280714387231940e-15 -8.7703057674095009806022616e-15 
9.7560767719387380382137898e-15 -9.0262991728360063427993889e-15 -8.8896860807768235401837842e-04 2.2785401811886707434950949e-04 -2.3677387162743550232880666e-15 -2.6436384280886791547952058e-15 -8.6624416221258098509810949e-16 -5.9692325879075398371343376e-16 3.2620996730437925434647560e-15 -1.4240126338650100618019230e-16 
3.4641814545396554247957965e-02 3.0352446887464166330738990e-02 1.7433410942988602013170585e-03 6.7405098937616286791651987e-02 2.7794280547872479992142633e-16 -4.8509198566955559082273144e-15 2.2434061369197709211487532e-15 -2.6158784059107167519431988e-15 1.0172238827673202710966744e-14 1.3176381071993672731308134e-15 
4.2938963399571953093720658e-15 4.2592926294763874149353811e-15 -5.0550895064237277853891328e-01 -4.1856985047213446371472401e-01 -3.9950785716685580464015724e-15 -1.1988987109096120530009848e-14 1.2937879492371244494989109e-14 -1.5289004277543058555926856e-16 -7.0686041052859735489555248e-04 -5.8526147980722011132659333e-04 
1.7171218273458595870565037e-15 -2.4255374338471626512583300e-15 1.7918071237623529169206317e-15 1.4205401519294452835214269e-15 2.3448060673127771285174057e-15 3.3845279471801139148801863e-15 -4.1936976460614956707662060e-03 4.5866537335048321311070652e-02 -5.3507160359244243519327711e-02 4.1030115662168284429434095e-02 
4.7528237910075669673954724e-15 -7.5383577868155399950483809e-16 2.9435609336981817780333059e-15 0.0000000000000000000000000e+00 
11 (band)
6.1853279302065866662729832e-01 (Ry)
0.0000000000000000000000000e+00 (Occupations)
2.2148455169833525246758654e-01 -2.0902920930185675540968759e-01 4.7677253198178115578542702e-02 -4.4995931626075180709278811e-02 6.8760857410089547282898863e-15 -2.0899963314218992111464110e-14 -3.6266523023768183764392603e-02 3.2479952801326295031003610e-01 3.5569171063825999468122063e-01 1.6687720399159486350804116e-01 
-4.5489847836495919501872548e-16 -7.3898363084376105546486370e-16 -3.2456080174909821001172361e-02 2.9281334075135445615956087e-02 1.7211003741608957295916582e-02 -1.8576909772185734581739780e-02 -5.9870802377407245087326260e-02 5.6503770825979286740459173e-02 -2.1870026981601497156450160e-15 -2.4068527628371993311461214e-15 
-2.9128050198566870505496669e-15 1.0915946507559149233873867e-16 -7.6882211606009803750438891e-02 -1.1244525408511499287023128e-01 -8.0026472531007503130595637e-02 -3.0979174586113551737032168e-02 2.9929353575011874433187131e-01 5.6320479761252692507689233e-02 6.4426459664059410048508880e-02 1.2123763053395048006066759e-02 
1.9946996651795345572750098e-14 -1.0168833190931181894217512e-14 -2.8408526529776145785888275e-01 1.6157213909141926455603766e-01 7.4063847909243821221458859e-02 3.8584859810773308730347253e-01 2.3979340121127390746211309e-16 1.5588020923642753227173898e-15 -4.2766302159637697988259220e-02 -9.0463840914536963744296827e-03 
2.5145409885419973960996032e-02 3.0047609175856693219941462e-03 -8.0903685526276108985754831e-02 -1.5224413392134983347148136e-02 8.6501831214479221509105559e-16 -1.7588598622006797191066411e-15 -1.6734789571074810749918255e-15 -2.5813888433369882594264794e-15 4.5779891333936305330976069e-02 -1.2829267780021830214209899e-01 
-2.1975701642660397383544080e-02 -8.2951878225306877046030252e-02 2.9783315733304138728243515e-01 5.6046967725411289684700478e-02 6.3795522708687629753754322e-02 1.2005071054508376082736731e-02 -2.2133748778758695624287574e-14 7.4284686633559981298673670e-15 2.0532271513272631890956177e-01 2.5391819323009268138946481e-01 
-2.0900634255627698054880170e-01 3.3301128519006495398713241e-01 -7.3120743741550153030237356e-16 -2.8581553803245270488287159e-16 4.3814324319903806548293090e-02 7.1454943803355708276114910e-03 -2.4871387824390300824717315e-02 -6.5819035509409040685113723e-03 -8.0844418194841755065382927e-02 -1.5213381152008875751846517e-02 
1.3681511409907372614619931e-15 1.8410925477742416165159740e-16 2.1421322709258619322073581e-15 3.4079853712817420181892772e-15 -4.1288772332684492427645750e-03 1.3617497194820338268783644e-01 -5.0392399841940230253989341e-02 6.9359188057850407194138143e-02 1.2971898817683677473944215e-01 2.7389566682327332047819368e-01 
2.7785760914212281891266798e-02 5.8668065752312620331210269e-02 -1.8098270528704406836638085e-14 -1.0889074311766460795247851e-14 -8.4738469558723106267450476e-02 3.1535893515099056028105906e-01 -3.9226263482504902802006086e-01 2.6649439258466831731420044e-02 -9.1771915010390225637074069e-16 -3.8112226877966309699167250e-15 
1.9972587291225397942984188e-02 3.9646549187072881170745831e-02 -9.2941631414342230910197173e-03 -2.3990121262004296398551162e-02 -3.5211272858221016879287646e-02 -7.4346709295322610522305240e-02 -9.1298832875728150773900185e-17 -1.9515701153357836304404874e-15 -2.6800114600291749070865708e-15 -1.3381255659158457409033603e-15 
-1.1259475965363513472183854e-01 7.6701308403705398264449400e-02 -8.5732671309564661976665434e-02 0.0000000000000000000000000e+00 
12 (band)
6.9732784016617843647622976e-01 (Ry)
0.0000000000000000000000000e+00 (Occupations)
3.7308822932107660319545062e-02 -9.2180492236914324255536712e-02 -1.3685464840004160635977826e-01 3.3812751253198797263266329e-01 1.8278932107999710460431569e-16 -1.0968524068820618091823478e-15 -4.7679212053184469310984639e-02 3.1132834293081640408829003e-02 -4.1989520869638356781461397e-02 -4.6152848245520017300691507e-02 
-3.8800795924834408289223641e-18 -1.6812030676081420070209980e-15 -7.7242570450713893270844324e-03 1.7768105214942195302363359e-02 3.4096583803502611420555013e-03 -1.0700707947561199917529962e-02 4.5028362017013170981449832e-02 -1.1125170176037124658563471e-01 -4.6456994639263826261073254e-16 1.4122525463179458295461384e-16 
1.6703540210887624330231849e-16 4.8327923148005055197664197e-16 -2.1606800413637730629012879e-02 -2.0100144474121853233050672e-02 -2.1571562797858503945924724e-02 1.0993013758692583847764723e-02 9.6505160667140765795579682e-02 -2.3998862102794699113772481e-02 -3.5399204793302119220754776e-01 8.8028628979165440826548661e-02 
2.9182786129636060747044075e-15 -3.5103918569346414283816899e-15 -5.3212129713865560787233733e-02 -2.0273871964885045726667556e-02 1.2657617445688579271845242e-02 -6.1098199520414203655960250e-02 1.8363079276490667386652143e-15 6.0203460119158938850321780e-16 -1.8914903452341903788980204e-02 4.1947749899250152960661353e-03 
1.0661201492409271701644613e-02 -3.5312467469498509675673859e-03 1.1647152450302897253031631e-01 -2.8963399497534694781997189e-02 1.2800985731483586595498526e-16 -4.5924298849839113600660532e-16 1.4854953658275622491963079e-17 2.2052565619665032223514173e-16 3.5611998338332395697136690e-03 -2.9294837219873443023843151e-02 
-2.1572981432698583315055174e-02 -1.0990229531052081446418356e-02 9.9500451442631698828478193e-02 -2.4742651889940792120370361e-02 -3.5376019962116700412479986e-01 8.7971037361658566133826298e-02 7.8562290411664332410788639e-16 5.2418006320509379548133956e-16 3.6038141808187304504507154e-02 -4.2692815997391719839981761e-02 
-3.9066404622227254850308498e-02 -4.8624441858582376219111154e-02 1.2801255015065953291470715e-15 1.9018637775007208854180729e-16 1.8313222127507404468627072e-02 -5.0606272665897553131308939e-03 -1.0862120489080057117448064e-02 1.8249643254922148782881663e-03 1.1619759775403470936083750e-01 -2.8895391818894871488465625e-02 
2.1092655788833535473685375e-16 -6.7244097488967943829243550e-16 1.6862164508095871536982137e-16 -7.0617814953352673329852391e-16 1.7128331940818988798902467e-02 2.4019397699833792969581481e-02 -1.4436140730622999683863128e-02 1.9869643099069630304276401e-02 7.8502123825489322772597234e-02 6.5954190274114088410328804e-02 
-2.7910509244584685850654182e-01 -2.3448993501066192624016082e-01 1.0034437385770427483006336e-15 2.5202538839667890067203992e-15 5.5721901954879742013826416e-02 4.0612615411519271263474096e-03 1.6375343302875770140625278e-02 -6.0186115075478378855233785e-02 -1.1804985947815940072487621e-15 -3.4729326644049030794167716e-16 
1.4858375350482781740435456e-02 1.1841145846868253443950891e-02 -7.8610213862839312115582402e-03 -7.7149529533932677261010014e-03 9.1676097359503966321980784e-02 7.7021546109559052561976955e-02 -6.3800579573957219093883564e-18 -2.1015562925758498162930569e-15 -4.5730354278275605764582889e-16 -2.8922294955168906110619663e-15 
-9.3643200199959465007681914e-03 2.7975359363211459162723571e-02 -2.4560229560791058817104116e-02 0.0000000000000000000000000e+00 
13 (band)
7.4054826561676090346253432e-01 (Ry)
0.0000000000000000000000000e+00 (Occupations)
-2.8611732464435446487982517e-01 -5.8266310003737142864110865e-01 -7.6951771901299648170891032e-03 -1.5671398869318300950403966e-02 -2.0062237300215905382987149e-15 5.5822823934992410608617898e-16 -2.0909849617050779713167685e-01 -3.5042001224125052250002454e-01 5.2052799849405834153870387e-02 2.3641133333234221058916091e-01 
4.5617039666450045729379007e-16 -1.8404128091252981587090851e-15 -1.9173035519754029476491297e-02 -1.9157367565100835715696803e-02 -7.0730642431888479659818358e-03 1.9993160684815131089564488e-02 2.9901865796689710425004805e-02 6.0893744922726172896787489e-02 2.7013716114511739858745887e-16 1.1536003274613329869422214e-15 
-2.9783827258751035127860987e-16 7.3889669395583199327209547e-16 -3.3514064705433554980373856e-03 -7.0835329363001187097381717e-02 6.4392942531925456695063303e-02 9.4282637468161262228605324e-02 3.0320880601999566916759932e-01 -5.7395455530789862841345439e-01 8.1553163433148341543432736e-03 -1.5436946260477035774982824e-02 
7.5997746339705183619043622e-18 1.1410871782651712989754259e-15 1.6059073271133697535795193e-01 -3.7513595221889750597199509e-01 -1.6066491821963158059816124e-01 1.8107069490563498792567998e-01 1.4880278673890749473201652e-15 -2.7571780181133242954376621e-15 4.2290084049318443781828591e-03 -2.6771729697140339565564204e-02 
-2.0332249615371819628784067e-02 6.0294558241209272875238412e-03 -3.1688198756641028364100521e-02 5.9983562818462586585521734e-02 1.1787866356401588352938374e-16 3.4686599572521470537392262e-16 -7.8365723395221946687559098e-17 -8.8357518840421261471668122e-16 5.5337077954809577029493539e-02 -4.4347306735794587984056392e-02 
-3.8427034004114471454904844e-02 1.0751292868078166087286718e-01 -3.0251221790480548046176068e-01 5.7263460128866228160404717e-01 -8.6490875416213516824193164e-03 1.6372661985366271375497149e-02 5.3155260192754045775552200e-16 -1.6008168891302796839191982e-15 2.2015762071017230816494248e-01 -3.4493522642555729529334485e-01 
-5.8847008343341118685732027e-02 2.3559188000483805014440009e-01 -1.3970696002591133087331984e-16 9.2895214524747458634981151e-16 1.8840765491050917579407553e-02 -1.7732744012314966691734597e-02 6.1979564371814482859335271e-03 1.9281730454643708494444354e-02 3.2015643085692373215334072e-02 -6.0603524515316704868173048e-02 
2.5553122315998875153332887e-16 5.1056077364891991547387999e-17 1.4573734070711716931676089e-15 2.1949160433397297134502690e-16 -5.5291902122350002068973396e-03 7.0758418259148039841655020e-02 6.7195307475563806343110684e-02 -9.2486406331528575597289432e-02 -6.4108334432372027222868383e-01 9.1848648359221657377915449e-02 
-1.8329567891812576646559663e-02 2.6263504504949620327325377e-03 -2.3250685072008308173898401e-15 1.2295451651311020898416042e-15 4.0846386276776830426271658e-01 -2.4636582531952513908102276e-02 -2.2518723829784120793462421e-01 9.0869202830020590067050534e-02 4.6337304413902430801235376e-15 -3.0803029896438480700005814e-15 
2.5420415360861974007899988e-02 4.8194540537902716414997428e-03 -1.1956180229106451104459374e-02 1.6347768889130129266185065e-02 6.7847604099428540647132024e-02 -9.7206586112682531047868295e-03 1.1275755953659761189142611e-15 5.6789600975030985161236137e-15 -1.7015945777963015502217367e-15 1.9882127507932232224229206e-15 
-6.0494739327118914051784060e-02 3.7117545887140973581708181e-02 1.1431948522827044267824448e-01 0.0000000000000000000000000e+00 
14 (band)
9.2313508848735303935484353e-01 (Ry)
0.0000000000000000000000000e+00 (Occupations)
-1.0413655416783744456221683e-01 -6.4584329836282705628036638e-01 -2.3762054726842674057252225e-02 -1.4737037440632189122524665e-01 -5.4333209768447809319975337e-16 -1.3953299347773025422741427e-15 -1.3759581905376194743695351e-01 3.2594218621227832866082963e-01 -3.4814773188352599042616475e-01 -1.1948825804074923728759217e-01 
1.3365119347045628590789739e-15 2.4776475998531270928801498e-15 -4.7342765453108295869988353e-02 4.0480607914480187803363265e-02 -9.3795552801090198435929324e-02 -3.8673648245423075664461976e-03 2.0051981715501918102084744e-02 1.2436035789521648897704154e-01 -5.4872867334800169565470613e-16 -5.0320837941696655429937853e-16 
-2.7323778179310087858205865e-15 -1.1224851580572735375091971e-15 3.2886964806572091535308289e-02 4.8406568081710621420654661e-02 -5.8873904667067211704534202e-04 -9.3200629072801161045802587e-02 -4.6128827327055993423599034e-01 4.6386540817047661189320706e-01 -1.0525815201951937982727259e-01 1.0584603880606405224007460e-01 
3.9739405637406410911287402e-15 -4.4484307321916946723271762e-16 3.4456956103876834607291357e-01 -8.0266654218605293369392939e-02 1.0796807107014763649210920e-01 3.5189086753515852468154890e-01 -4.8525825327546328561167044e-15 1.1468314021818071205602090e-15 6.0576879082891679773048565e-02 1.4507197470600169397769719e-02 
5.2002878807956988416183464e-02 7.8155376217066974131597590e-02 8.8823383823753154775459961e-02 -8.9319578327733600842108785e-02 -9.3080918483395107203650056e-16 1.0847082937993788866645570e-16 7.6398492005392756012073474e-16 2.6009728845442281297790709e-15 1.9831263306318958061780222e-02 -5.5058780256318065604581591e-02 
-7.5054840672030539994175058e-02 5.5258255174456968883411889e-02 -4.5952196336642603391453576e-01 4.6209266235331231120753159e-01 -1.0459612704822154882755569e-01 1.0518143788304576413672464e-01 -3.7429852273849077354145858e-15 9.8897701213640364973290812e-16 -7.8266910607540207678312072e-02 3.4633372620098384908615685e-01 
3.5405789279919497314352839e-01 1.0684668605756281190011237e-01 5.8801377735518779190607396e-16 1.2443561830768869458884333e-15 1.4346032295609267848135460e-02 6.0944914335331307198018180e-02 7.8672856863668871874040178e-02 5.1247070110424980393659666e-02 8.8451077618475718034041222e-02 -8.8945945038035045815405510e-02 
-3.6467567979605088962190680e-16 3.5605507551604273939136707e-16 -6.2176567851855494828032159e-16 -9.4909093287229381812670515e-17 5.5165822280555623646769448e-02 -2.0100388157204246430964645e-02 -5.4921032067492367434446976e-02 7.5592315576322829939748260e-02 6.4394105000046941711389081e-01 1.0014982546744916058756303e-01 
1.4657363166816672617187578e-01 2.2795946311426975444680565e-02 -3.2362621082589996296657688e-15 7.5071154241815986516886944e-16 3.2619400600616393903763424e-01 -1.4025059588446453506804801e-01 -1.2166922306481640914110898e-01 -3.4924175857661327038172772e-01 5.7050242733993367135691060e-16 -4.2443319582468076435383700e-15 
4.0873085201262926435816780e-02 -4.7428705781387386908320991e-02 -4.7829943977619731459993702e-03 -9.3769950232385629318443421e-02 -1.2394902009184043112366425e-01 -1.9277310207866573538160182e-02 2.6885331732320516260310346e-15 -7.6074602701293630974800370e-17 4.1263668511560312938003762e-15 1.4579612550953363058749857e-15 
-4.8687212382901939866641783e-02 -3.2815376004891830263865415e-02 9.3437240635350707340656129e-02 0.0000000000000000000000000e+00 
15 (band)
9.8198325974513878122706956e-01 (Ry)
0.0000000000000000000000000e+00 (Occupations)
1.6470260650427442916665655e-01 -5.9332127404012002802602410e-01 5.9852689142301851443761507e-02 -2.1561283347504278662398747e-01 3.6344650153615035758144538e-15 -1.2132554643424867479339413e-15 2.6498345796831634935131206e-01 -2.5222582558797879137557629e-01 2.6453799397086014133506637e-01 2.6179414046079024780411260e-01 
4.5279248539373471053962598e-15 2.3436761224087135692441949e-15 6.1634409523887490056637262e-02 -6.5118008931578041931231837e-02 5.7693515835930631041605920e-02 6.3557023897287567848479739e-02 -3.9199964307517889960941204e-02 1.4121331243877152661347907e-01 -3.2735320227136675087565670e-15 5.1435695175300423535139982e-16 
7.9479746177305588068860348e-18 3.2319562046815877890500465e-15 -4.9825676933039339533415557e-02 -4.5231399889925999469042495e-02 -4.7400407196287047684180038e-02 4.1385240195727937551062325e-02 -5.7681675691966172170310756e-01 2.1549828712668883667902264e-01 -2.0961497446713628356462777e-01 7.8312201066206704735961353e-02 
6.5547804697103731710107836e-15 2.6287780113051361059681075e-15 -3.5980834802243166770097105e-01 -6.6121500162777679943104658e-02 5.6304377098778113364119235e-02 -3.6789446768504552309764222e-01 1.5748481096984148143623459e-15 5.0897263442797280281041436e-15 -8.8909372818486737122256613e-02 -1.1587879426082359213268091e-02 
1.7507314675609023102431649e-02 -8.4032916104584631789009563e-02 1.3728513050045995647074903e-01 -5.1289665188143478136151288e-02 2.1164386357861499665996513e-15 9.3427134666464052453823646e-16 1.1799825882028484663817720e-15 2.7391325636013864265035849e-16 -7.3061730972831945285506094e-03 6.6896169191599588743635252e-02 
6.1342622938595270376538338e-02 1.4022101106677536952460628e-02 5.7632187396773826293383536e-01 -2.1531593809842780595786849e-01 2.0862300122417459791179795e-01 -7.7942099988033197721648548e-02 -1.5023006623999259488003746e-15 1.8098241807714084704478350e-15 -2.2789182128866031229463829e-01 2.8527509633215336615208457e-01 
2.8317882728993776231263269e-01 2.4035045518312392331949923e-01 3.5686219340303546985488309e-15 5.0195146974347491057871640e-15 -5.8838078465259568972101079e-02 6.6361620298173107368455703e-02 6.7595115460914512173218327e-02 5.1503607028034914527836463e-02 -1.3794145506948421453508047e-01 5.1535378273073952082317106e-02 
8.1182662372187418642713329e-16 -1.8931971446728899499247181e-15 2.6935513052930944833633916e-15 -3.4501440758532822904754742e-16 4.9083070936364013581165722e-02 4.5656528487264959326186187e-02 -3.6738310627409315189950689e-02 5.0565946526196933752395068e-02 -5.1294775120525148981442953e-01 -3.3969465722379665884034239e-01 
-1.8568200688775632345439703e-01 -1.2296633648469305899464388e-01 -2.6528470117988571253268285e-15 -1.6705417894292123927707992e-15 3.6474385267774128704942882e-01 1.6687861796864697505604624e-02 2.7999264371509558629869119e-02 -3.7037093666576526018729965e-01 -2.0584945902820611702276036e-15 6.9285136662807397185652087e-15 
8.8271833391403473068059782e-02 8.5946236569418906631190325e-03 1.9358813543485335617599929e-03 -8.4958657795751735264389026e-02 1.2277294981172853782780408e-01 8.1305246048224172339402571e-02 -2.4371270594730187875468625e-15 1.5587060492206298417537805e-15 3.8285878000416784386951011e-16 -3.7501661064550175213978912e-15 
8.0866022104722923985464789e-03 -6.6545272640081309933890452e-02 6.2502947257270985437216382e-02 0.0000000000000000000000000e+00 
16 (band)
1.0569943687088558803566229e+00 (Ry)
0.0000000000000000000000000e+00 (Occupations)
9.2156223858041072346499174e-15 1.1108145328514573842299068e-14 -5.5764488655694068325563248e-16 8.9608256369327968826477213e-15 1.5547924384446554224581405e-01 -3.5945854588134665275056534e-02 -1.2126677979258142222037101e-14 1.9847582330401546107086537e-15 -5.0303293155801550923999251e-15 -1.1272673846520420054817239e-14 
3.7340770318316263143287870e-01 -8.6329710683975352525365565e-02 -1.4851985253186154208918027e-15 -3.8465532679676635263901207e-15 -1.0426097170333840872925266e-15 -1.0999839007027057240272773e-15 -3.8838205077907879111060150e-15 -2.1188298178697270673750508e-15 -5.2194266121867449736981825e-02 1.9644005233508104318884691e-02 
3.4015180402632891332181941e-02 5.2407719328520542545479799e-03 -1.8579736281146601365224242e-15 1.4434053628138277676260859e-15 3.5208890025854767159054651e-15 -5.2410141913214086498905826e-15 2.2037513997483829826514535e-14 5.7320509418421759467433268e-15 8.9171120203653852729710775e-15 3.9462598318003852800114775e-15 
1.2046921381837205622389320e-01 1.0465690732343041480234547e-01 9.7520435860692583027071102e-16 -1.0337046982409343674007186e-14 9.2525192768496295928135875e-15 3.1945038681433024952575661e-15 2.8932574410997474734230650e-01 2.5134984690370792970171010e-01 -2.0917333686754934247469368e-15 6.0019897770995962652352534e-17 
3.1336080145318422271232508e-15 6.0300115370068724583025529e-16 -3.7715327795398442843796420e-15 1.8481792227348696574092093e-16 -4.6571353954957851739582253e-02 -3.0679591724973569871748325e-02 1.5753747840244872180370805e-02 3.0599307463634300291444035e-02 3.8771280704693591285727396e-16 -4.5509800756472789435129841e-15 
-2.2852175784541064862665421e-15 1.5122384078245415047820571e-15 -1.9546421101439469212270274e-14 -4.2246053689176503723440557e-16 -5.3153018164382873700844304e-15 8.6984428949575692104201139e-16 1.2049598417408760586688743e-01 1.0468000965390628076434609e-01 -5.4129264884263432109769082e-15 -6.9449298482414845362746297e-15 
-7.6891147089431882507201897e-15 8.4547710591963910728776212e-15 2.8928479922627320375383420e-01 2.5131422542469195047232233e-01 1.1361080440465588396926280e-16 -2.4821666940034553535592070e-16 -1.7962830933678029140537777e-15 4.3425382623773499506891599e-15 3.0413651540041822653408573e-15 3.6200437204743791098937150e-16 
3.6892339770425428002731394e-02 4.1838355829843423827618665e-02 -3.2514067649065309106859445e-02 -1.1316749115524476348992877e-02 2.2968771177480128279077045e-15 4.7755289138173288003565572e-16 -4.1073140555964444550668983e-15 -2.3744276103512673820312025e-15 1.2629695710952494407215863e-14 -9.3113442165886984018452502e-15 
7.5672484480596967458718351e-15 1.1502246010993040414324907e-15 -1.3862144308366861414349991e-02 1.5901266483646786520367300e-01 -8.7630120092451035118206605e-15 -8.1740045233627624518945299e-15 -5.7063267363265315097263867e-15 6.9698924872240044765840819e-15 -3.3280140563189127000942591e-02 3.8175511418746305158933296e-01 
-2.7022253075062743908760018e-15 -1.2986303692991318885893451e-15 3.1122319601711005086190456e-15 1.4264875117949883894982643e-15 -4.7315583595639833779512977e-15 -1.0800484649963599474858828e-15 -1.2163167638291515898485429e-02 5.4438498374731442153162675e-02 -9.9558471038418278054038524e-03 -3.2956251517400281247915927e-02 
-7.7083499217123199490777965e-16 6.3208469358041023976868384e-16 0.0000000000000000000000000e+00 0.0000000000000000000000000e+00 
17 (band)
1.0642083778391160375775826e+00 (Ry)
0.0000000000000000000000000e+00 (Occupations)
-1.3650049434970722521691876e-15 3.8867826376044423635911667e-15 3.7735547483261585315973332e-15 5.7522465776892198893863420e-15 3.8743113091122827196244316e-03 -2.2827423012741029917371804e-02 -5.1485554058033958893411758e-15 -2.2386882866131744127353351e-15 3.2227017861014901899274930e-15 -3.7427296826485784368067739e-15 
5.0639141648212565582909406e-03 -2.9836018278071863019107468e-02 -1.4429867428064996768996089e-15 -3.9468412117419151558336499e-15 -8.0800776631442360465050155e-16 -7.1096920822312960142538502e-16 2.2135609674612435044955267e-15 4.7893850835240061487369455e-16 -8.6838538316846292097750393e-02 -2.2056301617365731138065144e-01 
-2.2855235605584925395739049e-01 8.0213168411495144871636853e-02 -4.0538479372664509932934462e-16 1.6105027689602950662677938e-15 1.5705698548894062622696087e-15 1.8312169852771437519452129e-17 3.3629778423506615938127069e-15 -6.0791392020225460377703828e-15 4.0432243743678165899350743e-15 2.9930942191638633687681679e-15 
-2.0745036204340153856984230e-02 1.0283238906139247070825604e-02 -1.3105843463921005669953400e-15 5.7638215057648459815389687e-15 -9.7760955206776264456003446e-15 -1.7325908158675752885344420e-15 -2.7114339894956575316431469e-02 1.3440378916178385981794463e-02 -8.8342146072149671900931495e-16 1.2769935845607145363876911e-15 
-2.6216365550963048951252747e-15 -2.7264068556246128034840879e-16 -1.5512419182651071087078386e-15 4.5538110412959376830776157e-16 -1.2739681624299264983690705e-01 1.9989754138503362801415619e-01 1.9923352069688171628314421e-01 1.3775462270291682909117981e-01 4.6662056881804021301501176e-16 -1.8958321719049999724434532e-15 
-4.6984698281824451810014547e-16 -1.5228607676447491906978381e-15 -1.6665128862076220067219555e-15 -7.8458954343999710809912277e-15 3.5133187104677171086755166e-15 -2.2427984361849305756899980e-15 -2.0736922204330692637297417e-02 1.0279170506385867933651923e-02 4.0405622835878773601389739e-15 -5.4231968244636886020121246e-16 
1.6439485661808455757834077e-15 5.2764159555504207897799852e-16 -2.7130392988592599845532050e-02 1.3448475069477595217337651e-02 -1.2303560597459201872001217e-16 7.0127517680604508538319755e-16 9.0424809940057970032852452e-16 -2.6323226861016510139346174e-15 8.6785399024413367786048906e-16 9.5640072196113442902625963e-16 
2.3622829002409578835752768e-01 1.9648436453238719151537239e-02 -1.1009086381445943800261311e-02 2.4196762957414655326182640e-01 2.1539761150718130219943620e-15 4.4900289686396311616028245e-16 4.5284637842498606641460656e-16 9.6442214821057840017094213e-17 -6.0415208026603334728662221e-15 4.6596116460396213458324472e-15 
1.8289561626951128565113979e-15 -4.0772413573318701898287600e-15 2.0504880678430308094117862e-02 1.0734577643017061826524738e-02 2.2016467225267822112895575e-15 -6.4094141559892909317709998e-16 3.7594123812245066284462257e-15 2.5037112856102197811957319e-15 2.6826889768618345649686674e-02 1.4044133677816386662762227e-02 
7.4492954293031745203276121e-17 -2.3541459946337694855418944e-15 -2.2635521561727323334522346e-15 3.2125938740601275484516648e-15 -2.1418455739478733268926896e-16 1.6848864658016437023894402e-16 -1.2295558606596236617125584e-01 -2.0266176234783117582338718e-01 2.0222690301776025112445723e-01 -1.3331846623978615973271644e-01 
1.8620482779636323573407320e-15 -1.8191705815241075000937509e-15 0.0000000000000000000000000e+00 0.0000000000000000000000000e+00 
18 (band)
1.1410865685055466833830451e+00 (Ry)
0.0000000000000000000000000e+00 (Occupations)
-2.6784975640656283335516719e-01 -5.4332169203905622545391907e-01 8.8828268397506404685515236e-03 1.8018445792120779680445253e-02 -9.4983224009061219733722106e-16 3.8805484960448026761228709e-15 -4.3760600515118597275687762e-02 3.9212834460565892946704025e-01 -4.1483646753287561903533742e-01 -9.7393334539701559293689570e-03 
4.6207976290291497694153988e-15 7.5900066802394581898300441e-15 -4.8596099871479864207302057e-02 3.1285722666514831358242077e-02 -9.0757542256796053248280032e-02 4.0504933712546042912094890e-02 4.7140180433447101404631496e-02 9.5621736202918777847159504e-02 -1.5724989867047118483675323e-15 -1.3664938728088389823346643e-15 
1.8581780720015965998460283e-15 1.2951646880090036942482737e-15 2.6093349810978605507472139e-03 5.6949169785558140244319247e-02 -5.1912889076438151203518601e-02 -7.5564991903111750071175834e-02 2.8211834557570664161474383e-01 -5.3605148272984326496271024e-01 -9.3560342412950525670112256e-03 1.7777334578174652790494292e-02 
-3.6269164550699672513710299e-15 5.6985188587929571850792381e-15 -3.4296033035795203680606846e-01 1.9508418849659056593104367e-01 -2.3595547148299472750565542e-01 -3.4133438866972937164590007e-01 -2.1480959858060039089651557e-15 5.4878206984851259222876714e-15 -5.3874752143863835485149139e-02 -2.0925784260613367049330691e-02 
-8.6115124607019255531525914e-02 -4.9616191364010353570535017e-02 -4.9651306761730643057894952e-02 9.4342253431923372986034337e-02 2.3265981947564931428955388e-15 -3.3663071113606665296573514e-15 -1.0186463931841050628200044e-15 -3.0784846623886379164623602e-16 -4.4539117548535275825649649e-02 3.5584878478170850479855858e-02 
3.0619732018253471850233183e-02 -8.6414397323086061808439240e-02 -2.8223773469784019241046735e-01 5.3627801687100462579849136e-01 9.2986156671246988913992482e-03 -1.7668250840136762169763074e-02 -5.6280974388048273632943069e-16 2.4313198351070620951754782e-15 3.3173826248047433296051167e-02 3.9327983239144131966114060e-01 
4.1482125109751621927500764e-01 1.0239533685922341810226044e-03 -2.8130108305065372285941796e-15 6.7577831685858754707244655e-15 4.7903008135185942695244421e-02 3.2445846703549108269726275e-02 8.9732575945060899513805452e-02 4.3042229228194145429498008e-02 4.9647011166932146497554612e-02 -9.4333865326273358409281400e-02 
-8.3515161184072653574303834e-16 2.1444732716285024822222700e-15 1.9674461279248149669528128e-15 -5.8887119985904487679611771e-16 4.1234889145441711022499476e-03 -5.6862538298938988812203377e-02 -5.3893678218210575026070330e-02 7.4178284312541073464153385e-02 -5.9975320744597282462962085e-01 8.6881185677550987200845611e-02 
1.9759504346165635002563477e-02 -2.8623991806139264387764953e-03 -4.3869846797057723257304066e-15 2.8610612186432939095548984e-15 -2.9867098209458564639362521e-01 2.5800227473500980668319471e-01 2.4299741808769195761108506e-01 3.3619930643194673169915632e-01 -6.6019246251255627489792898e-15 -3.6338185544814689206655834e-15 
1.9074403477065959844338749e-03 5.7825537853361107243355121e-02 1.7921589878548520313739090e-02 9.7894766453061457522899502e-02 1.0549948117690519100442259e-01 -1.5282779086503332083291085e-02 -1.4423487336611197216070381e-15 5.1796022304004056661707306e-15 1.0847665433451422900353541e-15 2.8671410378696133752631693e-15 
4.8426485796273462114402975e-02 -3.0086988816623513876002960e-02 -9.1689401870898537549869900e-02 0.0000000000000000000000000e+00 