57 (index of k points)
0.08929257494517682525181357 0.05140503477553619998685619 0
18 (number of bands)
52 (number of orbitals)
1 (band)
-1.4686992329365615717051696e+00 (Ry)
0.0000000000000000000000000e+00 (Occupations)
1.6992727561630965871231069e-01 -2.9880631997041928737957051e-01 -1.3640487389292910158644645e-02 2.0630606064054313186773015e-02 1.5216233178961975570027917e-15 -1.2511658951148809510955493e-15 -4.2911384465028609702663687e-02 -1.8548159983936666345138988e-02 -2.4800699999737257223086928e-02 -1.0324236790155691401160709e-02 
-1.0812675051309254414790128e-15 1.0289217271666434031757669e-15 -2.1613999662501007237302986e-02 -1.7897860357227051569806164e-02 -1.2429719869643786334112434e-02 -1.0241653147091689390890679e-02 5.6257627172428339989984636e-03 -8.8668067802860905946005232e-03 -2.0852421022311305205330727e-16 1.8151856239983488127007845e-16 
3.9213095129216979243196446e-16 4.8845364030532586661831701e-17 3.7274139017924694250449846e-03 7.8216940689371933226325950e-04 6.4285876195791513687538554e-03 1.1677535807382011245891817e-03 3.2535483483303795360086497e-01 1.1092667534638675497227212e-01 -2.2821153770133020127763857e-02 -9.5330867712422953652584567e-03 
2.5754368413959391421387290e-15 3.3331480498523099468278592e-15 1.0178829444939436338346539e-02 -4.5626884472045228791081684e-02 5.4941784038857188754434446e-03 -2.6295980480733331663412145e-02 -9.9192067418434940842429262e-16 -2.1579328237408378011792349e-15 1.3530780374017590400592681e-02 -2.4584880907742089756196080e-02 
7.7311480636648582942527241e-03 -1.4128649788307186957458939e-02 9.7639140684528391567198469e-03 3.8646410821049940673144185e-03 -1.4799242027199100426038131e-16 1.0170448778524097205747837e-16 -4.0825856216590134750141067e-16 -4.0769381270646070386595128e-16 -6.9867319377664438562192117e-05 3.8079550856116532037143330e-03 
5.7527744732695576534986515e-05 6.5335348599747013892402592e-03 3.4150493508249779583962891e-01 -4.4404759166513915746854479e-02 -2.3920454049140071201007274e-02 4.5303921096960641373696532e-03 1.0704922387976453819627802e-16 -7.3310512370605599554198947e-16 -3.3510793725493454031649776e-04 -4.7248983635752278553709971e-02 
-1.8000263805829572194561194e-04 -2.6848094789174187235758495e-02 2.6489323384819928951897253e-16 6.8666589530529195401814613e-16 -8.7308462874698192224265370e-03 -2.6337951474998563122786877e-02 -4.7206850239327920182308418e-03 -1.5491629611541298319754567e-02 1.0342280777768124780391368e-02 -1.8631558302756733198901617e-03 
2.3274928627030578827931235e-16 7.2288184064943613812492497e-17 3.5184463636079286888954343e-16 2.4343978763576779987119809e-17 7.3939495939711816219208629e-04 -3.7333841417777824042700807e-03 1.2322453713207830172660096e-03 -6.4596564534372610810741833e-03 1.0760987247419340206988636e-01 3.2713532164597414197970693e-01 
-8.9323925353850669450750388e-03 -2.2647846215013322374032256e-02 6.7651673225624662749708115e-15 2.9775965870431465208477135e-15 4.6349281269484135514780121e-02 -9.1827489208817416471708484e-03 2.6338812086818094021500869e-02 -5.2076455921869595211415316e-03 1.9142518515442981256886471e-15 6.7008292371003001565928247e-15 
2.4235436489403995585778517e-02 -1.3511438967135247501971662e-02 1.4332662094898748067484107e-02 -7.5399106353958769005663143e-03 3.7681043861502337352642478e-03 9.8099699627044577993073560e-03 -8.3225805458444557184083804e-17 -2.7380229425044888453868584e-16 5.1629937373781618368554831e-16 -2.7586697449501077664326227e-16 
3.8058044440286418509666877e-03 2.6731813532013888774774291e-05 6.5761379358704515757372278e-03 0.0000000000000000000000000e+00 
2 (band)
-1.2371164636936491376673075e+00 (Ry)
0.0000000000000000000000000e+00 (Occupations)
-1.4958904906122913458510482e-01 3.2136249247473458456880735e-01 8.9343239096235718688099325e-03 -1.8219575663912176977099477e-02 -1.2005878163874724716902697e-16 9.5630076771337606603423560e-16 -6.6702169229636468217314871e-02 -3.8262724979877288378204980e-02 1.0958839923794860826689046e-01 4.7780580398196118019349399e-02 
-1.9567051624370623414460419e-16 -7.4007802167597537211912178e-16 -1.6216959738865582840716684e-02 -2.1718944553935720653825570e-02 3.1851799018586285372478528e-02 1.1346915026649209701226084e-02 -5.1162656384402573073177933e-03 9.7802298142305385542094598e-03 7.5215256816885069279548714e-17 2.7838414265267174467176356e-16 
-4.4140946256571103468388399e-18 -1.4507297645618375158743258e-16 -1.7385124699868803599400735e-04 -2.3787807810508043715458371e-03 3.7266509092719717066710672e-03 -5.6745216827795569303205525e-03 3.4370047188104252411378070e-01 8.6722089443015515364265866e-02 -1.9570982247464785430679513e-02 -5.3620644312044642154635454e-03 
1.4485063103677452775398613e-15 4.3557663459954574066339533e-16 -2.5086246769897218439338005e-02 7.2690410136578564870291075e-02 2.6399436645011292723594920e-02 -1.1660047536588405425739268e-01 2.1557044362931378659869125e-16 -5.1068338243668881415128310e-16 -1.8295487100162932669888960e-02 1.9999437179001752773466194e-02 
5.1774979937596610213290660e-03 -3.3413815942916494372560976e-02 1.0565687636816787492444192e-02 3.1930101884394442024461824e-03 1.2743747569604931650222861e-16 -3.2995721468043683517679453e-16 -3.1441372077082311832308010e-17 2.9917302720915993654410492e-16 -2.3040695583001896684649523e-03 6.1651093331434314581684930e-04 
-6.2723150493597563948089402e-03 -2.5973423435324454258688043e-03 -1.1581508049044127173221597e-01 3.3343750668085514465843744e-01 6.9732333133799145885589610e-03 -1.9866852710815494087448485e-02 -3.0168905489003219819747012e-17 -1.1132188994999767418816366e-15 -7.4343638039498574632268912e-02 -1.9322989032868623238137218e-02 
1.1130652413492957142349127e-01 4.2389406393596770761256209e-02 -5.4567175369449109221472372e-17 7.3072446791294043644931237e-16 -2.6904914833310034083524442e-02 4.4145581851789822414033893e-03 3.1105704439761558410815212e-02 1.3992224047208123849372896e-02 -3.0886963923706244224132167e-03 1.0538088363589798168717948e-02 
7.0599522898540152265074767e-16 -5.7748790894188008523059277e-17 -1.2881336661414310156353707e-16 7.2120535141488582050161227e-16 1.8098765936060065562251964e-03 -1.6215786481770791058187875e-03 1.2599614477664423939362592e-03 -6.6049492143092861790032444e-03 3.4923299375850708203827821e-01 5.1283718673824918443671095e-02 
-2.0821609755114864337421920e-02 -3.1270412024596832417655534e-03 4.2788973614061554628226820e-15 -3.4553837112481037508603618e-16 -5.0501171460257659323600521e-03 7.6647574905691337465718505e-02 2.0781810652008819717551091e-02 -1.1727796227521561367446168e-01 1.6475557475986903156067591e-15 -4.5149143704642490173712535e-16 
9.3778425331790173785639908e-03 2.5601149106649422060311139e-02 7.9157555018758082865382164e-03 -3.3176618232055796187118801e-02 1.0930193836963999348688148e-02 1.0593462368076252307080853e-03 9.8473879349014618423338286e-17 2.1123710565067967609012256e-16 -1.7912427252128315620955426e-16 4.5625656462131636456254987e-16 
-1.9319930875056653789278993e-03 -1.4739651644897937884243211e-03 -6.7240506373372728801673937e-03 0.0000000000000000000000000e+00 
3 (band)
-9.0721114598505736559275192e-01 (Ry)
0.0000000000000000000000000e+00 (Occupations)
3.4006172561215108895993353e-01 4.6711327708750915999047493e-02 -1.2831628595956157123936237e-02 -1.1965673071257232340514065e-03 -6.9484758554865786867359234e-16 -7.4438569526390063499138695e-16 1.4888298255248799684125061e-01 -1.5902965833829824093825778e-01 1.8483550702917739272379549e-02 1.3059049639056286018501396e-01 
2.6540283047218424844022667e-16 5.7388744441262808303426304e-16 2.3278850156256691850131801e-02 -3.6322937320766982005615375e-02 5.0996193337983219961984105e-03 3.3348578033685072341540945e-02 9.8815712401150862520537999e-03 -4.2750613909872323126215576e-04 7.0107537582986805399711320e-17 -2.2260798059635764485900419e-16 
-5.2015466734265945331203100e-16 -3.1465111018050053811612691e-16 4.7258765293621482483921170e-03 1.3394273568972867027859763e-02 -3.1388712042317440387151350e-03 -1.0169862918926226777460720e-02 -1.7837271512589951416583034e-02 -3.4279112752172369305014854e-01 1.2290346241540656135882159e-03 1.2828559530892597040363512e-02 
5.6385280191527713747513483e-16 -1.7493340171882433883905421e-15 -1.8411069486357090063677333e-01 -1.1644666917422914764745911e-01 1.2481390764185788799789378e-01 -4.2626375089742346569110509e-02 -1.4300842495788978466375090e-16 1.2081960646204690178673825e-16 -4.0041579783534911318731986e-02 -1.6060277975327073851641302e-02 
3.1802309657764961381420932e-02 -1.1258191446677584535152050e-02 -2.2715556391907990030354370e-03 -9.6264347839953717800298705e-03 6.1024870162372920745217655e-16 6.9154993574966322309851848e-17 -3.5208084846469207380681386e-16 3.5129793010607259103167732e-16 1.2271483202933287925961992e-02 -7.1520048525849228004958036e-03 
-9.4015608743549927001081912e-03 4.9889154485001606376126659e-03 -3.3323547555464461122909370e-01 8.5899603248158970525416578e-02 1.2310416638140253553501680e-02 -1.6693198400123954172613594e-03 1.9513045767660608130559826e-16 5.0800171392437411213447985e-16 1.6500296277359979835175352e-01 1.4136325126304921662168113e-01 
4.7816513515380534848908667e-03 -1.3251957751195664325649659e-01 -1.9482501857554998010801884e-16 -3.4493844918028449968026102e-16 2.7530656921725821240087839e-02 3.3613653572262890134592084e-02 8.0379949836720254729982571e-04 -3.3277010816986252184079831e-02 -9.9185941946363549714948959e-03 7.3349023719072869997859243e-04 
7.4393355183290314536344627e-17 -1.2741621634151930208797329e-15 -4.3251125889958791818562733e-16 -8.5288643567904504935375339e-16 -3.2178784983178873591036506e-03 1.3907202736799857689664606e-02 1.9973846255222135054330224e-03 -1.0470656889087465168941549e-02 1.4682018658935119814756831e-01 3.1123697854879889268531201e-01 
-3.9464936489869185953782704e-03 -1.1779565968725490970880898e-02 1.2946664145206021746655429e-15 -6.9995490442411642142448543e-16 1.0794084736220739551004755e-01 -1.8856913852075393722707020e-01 -1.3106828357809360841024215e-01 2.0134737482486585180563310e-02 1.6067570132527634653544844e-15 -7.6093160842303981233447600e-18 
2.7859532669036329161071919e-02 -3.3341583892795123578167704e-02 -3.2838200474557051322666013e-02 5.4459280329842221779479416e-03 2.5790573275584335530274949e-03 9.6054662576620167269147998e-03 -6.1598880884481289073557117e-16 2.6285479906272758166120657e-16 -1.2644066295619988222200986e-16 1.3500583481097372601924275e-16 
1.4263838244852085693215038e-02 5.5493109225786610427810785e-04 -1.0659465325771421903566782e-02 0.0000000000000000000000000e+00 
4 (band)
-7.6878419349845250607700109e-01 (Ry)
0.0000000000000000000000000e+00 (Occupations)
-4.2491206689337090995906010e-02 -1.5491176336299561366871558e-01 -1.1387229488618554051893028e-03 1.0917308740950315559814499e-03 1.3266830387659767400312149e-15 -5.9599360402133879513672515e-15 1.5189482688605787652491586e-01 1.7996300164236250784810522e-01 2.8029059304755543635678805e-01 2.5691392593377090913797645e-03 
5.2223961297190926718573022e-16 2.1278860742845180168832604e-16 2.7940254711806819520880651e-02 2.8021043398433753690568437e-02 4.2501970776756270442575669e-02 9.0901694722582068730609706e-03 1.9116638832180968265994636e-03 -5.1523632819771647897710842e-04 2.6956302061937294744379646e-17 3.7736259639064163104448646e-16 
3.1983197999640397845109304e-16 5.9368650731159184065357385e-16 -2.1786964512574193836291769e-03 1.7029485541037447937640081e-02 9.8540153957998276312846286e-03 -4.8904321466904272786013763e-03 -1.4420579197159608120237806e-01 7.0766140462741128347445851e-02 1.2857687219505475884062662e-03 9.1398306840685672458590716e-04 
6.3226584984617050116396749e-15 1.8157922984309444656806714e-15 1.4831310977548192719943643e-01 -1.8292605572634013100241646e-01 -4.9997587051462240304022799e-02 -2.7580728474157112373177370e-01 -4.4274369146809479463804593e-16 2.0520344289600438582428155e-16 2.2289232024636649459603532e-02 -3.2695975933583518169278648e-02 
9.6508242292844478860125434e-04 -4.3452471930366554087044051e-02 -8.6432016778352493968640147e-04 -1.7812573996637270923315555e-03 -3.4980380828082984672180070e-16 1.1154472335912712426249874e-15 -1.8401680923348561406692709e-16 8.3381780125621879740521257e-16 1.7136093538550389858698964e-02 -1.0509016401209075874945142e-03 
-6.6502675070596907469511194e-03 -8.7630980872377851192966958e-03 -1.6082715240221909236417730e-01 6.1939354921622391536573105e-04 6.3645051784183559462348967e-04 -1.5186103794829746566064088e-03 6.3878382071498065075064265e-15 -4.0009753149884534318503077e-17 -2.1406357306781856331134861e-01 -9.7898934503546725105493920e-02 
-7.7996376245162729601290152e-02 -2.6899196116541745915640149e-01 2.2645149916606228867583735e-16 -7.9641776196089200434750851e-16 -3.4621359532666040603743340e-02 -1.9320812743781591580560786e-02 -2.0181083436464349739614121e-02 -3.8630645949946793016316349e-02 1.5478299921543522965627915e-05 1.9698512162744730505381519e-03 
5.9512396946451891998691956e-16 4.7133263344870643784820260e-16 -1.4805511453588273442299451e-16 1.0609089061801967713342869e-15 1.5807952402504588801379626e-02 -6.6936513988223129631438546e-03 -2.0610944856490238941137960e-03 1.0804635671793096779458310e-02 3.0744425624780358230481170e-02 1.5786239859822359665741942e-01 
-1.6109705492922399283628465e-03 -3.4061802013242437059403755e-04 1.1810840916252346148466268e-15 1.6373668747501616282477547e-15 -5.6053361496393720730946342e-02 2.2861634971377137182102501e-01 -2.4961231048755949668560561e-01 1.2701891328482234344576796e-01 2.8184435121620654572064145e-16 5.2047550301624354333355515e-16 
-1.2491192169955808027870248e-02 3.7628479362621890247364576e-02 -3.4164833059960347805272818e-02 2.7062282186926914923086329e-02 1.9320593913934995013159668e-03 -3.8431744712025787827705536e-04 -1.3698621641226787398272855e-16 -8.7681573241360017809193682e-17 -4.1093215460764958640665293e-16 4.7457169502463063250808432e-16 
-9.5372033319762912484396367e-03 -1.4273684906614878681319070e-02 1.0999466463376572633592332e-02 0.0000000000000000000000000e+00 
5 (band)
-6.1107101905538108166382472e-01 (Ry)
0.0000000000000000000000000e+00 (Occupations)
1.5836320971322651041113261e-01 -2.0929764543116441410930406e-01 -4.3928561322558734580923101e-03 9.1629448266803831257831803e-03 -1.9845238320239771223720667e-15 1.2923911045055239604028437e-14 2.1797639882808256261981228e-01 2.2349031672884292487601954e-01 1.2471127015015612271575662e-01 1.2908427984399112320446079e-01 
3.4717178813045029172742637e-16 1.3898783685146671265731135e-16 4.7139506898424055059138027e-02 3.1898603854965013049138634e-02 2.6897541234950216038068760e-02 1.8267872186661843203481226e-02 -1.3087018987601867214820572e-03 -5.9495035778155090644414571e-03 -6.9808419098639742520286289e-16 1.3925993998683283153444517e-16 
-5.3163499532633500366896679e-16 2.6964058839824166839872944e-16 2.0489285180952776510565627e-02 -1.4324146145889508213722152e-03 3.5599277232498144352135228e-02 -2.3696350181053316141799314e-03 2.3526471513265698187744590e-01 1.1633969394519358409034737e-01 -9.8237830392212954766506527e-03 -2.5980819258996229459413030e-03 
-7.9370223326639139707346391e-15 7.0179716296757588686016941e-15 -1.7868698462298257534364154e-01 2.5599334687440067348518369e-01 -1.0342928061585600352234593e-01 1.4669027274019702522522834e-01 1.1785376658940480554118618e-15 5.7507402858131112677309455e-17 -2.2500529111237330126549239e-02 5.2281738955754636366535237e-02 
-1.2904201311172749586098085e-02 2.9844169736059175668252408e-02 5.5988952304634239526270889e-03 -2.4003469916991267141259669e-03 2.9939612941596189878580543e-16 -7.6031864759309046208241148e-16 7.4333969691643977123035337e-17 -7.3185306868289859378520898e-16 5.2463518057965230489969599e-03 1.9857955876281141449624101e-02 
8.9983016332933173087038625e-03 3.4524690835855340043103467e-02 -2.2664751264554991450062005e-01 1.3181752003351654423113359e-01 9.8888915820029461845042107e-03 -3.0507880357264344217682606e-03 -1.0899592954376409732670019e-14 1.1406658410029834070998392e-14 -1.9451374939957585818994801e-01 -2.4345320673835879610180655e-01 
-1.1291951880634507054956828e-01 -1.3945215470595700990585897e-01 -1.1107020957303005066619616e-15 1.4719017448543680397500182e-16 -2.6322209358467595075037337e-02 -5.0894696171052758448816178e-02 -1.4708095778933897440632350e-02 -2.9038688699832934658751071e-02 -5.7264333712990396485498223e-03 -2.0305657253582142657277743e-03 
-1.3158930037484290050592782e-16 6.5498023989831790152258029e-16 -3.1788101989851858042066126e-16 4.8054637622238834041758410e-16 -3.9546100002044101695553024e-03 2.0172245518785658635607660e-02 -6.6663226947915182885040508e-03 3.4946087377036333387891887e-02 -1.7195217821868741259194735e-01 -1.9793282189178906804727376e-01 
4.8497436966056794993562562e-03 9.1420714521810025887660345e-03 -4.8894425212606645788044016e-16 7.7948240072383872827858474e-15 2.0269273906062693080265547e-01 -2.3668695804539238713992688e-01 1.1582306577799257596428362e-01 -1.3705013175249994294979672e-01 -7.0587294222623749072732570e-17 3.3599702525621196410201839e-15 
4.5060920986144392674788151e-02 -3.5392685737801923839818130e-02 2.5768311365611910879191981e-02 -1.9888882628565023036326664e-02 9.2157221078130804881034521e-04 -6.0054925677451923005101264e-03 -7.3340778106072774002196265e-16 1.6153635053923799992400750e-16 5.9005642712893276726811048e-16 1.2790712569743816494459128e-15 
-2.0555959612184999257822327e-02 -1.0466110134905049627862539e-04 -3.5576240403315341487289203e-02 0.0000000000000000000000000e+00 
6 (band)
-5.8067157999363039344586923e-01 (Ry)
0.0000000000000000000000000e+00 (Occupations)
1.0056372685496333201563095e-14 -7.3590906728065234538487153e-15 2.2752107714766316580823107e-15 -5.3631790078128522677520053e-15 9.1315527442927466039712669e-02 -3.5362430701399583110600133e-01 8.4807072584955296499877952e-16 8.6326489382909972980588621e-15 -1.0951970870191390469177304e-14 -3.0036618474295161097724244e-15 
5.6180203862708014139748514e-03 -2.0216133662211838162292565e-02 7.1292741498139392886983582e-16 2.0592565921437414224762669e-15 -5.6355087622190323643355066e-16 -2.8566874364991957847885192e-15 2.5887679465025572038193111e-16 -5.5061455749547810657560921e-18 1.8824790308965572843691305e-02 8.8160125064336430922296017e-03 
1.0842610399092102169138485e-02 5.0276572834498517439172360e-03 2.9374671485603356561877912e-16 -9.1135556771328776575351928e-16 3.9777705338772259578167510e-16 7.2070939423311709575266573e-16 1.4960018688921218424262976e-14 9.7126333610825834035365969e-15 7.3448832583843037583666943e-15 5.2497687060237114471669767e-15 
3.6447147190195583466021390e-01 2.3435490883005574702657725e-02 -1.1527154554624905644377056e-14 7.7880534560560908667577544e-15 5.6769660346237113283429345e-15 -4.5766819939576067787750956e-15 2.0910762400767342328311571e-02 1.7303840983030407962850461e-03 -2.5325479287855857930817454e-15 3.2529161029848042549711963e-15 
4.2809601848499373716862382e-17 1.6930997895669038048441356e-15 3.9256950792684142117709856e-16 2.2701315918848501909480124e-16 -5.1324427324397677713241350e-03 2.0143307530997776183534498e-02 -2.9069010604436951172857562e-03 1.1592646990705356147000060e-02 7.3113437040031231021376695e-16 5.9110044350883102138203041e-16 
-3.6658256608429736501797511e-16 7.1004374074364883510771559e-16 -1.4799103798667078607735149e-14 3.0764723884867664229043337e-15 -2.9277547588233838122780950e-15 1.4354655028801363462522736e-15 3.4069744577554184061796150e-01 -1.3163445848504520818700314e-01 8.8235122113654622881898280e-15 -1.1078023851443526510080018e-14 
-1.1889555396656756907431062e-14 3.8492131071504485512978007e-15 1.9412014007547710725543055e-02 -7.9086428858720324297504334e-03 6.2593268273237752456612545e-16 -8.1419130622856771848302284e-16 1.2673308358291920832446944e-15 2.6777642889406418132771225e-16 -1.3603196782325343071606646e-15 9.4595795429691141411503310e-16 
1.0935342815621463402608882e-02 1.7681331430406309335179316e-02 6.2487567630365153242832932e-03 1.0189119160774685185488764e-02 1.0125796236961817858296785e-15 -1.3617707467388814611029778e-15 -9.8354643385397031804922553e-17 -1.2551497086730812758663793e-17 -7.6702479935289928400661739e-15 -3.4636434500061435922541445e-14 
-1.8683421021627721394462308e-15 -1.0984133313520518846356569e-14 1.9314318559185744694772779e-01 3.0999691946544072340685716e-01 1.2871255779258899098054905e-14 -2.7540538359655412471921560e-15 1.4889661434281537422350750e-15 -1.2537049195048129796711681e-14 1.1406007780847542132374173e-02 1.7586241970036154552703422e-02 
-2.5311201709091795154573073e-17 1.0225335387398172118114452e-15 -1.9058883351520251289659037e-15 -8.8607204268180802976448691e-16 -1.4174931716580459014548809e-15 -1.5149334424864731236777484e-15 -1.5319067527759374844342766e-02 1.4054798957186819680087453e-02 -8.8377415910003611493328535e-03 8.0473246440525524059150797e-03 
1.2917580662312855211566145e-15 1.4821746614367755705765500e-16 -1.5764568159954619627837176e-15 0.0000000000000000000000000e+00 
7 (band)
-4.7043343359772610279279093e-01 (Ry)
0.0000000000000000000000000e+00 (Occupations)
9.2548488421811958559715094e-04 5.1389989439160066453382569e-04 9.3582393537003372152582870e-05 3.5979709460970399348411775e-04 -3.3184472352736600082034459e-15 -6.2623476315807432648081657e-15 -1.5540026098529527431857389e-01 -1.6146692691288835885821129e-01 2.6971218841447880398831671e-01 2.8072986126045967880671128e-01 
-4.0184385679276088937208823e-17 -1.4249097693042749288840946e-15 -1.7044686616930038169925865e-02 -3.0009846506115878117526563e-02 2.9443876002990254647784241e-02 5.2667445813091684492235345e-02 -8.7300413599555870547419545e-06 1.7870087128751821481387196e-05 9.3183741574758044867544347e-16 6.2330511056769976495518360e-16 
-2.2175935538048250049754859e-16 4.0450991959737185715907229e-17 9.7272796686781459740700484e-06 3.6200761349450383264070297e-02 -1.4244120103859211901031756e-04 -2.0893058510824465134891881e-02 -3.3137874018490665051217547e-04 1.0053872403087416032008150e-03 -3.3588850696858463251714966e-04 1.5934404465232920866668564e-04 
1.6312385901166326059241837e-14 1.6012539632536252626097452e-15 1.2948779853047859278447618e-01 -1.8290358015283914028259460e-01 -2.2521833919009037749958679e-01 3.1753837449212540811060990e-01 -2.8885786940983039123476260e-16 8.9474893489108827471859695e-16 2.6284433834303042726299182e-02 -2.2366062845302750461407015e-02 
-4.6217328358700432433536776e-02 3.8791239242102815154566997e-02 -1.9189405382577517933384570e-05 -5.2268879079317431823881179e-06 4.9215715520445954668058070e-16 1.1951669652533499836876162e-15 -1.2682957855858369900467474e-16 1.3465607303216578372934344e-16 -3.5557723629784654395535881e-02 6.7929012334661600935881154e-03 
2.0496294184407709559891941e-02 -4.0548869452336332858122248e-03 -1.2202557293862189083388792e-03 -5.4860975529055777677456263e-04 -2.3191852952762423423216376e-04 -1.8592522137441530594159644e-04 5.3412615878421925288951433e-15 -2.5264014770398463132939068e-15 -1.8334691439257205791690808e-01 1.2821883749577772659833386e-01 
3.1806062004272195320453420e-01 -2.2487100770554946382873140e-01 2.0456435850120896790622909e-16 -1.8222759484858923672778821e-16 -2.2101618169950980330451529e-02 2.7055251516628478491988119e-02 3.8543727435400992886727067e-02 -4.6247741803382896863539031e-02 -2.0610879404190859953693860e-05 1.8990401958640017263807431e-06 
1.1398638865433109465546059e-15 1.0321860552386704935726258e-15 5.0412490887328249106518050e-16 -1.5532732370241580201619670e-16 -6.7791331605269230381471957e-03 3.5557096327270318325552978e-02 3.8998334542507742672690085e-03 -2.0443642902948543776942003e-02 3.1023924555413640025136601e-04 -1.3014408627589901801258065e-03 
1.3917477561135871422237642e-04 -2.6264952717036660345684140e-04 7.6184222911525936564390071e-15 1.0943524280707458351023143e-14 -1.6030351521947899806619375e-01 -1.5607352214365707854248910e-01 2.8048654102921866115849525e-01 2.7029026699073577244547550e-01 6.0997757934205119860342894e-16 -3.5559530421369303895274513e-16 
-3.0717458897193038180883917e-02 -1.6640489153179296999418568e-02 5.2650941464340149378298150e-02 2.9195049399623758390465156e-02 -5.7274966493456942913387042e-06 -1.9889959416855950823793675e-05 6.9551041104221261769852811e-16 -2.1551893099553636831606395e-16 2.1073443826033312676505673e-17 1.7261675527082861989434304e-16 
-3.6197565278580916270367851e-02 3.6793780780306102606846963e-06 2.0812285701336936255545496e-02 0.0000000000000000000000000e+00 
8 (band)
-3.1587608137203443403606684e-01 (Ry)
0.0000000000000000000000000e+00 (Occupations)
-8.5338259160759234592694052e-15 1.7409230689198577036358576e-14 -4.2897494225381513302824055e-15 7.0159863989064673051616644e-15 -2.8573374574710763695861715e-01 3.3377240963568455267562740e-01 -3.5862301060963098579815138e-15 -3.0705348421200413352923660e-15 -6.1312608220559782105273958e-15 -1.4907556767573775645401430e-16 
-2.7352386518999793896256278e-03 3.6095443508683544564519252e-03 1.1251536126515475671235306e-16 6.2116317732227046617415531e-16 -1.7643225601312405942569000e-15 -4.7986359576234501741970861e-15 1.6801492371202901218891812e-16 1.4999360916569753988345245e-16 5.0490826326124319325949763e-03 2.6171770226682225524150738e-02 
-2.8446923881706873138419667e-02 -1.9045514153361808862285898e-02 1.0012037884067542811841801e-15 6.4147454111587897280666345e-16 -3.4867637022469572901837051e-16 5.3659901299320714116400739e-16 -5.3337052357633595142714374e-16 2.6096275814441008105527846e-15 4.4984227876861460559299697e-15 2.7194359406329324995868118e-15 
3.8140154752971872076372506e-01 2.1812990266036269559890570e-01 -4.2335586818716888043402912e-15 -2.8327632825973557945943221e-15 1.6122362721396008336510889e-15 -8.9861772046417081764023190e-15 4.0581420110953475566262227e-03 2.0104288899373060073294539e-03 2.3805860559367370387724830e-15 -1.7164301147088520939516623e-15 
1.1744836769846299077475691e-15 3.5358985843234160756495730e-16 9.4610321712761647728550647e-17 -9.9465828303501649852820625e-16 2.4762092481518935271900261e-02 -9.8637502080017071259820938e-03 -1.3377743743546881283190686e-02 3.1511824130467894211626856e-02 1.1387588213294978567113663e-15 -4.4213480784811570903209818e-16 
-8.8744373408795836384813436e-16 6.6264585641775845630136937e-16 1.8974929551045882189558141e-14 -1.0996973023578698600823636e-14 8.8617731478899649621571731e-15 -4.7647974747946154280009193e-15 -2.7387484078118001784574176e-01 3.4353096060628168784134573e-01 3.2761162871420681223611335e-15 -7.7428015412796959101553566e-16 
-4.1545324460721207770771579e-15 3.3599135447885110791508730e-15 -3.0467246128961025797288187e-03 3.3859453392873425925380104e-03 2.1973613681125925235894544e-16 -1.5931559723900576120348296e-16 -1.3716444174442496540769237e-16 -4.7161105063047202610512390e-16 8.6258471833584895632440586e-16 -9.8147862494610051330133417e-17 
2.6649683377758297264659149e-02 2.4493709069508401432457845e-05 -2.4064574126680584459370138e-02 -2.4342099602056771479041686e-02 4.3750960976436705517626255e-16 -2.1594270673986670718507302e-15 2.5805932144025280942323204e-16 -2.5313928575259067626156869e-15 -1.1936971888715624045107905e-14 -5.5645052724471201228825548e-15 
-6.0998179094529677257177000e-15 -3.4854848741354118976082708e-15 3.8876511053166534770397789e-01 2.0465248139540115346335369e-01 -7.8295762965828817403297998e-16 3.2180823928194144991685773e-15 -5.1886853050010511242489620e-15 3.1893360242742264690349363e-15 3.8968702015894809802254439e-03 2.3582958549411385529293028e-03 
-3.5921577989389048531720484e-16 1.7271168412507233120912583e-15 -1.1292134753665759984297520e-15 -9.5581413776191374137046202e-16 -2.6013350362969885878439482e-15 2.2669914546142083805389739e-16 -4.9695928464754089703969697e-03 -2.6182233881332978020495261e-02 -1.9401682560264608967681710e-02 2.8199578982064571475163461e-02 
1.4035486859271041826820204e-15 -6.4600409220430278475140619e-16 4.9448169848268451330691885e-16 0.0000000000000000000000000e+00 
9 (band)
1.0270617630500569750218176e-01 (Ry)
0.0000000000000000000000000e+00 (Occupations)
1.2630135278891400977900550e-14 -1.7773682175427976095865415e-14 3.6426211328168367206057965e-15 -8.4147835358202717609216825e-15 -4.3096816385526559578522665e-01 3.6624909698564422910749272e-01 1.4838417433475950999431181e-16 6.3693633910820252878343113e-15 2.2517310915759999329768718e-15 -2.0767268810880015888109628e-15 
7.3477812429459526955000115e-03 -9.6960712484399635968657094e-03 2.0562394716173523651224355e-15 -2.2059733672607104975711927e-15 1.4883204916873178657801483e-15 4.4214017622451289985003165e-15 -1.1758948184321081687384248e-15 -2.9424392470435811348228238e-16 8.8381338839385540501192295e-03 -5.1485542482054433288674034e-02 
3.8658764472500439790536575e-02 3.1152211983546090889873881e-02 -1.6471155255552956070123638e-15 -1.4254116958180068638606376e-15 -7.9529088507340921645437035e-16 9.4802368671821961144151447e-16 2.7754811130168152065804005e-15 3.3858244347213658997918111e-15 -1.2360708035464837868565968e-16 -3.5820957265995262702627143e-16 
4.4051719964769942006199699e-01 3.5470629556597327303180123e-01 1.6611924221626608291898077e-15 7.7707449182915004640196463e-15 -1.7563765191009488247335090e-15 4.2257782717775396108158189e-15 -1.0901164078096672871431849e-02 -5.4007692592400596831581083e-03 -2.6696955834842873697239517e-15 -1.1687293894455645671884914e-15 
3.4184233850093316539880832e-16 -1.3512899211109787744795877e-15 -3.0620199497150831778926790e-15 -7.5674368518229399461053026e-16 -5.2229693122629462787021026e-02 9.6584239802074631220385470e-04 2.3356490556317305307132415e-02 -4.3811353903990574165661087e-02 -8.7405167341248543541877908e-16 -4.0146411104989938569245774e-16 
1.1707783615371167380515523e-15 -8.4481501715753280064610015e-16 -2.1562918425512689406073728e-14 4.4020931367841279908351825e-15 -1.2280717217116064363151283e-14 4.1223024658190737853456851e-15 4.0877664667440855028601732e-01 -3.9087841483827356903191230e-01 9.0335982477184740641952489e-16 7.7590519226855020015007634e-15 
-1.1329703642749057601897845e-16 3.7911330957203585613964912e-15 -1.0415983940336659419045873e-02 6.3270677534695562993505291e-03 1.0675043363300759879924732e-15 -3.6250240195313242762723360e-15 4.4246933050993052779454496e-16 9.0629871976053613323089540e-16 -9.5462763286847567200158567e-16 -4.8142619465548919314118762e-17 
5.2125411797253703993781926e-02 -3.4755827912630980758290633e-03 -2.6996968765028980796749636e-02 -4.1672405621270058873051312e-02 -1.0498262421441896411202729e-15 2.1958144367442642202070792e-15 -3.2643798694938140179380191e-16 2.8587884592213685860648232e-15 1.1834259347633761284010579e-14 1.2929804602164579446559375e-14 
2.5423726368999815995817160e-15 7.4656718356897383120946241e-15 -4.6055198890647786047480849e-01 -3.2829277720832322762234412e-01 -1.5984030245399619061898636e-15 1.7694609664544985681814151e-15 -4.0728497288538931342734867e-15 -2.5174968101484022567022575e-15 8.1667587521765065000645123e-03 9.0459139552714479259876157e-03 
1.8521967591753093712883391e-16 -1.2245569186693999966184971e-15 1.4849921232695834218662970e-15 -1.1460416391058706181471191e-15 3.2586290989248942343044922e-15 5.3243301052247313468819253e-16 -1.3181348850601147526528933e-02 -5.0550868175047218577855546e-02 -3.5875545251947874025866270e-02 3.4327408373471354763317720e-02 
-1.3855192713440990884546483e-15 8.7564111582610900606926055e-16 -1.1653210278180448376465602e-15 0.0000000000000000000000000e+00 
10 (band)
5.0297077775297616142324841e-01 (Ry)
0.0000000000000000000000000e+00 (Occupations)
4.7303787766260985137023454e-01 6.5006432282657816701387787e-03 8.4186958082992369156727364e-03 -6.1339751067889872193639178e-03 1.5802623384604115300268068e-13 -5.0876991802035058091771394e-13 2.5708366636168888952340694e-01 2.6168609445186108430903005e-01 1.4990233764108432112927005e-01 1.5159913590250345682974853e-01 
9.9796590499375998306564789e-15 2.0188712607894716576090638e-15 -1.8887095208371118548740242e-04 2.1132798409304411058062811e-02 3.1238024145593956681921100e-04 1.1525405842000971401439813e-02 -5.4867643042300212607997878e-02 2.7944813919737299112711071e-02 -4.4653518997198472579548123e-14 -3.0990741036239154323249496e-14 
-2.6393833910732114261887479e-14 -1.9354330014977190752966217e-14 -7.1538391884914176443999168e-02 -2.4944654385080079067593672e-02 -1.2286040172809462034386740e-01 -4.2555103718465520090674659e-02 8.2252960400549163244576789e-02 4.6587717541348566685499577e-01 7.6028318313168530284684721e-03 7.1201852410983507146724492e-03 
5.2226376423208014390234741e-13 5.1218609996828570344960004e-14 -2.0887823891166862333435006e-01 3.0156509222489868982108874e-01 -1.2082500133186616086966580e-01 1.7565400049475615729122069e-01 -1.2952289364688145732179759e-15 1.0989990934992441092563267e-14 -2.0793869336967030214680108e-02 3.7743660185376448623628676e-03 
-1.1262724997774808954886794e-02 2.4664928263686825005152059e-03 -3.7731005518831982337157882e-02 -4.8659450269848615600043473e-02 2.5155832537158674003619754e-14 -4.8979934656168690984783179e-14 1.1723071369493961851662640e-14 -2.6920604765005857676045289e-14 1.1097858061554496250655788e-02 -7.4945412416746487460628146e-02 
1.8779592249744632426189384e-02 -1.2865823751401211927358759e-01 2.3077838790782373434851138e-01 -4.1414477240283131820319795e-01 1.0253174189799776905296369e-02 -4.4278991006656276407937867e-03 -4.9843910466449402182262993e-13 2.0389975766355347470598315e-13 1.0028272867800820666861483e-01 3.5333864810781778764692262e-01 
5.5820196232108640344016237e-02 2.0497176441013009728919769e-01 2.5130885285234585217936713e-16 9.8295839700599328660055332e-15 1.7636034731092414123976297e-02 1.0100716899796510772624458e-02 1.0567339239837294367907461e-02 6.2598442012157737290856119e-03 -5.1539681806367615424235851e-02 3.3674159902982267467130839e-02 
3.5490014528707143139445418e-14 3.9903796970968912332680477e-14 2.1423068509510082585731150e-14 2.3690295842971315564776935e-14 -1.3801332399609221937564207e-02 7.4421454017265672997716308e-02 -2.4381651052430477338850423e-02 1.2781309082747588368178526e-01 4.5005268759139394063595319e-01 1.4908767630397892767213364e-01 
6.2707220924519829763355006e-03 9.2418567318141298105871329e-03 -2.8213224231881352100701435e-13 -4.3820672821559711539404137e-13 -3.2828893969607531033716441e-01 1.6471550622509889549860418e-01 -1.9088148918903374839928233e-01 9.3239345760092712245281632e-02 -1.3474817029108609717984559e-14 -3.7505192870765424067236498e-15 
-6.6171420619081725011945139e-03 1.9216337680690368655556099e-02 -4.1688432319652328136849739e-03 1.1553140444943245379594288e-02 -4.2735271281899619988386974e-02 -4.4316863994822236483273059e-02 -3.3599332836556909590090589e-14 4.2442568177973607291124276e-14 -1.9893330971775447413140388e-14 2.3491095448350100055426257e-14 
-7.5689357269925303106639092e-02 3.8831702793410555196729206e-04 -1.3011783542203120278557549e-01 0.0000000000000000000000000e+00 
11 (band)
5.0535877775325710459242146e-01 (Ry)
0.0000000000000000000000000e+00 (Occupations)
-3.6244057650878576489868719e-13 2.6162569039088951266691745e-15 -3.5863642357993458425486754e-15 1.0368111255905780483528657e-14 1.9816615222364389325981904e-01 -6.4538447399632759005072558e-01 -2.0240071238154568975919189e-13 -2.0824941017627039008495587e-13 -1.1585868649505252103619088e-13 -1.1871681501944881370348925e-13 
1.3590974968735014538623318e-02 -3.3317624334255890872213968e-04 -1.8029900032557935685530313e-15 -1.7122611984054474091535136e-14 1.8905757463383577690327395e-15 -4.5549451216839053292979582e-15 4.2739321105292349740349361e-14 -2.2647259333674141405159218e-14 -5.6738877856045810688101483e-02 -4.1098972308467540681675700e-02 
-3.2750320145726222187398946e-02 -2.3580260830315821762859230e-02 5.5936467603030088477945511e-14 2.0454167063846742700949835e-14 9.7224075106783537614629987e-14 3.5281964748330609634753239e-14 -5.9621613498250463365083830e-14 -3.6053327140459110992230959e-13 -6.0149329763938544633314945e-15 -6.1687208652829766569086475e-15 
6.7108557473490071387800526e-01 7.3723093704596176500842830e-02 1.6679330467480552756446600e-13 -2.3512367146149189783417941e-13 8.6174520155843845962417540e-14 -1.3760075854830774760097724e-13 2.8739695322185787595969941e-03 1.3287810434293140238182218e-02 1.3759872027700510410713082e-14 -2.1674686955419607870288692e-15 
1.3463703505684486724471684e-14 -2.1127479585172892261591779e-15 2.5925741422363000934023780e-14 3.9508022861159006738985973e-14 2.9739190995875589007546580e-02 -6.3435055797930572918374992e-02 1.7025791540464962903200785e-02 -3.6588722209087723435949613e-02 -9.1351664133075126828465521e-15 5.7386685872991967210308369e-14 
-1.5339897014591904492719544e-14 1.0172833734558999337227567e-13 -1.9147561053035608708538535e-13 3.1724805370912640642143200e-13 -1.5658050116945799255097640e-14 2.7137099624390597846416769e-16 -6.2610684981107322943927329e-01 2.5256076548585348895414882e-01 -7.4956632509215208531604439e-14 -2.7752332821209106744459501e-13 
-5.2642847121460921888402474e-14 -1.6012200290843024024897365e-13 8.3564761822543798253093428e-04 1.3611466241928008025219299e-02 -1.3981514929039042158563407e-14 -1.1063407292489142651075100e-14 -6.0626441652841030096698013e-15 -2.2839314095341221795205284e-15 4.3235323889921229008282853e-14 -2.8363301526935204912171422e-14 
4.5798572844190435504607706e-02 5.3017480419576754058219592e-02 2.6294493554951860886381709e-02 3.0610980555022256760500099e-02 8.8428261112732507593848704e-15 -5.5836941970811364071926109e-14 1.8096029053386318059312785e-14 -9.9603715129451159261990047e-14 -3.5021383011640836296426162e-13 -9.9223006073709907689937149e-14 
-2.7602903946991612477923426e-15 1.1438158451686952179367903e-15 -3.6540794455975900145716651e-01 -5.6769160791379957853308724e-01 2.5165804388360435222656299e-13 -1.2907730485388810762712502e-13 1.4683039879171858393964695e-13 -8.2658977710385766384545809e-14 -1.3213785003929917616360967e-02 3.3713804393364320277637347e-03 
8.7945054730393637485193044e-15 -1.4125398214379840012405223e-14 6.6285829902226295411135071e-15 -6.2129787430841365751368462e-15 3.8001086281629605840693876e-14 3.7355370576793711240755784e-14 -4.3496598296211948231348998e-02 5.4921839383463892658721051e-02 -2.5141679162809144748580437e-02 3.1564671560554445617352570e-02 
5.8173392602377015735508469e-14 1.1942927731526978137126444e-15 1.0296822033681415423094364e-13 0.0000000000000000000000000e+00 
12 (band)
6.5261696655652501330990845e-01 (Ry)
0.0000000000000000000000000e+00 (Occupations)
-3.6439473571815358954317787e-02 9.2009423366782278064235356e-02 -2.9155460152421000530331696e-02 -3.4344164121415121648794866e-01 -5.8814478780441496819864469e-16 -1.6977603227634540445536390e-15 9.8921780492796831940616187e-02 6.3462511757896022945857339e-03 5.7616709437961308171161079e-02 3.6921950415654269939125243e-03 
4.0356357919137373173277036e-17 4.0487476333143478185846106e-16 -1.1534147561602706849592792e-02 -6.6835009172690335033095721e-03 -6.5059524632230317231496031e-03 -3.8351196071393089948031729e-03 1.7380137106223388088199755e-02 1.3044622926023033415710017e-01 -4.0894328008212455777700736e-16 -2.3500785843911626525591401e-16 
-9.3930317139036706910375879e-16 6.6839762736902306482855088e-16 3.2432602817472483414107387e-03 -5.6455686159186113659558259e-03 5.9602902669758858755777453e-03 -9.9719134414133214772135716e-03 -9.7207759980774605113040820e-02 -1.8553183608132017834435601e-02 3.3189515708328487519906957e-01 -9.2993583011039965269262098e-02 
7.3046030798028394503387787e-16 2.6195305746119550645532755e-15 1.2302251649995626925360170e-02 9.8358772685467887875176984e-02 7.1694986400486354627403784e-03 5.7288007470441520974091532e-02 -2.4695242602557021280944863e-15 9.2542120955977788454469768e-16 4.4038340085474289575806495e-03 -1.2582209285702278256380282e-02 
2.5480951699236933927217308e-03 -7.1093439120542556430848435e-03 -1.2487895496931208927371415e-01 4.1515473016893636448720883e-02 -2.5516211626760708188803116e-16 -1.0293910855345977737417528e-15 -2.2738461797146756742813473e-16 -1.4160934384235122375875444e-16 6.1532964496656267217034042e-03 2.1279391567200905965862034e-03 
1.0912130464411348707010063e-02 3.9861668903036235472869819e-03 -3.3666428710420581715823118e-02 9.3459735990904124758316129e-02 2.4923470811478637410019132e-01 -2.3778870575873586878934418e-01 -1.2741016792141505997843648e-15 3.3071490005063302639970510e-15 7.8182585357751729904229876e-02 6.1240163408953482426788639e-02 
4.5718488331278256397993687e-02 3.5303495054658712293260692e-02 -2.6243936339341410098614342e-15 1.3740788181707093135281928e-15 -1.3016912376672504225716409e-02 -2.9772871972369441273542634e-03 -7.4417532771975736585745587e-03 -1.3254687375220258749308755e-03 -9.9416911361630999621752380e-02 8.6234018393186964712704423e-02 
-7.6930448303450017951973940e-17 9.1978603677153450905368406e-16 9.1601574513005103671896012e-16 3.9304896635900335601070739e-16 1.2798288243623609245630535e-03 -6.3668853113212665884024233e-03 2.1783421701318528285185039e-03 -1.1419269558301806816169588e-02 -9.8112766789504674003197238e-02 -1.5557495508979501952495639e-02 
2.8027874128102631123837796e-01 2.0026291594154896347212969e-01 -2.9895345330950699843931649e-15 -5.3632198238774758198364673e-15 -4.5505476127120705887030283e-02 8.8273019150942877431020861e-02 -2.6111382653971046408081236e-02 5.1523903523222128186809243e-02 -1.9257733778248370604334924e-15 2.7321814175234965141800100e-15 
4.8542510261585965214425897e-04 -1.3344235060372662896033269e-02 -9.2454469795066190895838076e-05 -7.5583074417365850306005370e-03 -1.0333544838972677504251863e-01 -8.1497320808827058979950664e-02 2.6167950817707145996285990e-16 9.3380709932929267110882372e-17 1.5805082869524984661453650e-16 3.7461699680723813961685630e-16 
6.4939262757183150581719033e-03 6.4124197833533664800387264e-05 1.1625183519208494645202911e-02 0.0000000000000000000000000e+00 
13 (band)
7.7135993461054219721972913e-01 (Ry)
0.0000000000000000000000000e+00 (Occupations)
-4.0878493197219167853972976e-01 -4.4203562838712051608069942e-01 -5.5733128199015657955328606e-02 -3.0888667241513068084657334e-02 9.4203782760417935385242879e-16 -2.0136143717646037457695397e-15 -8.8486389535729903510485883e-02 3.4281555180785500125395515e-01 -2.8989655105609557494972250e-01 -4.8406132098389176299235714e-02 
-1.0245468343829133904748247e-15 -3.2011994135517012130736166e-15 -5.2658963035052575030192656e-02 1.8233969610636280300752787e-02 -5.5076115911501410948858393e-02 4.5793831554014993723278337e-02 7.0501794895275360364195194e-02 5.5242881072518283669392503e-02 3.7068708708889425680163396e-16 -1.4020595430872633907312099e-15 
-1.7590945412788884063698638e-15 2.1096674954674354669594432e-15 1.8973605174328736500122261e-02 7.2034946057327908786049875e-02 -6.5380862873169631743763830e-02 -1.0696444140536388867079864e-01 -3.5760730419675090807629658e-01 4.8437344410720123422109396e-01 -1.9898197195422684391274970e-02 6.0533900346642161016674777e-02 
3.3123380972152062709691809e-15 7.3194601456000979226379237e-16 3.5332404188650057275111749e-01 2.2681823545765977812038727e-02 6.7724704134963648050060669e-03 2.9383209079922245621219190e-01 -2.4308896655238793769615728e-15 2.0191641839791259253668676e-15 2.7778301596928900440985899e-02 4.8309522830175255503348808e-02 
5.5302931899286665584636324e-02 4.5519658123012674000307243e-02 4.1053658762929434722366295e-02 -7.9604497955987257862275897e-02 -1.2052361417963863044719223e-15 1.3991258301288455187660666e-15 -1.0047404237045207444688412e-16 7.7380976353163895145623613e-16 6.7203710039039243895331310e-02 -3.2135533351442160943101101e-02 
-9.2818655039867969946953963e-02 8.4265925686425199869766800e-02 -2.2550083938988818577087159e-01 5.5772609995631761137246940e-01 -4.0886800027876826768569174e-02 4.8593819073420793652751115e-02 -2.6681594562567840572163537e-15 1.3657808737606195655222105e-15 2.0439173242889696613389106e-01 2.8949375803824101138772562e-01 
2.5463499793308375096501095e-01 -1.4759332977893904748079024e-01 -6.1590006240828313407083576e-17 -1.5862698126213122843574960e-15 5.5464862848443596821113033e-02 -1.1375382261730460076165627e-03 6.7572567867672128638645290e-02 2.3253046222734455317215918e-02 4.6425069098524757160717513e-02 -7.6484427377365979405787755e-02 
2.3860593524113936459017464e-15 -6.6581633510229258861461934e-16 1.8199499561979554230029863e-15 2.1079465612117898401559543e-15 -7.5818475307899459159077793e-03 -7.4155666357075489258932066e-02 -2.3492017826935766844353992e-02 1.2314947013953773946592918e-01 5.9010188111080807971120521e-01 1.1699914977269623705957713e-01 
5.5394511278483243854608986e-02 3.1057008691740668748781928e-02 -2.6570496278376377163325430e-17 -6.5949520233613440460713454e-16 2.4606683617353672377525697e-01 -2.5501711386486636268244865e-01 -1.9269288678667939596067527e-01 -2.2246847990087659230340478e-01 3.6898109068862274944573439e-16 3.2868373769429404069570265e-15 
-1.1510468210652744641686596e-02 -5.4269274231233635696902695e-02 1.0179334248213565972118744e-02 -7.0732858284756450206742784e-02 -8.3828868369487871681222657e-02 -3.1271000942378363030016430e-02 6.4301270260233939520108338e-16 -4.8815295793998629635840633e-16 9.2723152834546581939600781e-16 1.4131983036415784420121178e-15 
-7.1421469074532659138121460e-02 2.1342938412441767037641682e-02 1.2537011963474326003975534e-01 0.0000000000000000000000000e+00 
14 (band)
8.1929131003994226656317323e-01 (Ry)
0.0000000000000000000000000e+00 (Occupations)
-3.0251175780419137240073724e-03 -7.4831878027512566120549309e-03 -3.9220661743349927164103974e-04 1.8349500064818169420277627e-04 -9.2387042135160359382499918e-16 -4.7795123931883925642101519e-15 2.5502304480226389848951385e-01 1.8892073495690203666086404e-01 -4.4522482642532140717506195e-01 -3.1851804546625617220456661e-01 
8.0379871585827908743611715e-17 -3.9143577119553625282522038e-15 1.8796731266868982324069748e-02 4.3828453473012674024289481e-03 -3.5062176968316649539048058e-02 -6.9640931644567583003180289e-03 -1.4665642320967064993197937e-04 1.1284969199533215200581537e-03 -1.3138568727005676740035616e-15 -1.0368951492437019243893192e-15 
-3.0071799421673039255503572e-16 3.3302555415899245193524559e-16 4.7989209225203000031001466e-02 1.4063849090378713335702798e-01 -2.8738602068311476511741631e-02 -8.2279088261530575199032000e-02 6.7837894649008800840306321e-03 -4.3737439966310409644734136e-03 -2.5373699126324256170050830e-04 -3.5087602549738194923634182e-04 
7.9810421684554210147287186e-15 1.0578821574874677125878331e-15 -1.3778787596179226104808890e-01 2.8590610122002974025079425e-01 2.2944940192670865153345972e-01 -4.9702300078424455076486765e-01 3.0791142380824701225262391e-15 -7.0512669893637636074357145e-17 -7.8305689188601368400100000e-04 1.9285052801622237783618630e-02 
2.7074311576631704401307843e-04 -3.5746070350822167771553950e-02 -1.1359888103254014990461940e-03 6.7400501614037211517427295e-05 -3.2646984053219158630036840e-16 -1.2453691404747372000036816e-15 -1.5387703056481838324385410e-16 -7.0123984780912708654015837e-18 -1.2915511546596297742794945e-01 7.3492213701385172841540339e-02 
7.5436622365958883040804039e-02 -4.3647126136837612053742674e-02 6.8327584592442480726504073e-04 7.9547746555865966877618689e-03 7.8369141569120670531845008e-04 9.1485920339529069877926304e-05 -4.5261767023203058872540389e-16 2.7069304824283600907869986e-16 -2.2212997731502998055574949e-01 2.2542962282223399927971741e-01 
3.9153796365058363138089703e-01 -3.8278067134335591603644389e-01 1.7085340356463863541007895e-15 -5.1518233332913520839466050e-16 -1.9018632132643667476123994e-02 6.5003551064889419919268221e-03 3.4526171769650532139550592e-02 -1.1475564420576844781862746e-02 -3.7442681500239605174584767e-04 -1.1241653113011481571886785e-03 
1.3210997990704981589885457e-15 1.2203153247838313363219575e-15 9.2391866722416973221784934e-16 9.7977475197417616080910067e-16 2.6679066310257702754338283e-02 -1.4614854786792397245420716e-01 -1.6328737196083804861235222e-02 8.5598238029558529338380879e-02 -7.6858406004235435560190126e-03 2.1617492844055452572149534e-03 
5.6983674535562856000581178e-05 7.8695283815374827973698757e-04 -3.7762049721228026076613997e-15 -3.0754483245864505326196318e-15 -2.6305965159303673628343745e-01 -1.7595414565020353614421822e-01 4.4936747162501100572029600e-01 3.1287680447590637822230519e-01 3.2928367192196353998066461e-15 4.3606355934298518443223107e-15 
-9.9489522369389255668226113e-03 -1.7463714785068411294854940e-02 1.7741860079067722777423910e-02 3.1764311999061101143837504e-02 1.0340926642027183438021787e-03 -5.7844226055425533843806774e-04 3.5822708763876066968950167e-16 6.1565607940493494932247491e-16 1.7280223937347315840066828e-15 1.1575139289473323041635076e-16 
1.4855901380030550607003192e-01 -1.1790003263846531716962929e-03 -8.7141758142611450144165985e-02 0.0000000000000000000000000e+00 
15 (band)
9.1216667865857936625673119e-01 (Ry)
0.0000000000000000000000000e+00 (Occupations)
-3.1639768208742874433525571e-01 5.0500597719672046803651710e-01 -1.9671945880412994300812102e-01 7.0367423251945504514281993e-02 -2.0765149972007776925991580e-16 -1.0690655672111351546196319e-15 -3.1163637725515569432133134e-01 -1.1903876394015094897227414e-01 5.6801402188688510097591688e-02 -3.7030807193861403625589901e-01 
-1.5519214847683562318839616e-15 -2.2983529287426269404557339e-15 -8.6104454345349384913888002e-02 -2.2255167841802037109744106e-02 9.6674667430502597698094291e-03 -3.4578147651429684550361543e-02 1.0348237585124234194644544e-01 -8.1073130547108615551188393e-02 9.2573346826379240824931363e-16 8.3973685374318423030405103e-16 
1.1315435081230226234055367e-15 2.0871530844218324439797584e-16 -3.2952104361996296943981832e-02 1.1070121449915060196644845e-01 5.6176070521860507755995684e-03 1.6336903603193984185759646e-02 5.5534794654349650677715999e-01 2.1616472539377282191530583e-01 1.0598257352231596484237741e-01 1.8004947608057134122994114e-01 
-2.5280954454595878308709174e-15 -1.2287965965032428795591459e-15 -5.8535426118108330184597321e-02 3.2842208031479397378760154e-01 -3.7439241931964595266890683e-01 1.3593520128122593693120734e-02 1.7192702202963020619488287e-15 -1.9584585978361436237712382e-15 -5.7266017869172514132003471e-03 8.8749510340906015426476472e-02 
-3.5777176218836470589224064e-02 -3.0169305656673750526408639e-03 -9.9027766136541767183487650e-02 -8.6457828694286739668051212e-02 -2.4404027358177611947593408e-16 -3.2821765606211725912194748e-16 -4.3157542598333941452568848e-16 -1.2214082178356465957261532e-16 1.1491500027641346481921403e-01 1.1625092900373329776742004e-02 
1.4994897531533889906141255e-02 -8.5793342603871711182783599e-03 -3.7637640986599285586322594e-01 -4.6049180919229742992015986e-01 -2.0323696912518371404665629e-01 -4.5361173444343108607235138e-02 3.0317506966094141816566966e-15 -5.8073102245819795006115800e-16 2.9546160380818253798906881e-01 -1.5802907405388533224055436e-01 
-1.0205825540744399571035927e-01 -3.5939242581206320981124236e-01 7.1543576992619527606456495e-16 -2.9873742004538371016301562e-15 8.1522966935837409829801459e-02 -3.2071772635691414565783930e-02 -1.3929738688347015340696089e-02 -3.3481930448083688234284239e-02 1.1295976014435102352528872e-01 6.7825777968416600671730521e-02 
3.0240916881655641064965523e-16 -9.6907862374060901773756267e-16 -6.1137329333125370995125912e-17 -1.3955671494837947023610870e-15 -4.6476638332443982737363086e-02 -1.0567757318919732134610001e-01 3.2270070450595676747607143e-03 -1.6916563347757283819472462e-02 -3.8180932677482870563068218e-01 4.5599730944886518457792590e-01 
-6.4748919053787858113313547e-03 2.0813691995957753211321517e-01 2.3304677370812676956557004e-15 6.0778550503773435515028068e-16 -2.1059392841874474688879104e-01 -2.6061647086163886033460813e-01 -3.3390278782107490895825208e-01 1.6759394831916629708956634e-01 9.3278353938850825383538988e-16 1.9469590410646843091615402e-15 
-4.6779574081667989193800139e-02 -7.4069320145084133200086285e-02 -3.0278700661685805511913472e-02 1.9956892861779151893131257e-02 4.5457848617996371443084058e-02 -1.2366821567368624368299379e-01 4.3622664130571389682447189e-16 6.5442809674877329538312914e-16 -3.0556493547748303843156412e-16 1.9429852483578177138482576e-15 
-9.5096879243443316331863002e-02 6.5455411877119742958264226e-02 -1.7221605324924164903688251e-02 0.0000000000000000000000000e+00 
16 (band)
9.8994591101346562922458361e-01 (Ry)
0.0000000000000000000000000e+00 (Occupations)
-1.8467151676595927600743607e-01 -7.8779972118197538755168807e-02 -2.0281958170185115930550523e-01 3.4365171322885157412230228e-01 1.7071815030295808539966112e-15 -2.3234634102866093673373390e-14 1.7280934968945654839345138e-01 -6.6165361813183179440223114e-02 -4.2088607646142417451073925e-03 8.6628951012682267607267761e-03 
-5.8536408263142218034162079e-15 -4.4527628074404519742672671e-14 1.1657358291973599073720891e-01 -9.2773838417817555690447762e-03 -9.3983944272158864707833459e-02 -5.3483782361286660855803632e-02 8.0427616349816710705766809e-02 -9.2110119401124845861517088e-02 1.6826543432361224428224872e-15 -1.0065795745815857667202923e-15 
-1.2416333708826251167988437e-15 5.2702812306251705864495381e-15 -4.4922799692023576700883325e-02 -6.0498924646053831022385339e-02 2.2331740095981801597080363e-02 -3.6952597857731861452634803e-02 -4.2780570646283377911345269e-02 1.9616237123033125611115679e-01 3.7556929643878700364467704e-01 1.3483317951939757795010166e-01 
2.4721722449816209672689647e-14 1.1298908935996959080026990e-15 -9.7374634466505405328007328e-02 -1.5735026853006234270893060e-01 9.2981132753224143838721716e-03 2.5110455969932221620410928e-03 3.0798906868003224168207645e-14 -5.6143677294531018352569029e-15 -3.0956767081380537343093806e-02 -1.1277033589363327781285307e-01 
-3.4925602506588243612029032e-02 1.0234109167961494279985857e-01 -1.0554922843145383981600105e-01 -6.1743306886878110417704590e-02 -3.7412558615917583392954496e-15 6.8337668994916094944151400e-15 -8.7398383785370447642974912e-16 3.2362377566001644252052663e-15 -5.1009629101443985932373693e-02 5.5463461435705671553897389e-02 
-4.0482616573131027792875614e-02 -1.5011957218944212838485086e-02 1.8872940124804460371166215e-01 6.5038659242071861221745621e-02 -7.9623725523766050726770516e-02 3.9151271490489242266264114e-01 7.5711570065481824153737136e-15 -1.4835130042479770963133754e-14 8.4617204272710161427895059e-02 1.6459169836889681048930356e-01 
3.1956248767532717536266063e-03 -9.8212019328972194331939249e-03 2.4956988334826269548708766e-14 -2.9951997778911073345674701e-14 8.0899163143839269984880502e-02 8.4443478005512620510053523e-02 -1.0601237165294166708839896e-01 -2.2872120809843854427612087e-02 1.7067760935775130523572862e-03 -1.2203390369181635333184488e-01 
7.5112488023052205247700358e-15 3.6018205204259230882110950e-16 6.1261112274748130920706302e-15 4.0319100196786106434377027e-15 7.3807825697039433632262728e-02 -1.5136574573880543642667718e-02 8.1125154483978230424146005e-03 -4.2527295285098784538568850e-02 2.8522282471033704592811020e-02 -1.9757351415120941173775293e-01 
3.9949794671010263602539681e-01 4.8512032416067026388550865e-03 1.4187922710921284533139457e-14 4.6969948021986095280995295e-15 1.4582064391037152795149723e-01 -1.1395980975958583392149137e-01 -1.0246041835844533346433494e-02 -1.2987118455232715425601286e-03 3.1668108209756270865768922e-14 3.2565319396473542981476018e-14 
6.7788760313231277709888900e-02 -9.5289346467658950223800218e-02 -2.6022551059572476828130050e-03 1.0842040915891099084333860e-01 -1.2019216570122924492292071e-01 2.1190328901220165797036898e-02 -3.2352258650150370394815134e-16 1.2612530798452972979707769e-16 2.9924290232967303569229748e-15 1.3545714782303930690672752e-15 
-2.8698671629465832139116443e-02 -6.9664174944231382902160021e-02 -4.3294153775852550758429516e-02 0.0000000000000000000000000e+00 
17 (band)
1.0116223815932288143670803e+00 (Ry)
0.0000000000000000000000000e+00 (Occupations)
-6.5463406881327679265325514e-01 -5.1529097432507886544783560e-01 3.6078903315992782996346477e-03 2.7035900114970395913260859e-02 1.1160660604046611195569669e-15 1.6988319011163506820922964e-14 -6.2573391898161218049878585e-02 3.4484689250202343879792011e-01 -2.8085126730706899689238298e-02 1.9929691716383607369422748e-01 
8.5085308066420929445257343e-15 2.1388017146934741834503812e-14 -4.9750584221647548011091544e-02 6.9986271668087435271488062e-02 -2.8037164748874243702658760e-02 4.0830988779451071746251500e-02 9.1496991234520402835883601e-02 7.7778859903396543873377311e-02 -3.7258657851730728339440737e-15 -3.1914304406543492667546547e-15 
-4.5510260409817595246441112e-15 4.2179528355313997002055191e-15 -3.0378630282530211248470664e-02 -7.6952398072389722669117695e-03 -4.9523401948374921877071841e-02 -1.0228236150081067290518178e-02 3.8349756210824303970241544e-01 -7.3959459985114850422149857e-01 -2.5880968761751471651777479e-02 8.6100071792741018905648076e-03 
-1.7936100017351300609059708e-14 6.9791023532394491407458235e-15 -3.5046379039009062372755920e-01 3.1528189514365857065714138e-03 -2.0102944880667589222511538e-01 9.7568564083775344286664222e-03 -2.7275774967851944537184293e-14 2.0032937440910492747481129e-14 -7.8068952258446122627333352e-02 -3.5755245009086250584928734e-02 
-4.5361400500586457340546076e-02 -1.9889585126078551668982186e-02 -5.9256355961146152389051878e-02 1.0445063298539911111895151e-01 -2.3086692272877952757662484e-16 8.8232545317584722469769585e-16 -2.0256418805446579411997567e-17 1.1324686192809638277358980e-15 1.8665482763083243028523484e-03 -3.1282485372279525415173396e-02 
7.6730580783070274908386210e-04 -5.0562786682289147244251382e-02 2.1920132379164583569242097e-01 8.0417646770096795627580377e-01 -2.4365930292676821200537063e-02 -1.3437184377557656600465918e-02 -3.6248003549783102571309972e-15 1.4287031590082904020264643e-14 3.4108961840038515278550335e-01 7.6586973799839100363051614e-02 
1.9513029340533000199897629e-01 5.1721865027199248610045856e-02 -1.9377152437556459245525625e-14 2.2061963750587541407199621e-14 8.4779961811019169393155437e-02 -1.8763059475900817352211902e-02 4.7776216027164961075435201e-02 -1.0149551919596946913948443e-02 -3.6099781881686679452236888e-02 -1.1448636937592364393179167e-01 
-1.2077387673884584237601166e-15 1.0211972625564171704385082e-15 1.4566160353219316853145298e-15 5.0186180669324503157600882e-15 -5.0083633955631950973597100e-03 3.1086889196415532637951529e-02 -9.4537055169008378519013291e-03 4.9558059841370821763106846e-02 -7.4885805934766569436078498e-01 3.6600630938012579385087975e-01 
8.6334548503676500352810308e-03 -2.6452219951655003837842628e-02 -1.0100563440086137655983170e-14 1.3287648266382961116308162e-15 -1.1316586848093328210307362e-02 3.4939895134138182486438495e-01 -1.4241957706332554478567687e-02 2.0136571050461640752793357e-01 -3.2501212782821603727919685e-14 -5.9227205034832429726754098e-15 
3.4316894802490900684421860e-02 7.9762428854005751333033913e-02 1.8922145616330952877515159e-02 4.5028131510386898428421887e-02 1.0569407643495079551776428e-01 -5.6912961892277950937124587e-02 -2.7039994383655147771274016e-15 -5.9230741221179584801114815e-15 -2.4023725961677976882624774e-15 -1.3813048556711197624216723e-15 
-3.1474728639430869792104062e-02 9.0545065354546939648261450e-04 -5.0451698120484514409334054e-02 0.0000000000000000000000000e+00 
18 (band)
1.0176525739800448278060685e+00 (Ry)
0.0000000000000000000000000e+00 (Occupations)
3.8753353748084888113557921e-14 2.9448086731097588554873551e-14 2.3594085946599241057075096e-15 4.1612367045614419599784266e-14 7.3275594125381010579545205e-02 1.7375470319661731610771938e-01 3.9805049807872798155740020e-15 -4.4047802366593094681316280e-14 -8.8675265718633965208926692e-15 -2.2512188408780751346690444e-14 
2.3598033633350684601381886e-01 2.8496308729454611352593929e-01 1.3376638570918139260867023e-14 -1.4560322576437341876997313e-14 -8.1031166169369939510607098e-15 6.9171122575196285233334687e-16 -8.2365311189125058847616430e-15 -1.9285340959288231453684312e-14 -3.6159299236317749004498978e-02 -1.4172404712764815476466751e-03 
-2.0500869192781184802143457e-02 -5.8013724460832544888022611e-04 -3.0940831651328743512137327e-15 -1.5505307142554464953380874e-15 4.5901964034413900976264689e-15 -6.0804965734138806909782517e-15 -8.6572302810722020045048341e-15 8.7334698218224641786750543e-14 3.8196007865657798754055378e-14 -1.5428765544300003545134167e-14 
-1.5694655254991998760694116e-01 1.0453606659936720557624312e-01 1.0157156915966421785435895e-14 -1.5516195472136757552821236e-14 7.7217188464152462272781119e-15 -1.4245567695804208676117722e-14 -2.3569730193916096916417757e-01 2.8519723370872634982120530e-01 -2.5369659932916292310622204e-16 -6.5223275949511175055956861e-15 
6.5508345958428142114924230e-15 9.7321432714652497824505577e-15 -1.1296511784664218891534963e-14 -6.2437757296252017725925415e-15 -5.3834397792477430011448547e-03 -3.5784383017712209640315280e-02 -3.2716184004413224710450248e-03 -2.0246449316462342138400743e-02 4.7569472822646021457469282e-16 1.2282709131528522643505359e-14 
-1.0421796346646244365193690e-15 5.1999146242119449929516488e-15 -2.4294542728959010513885768e-14 -5.8034096390626124355059206e-14 1.2720695538625869991776626e-14 4.4827989413800533684745431e-14 1.5964704936587886807686232e-02 1.8791054849254226755128627e-01 -8.1827085999455680560656831e-15 1.5027360951513310058750565e-14 
-1.5714806414450003129721647e-14 -7.2295611619472917718217933e-15 -7.6310099738193928886609285e-02 3.6199782431340987720602698e-01 4.5453220456553137512105600e-15 6.4539636750750922479397309e-16 -1.3794157693284330591971142e-14 5.7836846210915847951182928e-15 -2.3311030036187935040277783e-15 -7.2155981387937294040979285e-15 
-3.1349716458780020611474271e-02 1.8078542730529091608904224e-02 -1.7884381034019371931043096e-02 1.0045554031920157431190255e-02 3.6890275954797563617126305e-15 -8.4529142795295552521176051e-15 -2.0844115603985404157087386e-16 -6.7104301522540166372071569e-15 4.4834914187318008896830375e-14 -4.8432413016976428176734450e-14 
4.2146089949770006905165961e-14 -1.5116612422280000967305507e-14 -1.8159064866366708690392784e-01 5.0892851721911366857931114e-02 -6.1368791869733203582276572e-15 -5.2640379729620503977791298e-14 -4.5608780978959742703689642e-15 -2.2139277611094440314429350e-14 -3.6988493441969255703938302e-01 -7.1268098776481238892932524e-03 
-7.4852609035615313746023390e-15 -2.0882615385408961419575920e-14 6.8765623802055103224902442e-15 5.0286805728176874941310488e-15 -1.3252022862055704271802024e-14 1.3032531827778639524928514e-14 -2.3632673117885610869493007e-02 -2.7406845688776160230304413e-02 -1.3218818480768682044335094e-02 -1.5685250356647532227194475e-02 
-3.2599737497548781519122705e-15 -5.7331915885772768261799229e-15 0.0000000000000000000000000e+00 0.0000000000000000000000000e+00 