143 (index of k points)
0.05682254768670299410748825 0.0982782684976548498445581 0
18 (number of bands)
52 (number of orbitals)
1 (band)
-1.4511464431181131384818173e+00 (Ry)
0.0000000000000000000000000e+00 (Occupations)
-2.6399362642534007772354698e-01 2.2160936523113955454178381e-01 1.8561933281814518847951945e-02 -1.5581789314658395229074017e-02 -1.4736828364913567257662433e-15 4.7056112514464759929954028e-16 2.3265924394864898050450108e-02 2.1542324136482882135368300e-02 3.3224355322359580555691139e-02 4.3148068880435527794325878e-02 
9.8195880000238877398948411e-16 -6.5682592786498879233430478e-16 7.3072061135847216073457844e-03 1.5400174586730007442181289e-02 2.0247106759077856952266927e-02 2.0248373357254628723822520e-02 -8.1418515016863091116050555e-03 6.8346750426038216374990952e-03 4.6921414773659154256566599e-16 -2.2876011682671256413267464e-16 
4.5327997630843999505596016e-17 -5.4702514437236108569368276e-16 -2.9150277935234350512594403e-03 -5.4356276648511803531449438e-03 -3.9138758695330538861512082e-03 -1.2524743761683637677251113e-03 -3.3902882126346628455237919e-01 -6.2151459388003510442288757e-02 2.3837796583412736162177481e-02 4.3700090906869590301475625e-03 
-2.7107698596144395919071819e-15 -1.7067777318476914220468170e-15 -1.7683876715803847901042900e-03 3.1658297051356157347790088e-02 -1.2068157341511079327922573e-02 5.3103419975350445170203528e-02 1.3788665961148538106832518e-15 7.9310384136834373758807566e-16 -7.2082499839388677886908852e-03 1.5446739806744148176820275e-02 
-2.6956482426799821539020741e-03 2.8507462817302764435112294e-02 -1.0456019098710692821763146e-02 -1.9168185675507770290848519e-03 -7.7837240885226538841704512e-16 -7.4391540245486641424186345e-16 -8.6149428741909988792614465e-16 -2.3133447510762147014377114e-17 2.3301144516865712752462514e-03 -5.7108669910920853429736610e-03 
-1.5297502793979490809395116e-03 -3.8140504018359146221062161e-03 -3.4011636973979619824604015e-01 -6.2350894688472290050551550e-02 2.3101608754480654206453494e-02 4.2350233218906296883687901e-03 1.9753311089640752946776581e-16 3.1410223060692276791396822e-16 -1.0784282388892577064787304e-02 3.0258640909388463680063097e-02 
-6.9589546797087092899758431e-03 5.4477901388022588469173257e-02 -3.1261730227783717784980756e-16 -4.3308708603150538370673931e-16 2.0847215114594471602194048e-03 1.7005476428721053722137313e-02 -8.0093330375646878960260722e-03 2.7282784113187491525920336e-02 -1.0463030940311828301259034e-02 -1.9181065183691381297037548e-03 
2.8841970873354481905020958e-16 -1.8722595626101681295926512e-17 -1.2801497505493452325159386e-16 1.4130806332820117805327936e-16 1.1907252073804774905596560e-05 6.1813784151532949473484280e-03 -2.5553305251090393385160482e-03 3.0888639909666922370168329e-03 -1.6875614334854507903038723e-01 -3.0180812301120457652459095e-01 
1.1462378070714936140195306e-02 2.0499600936270803708261212e-02 2.5369236219047016505414358e-16 4.0867077431900916843172580e-16 -3.0188843835024924133758617e-02 1.0978151221013102145640516e-02 -4.6411749111942110501694003e-02 2.9363554523372577959028362e-02 -1.8074940948586836187523418e-15 -2.3531667857322243628255401e-15 
-1.1774093283595644596206675e-02 1.2446004165886221520809229e-02 -2.6127087478047310298290284e-02 1.1219403931937385957007258e-02 -5.1914604541974532572745638e-03 -9.2845510083258715045007037e-03 -1.4912501339468940609087566e-15 -2.3487831053662415042573204e-16 -1.3978740010392248884471919e-15 -1.9922177595429776415428693e-15 
-4.7552439590144513284486472e-03 3.9493335873585951045772191e-03 -4.0088395886141939966629266e-03 0.0000000000000000000000000e+00 
2 (band)
-1.0799553838486162238297084e+00 (Ry)
0.0000000000000000000000000e+00 (Occupations)
5.2714511467571653624553107e-02 -3.7679195754077005053872540e-01 -2.6239844984450033660294821e-03 1.8755678298713919505136261e-02 1.4655876851370886818341139e-15 -6.8062651380633227571634738e-16 -6.9999184112113921329978439e-02 9.8456010055563536464973140e-02 -8.6788856628554567063105196e-02 -7.4729811966242370990798349e-02 
-1.1166806437023227417908891e-15 3.0105802587295728960269965e-16 -1.8585345731860176271554863e-02 3.1043095480356691640011491e-02 -2.1490783474925390095222610e-02 -2.2458567765639477625816411e-02 1.4627092241335762530518583e-03 -1.0455145802173826385939037e-02 2.2275765587770323188441927e-16 2.6166634932295991750581240e-16 
8.3034854275165603523094603e-16 4.4996389807092655014571749e-16 -4.2459754861196505326681461e-03 -5.4866041892392414247581200e-03 -3.9970335047985784682200716e-03 7.9393753851038501023751337e-03 -3.2392468725630418902028396e-01 1.9955900373711937811904704e-01 1.6124089173580963274545752e-02 -9.9335044881423417706400869e-03 
1.7347199912944275769857298e-15 2.0059756268777405093017897e-15 1.2048081879378512437650528e-01 -8.8229244130616953090129329e-03 -2.2590104821592071893121556e-03 1.1450653825456177936636948e-01 -2.1125501195796341283446332e-15 -1.0565744967486937133705181e-15 3.5765861391154875337239361e-02 -5.4673587704237962270337192e-03 
-3.6058829290782634657830386e-03 3.0874563134591970214870571e-02 -8.9881942447275764429548417e-03 5.5373239238921678762039846e-03 9.1351587443147667718594272e-16 6.7369656793865991978308265e-16 -2.9451461215497549666748572e-16 -8.8277704612435463140080633e-16 -1.5210145503451247273041247e-03 6.7688734731675692657404397e-03 
8.6651989172037494069122943e-03 -1.9809810875797834173184242e-03 3.2350148706005404930508007e-01 -1.9929739478049898759870473e-01 -1.6391837927071897795805455e-02 1.0098408777992867735306959e-02 1.4927108603688546404114725e-16 1.6851998202828205213759218e-15 6.1929977965349256030513914e-02 -1.0347184323973233899263136e-01 
-1.0312289807657346041303015e-01 -4.9442513279415206683964357e-02 9.1490643671291754330690922e-16 -4.2122335955640059236512969e-16 2.1026886465779340285031651e-02 -2.9574557059255046631562891e-02 -2.9286177181342860909030179e-02 -1.0704161895496489692591879e-02 8.9650358033921354744544274e-03 -5.5230270810909965623070050e-03 
1.0621866364524213373027770e-15 6.4344461812794759447783465e-16 4.9474972129455264898567755e-16 7.4461269559836242742025200e-16 6.7119152638595892812478638e-03 1.6826241687410686126424864e-03 -5.6504004044805235945636568e-03 6.8301607844644318320859178e-03 -3.5976889051131610841594011e-01 -1.2222523927828961298747146e-01 
1.8229508425726181908288481e-02 6.1931601812540391926997785e-03 2.1083316933481045324876045e-15 1.3864714458825891785275437e-15 -1.1920207910876405577038639e-01 1.8237567007889785714036535e-02 2.7636897898276325397093345e-02 1.1097340267676571168298238e-01 2.1551427383198620051087357e-15 4.3507529052357000173218184e-15 
-3.6190629726153250578235543e-02 2.6500376827205355395600250e-03 1.0420013412710696018570466e-02 2.9388476929929085307291459e-02 -9.9700943965251847406205954e-03 -3.3871688500755033415789974e-03 2.9095856863806233359523326e-15 -5.7911578424003526773513368e-16 3.7117790709412750517777404e-15 -5.6935440822916135895044650e-16 
-2.9818516022680138788381043e-03 -6.2441646058159858828640054e-03 8.8644301042207374746739745e-03 0.0000000000000000000000000e+00 
3 (band)
-1.0305169126548663349751678e+00 (Ry)
0.0000000000000000000000000e+00 (Occupations)
-2.8147162843446504876254721e-01 1.9675006949400525302351639e-01 1.3424606423142831923556173e-02 -9.3838667488486682266568550e-03 6.0662954126171087906053932e-16 1.3548158583015751245032261e-15 -1.6563917338500627751685101e-01 8.7598198329634474612603867e-02 6.5227991463098808355702829e-02 -9.4340478621416257176690578e-02 
-1.0254677328546190985721217e-15 -1.2447926460648557018796193e-15 -3.8419559253568380530197146e-02 1.6060874803479119332649816e-02 1.0516072816388298549750147e-02 -2.6020470961200581339056725e-02 -8.7376784734362819562214497e-03 6.1076777016358940741724837e-03 3.1675079284274322603238975e-16 -2.6823598861549697594779558e-16 
-6.3198007552029326188632907e-16 -7.7554073597538267010801375e-16 -3.6308662365531381432948166e-03 -7.4652126878987576374946400e-03 -4.5563821817478783460231284e-03 -2.5738544560546805506362489e-03 3.3101530246800009438246093e-01 9.1464402865106306239617595e-02 -1.5787559785859928834783616e-02 -4.3623352443727253513472419e-03 
-1.5273875556866988839922549e-15 -3.3797792206119336126916552e-15 1.7307795462034120115291103e-01 7.1789983526287487469730308e-02 -1.1426847466844193557111709e-01 9.8758530657355458881596633e-03 1.8969714129426455127049556e-15 1.8072742495040217546501328e-15 3.6864665472146049274293489e-02 1.9365192287152534211802646e-02 
-2.6752314549230184897998797e-02 8.4832990505579186635287670e-03 1.0275652425645672924381380e-02 2.8393166853200044533189761e-03 -6.3031535399210733147146282e-16 -2.5296833714729777496674241e-16 3.1498410579908379608111325e-16 9.0978353835387499327491517e-16 -3.4376439927500494764256445e-03 7.5561361741579013973080237e-03 
9.2115836619447930000426084e-04 5.1513893865139381844642230e-03 3.3017494177597950244518188e-01 9.1233078061310673989581232e-02 -1.5890269046969981991956899e-02 -4.3907578076475897721486774e-03 1.8517734244873239200310855e-15 4.0851116281482992380238615e-15 -1.8374475778355722765944336e-01 -2.5699615201706077494137048e-02 
9.1384294450829919864709439e-02 6.8614347479953277653130783e-02 1.4379707332478993424379371e-15 -1.2777549334478781111133706e-15 -4.2699938633582880387340452e-02 -3.2500635798575483459416091e-03 1.9623821239251632020383909e-02 2.0207664986787103600374138e-02 1.0281445179719229249259982e-02 2.8409394965749814460087563e-03 
7.5649680018997008170742952e-16 1.1903723749787031420964116e-15 1.5067162173395920843576363e-16 -1.2157142830612136000140304e-15 1.0256832676999762254954618e-03 -8.3625094431397546668183196e-03 3.3515423319083921527283820e-03 -4.0513187321587042569182024e-03 -1.4016513390394033655717010e-01 -3.1255831767368819074093267e-01 
6.7457016588111842064767742e-03 1.5042437091137133078899701e-02 -8.1215040572934817289171495e-16 4.7213603019901649271703818e-15 9.7321422768540596925923580e-02 1.5795932041118179722793968e-01 -5.3822782015323037546616902e-03 -1.1414924018028663188495386e-01 -1.5096312970095953511186823e-15 -1.3164958451940400147946665e-15 
2.4713748220775204333943265e-02 3.4972536674721561855694318e-02 3.0615790469926784482523896e-03 -2.8001264578364395974041656e-02 -4.3646583036597175891957434e-03 -9.7328726540059050387210249e-03 -1.5256805290740741936100141e-15 -2.0717664307233440251399322e-15 -2.0968110015588373326707878e-15 -1.1027461220217388076558068e-15 
-7.0972193890901178608965338e-03 4.5401615935241066215888317e-03 -5.2579482188493485012026341e-03 0.0000000000000000000000000e+00 
4 (band)
-8.7279163817678806491784371e-01 (Ry)
0.0000000000000000000000000e+00 (Occupations)
-3.2193208563695521751135686e-02 -1.2923134652958218060447848e-01 8.1179663936520318756606684e-04 3.2587549988319919336277053e-03 -1.9875936047811421389790886e-15 4.4080516220442297085129559e-15 1.8218991922821162199319645e-01 1.0597356734765558949895592e-01 2.3317884691223733639731108e-01 -1.4560075336345285057504384e-01 
1.2761788975067581351038765e-15 -2.3905006380657296025393523e-15 3.0733130985301587712044125e-02 1.4079833566145810719305587e-02 4.1389383086942288514364918e-02 -2.2877851424966788584924871e-02 -5.3111018296697620755253411e-04 -2.1320047245225043353045180e-03 2.7244927973455407503295849e-16 -7.7095622845777564527554066e-16 
-1.4981614610904779332648080e-15 8.5087728318166775364781677e-16 5.4072723599276045075567865e-04 6.6487348429298404051124294e-03 -3.3684942296163681088594366e-03 -1.0943962909545893250062853e-02 -7.9053740427901905696295159e-02 1.0718045403821618855033648e-01 1.9934552285932258253176030e-03 -2.7027086742131278818135343e-03 
1.7995928948535152278315986e-15 1.9940293445871657191011528e-15 -3.4478188199165114846689306e-02 -2.0792983956920804700096994e-01 -2.6082109955611787466267515e-01 -8.6857976338782047487363513e-02 -1.9904085222966929958635986e-15 -3.4215840691764760855406044e-16 -8.7413367541970266039186299e-03 -3.2655108102101246259074685e-02 
-4.4010273191233559297863565e-02 -1.7308176442758546609290704e-02 -1.3041955019286941008793690e-03 1.7682183871315930619172452e-03 1.1721027190736104238290673e-15 1.0037312946079562518000741e-15 8.1884746628991887263853302e-16 -4.7685682301335833603048182e-16 4.7782657316362275867760445e-03 -4.6547005868463053879224844e-03 
-6.2853093181226022539975773e-03 9.5714139141510543029589542e-03 -7.9160081068923762726008420e-02 1.0732444845599760363530351e-01 1.9733133989723213030931248e-03 -2.6754009007831369704177860e-03 1.1764112397841675512401168e-15 2.2640423084484691436107012e-15 -2.0841925957230300614497764e-01 2.8262157755556228250215511e-02 
-1.5985028300592613037522938e-01 -2.2312332309023291676552958e-01 5.0074765269334707680879763e-16 -2.9632875547456841853092353e-16 -3.4050875135068825461104325e-02 1.4512449672534517841615553e-03 -2.9606199090488914682506305e-02 -3.7197000828454895859920271e-02 -1.3036466564579369392662400e-03 1.7674707155525136610674242e-03 
-1.5358752673316465175524780e-15 9.4008771026943926388769883e-16 3.5021804187877376929310026e-16 -1.0599740314674633224613574e-15 3.0225575463803180942257143e-03 -5.9653897065341026859086604e-03 -7.3134207773021472909213969e-03 8.8404070893475638487357671e-03 1.3315344351209115747458611e-01 -7.4172873812820222863551045e-03 
-3.3192691235703064567275078e-03 1.8490061059816631592461755e-04 -5.0177809100138743799481897e-15 1.3465927333904900107320415e-15 1.5462780280966170742829036e-01 1.4257482218093917025747430e-01 -7.0027070033741881105449067e-02 2.6539091873384684783232501e-01 -3.8447487434200522568159079e-15 -2.6850098176574896239573104e-15 
2.2823048151036723352191871e-02 2.5311591860541281934215974e-02 -9.7890801802140089971082659e-03 4.6522229143111826221712590e-02 2.1928352455254456442046429e-03 -1.2215122275833508293588214e-04 5.5389084608070577468625658e-15 9.3338127382315418815493092e-16 4.2783416395442944989797518e-15 -3.2204697444086364315966688e-15 
-6.5230624575343485599399074e-03 1.4735618911793024136264174e-03 1.1473400584451436817756687e-02 0.0000000000000000000000000e+00 
5 (band)
-6.2026657590745470916004933e-01 (Ry)
0.0000000000000000000000000e+00 (Occupations)
2.1748097554749612481117538e-01 -1.7480962471870867269707617e-01 -8.1380639643731378374269525e-03 6.5413166660795440954245805e-03 1.1283251656760124775266112e-14 -3.4505915234446854376076674e-15 2.2500849254652732778225754e-03 2.0638916678353186329175628e-01 2.3331394735952357133434987e-01 1.7255480218749402743227961e-01 
-1.1952528160084617679076077e-15 -5.5640115540671924685670509e-16 1.0457141200720235230114952e-02 3.1999787032083171212093475e-02 3.9485881728948735158724048e-02 3.8144772459476061765570876e-02 4.1374036563445182324016969e-03 -3.3256215853029692450237853e-03 -1.3204059718362467428447087e-15 1.2675309198781132409653358e-15 
-7.1181415618797331153895090e-17 -2.6598444064119642297729703e-16 1.5524609556796770126751994e-02 2.8219036573440214876740129e-02 1.8993867221946444945324117e-02 8.1621785759666727610994741e-03 2.7332072194327783343226201e-01 5.6144123252453589922872368e-02 -1.0227568317591417823564370e-02 -2.1008938866922191590624891e-03 
1.0066157281255400303780394e-14 3.4275723827957200560532247e-15 -1.5759132804998060572998497e-01 1.3329112637835313637246770e-01 1.5764147025381737565741247e-02 2.8976205662404652674268846e-01 1.0405768999323447304147895e-15 1.1209549169526943230248934e-15 -1.7990627006192361214687025e-02 2.8454797699416743694822429e-02 
-4.2218040474676192530534280e-03 5.4738787824381046620558777e-02 5.1997158178598290589889075e-03 1.0680933281686996738635287e-03 1.0705678617581413503447512e-16 5.7490784299019018101564286e-18 -6.4522724819226936138058357e-16 9.2042275868973001287602312e-16 -1.1847382812591084749742620e-02 2.9949408132981872321387584e-02 
5.8180799444315020596540933e-03 1.9837794658453523216623537e-02 -2.7332580879466722434401049e-01 -5.6145069546535170124101910e-02 1.0246909121710917611736136e-02 2.1048630618381442003439474e-03 1.1026576183163583969556574e-14 8.3461333942330299615860613e-15 -9.2052236488326402708004537e-02 -1.8460625113519685269736215e-01 
1.2859033836905817138607233e-01 -2.6016952672857274198037203e-01 7.5182457257538120344092137e-16 -6.4138150572190032712329120e-17 -5.3016465088298048158321762e-03 -3.3257509216173070099031861e-02 1.7697185722805659768841480e-02 -5.2002119653560802126079921e-02 -5.1968126165179272940575217e-03 -1.0675058780299142430214587e-03 
-5.6238822062742858560348261e-16 2.6875193566868741794565079e-15 -1.0023877212968136884885978e-15 1.3532574530326458737316152e-15 -9.0855503455250855027180990e-04 3.2181524327779008343153322e-02 -1.3176367810944424052710389e-02 1.5927492613194371706697439e-02 -1.3096390796268048140049700e-01 -2.4638936949225398453933167e-01 
4.9098008323843825295718091e-03 9.2370693861140162894685091e-03 2.6038318581861780473326956e-15 1.3357555491222826782694863e-14 8.3565257334602932592915181e-02 -1.8859992037988621005339951e-01 2.8243063223153552776523156e-01 -6.6757739156825354753799218e-02 2.3217435735261245123737690e-15 4.4587378930039767418948336e-15 
2.2245954600680524493316881e-02 -2.5284123059194241883718135e-02 5.1348932574517953952852878e-02 -1.9511482630187836073698548e-02 -2.4900456166518833943379629e-03 -4.6846667968905549364611041e-03 -2.7911582466086377617727811e-15 -3.4211590194759549078901985e-15 -1.6520329103190837977160416e-15 1.2042210801099032877172963e-16 
-2.5375425440551466899075095e-02 1.9813221949527583948258425e-02 -2.0671276923127590574580381e-02 0.0000000000000000000000000e+00 
6 (band)
-5.5978235479104654359616688e-01 (Ry)
0.0000000000000000000000000e+00 (Occupations)
-2.0734071771873716786719916e-15 5.2402283116505437923714286e-15 6.1770634650573892382986293e-15 5.1545934385522786993201282e-15 2.8958573047904506703176253e-01 2.3026492703155970742656677e-01 2.2953652435671707679105980e-15 -3.8415397867431109752528393e-15 -2.6737912509817943706738306e-16 -1.1048194315340597183317341e-14 
1.5537638702639910981417870e-02 1.2354798167332384228878084e-02 -7.2521869337417169341220024e-16 -1.0107533341578163347884380e-15 1.6562064640101065624581429e-15 -1.1983381544139946766304770e-15 -4.3033356548468223649757168e-16 -3.2371640247317667755521986e-16 -1.1386310012825071047437575e-02 7.4300924939513929290413330e-03 
-1.1948064202587413418221729e-02 1.9009521403135543754503445e-02 1.3954143357262122712025592e-15 -1.1628361685471600748769118e-15 -4.1471449454564842955767060e-16 -2.7901811474694731550205219e-16 -1.3016247316794569154272405e-14 3.0903241689278947720253435e-15 -4.2396534173962481759517976e-15 9.6542564545462991359631860e-15 
7.1667161041638269280973361e-03 3.6990602874001843325402206e-01 5.3111872051514738548077296e-15 -1.7953820993879958073611003e-15 1.6038890770104952862301291e-14 -6.3448699969452734988827293e-15 3.8452805510372917163763873e-04 1.9847201122175681109460754e-02 -2.2444823412921203512836899e-15 -1.1818586338376608754380106e-15 
2.3043764985064390226477287e-15 -1.5947085912622055420117942e-15 -4.0183448471867252384207544e-16 -1.1514055241930078416982030e-15 -1.2982891818883887657953835e-02 -4.0371834483946406058052503e-03 -2.2263070733476400531181127e-02 2.9109832843284555448093442e-03 2.7147131204348971627417648e-15 -2.4186520988158073518511514e-16 
-5.3526324522465195843333692e-16 -6.1737761925088054662768433e-16 2.2214624032492951648182752e-15 -7.0330825879724166661303760e-15 1.0987039698006682208412489e-15 -6.2646769489568849092718273e-15 7.1673726516788358736897990e-03 3.6994133409829627057163748e-01 2.3374629208723359863897600e-15 7.8263023314297659804409287e-15 
-6.9306000954941545313766862e-15 -2.7110212880892883527799855e-15 3.8382096570062015916668940e-04 1.9810781097595632493924001e-02 9.1671771355964653422075110e-16 1.1838841478087119033463820e-15 -3.9129214802116373963517266e-15 9.1422228457098201598880330e-16 5.4642820259375435814972056e-16 -6.2730686282653655127234986e-16 
-1.2819330078146864287935713e-02 4.5367860965124968963824159e-03 -2.2363529686825388276272264e-02 -2.0461976801880443765924156e-03 2.0505002354085081161195894e-15 -5.7108820341795020736162925e-16 -2.0561594087650149566100829e-16 1.1457627355833324707932853e-15 1.3888283697110192133378172e-14 6.8399745425643128350176781e-16 
8.9566231226512063066004010e-15 -4.1652291979739119226148128e-15 -2.8047604168000722646425515e-01 2.4133203672259026517643576e-01 -5.1249826315292307527997736e-15 4.2676980202874063523980031e-15 -5.3729975055921284579957831e-15 -1.2716926458049083466376199e-14 -1.5019812492986568674968595e-02 1.2923606265515771504559517e-02 
-1.3846469033694279527495447e-15 -6.1932710111229986905102369e-16 -2.1046239972616826945290501e-15 -1.2940804031227037671947561e-15 -1.3774714687201513856540715e-16 -4.1347993432031899961959348e-16 -1.1667002291935818503176847e-02 -6.9856072934238342894697205e-03 -1.2678427909547717450378101e-02 -1.8535691266913345565114923e-02 
1.9804989925200661761784530e-15 1.7019913216969318393384789e-16 0.0000000000000000000000000e+00 0.0000000000000000000000000e+00 
7 (band)
-5.3382848622206291455682958e-01 (Ry)
0.0000000000000000000000000e+00 (Occupations)
-5.1933981771595374987704474e-02 -8.0741935397395783735596808e-02 -2.1064202476673080099978108e-04 -3.2748128928063169329476523e-04 1.1091025412845579774144017e-15 -2.7661379346767516180810377e-15 -1.0580302951248890530600022e-01 -3.3042217712376409366470398e-01 2.3539597361500561034652890e-01 7.8981692528492686289354197e-02 
1.1054341955539607405658389e-15 -1.8107943665798406796651074e-15 -2.4752378178766076821659681e-02 -5.0514469696280969723822807e-02 2.6944665670596425199878610e-02 2.1080618670794748492625104e-02 2.5182283570223257251896598e-03 3.9150790113534564979014263e-03 1.0430935788121299467713370e-16 3.4036266030561692926002113e-16 
-1.0005263163473521233992574e-15 8.2011177118015909218451132e-17 -7.7942531358775740679689648e-03 2.4800360910744639886260643e-02 -2.5307769451071715494094860e-02 -1.8092489609026166097471844e-02 2.9108764598615242957801996e-02 -9.1482667308699305852570660e-02 1.1806039028518233724440734e-04 -3.7104689955547165425286948e-04 
2.3742619023251376420568174e-15 -2.6147241778633387353007926e-16 1.8715327395561515144706277e-01 -2.9214165782531320569859190e-01 8.9190600662781144292168278e-02 2.3172054052724419537234724e-01 2.1478732167241132385029889e-15 -2.0100017746795560211603841e-15 2.3144308193797522021917246e-02 -5.1271169992809020876656234e-02 
9.3228044545440313939366206e-04 3.4198513780780231963163374e-02 -1.4114410579394989428414497e-03 4.4358935811422556261263139e-03 -9.8709189424320913645654830e-16 2.0034749644549236263910766e-15 1.0312765012444926712008461e-15 1.0113070938703391433227754e-15 -2.4077250437468694643783351e-02 9.8027697423142962085407248e-03 
-2.1912765393345638026412203e-03 -3.1032558418045974590881997e-02 2.9666769235171835950026775e-02 -9.3237498022619214044226510e-02 5.3479726913276820488007957e-04 -1.6807581273708682711998108e-03 8.4507877856866109332469807e-15 -1.4227833064176270397511779e-15 -1.5961109868926154353729885e-02 3.4451508039921796555660194e-01 
2.0549887325430793438840738e-01 -1.3674137846193457068721955e-01 -2.7347672932501772944601241e-16 3.9670707288427734518179723e-17 -1.1018563785617774275493730e-02 5.6690243211903509901183895e-02 2.1080744444100268930597508e-02 -2.8096694210450995354833026e-02 -1.4118003169400563951568772e-03 4.4370099494875914203362299e-03 
-4.2976370636373503590942161e-16 9.1098629053006454944337311e-16 -3.8272807488062193599246531e-16 1.1568131964996357959515027e-15 1.4029115013599994382653691e-02 2.1672070582013494566275824e-02 1.9575419536223936933794221e-02 -2.3662617387205570063102300e-02 9.0751037355344524315547972e-02 -3.6573179425663189523465491e-02 
1.6359390039931837046438545e-03 -6.5928717342148696056725043e-04 5.5690828824188104725860739e-15 2.0544120191663852598168788e-15 -2.7562742609880991340176593e-01 2.0730393057750293173135958e-01 2.3635095462521052422921741e-01 7.1177368174211247398019964e-02 -6.8588863911854401867564015e-16 -1.3965480766430206937987419e-15 
-5.0704080018044543620714393e-02 2.7645771699222009692986646e-02 3.5086247197661082908304309e-02 -1.6665141637053470374807418e-03 -4.3186903150105610676989798e-03 1.7404457445848804837684742e-03 -3.9027137047621637515488496e-17 5.2794690015815327579607895e-15 -1.3978740010392248884471919e-15 3.7567803149841598916582922e-15 
-7.7561229150372784299505291e-03 2.4623916599587510750657415e-02 3.0710202077362133005200562e-02 0.0000000000000000000000000e+00 
8 (band)
-1.6125306341042539015617763e-01 (Ry)
0.0000000000000000000000000e+00 (Occupations)
-3.6665957483318384788583446e-15 1.0035012304938915461115026e-14 -1.8969299020216026591084403e-15 5.5939667496645884258103872e-15 5.0490004751656478165777742e-02 4.8866090462354233592279229e-01 1.8648532448043630161647975e-15 -1.0243212833812193727148233e-15 1.8918150540433942779447451e-15 4.4594062065687638142908838e-16 
-3.6642176516737262614853421e-04 -3.5463909894678929957123614e-03 -1.5324744159794684601829527e-15 -2.3278702870641338848586464e-16 -2.0527035808838584467082156e-15 -1.8113816126005761829592771e-15 -4.2454928601884467064194693e-17 3.8379439100847452432266759e-16 -1.3070048448788198353076595e-02 3.5658291008343667716218306e-02 
-3.0699489352191536295499930e-02 -1.6664187752506526285500854e-02 5.5266901795604122366693314e-16 3.7828639390838545946646740e-16 7.7158612398008103393858297e-16 -3.6965544195102144843659527e-17 6.9143895091929598113248299e-15 -2.4543138120049680310970657e-15 5.4031398005605240411790562e-15 -2.6886161643918941401885316e-15 
3.4433615793718219677543857e-01 -3.5038740077859359400846984e-01 -6.1592607314392069941050660e-15 -2.4398629276906227506847511e-15 -1.9755677566309118248261330e-15 -1.6677379876309123801382500e-15 -2.4989751977403315552628271e-03 2.5428875164394681984703084e-03 2.2879211111968693377495868e-15 1.1843910847227507971011062e-15 
2.9784236797814978718582710e-16 -7.8174499731502093884525509e-16 -4.8823382158789116425973169e-16 1.0305369974718196463968834e-15 3.5806347864003162939638969e-02 -1.2658804711795318062583782e-02 6.7286136457274502847836217e-03 3.4276516134850193440186672e-02 -3.8305716819190159083626066e-16 -1.1382163697288373934923686e-15 
-4.6872695713663378702880369e-16 6.9045991481943170845601811e-16 1.1241656416521648381837780e-14 -4.9232196492824375470712988e-16 4.8105116810309203483557799e-15 5.8090344543706720473332744e-16 -3.4431628366780037131533732e-01 3.5036654323832117086112703e-01 2.7708248994890881537368756e-15 -3.5422359216868045032545228e-16 
-2.5376592790746310864636057e-15 -1.2111626496698521054229678e-15 2.4852718981607517696741372e-03 -2.5289465231321112126394723e-03 -1.1299197766821524682184064e-15 -9.7733673206011401925828489e-16 7.9531872077959633305687633e-16 -4.6231460398959527146381607e-16 1.2226867090741965445131509e-15 -5.6373393572461604660321221e-16 
1.2031094151302039463313776e-02 -3.6017146295633836738936395e-02 -3.4384849061158677396843331e-02 -6.1306091242957997528018055e-03 -2.9690577495102864715404377e-17 -8.2026637003268376735637351e-16 9.0086576979149139718122731e-19 -3.3709569398937089921599064e-16 -6.7568036779693219413506677e-15 -1.7971949406565951803446803e-15 
-1.9098324202447978092453312e-15 -6.0483739204278771611929006e-16 4.8943752066536772016291934e-01 4.1968216360905356843158387e-02 -4.0161219994221592919485366e-15 2.4969210885399661344995434e-15 -9.4655231107240566332601714e-16 9.2380227789270297273969444e-16 -3.5327587153066355302177826e-03 -3.0292372648490849913402445e-04 
1.5885674767640132427192645e-15 3.9374506396777761530531599e-16 3.1181855284563395332157997e-16 9.2261546332456693902391602e-16 -1.1906756338723095801829109e-15 -4.0097611165719754482978399e-16 -3.5420596221539424330870816e-02 1.3688075725579295499612087e-02 1.7194012161593441589957365e-02 3.0401778878554087948149487e-02 
1.8753680516889797429015423e-16 -5.9738310532490448188756037e-16 4.8328074399389222475293471e-16 0.0000000000000000000000000e+00 
9 (band)
-6.0183234892453682518542735e-02 (Ry)
0.0000000000000000000000000e+00 (Occupations)
-4.7595199055183736122176696e-15 7.7139410598204519831697582e-15 -1.6141548106649311834340776e-15 2.3589069491704094793978904e-15 2.4439589853312276845898054e-01 -4.5781064303503393730920834e-01 4.5793712304061125714397891e-15 -5.2481308628931286224970230e-15 -9.6921054622249944670191152e-16 2.2594891651784720017826929e-15 
-4.3985110420202561121172380e-03 8.2394438594108887485845116e-03 -2.8436763617975733580661875e-15 2.0645129953720898603164483e-15 8.2319181149698933250617733e-16 -1.6630432185408419256609610e-15 1.8715599871013508547060847e-16 8.4721758520783381681871482e-16 -3.5599402356406947833811216e-02 3.0247150665735106356279971e-02 
-1.4352276294708248005616014e-02 -3.6137997664934362607169760e-02 -4.7056158358594948119839794e-16 7.7787788301850872497608035e-16 6.0649439742492599827161008e-16 -2.1533462461030290602447813e-16 4.4316672569435073310541934e-15 2.2315185933062977661359831e-15 1.3392913726258397476370117e-15 2.3106480817654799131788832e-15 
-5.0853297185429968685355107e-01 1.0350921037768189003624997e-01 -5.8124612452413160604158529e-15 -2.5381639716401225667798995e-15 -1.1623730558848087108068392e-15 -4.5918446068395148107965658e-15 9.1523170639840334406045486e-03 -1.8629081726102281191259635e-03 3.5731584196703470123595026e-15 2.3395888039115317324307529e-15 
1.1792888416063220523766160e-15 1.2333068968020816264995296e-15 1.5824309815848747866036930e-15 -3.1267287693447669565493208e-16 4.5997743227590329184728546e-02 8.1495514905862605214981187e-03 -1.8696320547483463725413344e-02 3.4093845603805253419160692e-02 -3.9292104825954613544163238e-18 -1.6069136326838653832181109e-15 
-1.5560996312450339726827766e-15 9.3087813094580694499562322e-16 1.1783221279583123661723133e-14 -1.7795579358767422248418788e-16 4.5730454536329100251284868e-15 4.5035929597151554807132532e-16 -5.0855889557335232087353916e-01 1.0351399406769887234780469e-01 -1.8865064090507090607953500e-15 -1.1102558621928719704495187e-15 
2.7370370821435655573137355e-16 -5.8550457671770394845562167e-15 9.1790420506305120396106645e-03 -1.8683345357143055220916494e-03 6.5357585529589651810453262e-16 -6.0614977416606189617605820e-17 1.9059028663856404355379583e-15 3.5053709252025489450461172e-15 1.1750143494719248176666224e-15 -1.5599787847732515770541555e-16 
-3.9154695211805243260094755e-02 2.5483900139359676878525462e-02 3.0538109986417254215762540e-02 2.4076021600014218398966293e-02 1.0005793666343952505549097e-15 7.3676861994822271123262604e-17 1.0442495959253141517929242e-15 -5.8732708023467414206661847e-16 -1.4206577732064931193890832e-14 -9.1030316696546812901198305e-15 
-6.6330371725307343332681151e-15 -4.3908272884955760805629426e-15 4.0392654350900109028188467e-01 3.2586906064171689001440768e-01 -4.0030651892345815382477668e-15 -3.9478941614165582995563367e-16 -8.6787361388612680381170363e-16 -2.8161516079382389784663671e-15 -7.2905181082076036397365826e-03 -5.8816522014283386526889430e-03 
1.8741982727062716255836527e-15 3.7959489081680401347001644e-16 6.9722791244440628264288075e-16 2.4052544481310735125718096e-15 -1.6207498901710390249414281e-15 -1.0500978120495117541402516e-15 4.4593824575480819905060059e-02 1.3925161872435315099649777e-02 -9.1483043417971306437291856e-04 -3.8876651899354908170636236e-02 
1.5252593316332040059887893e-16 3.9979528298043968057457564e-16 2.6206709123485694489908078e-16 0.0000000000000000000000000e+00 
10 (band)
4.6779516270788679133119103e-01 (Ry)
0.0000000000000000000000000e+00 (Occupations)
-4.8151017637279453867798043e-15 1.2446286617610602996130247e-14 -5.0496221932021282118755819e-15 3.8091900590187965300871932e-15 6.6586390172891374295005562e-01 -1.9703329040366528157601778e-02 -1.3411194719394126469736165e-15 1.3282635350110663051589524e-15 4.9473334909438539597246188e-15 -5.4401183142998071022536502e-15 
2.6493557076961993246300153e-03 -7.8370802109206660901463692e-05 9.3922632666870385072547173e-17 8.9748085396496044086976884e-16 -2.3295258715796692752390021e-15 -7.5453847167673579470792776e-17 9.7125498319106901892809563e-16 -1.2078623138238823907988149e-15 2.3207532153562665522272823e-02 -3.8533210960534927669307592e-02 
-1.6000302188127552699414835e-02 -6.4984458837620648341548701e-02 2.6363612086561804642535371e-16 9.5155588775293185618141487e-16 -5.0801675077901761023061479e-16 7.5025838012734984224805234e-16 -3.7959184846597877965078264e-15 -8.0372224801275789430183949e-15 1.1146587038280050205886728e-15 -6.2748617635321878562077762e-15 
4.3961930086607320378178088e-01 5.0049757952157281071237094e-01 -2.2824254964730414634593650e-15 2.1085826014781414964488498e-15 -5.5966695024068828343479074e-15 -6.8013471951304094363889431e-15 1.7491486265071853889452314e-03 1.9914082280853215300986392e-03 4.1412833987881813557034884e-15 1.8165901100864691945952102e-15 
3.2182212201662408372129268e-16 3.5479549576436246419003269e-15 -1.5901812717919197372427890e-15 9.4781169968720363722370858e-16 4.4483387068722637924800267e-02 -6.6802822157382285572779779e-03 3.9872409646333539789964107e-02 -5.3751097751810653080362101e-02 -2.0062823894226799332786859e-15 2.9213119611789267638219658e-15 
1.9451881307296615306497535e-15 6.7916835938127494423377687e-17 5.1485854304684125331140522e-15 -8.7250933118484503343696916e-15 -7.6008006939115567860204058e-16 -5.7946452147667437626330559e-17 -4.3962280063253716955173900e-01 -5.0050155922339378822272238e-01 -2.4236829385507976673673176e-15 -4.8647628451620762751386386e-15 
-2.4491965092344304862472445e-15 -3.2105561033279025798322386e-15 -1.7594507515007740128254454e-03 -2.0030602082954764367461742e-03 -1.7799591076491321805650805e-15 -9.9371558033904601776015444e-17 -5.7716246327314989748816121e-16 -4.6695063771391749069187418e-16 1.2832554779674670372862358e-15 1.1148452339314106264757671e-15 
-1.2362677424574315676597536e-02 4.3245564607565740999906012e-02 -5.8439952207762498048726485e-02 3.2606297511936846444946525e-02 -2.5831369326559796554948943e-15 -8.4868399313239674259418243e-16 2.2971265553456237713383205e-15 -3.0998487437231188755716798e-15 -1.0509156172340690389411167e-14 9.1999113772715555315814960e-15 
-9.2036924471819291382183234e-15 6.0201067162240578336095924e-15 1.0541695979001086680426624e-01 -6.5776689047843439617224703e-01 -6.3418681016763643221431600e-15 -3.1298819139198513565415552e-15 7.8622889277862279271726711e-15 4.5416986358670004089121096e-16 4.2186829854871888897949184e-04 -2.6324787337576593948540449e-03 
1.0952350735022806400094606e-15 3.5935985422832049742060462e-15 -1.2183808614745612199375942e-15 -1.5093822003996021094243334e-16 4.1488049321832741083396647e-15 2.9977590320241525940111505e-15 -4.1201547387805077804490139e-02 1.8040153662915007354294872e-02 -6.2374611529960689859652945e-02 -2.4244720826785779582701608e-02 
-1.2378118703250413601115331e-16 1.1140306832925371501446699e-15 0.0000000000000000000000000e+00 0.0000000000000000000000000e+00 
11 (band)
6.0254267229604596689540585e-01 (Ry)
0.0000000000000000000000000e+00 (Occupations)
2.3281857464448962868885928e-01 -1.6480866288315754175641814e-01 5.1752907574901960141566803e-02 -3.6634944867889540631722411e-02 4.5267908102784815016609198e-15 2.8759006485521179228858248e-15 -7.0295456344936613213292276e-02 3.1456657351115646648054280e-01 3.2882582531228454758576163e-01 2.2522948689396821153607675e-01 
-1.0484669484453744713781837e-15 -1.6321636589278017657059750e-15 -3.2036855079838832960348327e-02 2.3643275298401211781396114e-02 1.9573232516985603068881971e-02 -1.2186476868818213459277899e-02 -6.5902356908457596085249008e-02 4.6651123823216344987940829e-02 -1.4609980014428165778037154e-16 -1.5166985527689288334266804e-15 
-1.1951286320931605740460379e-15 -8.5988654151306606826471182e-16 -6.0864399766873883423912162e-02 -1.2128831154130090275167220e-01 -7.3546232633781821741436602e-02 -4.2566160608128941755801122e-02 2.7539140201962986065353789e-01 7.4336799463382993713445046e-02 6.1216254997990826591802715e-02 1.6524307911301744367094102e-02 
5.0775284586997487468459199e-15 2.7763878264485254596549872e-15 -2.8718572085667459781177513e-01 1.4634870033359401175765413e-01 3.6059167222480550951679845e-02 3.9693133111162570703100982e-01 -2.0617735968775987215743207e-15 6.5916899672339464391263438e-16 -3.8638516704850550675942600e-02 -9.6140302210713929342844608e-03 
2.1866289774100388515476467e-02 7.3134821496460555856344854e-03 -7.7953051972442816142105926e-02 -2.1042093247589162274824304e-02 1.4631178586668808714304397e-15 -4.8235296018152872533457294e-16 2.9048586710488409377741898e-16 -6.6594109910593199854833534e-16 5.4657821692507810307226634e-02 -1.2420890549132303226631535e-01 
-1.4082342601096684009398530e-02 -8.3801038122476856351283914e-02 2.7402843750914096521142937e-01 7.3970082308784795843692450e-02 6.0626125063769520373568866e-02 1.6365035410213779609733820e-02 -3.6098218744861135348149774e-15 -3.8639629479920910769689441e-15 1.7395023023251607319217271e-01 2.7104432635707720322670866e-01 
-2.3068770864023999123126885e-01 3.2530708178953660070220621e-01 -1.3555939471433450232823783e-15 -1.5766556426115037742421898e-15 3.8883383315285853509823966e-02 1.1219537160946507770020730e-02 -2.2901719893966700214438248e-02 -4.9303762907583065233652064e-03 -7.7899991193889711604825266e-02 -2.1027877935165670969519525e-02 
-4.0273816826314536820905049e-16 -1.1789306325151255143451541e-16 -2.3218276733968132936016931e-16 -3.2621605933150977605355648e-16 -1.5410323993864494251937458e-02 1.3484641981231293428322715e-01 -5.4117305011577208906370373e-02 6.5416584311057457412630356e-02 1.1767737197625069422990407e-01 2.5829284497492088767955920e-01 
2.6035070024104142727416900e-02 5.7144698381088293581697712e-02 4.8395081499312183904640448e-15 -4.5682014842712606370623096e-15 -9.7963193037853391054170515e-02 3.0680111189196268561829584e-01 -3.9769929411241450312175516e-01 2.9610603549859330907434440e-02 -4.1956176831010813920467167e-15 -2.1498563307617004846022703e-15 
1.6140399370690165781194736e-02 3.7111763907195456646537224e-02 -1.0799185444849784820675609e-02 -2.0788818585910740638356131e-02 -3.3453064778128815959234998e-02 -7.3426648673451791471400441e-02 3.8622731722151133013218085e-15 -3.5505425854453678251209336e-15 1.5884931829991191197026357e-15 -6.4634336498315248748237875e-15 
-1.1372386240326282091928078e-01 7.4080484217357439602480440e-02 -8.4900012983755282491848959e-02 0.0000000000000000000000000e+00 
12 (band)
6.7789916768707025873652583e-01 (Ry)
0.0000000000000000000000000e+00 (Occupations)
6.1261634736067993589614389e-02 -9.4653429113390308291542397e-02 -1.9290808450930749251561735e-01 2.9805377377969127783430281e-01 -2.3378501228764320907250924e-15 -1.4589265294615494374816911e-15 -4.8711538204736642976300232e-02 2.3251620336404460465118404e-02 -2.6585132279408826838640323e-02 -4.8878618482518454424479160e-02 
5.7540461165384392975777416e-16 -2.0646525604327738904030749e-15 -6.6895811098000718120104580e-03 1.7197413447887319182250110e-02 1.1090831257179550872749019e-02 -5.2682553282193400612243295e-03 6.4956075040189603653217887e-02 -1.0036070523942647314541432e-01 1.9348053488412899684040163e-17 3.4222698962758763257105485e-16 
2.5499744867164902135216380e-16 1.2532147994554840556013336e-15 -1.9104952095265748113206428e-02 -2.4024626065625082071974816e-02 -2.3298477932456030520258494e-02 5.1734354875062754652859098e-03 1.1198135623684785100451222e-01 -1.3131465600445063612866647e-02 -3.5261862063560778235427051e-01 4.1348391920394855780784837e-02 
2.7169061371406412290560756e-15 -5.0133153070351641437799214e-15 -4.8965584416448187932147107e-02 -2.2711744655471544085401092e-02 2.0715621739302747528199689e-02 -5.1640600490586358040090431e-02 2.8575979801775829422286254e-15 5.0137251890916051716653452e-16 -1.7514934283333078585132014e-02 5.8076330611283311089465542e-03 
1.1128822406750310536338588e-02 5.1875200257456288710500303e-03 1.1873381295060334017499315e-01 -1.3922805140949671975914015e-02 -7.9008638844491804873876492e-16 -2.7668896518208734376471723e-16 -3.4574650999905108391329808e-16 6.6194303442853418160135296e-17 6.3333377451386813072886639e-03 -3.0034491591528100773444976e-02 
-1.8837209313839392565981257e-02 -1.4654113892665295709738515e-02 1.1450138111174912314282892e-01 -1.3426120874045849307165668e-02 -3.5239482548375322679135024e-01 4.1322198008215862974346066e-02 1.7852295937437974772272821e-15 2.0866737615656113729437797e-15 4.1192428079880112623545330e-02 -3.3431881263027214690186639e-02 
-3.1451370955631469117363963e-02 -4.5779638141270465045984395e-02 3.2918413071154413752929377e-15 -3.1165343574291608656675823e-17 1.8024101710287634969809289e-02 1.6529985184615160476173656e-03 -9.4157419503600701948808904e-03 7.6185712901438856770042207e-03 1.1851799583453556663492634e-01 -1.3897584230788909837039924e-02 
-1.0778661530091970950080070e-16 1.6164254586021017917075954e-16 -1.1916795136080191953787261e-15 -2.5131612992980579197426540e-16 1.3357579105646758335645963e-02 2.7621984213861722201599491e-02 -1.5394317992993553079195124e-02 1.8608533826369885733065246e-02 8.3330931119556569952600000e-02 7.9666698920971418251824048e-02 
-2.5646421643415284741251980e-01 -2.4518511937877371376082181e-01 1.7229582559109188040061255e-15 4.3993792533334298157983740e-15 5.2016749099114023557888231e-02 1.0429028193565590548752553e-02 1.5225959075023713651386714e-02 -5.3414737419364970161250739e-02 -2.5264757813837258819732162e-16 -1.8034762107950918346874873e-16 
1.0215337576352618090269608e-02 1.4941469966704607613694478e-02 -1.1872029870739004425717056e-02 -2.3986937543249708948422949e-03 8.6254486461535578856185680e-02 8.2461031701909062729960453e-02 3.3863369128228893301673492e-16 -1.6032444493018632096911596e-15 -1.3396292509959238514285589e-15 -3.8449658285628971817406267e-15 
-1.2768663259166567955360527e-02 2.7899106975823730752983565e-02 -2.4150829336413201509081716e-02 0.0000000000000000000000000e+00 
13 (band)
7.2699375200639471117369794e-01 (Ry)
0.0000000000000000000000000e+00 (Occupations)
-1.9590880247157108073885468e-01 -5.8651253331232588994481603e-01 -4.4206774266570270093268391e-03 -1.3235287273034702579255217e-02 1.4354058769614901580894836e-15 9.2497870907697981827971189e-16 -1.5052521612088992641886875e-01 -3.8863606354851565338748287e-01 4.4029859090320699888110312e-02 2.3906462221176416615975313e-01 
4.7182366855830539307357966e-16 -1.2219254257791882411453216e-15 -1.4069931074272845616945915e-02 -2.1597713406809881941939011e-02 -6.0985435073598603938904716e-03 1.7241666542556710606248771e-02 1.9860188436994552496628330e-02 5.9457681516476221239564381e-02 1.0087737315804439133273785e-15 1.2777850503948458926355177e-15 
-6.6233714745995520314996953e-16 -8.1195237321598226342265651e-16 4.7033481381178326996561623e-03 -7.2350826729409539739279467e-02 5.1897438220048372481407739e-02 1.0561271380460790503263979e-01 3.2703870342662955117418733e-01 -5.2480748573100866050111790e-01 7.3801182720732230735372070e-03 -1.1842680118979154180181013e-02 
1.4495122823929749880032645e-15 6.7747297400880309496305946e-15 2.0350084973482895911445212e-01 -3.6370762259807132288358389e-01 -1.5613676882754320973667461e-01 1.8631111481833834142562978e-01 1.6861008302353185622696813e-15 -3.5549223981828274989145341e-15 7.6728125905987931698604143e-03 -2.4607968867559781855902656e-02 
-1.7172290332123460454560870e-02 6.2912433449232585402910445e-03 -3.3153570437838689177745266e-02 5.3202290771080129605508091e-02 4.6263936076952106959343123e-16 -2.7993411078988922928440358e-17 4.1537823661631222449017347e-16 -7.6495572912987240866624842e-16 5.8745297052419806482781439e-02 -4.2494160614836788691928149e-02 
-4.8295322454538651413269434e-02 1.0730774082045184403266802e-01 -3.2633614775824493214884114e-01 5.2367906579378153963943987e-01 -7.8128774945280983488249404e-03 1.2537892199876415899595372e-02 6.5548913922623718717666108e-18 -3.7243338244214056462233165e-15 2.3769704408144365359589756e-01 -3.4369047908063293794711512e-01 
-9.8330270098433994463427155e-02 2.2308114361805664316307229e-01 -1.5815850950144513640815105e-15 -6.9091288707209905891826623e-16 1.7785349167484865162691676e-02 -1.6917966004295049986527744e-02 1.7561917547364094827067049e-03 1.7284044808120346825575098e-02 3.3468725014515060545150504e-02 -5.3708130533586868893269894e-02 
-2.9959827077772681681446937e-17 2.2147045797409706580612281e-17 -8.6252812509448367297393496e-17 -8.2918194809116727452760443e-16 -1.2370522689376779734704570e-02 7.1513479521760445201117307e-02 7.5118013092493607363309138e-02 -9.0802079587907952307190840e-02 -6.1151614445460478197702514e-01 8.2359276075759685342703165e-02 
-1.4640727520306415221362784e-02 1.9720276966613534998240542e-03 1.4942754565337376142007049e-15 -3.2228618498933394335097427e-15 4.1633186373428832105503261e-01 -3.5927836217444275579424584e-02 -2.3456504844463660353071077e-01 6.6432497346782554137334387e-02 2.1706501054819615322763987e-15 -1.3738206806527774516817356e-15 
2.4372325072809498253123550e-02 2.9199296699057644688402036e-03 -1.2198146657241646512170874e-02 1.2370433805541664745719643e-02 6.2716594050676824356749250e-02 -8.4467550096658065850174779e-03 2.6272377638808655930584762e-15 4.9487704517764185822548409e-15 1.4825936374658445248701418e-15 3.3590235652360568141511964e-15 
-6.2987350933262742369578291e-02 3.6052755890891199919146004e-02 1.1784622840147436495517042e-01 0.0000000000000000000000000e+00 
14 (band)
8.8876089135483982150987003e-01 (Ry)
0.0000000000000000000000000e+00 (Occupations)
-8.2336830455892517921512308e-02 -6.4588763213303934662690153e-01 -1.5131937020999658427555801e-02 -1.1870246794972499904119445e-01 6.5304207041247217420761964e-15 2.9197501131621064819857151e-15 -1.4672314634753577666792523e-01 3.0808539570841142474222352e-01 -3.3753936181812760342069168e-01 -1.2428468473112960768212076e-01 
9.0990761489358765706855168e-16 -3.4992587809602444969768169e-16 -5.1869033661360669507089938e-02 2.1457975040523519227875227e-02 -9.4008644750037728687885874e-02 3.4007439227768249123684541e-03 1.4568894470414182201745135e-02 1.1428524469883673264636315e-01 3.3042129618139292114937333e-15 -1.3852994466319993351491844e-15 
-3.1996684140002912418333632e-15 -4.9220318892481032295249322e-15 1.8699466831343762585060375e-02 5.8404103888011954515135926e-02 -6.8701907956774388441800738e-03 -1.0471530732783349004755280e-01 -4.4518150288936575442733101e-01 4.7514588967715287726178985e-01 -8.1816363829186083966860110e-02 8.7323158584251547864596432e-02 
5.2016948128888278095603609e-15 4.5849859456491579002555569e-15 3.3090873062513681546192856e-01 -8.3328894862374935925686259e-02 1.1939269127762179578677859e-01 3.3930058783442484937609152e-01 -3.1232670076538611192459185e-15 5.4490806784364079329534567e-16 4.9596220315018424429354127e-02 2.6287949259443721405915539e-02 
6.2543683641397743167011924e-02 7.0267189950441233392552931e-02 7.8771731647369627737909070e-02 -8.4073682774323518773762487e-02 -1.9381430067326022498300378e-15 -1.3178690460128607491507941e-15 9.0431409835227540977618705e-16 4.0724072295075669394694727e-15 3.3081646719820945179435512e-02 -5.1636363747302821414209006e-02 
-7.6305306583771922990244718e-02 7.2041621979843858958325598e-02 -4.4423595128546977672812091e-01 4.7413835129725284689428122e-01 -8.1459744434926789624640264e-02 8.6943081186586251840608952e-02 -3.7795820871313808728890631e-15 -4.7408862599526607460502607e-15 -6.1557023072418226572466438e-02 3.3639022613290076035852394e-01 
3.4727109980223502816443215e-01 9.7530354158663873365142649e-02 2.0809181093484492535559501e-15 -1.6887833572184598698761613e-17 2.9129662895828356550254057e-02 4.8040559872796775864323138e-02 7.4271506254931285440079591e-02 5.7591616302673197258510385e-02 7.8587349040861884108544189e-02 -8.3877254406172468970126488e-02 
-2.4736625202635714316669109e-15 6.9343551223424974363299900e-15 -5.1436106159111121215881710e-15 -4.8669224953450147791170264e-16 4.9482517939363021564069811e-02 -3.6356146814860018645632067e-02 -6.6963162157753663983328352e-02 8.0944558161030577547734310e-02 6.4849653104409066273206008e-01 4.0062523748755289598744156e-02 
1.1891519072424827641043521e-01 7.3462061387793292643877407e-03 2.3079006959507085039437089e-15 -4.1946965958067719184440587e-15 2.9843104720492652504049147e-01 -1.6699269861719684415746201e-01 -1.4621050053748066432923736e-01 -3.2974516868749542686245491e-01 -3.5145408437152796257132237e-15 1.1768380242607982531341012e-15 
1.8447941624585760533872048e-02 -5.3066996364329543922622179e-02 -2.9673368158615260128940783e-03 -9.3937456969787822003148392e-02 -1.1472199685764894461215135e-01 -7.0872189877939353527813715e-03 5.3943190416256891241541631e-15 -2.5123129923083417539447192e-15 5.8456549134367582658423909e-15 4.9194621950149647604364142e-15 
-5.9554236586189635005439413e-02 -1.4952655198314967338601988e-02 1.0505277998249047677337131e-01 0.0000000000000000000000000e+00 
15 (band)
9.9259796290253499151390315e-01 (Ry)
0.0000000000000000000000000e+00 (Occupations)
2.5051663485734981806629662e-01 -5.4294581469139790996791817e-01 1.0179398739766243320303829e-01 -2.2061900838424919335523100e-01 5.7699214344297129542928528e-15 2.4079934432310978258862347e-15 2.9986595504877877615967918e-01 -2.0134976095323914302426260e-01 2.2040795363353180014165389e-01 2.9810880971464798205872171e-01 
4.8265499039965376927340230e-15 6.4365059703159656885460633e-15 7.2578846754116299599957074e-02 -5.9118717939226905766503251e-02 4.4230163762643159852672170e-02 7.3950956972579029446990262e-02 -6.3240382805231171170490256e-02 1.3706125910607086515469177e-01 -2.0392308753457526528258186e-15 9.0284096669525140367893000e-17 
-8.6566358944489356300821704e-16 2.2287673297440156351104302e-15 -4.3137447156579342144588907e-02 -5.0981937796784816685491393e-02 -5.2176101831564625221915321e-02 2.9909750484512508811318909e-02 -5.7803225320513063056893088e-01 1.5306030277554166785236589e-01 -2.3487579714209136372282671e-01 6.2194233234487195094430945e-02 
2.3758694111008678150510277e-15 3.0506879862750881881326399e-15 -3.4628441071025550801465442e-01 -1.0270552143045894033512866e-01 8.9203468464176899344053595e-02 -3.5984895396315563775857527e-01 1.0636992517337684030633607e-15 9.2844908073697391219886313e-15 -9.1815253139067104504178474e-02 -1.8239273503716027513554820e-02 
2.8786824203338973182653149e-02 -8.1218040950982145487202501e-02 1.4591845233029859807416528e-01 -3.8638582202562776757304164e-02 9.8074710908930893439637478e-16 -5.4237546205178429916683935e-16 3.3850491075513313906423508e-16 1.5932753027546709095020527e-16 -1.1785414534892041382718730e-02 6.5735084490273695823070454e-02 
5.6304157837306634259988414e-02 2.1137184926461098644079328e-02 5.7638564017730675725914580e-01 -1.5262526107138765785187218e-01 2.3351613973193044437870469e-01 -6.1834210796128136200522363e-02 -1.8194497618950364317970399e-15 2.8434999608542635532049071e-15 -2.5007145654313173155358641e-01 2.6052749577562378524575593e-01 
2.5554498569453876211099441e-01 2.6840373875246537060945684e-01 -2.1893364768768590857823865e-16 8.2349897822071343717862000e-15 -7.0137636363529098915137183e-02 6.0813605172872403636930017e-02 6.4673493499028150699459161e-02 5.5933598587086352793562583e-02 -1.4634457124048957932238579e-01 3.8751580682506267527820398e-02 
6.4126469789575384912710798e-17 -3.4757890038015983118167884e-16 -1.6885386597479686691913969e-16 -1.8833666464983437529795908e-15 4.2569923176835090805614215e-02 5.1281046779701085214231426e-02 -3.8147647608605610158871713e-02 4.6112584607146706039415562e-02 -4.8500181926380947494692464e-01 -3.4682576581118429448480356e-01 
-1.9649286774601798510886397e-01 -1.4051266869942302673024415e-01 -1.1388147905324820829502847e-15 -3.9652221745807349961369346e-16 3.6014143115663960204031468e-01 2.6616893078510246023471453e-02 4.3918130745276631743401197e-02 -3.6798777762549839120964634e-01 -8.4429939926974424452655978e-15 7.2966156173413161203116173e-15 
9.1565100130368948239123483e-02 1.5277926786745136752965202e-02 1.8731421627981477417979050e-03 -8.5485200770132940828460733e-02 1.2314214658028042881365849e-01 8.8059242970597487176753759e-02 -2.3434278783548955507711456e-15 -1.3554810445407700453613432e-15 -2.2238904561987666886975995e-15 -4.1710662400241912467332675e-15 
1.2377635366732987406979127e-02 -6.5488458989595335624223083e-02 5.9846582836626291412862599e-02 0.0000000000000000000000000e+00 
16 (band)
1.0371398698966640683494234e+00 (Ry)
0.0000000000000000000000000e+00 (Occupations)
1.3224463287745559114414261e-14 -2.0897069619816680012326977e-14 6.9784697654840758345089180e-15 -7.2535220702873496838601982e-15 3.4734387283818640712595993e-03 -1.6915972557826139399672627e-01 4.8271828096100415654341393e-15 1.0565514113273298681373767e-14 -1.0433877894845914396892673e-14 5.6454291265954933396040318e-15 
7.7366557760290555201265761e-03 -3.7678845048121162308873977e-01 -3.4007034925741138585206852e-15 1.5370192597588188056364577e-15 -2.4435302969591183428509078e-15 3.9735997577798580346149469e-15 -4.3255048091748693419392600e-15 5.3667812947139469796675314e-15 9.1656244981783395464614017e-03 4.6474905433890191519541446e-02 
1.8044915628277421321135066e-02 -2.6391537207784875745941733e-02 3.3243902694142323393134716e-16 1.9642834392339149023348846e-15 -2.2091909790356898541780903e-15 -1.6408997315880369057085299e-15 1.8130834781747825803992113e-15 -2.4745286785584082875093394e-14 -1.5925347140970396380034919e-15 -4.0468003440635970033838288e-15 
1.3255386186551515459441930e-01 -1.0515013665636877004949667e-01 -1.2043659689264878474627872e-14 -3.9317700934930938105022270e-15 7.1418436806723976552980188e-15 -1.1538690358354508415376422e-14 2.9525202079220674855619677e-01 -2.3421280169270186632957120e-01 1.2463457744691851601971023e-16 -1.7652097335005381127946590e-16 
-2.1069948719392779220241570e-15 -6.8327609674704031645819401e-15 2.4689109020938947549635718e-15 3.2833243270703637531612931e-15 -2.9967141154179373352395288e-02 3.6686454701639330255868998e-02 3.1837291029988619428525709e-02 -2.9187524890208482730713513e-03 -2.1145123034444472495240081e-15 -2.8550018315385123792912446e-15 
2.5974425708785100063269323e-15 -8.9669032360822051763712392e-16 3.3255522134242264459024846e-15 2.7951838465540524049984404e-14 2.2859305491698402058894914e-15 9.0086099685882169255091876e-15 1.3257881345626004732096703e-01 -1.0517009263159760035222234e-01 -1.1998277052537704324289115e-14 6.8642750742450140504775705e-15 
7.6486498869042788399690023e-15 1.2239067188432013538041337e-14 2.9521003523063110707269630e-01 -2.3417953986670708710349231e-01 -4.1809759219584989488896111e-15 -3.3002900801963812191082253e-15 6.7404252428101440420571492e-15 -8.2254049167970817501063481e-17 -3.0783601581460460820316192e-16 -1.6292492404492796918672248e-15 
4.2555586966592791331454038e-02 -2.0834490401804007381203476e-02 -1.0084102713437938236840097e-02 3.0351083526613385765724473e-02 2.4114365488276515466594577e-17 9.1006049829011396133087130e-16 -4.7567883998506662880573100e-15 4.2581252543717027560250034e-15 -9.5218809757582829241589463e-15 -1.7260277644283875354595474e-14 
6.7732645731946223038753490e-15 -7.7999059795293798831960897e-15 1.6554386534912490791526807e-01 3.5115791417515800076909471e-02 -1.7994710477312768989859234e-15 1.7602571656082346039302545e-14 9.8494615071225882709041398e-15 3.4982983830391473437413202e-15 3.6861239513187310512520867e-01 7.8191584893736912342809831e-02 
2.3373176523945651042064028e-15 4.4893907193063932940574066e-15 1.5414629306615571655989108e-15 -3.3534455840446863839308078e-15 -3.8405861462795365871621814e-15 -7.6239181070656655969432939e-16 4.3179202793152370032370158e-02 1.9509239311757305135319740e-02 -2.9813760773466365522343935e-02 1.1576574075155235399314790e-02 
4.3168688977585815800701124e-15 -1.5472648379063017617691746e-15 0.0000000000000000000000000e+00 0.0000000000000000000000000e+00 
17 (band)
1.0742268273149995216897423e+00 (Ry)
0.0000000000000000000000000e+00 (Occupations)
3.9234322894235346843775616e-14 4.5401014757539304264553509e-14 -8.0944383967266494168528323e-15 4.2981072289756101244004010e-15 3.3866256982440313960669442e-02 -1.6589792987607585028619894e-02 -3.9894890426528582114958828e-15 -3.5940734587454015842972432e-14 2.8837641881501835168782766e-14 -1.4053753612378026109296073e-14 
4.3429626817209299183275562e-02 -2.1274422977012902302718089e-02 1.1890003278107074353172541e-14 -4.2333845330930283011003015e-15 6.6374581277100432122647271e-15 -1.0202875405848732965201697e-14 -5.1421362819835018529146933e-15 -3.4720130221968131801896056e-15 1.2513790062390997559482742e-01 -1.9926524577819249017807124e-01 
-1.9813495509952136486298002e-01 -1.4156080833125150864049147e-01 -2.2479768501559700984722911e-15 -7.0505116930246267670724739e-15 1.1595605196606063189641165e-14 6.6697853267642873255146913e-15 -3.7081497068037290494368160e-16 4.7422566011423267690462157e-14 -3.2658010658809818551947107e-15 1.3130727712525735303524549e-14 
-3.4369819836829754167162321e-02 -1.5519667449917937118719635e-02 1.1647275224828863210706428e-14 -2.1180598562644246503496919e-14 1.3144764933056533217050231e-14 2.6652512077120235749705159e-15 -4.4075310637063241925304169e-02 -1.9902275013955621901784454e-02 -3.8407772846941039581664946e-15 -7.8417509335383345203736205e-15 
1.5184477153718489832424223e-15 2.4674169485910825164128314e-15 -2.9471504439668025385328682e-16 -1.0548390607444310857352601e-14 -2.3330241057884690270007866e-01 3.0596038398825024101634895e-02 1.7221496132306463727745793e-02 2.4289986199801094635120080e-01 -1.5324737052732688671752664e-15 -7.6267811775530609905448265e-16 
-3.9227933719255709866190200e-15 9.9391776476127471040647417e-17 5.8032028053249700642879773e-15 -5.8014391950489866882045054e-14 2.6403271991203725250390689e-15 9.2182497409442983569582529e-15 -3.4363245414888166084921295e-02 -1.5516748004401479527070151e-02 -1.7129355077928001250928275e-14 -2.0300143440814396658042607e-14 
-3.6395390239483723565786721e-14 1.1195701216739967473661532e-14 -4.4089293572368404294792299e-02 -1.9908453736812430079350378e-02 -6.5027389419755489274281221e-15 7.0637281188617806508329208e-15 -1.1182541307167277237318431e-14 -5.2595565815910713482448741e-15 -3.8910934019718568994486275e-16 7.6168228941126593318145244e-15 
1.3132738469735558139994680e-01 1.9524313571471874073637309e-01 -1.9359898671022601757130133e-01 1.4770129226998141014348676e-01 7.3876227301517746970766392e-15 7.7574181185110543123259206e-15 3.3450765116138699337133487e-15 -9.6122585886666688559742417e-15 3.6848438858188247497621059e-14 -3.1377798862277324481508163e-14 
1.3676770555973820263724375e-14 -6.6856937558772986148595507e-15 9.9480971740587217921891749e-03 3.6368083076956610188990027e-02 1.0079757616577986830074920e-14 -2.4598748632599369512398763e-14 -1.7843688310723501962094173e-14 -8.4580749516673416286528052e-15 1.2763846170787310208005749e-02 4.6661510571686791448708931e-02 
6.5322642241248134507329287e-15 -8.2868081673676190676229683e-15 -6.7426747022764540861752311e-15 2.0925420055787031461666658e-15 -1.3657440316747517470927533e-14 5.5538928684069019922892669e-15 6.6726196092357734079847376e-02 -2.2564214759260986520317260e-01 2.3721044019408948910765389e-01 5.5022236017567664745353540e-02 
-1.6091554314225537927968963e-15 -4.4097047880329599224345345e-16 0.0000000000000000000000000e+00 0.0000000000000000000000000e+00 
18 (band)
1.0999813531002551325599370e+00 (Ry)
0.0000000000000000000000000e+00 (Occupations)
-2.1282028462164137572187883e-01 -6.1700346503386549468217481e-01 7.7073554346425710015466848e-03 2.2344984387933711222906652e-02 1.4926740217136613995959250e-15 4.2108160200529514835796118e-15 -9.4845644206413670662669801e-02 3.5819470800929531506540116e-01 -3.9557723667921684818082895e-01 -5.1741561721184325950417815e-02 
4.8234980656930686762948444e-15 8.7352410075293564117132247e-15 -4.7702039377489180438374206e-02 2.2934566341064669542371135e-02 -8.7114077104841675103230614e-02 2.6300729818146628691266642e-02 3.4944384931386393566832282e-02 1.0130980338530043427525129e-01 1.5403999198058987612494564e-14 -1.0603825284292090661094159e-14 
-8.6129631657740804694623515e-15 -1.6187123397200640708964770e-14 -4.2740678888640859511838244e-03 5.3684689808007890476915236e-02 -3.9681513597685375005497121e-02 -7.7004320167406270503107635e-02 3.3975258567513644258895056e-01 -5.5727365803282236100812952e-01 -1.2304253127187081418014714e-02 2.0181848529677387515945952e-02 
-4.9543019430046320592709845e-15 2.2893438556173471002280107e-15 -3.3645065494005571560265366e-01 1.5524207503510037420291212e-01 -2.1228286197948709190796990e-01 -3.3777881209146820573607783e-01 -6.7486344710251351545590821e-15 1.2403055245362701382084563e-15 -4.8077811344198917442582797e-02 -2.2136010263245367579720835e-02 
-7.5793663215414946998649270e-02 -5.0357833900826376449799682e-02 -5.5786155861067665551189521e-02 9.1502410429712521811040915e-02 -1.4294178699841189796658734e-14 -9.3823639181381657519343762e-15 -8.2653283922615593349306474e-15 1.6714364650728229497439313e-14 -4.4089157834830097759670764e-02 3.0926683260823317755949802e-02 
3.4038899716227699610016089e-02 -7.9659532712386640906920832e-02 -3.3983304432580441201139365e-01 5.5740532558649014127638566e-01 1.2258560790109035432138285e-02 -2.0106897279356411578632446e-02 -3.7300509462731195054693103e-15 -1.5333007434609579634999230e-15 1.5974842386681953332328021e-02 3.7025804068603357377398311e-01 
3.9741676402165654335973954e-01 3.3847942915473841485329842e-02 -7.2434712631066564310880293e-15 3.8899841853187812458362375e-15 4.1787729295977737997702661e-02 3.2557362538743986335454395e-02 7.9537283783332871078819437e-02 4.4397552186894617687329401e-02 5.5788847546053406400989871e-02 -9.1506625008247993724452840e-02 
-6.2820132372472350651423165e-16 1.8153812396414086233133153e-14 -1.7225959651890274448213668e-14 1.4201890737005205517176207e-15 7.2997887459273162052975081e-03 -5.3354029385637741222936370e-02 -5.5216188523053565118114960e-02 6.6744906293495581683927753e-02 -6.4610591991253130128569637e-01 9.3457665613521964664833774e-02 
2.3306531351979187238754321e-02 -3.3712352611456573858728092e-03 -4.2658222084824193279021149e-15 3.6185172857926679209224249e-15 -2.7510597580125817351870410e-01 2.4832018516501211391478421e-01 2.2724269108743574974162982e-01 3.2779037037774505503051614e-01 -8.9491882394800997405926537e-15 -7.1929746844202982216028752e-16 
1.5506221490635477278097198e-03 5.2950842733086540825571120e-02 1.6490070863992619537574669e-02 8.9584595298078689706855471e-02 1.0606821615551340065586317e-01 -1.5342472177095872049035208e-02 1.0241818067719093882940891e-14 -8.9590380789211759938122116e-15 1.2771485191312918227280171e-14 1.0477458046359713016246358e-14 
4.5763046661343086130013802e-02 -2.8384554385979657298300083e-02 -8.6623957374049223578715839e-02 0.0000000000000000000000000e+00 