113 (index of k points)
0.01623501362477228551761677 0.02807950528504424281273089 0
18 (number of bands)
52 (number of orbitals)
1 (band)
-1.5428335349852879687659879e+00 (Ry)
0.0000000000000000000000000e+00 (Occupations)
1.6726302546864635356627105e-01 2.7882466712445752587967718e-01 -1.6257363942483310514930395e-02 -2.7100773600860352668950881e-02 -1.4213703178768357014510079e-15 -4.5013180328628739491886714e-17 4.1215219190523233461220798e-03 -2.4494910655049788664183730e-03 7.1050770222234604922562085e-03 -4.2754990735207783203453147e-03 
9.7241052316227778245013042e-16 2.4403745773624725699501052e-18 6.4116882639481120875757370e-03 -3.6611718351557643799654151e-03 1.0900987447316025369392634e-02 -6.6463626321988898693060577e-03 5.0766192300241361201607049e-03 8.4626399960871859229349923e-03 7.9756743823183151644395569e-16 7.9651283802856035542625166e-17 
-1.4587715479863683002892531e-16 -3.2773984875057301315759776e-16 -3.2205974922456283293659141e-03 1.6917352611565950309263640e-03 -1.6089528327735552748478653e-03 1.3825276320818787392785687e-03 9.2667274950242975450898086e-02 3.1166150041236651002662938e-01 -9.0069206309101573076913994e-03 -3.0292394967580286990749272e-02 
-1.7460128907584560547966995e-15 6.1157419226895884254511916e-16 4.6012003856748728489178824e-03 -1.3475549785145687908816114e-03 7.9451313443591603524751577e-03 -2.3742156052722626982665055e-03 1.6259945093855627459853744e-15 3.3904198590148132141100334e-16 7.1207496973975017290348077e-03 -1.9516273588033794181284541e-03 
1.2211396054107259701027033e-02 -3.7265895903549942601296063e-03 2.8125549161578614759671169e-03 9.4592744623268436299223794e-03 -5.5964085602724491068422107e-16 -1.9422240877366295640797146e-16 -1.9127301585485602189513166e-16 3.5022690417070379903821845e-16 -3.5401339509516308035053100e-03 8.3765626018307147611363650e-04 
-1.9022252616783179128556736e-03 9.3896268583978286046548556e-04 9.3017377098051121087074478e-02 3.1283907692265028321898512e-01 -8.7842743221455965585420245e-03 -2.9543522417042250571839190e-02 6.1326965562400225546443529e-16 5.6776437357964823021956229e-16 5.0040666965186983428104384e-03 -2.0508730178089797004797878e-04 
7.8461439781218611511093286e-03 -3.0746047657004811973213698e-03 -4.3749670015266934750582980e-16 -9.2530011106185129754801573e-18 6.7485376230835818905928747e-03 -3.0911561220592666254791681e-03 1.2355793474207663051878114e-02 -3.0467070757883825751766160e-03 2.8131024393198483454781034e-03 9.4611167215887040371491423e-03 
5.4092589512803128220099527e-16 -2.0659624779952053094381910e-16 5.0931130368330077387637778e-16 5.3259593505546654456891659e-16 3.4845228520168532171386033e-03 -1.0836228057572868613972483e-03 2.0360604250351408903152439e-03 -5.2277146416654038125343407e-04 1.2295150417060802042201750e-02 3.2614314306484609717884382e-01 
-1.1611249355929205515775005e-03 -3.0799918523564076555665281e-02 3.1690890817479072668627604e-15 2.1728724360728745952444659e-15 4.8978578773781131228126640e-03 1.0458166749402635943566597e-03 8.3642660492323252230395525e-03 -1.0267537427993728323116773e-03 -1.8620174196205408483564543e-15 -1.3687989564762905357313003e-15 
7.3052591711323545259348933e-03 -1.3157487084201481119388744e-03 1.2725298740400806107864184e-02 1.2177171411475006391859910e-04 3.7183960355611107026843620e-04 9.8634684702087107449619552e-03 -1.8408417625425759363698259e-16 5.8569027820272706323284508e-16 -1.1634839066487321225064018e-15 -8.2116603214556480938359134e-17 
3.6445361923193747046012536e-03 -1.8301320787163173663472659e-04 2.1021018191661445216611437e-03 0.0000000000000000000000000e+00 
2 (band)
-1.1593592053355916693391237e+00 (Ry)
0.0000000000000000000000000e+00 (Occupations)
-3.6196657726582948111371252e-01 1.7512446112213672644308815e-01 1.5040262406463722477667488e-02 -7.2766916769138288711982199e-03 -1.0622473375035786090584359e-17 1.3161039690308361616684098e-15 8.7285348373470017513398034e-02 -2.2996087785362068905969934e-02 -3.3065169079165887544569102e-02 4.9263317545898993587982773e-02 
-5.3581162986287943412910621e-17 -1.1346044574943323528822350e-15 4.0653404222325467687326750e-02 -1.6099797996561499013878915e-02 -2.0276109092192573513102616e-02 1.5982443903139492702436542e-02 -9.0354377597948922623549706e-03 4.3714717493856126290241448e-03 -8.4770836408778562674959118e-18 -1.7401523766060185981643070e-16 
9.1589592392141897889698039e-16 -1.2199375390621198760103860e-16 -6.1208371534164085492335516e-03 4.2469646005771355401492428e-03 1.1797806658303043245150654e-02 -4.9678212741682201136761421e-03 3.9414641410530226739439286e-01 -7.9605176896817675391559987e-02 -1.6377384537839177747198249e-02 3.3077198666158318107743952e-03 
2.0200579756659065812181435e-15 2.4731761840694922005432092e-16 -9.0262013124336112901424656e-02 5.6663996486075538655535766e-04 4.4277654870812283016690003e-02 -3.9492646670019976307131060e-02 -4.5110307195765468881865416e-16 -5.0129308519617653649297431e-16 -4.3380059719314863209138622e-02 5.4839027292157456472398991e-03 
2.3613770010535672233542570e-02 -1.0437862756576266054509006e-02 9.8387136836107953741237253e-03 -1.9871119290819222458210902e-03 7.2445081645736482808917350e-16 -3.5523587700575826327918696e-16 -2.6373851285808022893593060e-16 -3.6090614683544985196335962e-16 6.9847169460557122569466237e-03 -2.5913480971648736317369810e-03 
-1.2662603779561262470898519e-02 1.8777528273263895813860458e-03 -3.9328618711268842345063490e-01 7.9431328302966980325905411e-02 1.6812636838325026311657950e-02 -3.3956152542942777405876598e-03 -3.4893534388201158923820347e-16 -1.3070646116919361896377666e-15 -8.3257682063479263034899702e-02 3.4455521817707342180359120e-02 
5.6037631156014136579734952e-02 1.9191773641149545426287659e-02 1.8518325780732967124649604e-16 2.2246268611208564630765745e-16 -4.2238077781674689126223399e-02 1.1826304734858229111837957e-02 2.5897059655767835917306030e-02 4.6945537205711485029269170e-04 -9.8040973222557354499473448e-03 1.9801152764876827488960132e-03 
1.4675381043878085623609251e-15 -5.5689281328453986968195667e-16 1.0475226350125362114425216e-15 2.1789011929459937519956076e-16 -7.4235429975189901399823533e-03 3.2238536218528665577842673e-04 1.2366794717986098056661248e-02 -3.1752532008744137337341584e-03 4.0068414641539135123693427e-01 2.0870450426118573178380089e-02 
-1.7128892110234446299887878e-02 -8.9219700086885962708738163e-04 -1.6190744541044891284405427e-15 -1.6023339339161828466491095e-15 8.9210728714044007503503053e-02 -1.2667694684806250077224732e-02 -4.9504305906763759748123732e-02 -3.2524820948938513998083266e-02 -8.5964798431927530349527267e-16 8.7720294173892425295722489e-16 
4.3852173287823252578743194e-02 -9.5057682807338922392759173e-04 -2.4966707101985969458057824e-02 -6.8950434113456606638470348e-03 9.9885182211065463159238575e-03 5.2027354267349698417610693e-04 8.0341226520848761445492653e-16 -1.8019130433617113931586934e-15 3.5163069178717234872569929e-16 -8.0901312772645744659925591e-16 
7.2704927226987080962627985e-03 1.5339030370286703668786243e-03 -1.2767922481223064126720779e-02 0.0000000000000000000000000e+00 
3 (band)
-1.0886035772276725364093863e+00 (Ry)
0.0000000000000000000000000e+00 (Occupations)
-2.0516829692331853274289699e-01 1.8847132919511169757420532e-01 1.0214702715451176584515736e-02 -9.3834107850969614150749010e-03 -1.5657065218715460613466930e-15 5.0234161161043182927161618e-17 -1.5386307580878669232227196e-01 1.4859137620159576509415444e-01 9.7296193385874626957665612e-02 -7.6838544739804476302325043e-02 
8.1562869509209383175111060e-16 -3.0771329060634454782124734e-16 -3.3262785785770500324165511e-02 2.9927522712430237872283101e-02 1.8509570961526097820915027e-02 -1.8089808451182572829329942e-02 -9.1704977245308603311935158e-03 8.4241836275893884622423258e-03 1.6325863292406638305426619e-15 -1.2615357759586068668182606e-16 
5.1804841572046843596634766e-16 -3.7878618437305460459318828e-16 -4.0647284497031914429765465e-03 4.7458072060167864197888221e-04 3.3051325029083197110102432e-03 -4.9125407600052791584621659e-03 2.4559347118540908461170602e-01 -1.3152687520844213997506245e-01 -1.2227348415322927821513588e-02 6.5483204149697910034788606e-03 
-2.5142975675530354113134597e-15 -9.7234289538627581049259060e-16 1.8598235692643522165568015e-01 -1.0565891392074144849999584e-01 -1.1334842357546570656978702e-01 5.0227941208753068558223731e-02 2.2987730593084828741431429e-15 -8.8024781272612821587646759e-18 3.9660446450286143682539830e-02 -2.0715176110702601675050971e-02 
-2.2426811175281214510990324e-02 1.2918340740525554449780188e-02 1.0977398950804250626900327e-02 -5.8789123638571206750813580e-03 -1.2196674521325732637800778e-15 -4.1817520989795048582332744e-16 1.2526657609485589665664167e-16 -2.9695959916826220759342254e-16 4.0550509568125815695882608e-03 5.5118596483903076199695192e-04 
-4.4229948948152318644044811e-03 3.9362512293977299643321643e-03 2.4390415483339264457463003e-01 -1.3062198926175491719980926e-01 -1.2823126988517442176318539e-02 6.8673804511910629955195873e-03 -1.0201024280148365672598112e-15 -2.1768563890735746657458006e-15 -1.8967471469364838299043186e-01 9.5887920004386964500930901e-02 
1.0419957256815995383369966e-01 -6.5648047430074352170947805e-02 1.8417158204789814918756575e-16 -4.2077269339559885430588419e-16 -4.0140519682962921832469760e-02 2.1797678417934434474956262e-02 2.3497111174226731344916175e-02 -1.2063996993926850986866839e-02 1.0941893719714929425479433e-02 -5.8598936675873505505740546e-03 
2.1863973038794198116591390e-15 -1.1517513552734941138456556e-15 2.6741270776785228339222991e-15 7.8042768750490993414849351e-18 1.7606690758870933467827857e-03 -3.7170593998078448050303990e-03 -5.7285122070585108022822141e-03 1.4708319444521186433738613e-03 -2.6872582507004866281263844e-01 6.5861762534271839353294808e-02 
1.4128112943529403874864947e-02 -3.4626470625604656092266787e-03 3.0599728152569751757919087e-15 -7.4253620381754939540365987e-16 2.0756209074936146641299217e-01 -4.5705241281925525209661743e-02 -1.1725195689335504711792169e-01 3.7672213360087698774680831e-02 -4.2528926322404737235276171e-15 -2.4052458491515810266612148e-15 
4.4300293629801076877861021e-02 -1.1130322957726380625476104e-02 -2.5759100269554458667586871e-02 5.8414904182557602849157341e-03 -1.2055430302694276553654440e-02 2.9546560182084681024650141e-03 -3.0060213707679639142389301e-16 -3.5970600124333482713727372e-16 -4.0334108763822713054314659e-16 -8.4868382046451218466306794e-16 
-2.6297495018682438133739154e-03 3.1624205498162489408331410e-03 5.9143214923833139703979178e-03 0.0000000000000000000000000e+00 
4 (band)
-6.6970181256333283226211961e-01 (Ry)
0.0000000000000000000000000e+00 (Occupations)
-5.3368303648614794959575078e-15 1.4336326624821736174586029e-15 -6.7734971593206967261236007e-15 -9.7148776614032125932210761e-17 -3.4674493933334460393780319e-01 -6.0879379861960847275526021e-03 -7.1491619677316170898366001e-15 5.7648047570327060631352819e-15 -7.3461107569936791246758683e-15 1.5757946868539104716533461e-14 
-2.5215264846738597026565287e-02 -4.4271487354770322486530176e-04 6.6600328674941144544904142e-17 3.0608075965324228254590362e-17 -1.2569844140602743370202636e-15 2.0409275221615951060323008e-15 -1.0801461518179093594414987e-16 -1.6625748232942117829124799e-17 4.9085696662600278306065604e-04 -3.9651564040968714786039584e-03 
-1.2284126560459609524278424e-04 -6.8750572964999950853481891e-03 -3.6629365008026725342940537e-16 2.1065905755001923193622876e-17 -1.8264093012100453376481023e-16 4.9092902549603696975624019e-16 -1.8780738442676509840773013e-14 -1.1855099282980524590893863e-14 -9.4106984702970392002797666e-15 -6.1169508705178595457115480e-15 
-3.3433730083630469609445868e-01 -9.2128634048813606849392954e-02 9.6648672603898054634424921e-15 -4.4327809664680291659681493e-15 1.1812858410594373871621052e-14 -1.0623847465016041211566595e-14 -2.4312982222168915552584778e-02 -6.6995875406559400599970644e-03 4.3024088207871041593303570e-16 -1.2495056347668632640653509e-15 
1.2876941742762602165724039e-15 -2.2851892041535424947768017e-15 6.9239371404432905016854275e-16 -4.0414493070254906545055131e-17 1.4615300910285260269777519e-03 -3.7185125606414761584295192e-03 1.5907752417944204248456685e-03 -6.6896141097070663250612199e-03 4.1043765749722281248295073e-16 1.1347744987497312708380586e-16 
-4.9913387205646550012583976e-18 -4.6659695004826535588773222e-16 7.0811504142449159721525402e-15 2.8197050186958980741111035e-15 4.6811408924799309965913023e-15 3.3716703275098557907898536e-15 -3.3437142740464054213589407e-01 -9.2138045686480540830132213e-02 4.1436963403160892001830627e-15 -9.0660294026106180484517303e-15 
1.4344273425303451172774208e-14 -7.3201422193387549553556534e-15 -2.4278916316403113123678636e-02 -6.6902000286098665254863604e-03 1.4735595698566883345472866e-15 -8.0504078714585314200085347e-16 5.0917951536756659441748293e-16 -3.0412372606896795853552401e-15 4.4276795605330415722442431e-16 2.3085439370712860656661840e-16 
6.5014857182578390457083906e-04 -3.9428463500832573729315556e-03 2.0603403091381208324384122e-03 -6.5615245833037204314930335e-03 -4.0841623180549980243254094e-16 3.5707942402617900134920274e-17 -4.9327906071819866231391331e-16 -6.0249450735210695216961013e-16 1.8399970706682142301717101e-14 1.6261936395004449955997874e-14 
8.6159131422617283502204995e-15 4.5608993890757229651013998e-15 -3.0095273396565402901359221e-01 -1.7239815209607356472076845e-01 -8.2292703688723947663162857e-15 7.3742890631857362120488368e-15 -1.2753222983820755933258415e-14 8.8485106359174363294012962e-15 -2.1852364424609485582529089e-02 -1.2517936050954929852463415e-02 
-5.5046076273551199326806247e-16 5.1378657138890473708991034e-16 -2.2292440716778443994984831e-15 8.3946381328635226955717578e-16 1.8948122272730842705559630e-15 7.3621616722847891783528324e-18 1.6102689727212978094972318e-03 -3.6572892066805734630208224e-03 3.6273957377287585623903965e-03 -5.8429964238100786516616481e-03 
1.3361203733694858302108883e-16 -3.5777323772257281744909795e-16 4.8851839407188728842225339e-16 0.0000000000000000000000000e+00 
5 (band)
-6.3104616632368337736380681e-01 (Ry)
0.0000000000000000000000000e+00 (Occupations)
-1.0914073088581070780644922e-01 -1.4016554376366154033295430e-02 -1.0147205973318335070487706e-03 -1.3031667168725280525620747e-04 -1.4424919690024002838406586e-14 5.1980695925637337985332608e-15 5.9279032891093701163054419e-02 -2.0562634679676677906812188e-01 2.7899727024016079957036141e-02 -3.6522814387153479387393418e-01 
-2.3774623132331256729337218e-15 1.2739995994332640507678587e-15 6.0882670468540706076865376e-03 -2.7019329343893790096320373e-02 4.5858234334447134372680921e-03 -4.7495077012740610777896677e-02 -2.1215477941285976193341867e-04 -2.7247467929272795039707944e-05 -1.6915321753233403778718975e-15 6.4946771077869731854940468e-16 
-1.3160621923669792476756965e-15 -2.5549301328983158489434904e-16 6.0942765606312350457063332e-03 -9.8415686795943306541811779e-03 -7.4816209351755216805379689e-03 -7.0771348155690815689977669e-03 1.0222609880400586324089574e-01 4.0718394592509969676097370e-02 9.5043284546414419367010851e-04 3.7857328464142251528423699e-04 
-1.0149627308865874109066763e-14 3.7859678553012816167947473e-15 -1.0855386604467216760117054e-01 1.8442412099352745169511536e-01 -1.1785175167567615850394702e-01 3.4681545016167714123866972e-01 -4.6014243691389872494826759e-15 -2.6256469714013073974606632e-16 -1.2616426907217436620411988e-02 2.4656376982892538873848309e-02 
-1.6253296699601627040010499e-02 4.4862483919234599771819205e-02 1.9871337716910117410229475e-04 7.9152186770087978873178258e-05 9.2559071137925110114017677e-16 9.4837740143158955790205099e-17 7.6241273072399050556470095e-17 5.0726054149523455454653596e-16 -8.3503122601423160342726248e-03 8.0167927521447718275382499e-03 
5.4865601972438320793612476e-03 8.7153970774342982841265126e-03 1.0214492003403732867106157e-01 4.0686177422317629237547010e-02 9.3018301232107580833741167e-04 3.7050886343394096034131735e-04 -1.9008958421764647763606895e-14 -1.4407924701215577832434270e-15 -4.7915933475524669082901141e-02 2.0863505394128517567153835e-01 
-1.5295723735684155220049263e-01 3.3293224140759880569362394e-01 -1.2047126650029881258217917e-15 4.2220405047830993197167378e-16 -7.8241064778084568054339343e-03 2.6526155355318825623811563e-02 -1.8993109225998033862126135e-02 4.3703563872110690047279036e-02 1.9779673640460621389380869e-04 7.8784973728018067168354932e-05 
-3.6039782976500410997480093e-15 5.2902047770032627523306068e-16 -4.2361364567497038314955636e-15 -7.8935425809217117879859764e-16 -5.4751079773028826086500587e-04 -1.1572450678264281295759552e-02 9.9784513988137799045397003e-03 -2.5620308629984928430745050e-03 -8.8817608669106332119902447e-02 -6.4810354977448067503864593e-02 
-8.0881779508248929921876424e-04 -5.9019575452824712957777820e-04 -1.5691163850892751571705991e-14 2.0339127886600509647907917e-15 9.8295994332668501503036396e-02 -1.9016419198173506455162851e-01 2.3094868601864046442351253e-01 -2.8443364473069532305515850e-01 7.6767098952253729025560308e-15 2.1994840515499654015966288e-15 
1.4175084366913410366395354e-02 -2.3747011249865092319399906e-02 2.9265040140905713289543044e-02 -3.7607141858260813294112523e-02 -1.7198956198401972746657440e-04 -1.2549984695961395966302965e-04 -3.8826069948163244306642200e-16 3.6310336226070940758423313e-15 -7.3428762108497757640262828e-16 1.2963138225375792210648145e-15 
-2.3476417138971485652765292e-03 1.1345041258526958674601737e-02 -1.0302111165262688163846150e-02 0.0000000000000000000000000e+00 
6 (band)
-3.7892810887203376424281487e-01 (Ry)
0.0000000000000000000000000e+00 (Occupations)
7.9253542267048837643983461e-02 7.6625394728069562422234640e-02 -4.2547944924973182118099757e-03 -4.1137185789354158149677687e-03 -3.3314744293727081302077213e-15 8.5570700544841634776173481e-16 -1.9711504621599418296540307e-01 1.1568160799840897234869175e-01 -2.3921529417047468490942208e-01 2.9841213412543399208232131e-01 
7.9904211362841521286380181e-16 1.9369226448979285412001812e-16 -3.0160875346543169345236990e-02 2.4638945865407088642307087e-02 -4.4604064948482083363678896e-02 4.9924720714755482786628704e-02 5.8857420761754719769343058e-04 5.6904875961344934809371665e-04 6.5064055818953518802020169e-16 -3.1886259419168868848241364e-16 
2.0024863675280830418364164e-16 -3.1282712802916880392591638e-16 -3.5754541335122715095540258e-02 3.0189144581159593760943949e-02 -1.2734369908245116859157875e-02 2.4968721247606771168614515e-02 5.7707685733123570415159520e-02 9.3927621530820376571924157e-02 -3.0980820903994676918102869e-03 -5.0426029073404460278950978e-03 
1.4854131784747631084633173e-15 -3.8504154440176748921967799e-16 -2.1969116060849269711496845e-01 6.3026738963111630931202001e-02 -3.0591198577645350997755713e-01 2.2954654368267635167200069e-01 8.7232537898758149591321100e-16 -7.9557571829810357835788037e-16 -3.5340772652277759047212413e-02 1.6364163387354857537303587e-02 
-5.5618519387340761839233494e-02 3.7263663930626994558181764e-02 4.2856639477069618376914306e-04 6.9754349969384631807711727e-04 7.3128596992757776926898692e-17 9.1461873276480713733217571e-17 -2.0100523051807489109471719e-17 1.7094222913377507757601835e-16 -4.2138981630055777349852519e-02 2.0348904240985843383526799e-02 
-1.8543764729898486176562500e-02 2.1017373940215682004417630e-02 -5.7708391231054485814855326e-02 -9.3928707922565787824531469e-02 3.1024034305925755894417506e-03 5.0495855020756506836843158e-03 -4.4375869539815144531176183e-15 1.5788916357397592498650370e-15 1.5586480328991494936907714e-01 -1.6698028058574107546085941e-01 
3.4288387961692629035681534e-01 -1.6948521988148806949325831e-01 -3.6838089785723977147900534e-17 -5.6743578674157707179262089e-16 3.0649588591618599775490139e-02 -2.4043561931555421096184944e-02 5.8375964738388880226338529e-02 -3.2851308783113042366608170e-02 -4.2780919864316709717508291e-04 -6.9633199462209660959843838e-04 
1.9458603119869874558486555e-16 -6.2462363003888435248287443e-16 5.8750827208389793188117429e-16 -1.9456480364508208930896206e-16 -3.7153630962825388850401254e-02 2.8417695743502644628586395e-02 -2.7156530419026901623791304e-02 6.9726119098773159388215959e-03 -3.2536256230063752281633782e-02 -1.0532925814327204205866906e-01 
1.7491548733048617458862850e-03 5.6624798470371745517937256e-03 6.8486590087077296010333054e-15 -1.0538787084575267767937159e-15 1.9249433101377749766314196e-01 -1.2297228767758333622950317e-01 3.7426081222585777519284989e-01 -7.8888776714210601115340182e-02 -1.7855644313702602266701600e-15 1.0039338508658817564355662e-15 
3.5666066108764528375107972e-02 -1.5665946492851693522263545e-02 6.4711764734300736279237753e-02 -1.7301712426059635829833638e-02 -2.4119806082397370972439377e-04 -7.8084726587890416604070820e-04 2.0675779736961986343204904e-16 1.7133286643323422671612222e-15 -1.7581534589358616943246899e-15 -2.7835024280137600864069321e-16 
-4.3053574872859455557883024e-02 1.8285169284403771788882764e-02 -2.8037376147659342356943668e-02 0.0000000000000000000000000e+00 
7 (band)
-3.6395401825342882373703901e-01 (Ry)
0.0000000000000000000000000e+00 (Occupations)
8.8788002227914997188662483e-03 -6.2730372472298290276171429e-03 -7.3497091804231376444001000e-04 5.1928323684667654358548816e-04 3.9095051971796147682172405e-15 -3.7262795088423256833448324e-15 3.4109682308841793307863099e-01 -1.9563257272174389145291684e-01 -1.4787625724190278653225050e-01 1.8294426660805018780564524e-01 
-1.5778608931876681971378588e-15 9.0122983080681861792514806e-16 5.6176328724928711877417697e-02 -3.6439495782592548622780271e-02 -2.8944016223191586234531059e-02 2.6073530528984457943497688e-02 -7.6683583863178250705772143e-04 5.4180158547318529871361648e-04 -1.3950019530045438302786595e-15 1.5931640774949722866121589e-16 
4.9043324098410523367883015e-16 9.9284368719642374601596070e-17 -2.7298373220711998066168036e-02 8.2031579147368166582410254e-03 3.5337078382892704586648591e-02 -3.1348162787854225164174693e-02 1.0159897311919203338748119e-02 -3.8678904215020126766688691e-03 -8.4102094471282667909051156e-04 3.2018916440992861716097195e-04 
6.1474039080734375349973447e-16 3.0865291168112758610046132e-16 3.7903248159122793214947933e-01 -1.0465908526993752958311745e-01 -1.8872684171191217439300658e-01 1.4042140633846814101737266e-01 -1.0225299522923494068285572e-15 1.6868820630814434721581785e-15 6.3473580150974900915272769e-02 -2.1324197164690777972495539e-02 
-3.4518910094001077626391094e-02 1.8056298493771771873639409e-02 -8.7748485579774385817453108e-04 3.3407557420054440067147539e-04 1.4376212606406977877855598e-16 -7.8895453332020905764744473e-17 8.2863710122844370548845969e-16 -6.2343115541026766802012830e-16 -2.8480787043971309696610561e-02 1.1566112689640230259957576e-03 
4.2022870151147015405079799e-02 -2.1575328573917036678597725e-02 1.2115613585530267404255511e-02 -4.6128032970408627821967684e-03 4.8189139253124700645880552e-04 -1.8346196542915610416812910e-04 3.0966819316428498800185931e-15 -2.8130002139602041325565298e-15 -3.5075605390303749020475266e-01 1.7270215296965060747247378e-01 
2.3285352516733370809021153e-01 -2.0916610024467569006745293e-02 2.5796590677009395017152764e-17 -4.6903639953078778431132344e-16 -6.3159608217416118858267282e-02 2.6857141529950268737936270e-02 3.8674945415451564278974672e-02 -9.8622229435346014936314418e-03 -8.8832026111106457931521074e-04 3.3819873836922237538005209e-04 
-7.3082312009041947497347480e-16 3.3092610358533217300893766e-17 -9.5119727995317247835562528e-16 -2.3102375729880217872351795e-16 -2.1742110444498093102527747e-02 1.8023722504430888385895670e-02 4.5261822831684582479905288e-02 -1.1621260892660802491183070e-02 1.2882136837104117554897442e-02 -1.4548530239157746180023167e-03 
5.1237702377539620646196283e-04 -5.7856654404096242994004484e-05 -6.1551998218072814611347243e-15 4.0303143620844243400333693e-15 -3.8268568640755740162262555e-01 8.0046913799149660428966513e-02 2.3073975287431083835976153e-01 3.7648840636402509940428018e-02 4.0127297968718336741148973e-15 -1.4928181901193840384137879e-15 
-6.7854432479263648847478407e-02 1.0306219202697792722278614e-02 3.9912535997999008807735066e-02 6.5684736072339679896492370e-05 -9.4451865269138117909425434e-04 1.0665733762037964355365305e-04 -1.3216129755081037800080783e-15 -2.6874145217042349777911150e-15 3.3922019678291918728444610e-15 3.4135462609982925341344458e-16 
-2.5541359579552735253882290e-02 1.2050431126124376904340529e-02 4.6729929496865538207650559e-02 0.0000000000000000000000000e+00 
8 (band)
-2.7696914513888126752050312e-01 (Ry)
0.0000000000000000000000000e+00 (Occupations)
-9.0172049201036395343571950e-15 1.1525034134572217578911340e-14 -4.9651076657143020711600907e-15 7.9338548019557179770103069e-15 -2.2970276740285411332109788e-01 3.9743590977917331308333360e-01 4.9229560285248464300929510e-15 -5.3259123590993489924265101e-15 9.4968355503604841162293559e-16 1.1911252709595137589974018e-15 
-2.2336115973475290097383095e-03 3.8646368780350659477562658e-03 6.2772698752835254472571198e-16 1.9273523221158859018803843e-15 1.5361389708600277332451499e-15 -1.2208150231908120959505538e-15 -5.8449520261655992568388186e-16 8.8044247086442363678314359e-16 -2.1516434112722467725253850e-02 2.7458552730181599865755260e-02 
2.6726584452753110454636953e-03 -2.1521366968961869181597990e-02 -3.9212224790385274463433521e-16 -2.5718308604615539029178137e-16 1.0894405905796010557213500e-15 -4.7414828925183597098709042e-16 7.5498753036569339201761413e-15 -6.2765377021692677436214799e-15 6.0476030125825532555647626e-15 -4.8478546855581340998632263e-15 
3.2132452412105150241217189e-01 -3.2782497454115067103685988e-01 5.8762196836049609399843246e-16 -5.2297213698889692646820202e-17 -2.1294464812770827419313104e-15 -2.8849597013314689189773674e-15 3.1245346907445414180726218e-03 -3.1877455879039326425150591e-03 1.3773054851116639659657310e-15 -1.3833688662168609801582178e-15 
2.5840135627016838323787572e-17 -4.6958175084156954451932936e-16 -4.9361482180961631671100023e-16 3.2261139372682304547776012e-16 2.7669120148761005423265757e-02 -2.1244972232428306624374414e-02 -7.9408382881794234431360735e-03 2.0180570523620974809908546e-02 -4.6249249975392607283461807e-16 -1.1871323981990593332750229e-15 
-6.9301765656081405240251343e-16 1.7929538037619957454807833e-16 9.8636643241057463269018781e-15 -1.0248067391974887806333773e-14 4.5920523438037710406417448e-15 -5.0687535964477328376987098e-15 -3.2130727514524048959998481e-01 3.2780731260289541761920873e-01 -3.3309312093413867856531804e-15 1.0342324894040116321759931e-15 
-3.4816100142086030884316563e-15 1.5142163756041963005100515e-15 -3.1391462635290533905729760e-03 3.2026500479623697809072880e-03 -2.1761863045710149170145425e-15 3.1529028472897311926376347e-16 -9.8537076081010683938299578e-16 -5.1470936025691331330874113e-16 6.2916569270833344417690362e-16 -1.5327210698411480557566637e-15 
2.0683110073949000778936735e-02 -2.8084747086716835284825322e-02 -2.0014687569270349365435635e-02 8.3416738248371959107974050e-03 2.4332396262104168738703983e-16 -4.3540554459631968237023344e-16 3.7224164982598685793078128e-16 -8.0300158930090539370466349e-16 -8.3593311129310969940636370e-15 7.1443143873112696852584325e-15 
-3.6552457126224895556273778e-15 1.8343076750380846718845467e-15 3.9273517983086420057858845e-01 -2.3760277309074795404342240e-01 -7.0610551354775413765391963e-15 4.0991253582264774479908043e-15 1.8422563718114734697857434e-15 4.5766414142322283988701249e-15 3.8369908901719411258024461e-03 -2.3213589774710025048776174e-03 
1.4401562946111491532597292e-15 -2.3941761348004064477047642e-16 -5.4379591107931044617342866e-16 2.1014445323970840798659301e-15 -9.3652278923903575190510047e-16 1.0195458784982679015431459e-15 -2.7017704720892089104156142e-02 2.2058732802921511562121992e-02 2.1460379277033404810115513e-02 -3.1021544096644254086270198e-03 
-2.2547704229051316237044288e-16 -4.2876434941519595908355701e-16 5.0708465849949277970010082e-16 0.0000000000000000000000000e+00 
9 (band)
1.8994912832518154321981285e-02 (Ry)
0.0000000000000000000000000e+00 (Occupations)
-1.4938023961262858812812905e-14 7.3883217241094160763552809e-15 -7.7586629071714800657859364e-15 4.1386094161058359850368428e-15 4.3821846363574368243831714e-01 -2.8414554511933387548339169e-01 6.1893153837007186793455918e-15 -4.6585270797133761879975693e-15 -1.2589734791816688181634163e-15 1.4099104256235468096618862e-16 
-1.9442510539966095794994771e-02 1.2606731262126961989888940e-02 -2.3323134384490888103078613e-15 2.7200217993395246708191946e-15 2.5780326978793755474292830e-15 4.6017311107348938759215007e-16 -1.3356594118011579861526379e-15 2.2530850167615472119078574e-16 -5.9110094744504952657404573e-02 3.3541354398297626437930319e-02 
2.9134187352862869757608166e-02 -2.7169054972929956859317713e-02 -9.5806396944486133139371650e-16 -3.2631708941295740007943399e-16 1.2088091242589763828034475e-15 6.2197425759551715192074126e-17 8.4247838796608092304030308e-15 -6.9571601293556947060652388e-16 3.9614961559338212779607674e-15 4.0290838670526845886733642e-16 
-4.9511514832319702961171970e-01 1.6623809004961781488063366e-01 -4.6920897170689432656794543e-15 7.3688643946246335461084101e-16 -7.8261926314015847424655560e-16 -2.6547325530176611585960392e-15 2.1966854893993865982526614e-02 -7.3755118655372958746951895e-03 4.8162788710723306215560854e-15 -1.7527160169504693741774814e-15 
3.0742046745168994966409835e-16 5.9584524051521795309571315e-16 2.7083314405771402121865247e-15 -7.8612655634048041829960702e-16 6.5594438062467508299135943e-02 -1.7787508280972141871956183e-02 -3.4975552498263673406597718e-02 1.9070111386013444132458972e-02 -1.4421373865653901180563172e-16 -1.2050438244920211603724936e-15 
-2.2744256283558822912966506e-15 2.7537650859478529356366842e-16 2.0685773521373194072341894e-14 -6.7009183783998953726046695e-15 1.0704091178517190522972877e-14 -2.9031693380794667706752502e-15 -4.9512764726112140634128878e-01 1.6624222397842816634216945e-01 -1.3751369806342276491123553e-15 -3.5326427364684900654439959e-16 
-1.4827011618202720854147766e-15 -3.5201830864011232440799177e-15 2.1988979011819426157003932e-02 -7.3829387826117934268133070e-03 -1.1183998254658584764602405e-15 -7.0945734773875933292513293e-17 4.6739473839141324004754905e-16 6.8852156256196562432811351e-16 1.3696096863986969682254227e-15 -8.4654834327555807039904665e-16 
-6.3041684209336784627808470e-02 2.5403559299008407479369964e-02 3.9399793899901183746870004e-02 -5.9007222287331354687589524e-03 6.7705321110978178911996212e-16 2.0583331272420415864503290e-16 4.5076447134951828957279050e-16 -6.8042022563689235356859399e-16 -1.5546784988542513660204959e-14 1.8375856309898006842265969e-15 
-6.2963712547034671517040906e-15 -7.3300285122012599368521078e-16 5.2091506166864520732673327e-01 -3.7886180097601779293015056e-02 -3.4717507634567781540990373e-15 8.8447022008179443612386149e-16 -7.2308079451198920904133053e-16 2.1514361868353018621379028e-15 -2.3134217014014114843778458e-02 1.6825534757426922460171737e-03 
2.9524008298992003992375625e-15 -3.8596611967479001785556505e-16 9.1430847050361012332072808e-16 1.2603825490493637562066192e-15 -2.5708775607268530090184204e-15 6.0743096306945069867682249e-16 6.7378722069783597570236111e-02 -8.9276304387424076230983516e-03 -3.9629426868740436074034506e-02 -4.0829901090416384490389134e-03 
6.8841869565805503749283992e-16 -2.6538783299019472022664671e-16 6.3560265660639298880386154e-16 0.0000000000000000000000000e+00 
10 (band)
4.9370624021725845187447135e-01 (Ry)
0.0000000000000000000000000e+00 (Occupations)
-5.6319976486443845686835630e-01 3.3436016580185423663351685e-01 -6.0224038801538620768738497e-03 3.5753839874717585622931892e-03 9.1438763842842835127084383e-15 9.0181956119877153948381744e-15 2.3287218057742242738328287e-01 -5.2558394084271403690067359e-02 -4.7833511234233516695724120e-02 1.7660940633154048606812125e-01 
-1.4774873955962515901338624e-15 -1.9653276098869644804732092e-15 -8.1935793511928867172144919e-03 2.1597422208581018576722954e-02 2.1688276171634490729900335e-02 1.6065063737243590047398811e-02 5.5049911148733872423566282e-02 -3.2681999689343044224187906e-02 1.7595491978673296408858523e-16 6.9472575274544423538044367e-16 
1.3295036630952098903941715e-16 1.3455317601021518403391915e-16 6.2243441752672296063408908e-02 -2.9003802941100303991461828e-02 -1.0004958622556017755478308e-01 6.3973483020118279696042407e-02 6.2865780050042374682561785e-01 -1.8379354038823819683656779e-01 6.7223608282128630153628990e-03 -1.9653457835688073473967563e-03 
2.9897101999352161632079035e-15 1.0086940898564422653835390e-14 -2.3862681389717010915774154e-01 -7.0057808197180881926158236e-03 9.0251706847903997998905368e-02 -1.5916518656043712742764740e-01 2.8892990326513828108730997e-15 -1.5943519124930260887634120e-15 1.3307223480574482954441606e-02 -1.8881239151034068246559627e-02 
-1.7011680206157425709889708e-02 -2.0954005171851419753181744e-02 -6.1448099774900705183355853e-02 1.7964878380630513315940888e-02 9.6125744627683451445689271e-16 -4.0440830584025717291324786e-16 -1.6202226383107518404258458e-16 5.2730473211584233587932029e-16 -6.7500902052772024375393300e-02 1.2613280632934112390763914e-02 
1.1281590276885224144454156e-01 -3.7082318105527083129668853e-02 6.2814101417595624710088487e-01 -1.8364245419682703741592888e-01 6.6211087615815900075944000e-03 -1.9357331470901684156160627e-03 -4.6236224823325831330104158e-15 -1.1681779777954591267389558e-14 1.9770046549784886513734250e-01 -1.3455740884527567224893119e-01 
-1.6201628316340241364734709e-01 -8.5390973042835660589133795e-02 -9.8583875946757182929938560e-16 -7.0973390867957915990427003e-16 -2.1528862272352219942028739e-02 -8.7079557472303711906924661e-03 3.1228280569613846295862203e-03 -2.6860128854660783592755990e-02 -6.1458744566988778024185791e-02 1.7967999436595397111382511e-02 
1.2656134019353016602130742e-15 1.9758645913178269366061944e-15 -2.1183477163606649722984373e-15 8.9463647397005287023781943e-16 -6.3667600514440828018969398e-02 2.5727157859791741773003437e-02 1.1502409710919546392826618e-01 -2.9533168525281549426919625e-02 -6.5407683035750729949597826e-01 2.1660670880764950479990816e-02 
-6.8944917124285146070583608e-03 2.2831574007630686326542069e-04 -3.1351120310336754130294820e-15 -1.3050731708411771597863902e-14 -2.2495240864941848379920941e-01 8.1163933961133916117347553e-02 1.3569037225284633074728902e-01 1.2300006977696882615180840e-01 -1.3119807350135675572374980e-15 -1.5565588486486873871858008e-15 
1.8686912943391364994027981e-02 1.3788389633444746162904693e-02 -9.7045610845333217520103375e-03 2.5239652757490987911026536e-02 6.3996364844114181358314397e-02 -2.1193334434151593452522189e-03 -9.6455145656017754289430965e-16 5.9576686807208309945054508e-16 -1.8202059339571274522271493e-15 1.9051079058297391748687225e-15 
6.8065449752739953792612937e-02 -9.0854035004298214217577367e-03 -1.1875500393215759897813655e-01 0.0000000000000000000000000e+00 
11 (band)
5.1129434485348257410919359e-01 (Ry)
0.0000000000000000000000000e+00 (Occupations)
4.9628426010135659462996216e-02 6.3044041046719678789145291e-02 1.9385150689344585184237246e-02 2.4625597804180304750687469e-02 5.3533464678808442481162119e-15 1.7078957185782840968403252e-16 -2.5972513878901254402720156e-01 9.4709991151999475822442776e-02 -3.2611908284565449545056026e-01 3.2017147827663988701729636e-01 
-7.8491288903251341584902121e-16 -1.5320738117679514456833987e-16 -1.8632096896645335137865374e-02 1.8136806862729948353063492e-03 -1.7808790403177721800576094e-02 2.1450556277582522035629609e-02 -2.3940523474686486310458733e-02 -3.0412353864614001530686238e-02 6.9659750318588376699682700e-16 -1.5595950061950990055215889e-17 
1.1139757232993360807698395e-16 -3.8584317533817293031769265e-16 1.1113199047044762524105721e-01 -7.7886702550618636120560723e-02 5.3191849704007934662719492e-02 -5.8541094719621419861788070e-02 3.2390842294251237509783437e-02 7.3405484231289425123279102e-02 1.2651993395064668745941816e-02 2.8672830303142493590939921e-02 
2.1912720070802595772901403e-15 2.4123380829661505489895489e-15 -2.7511881296513474026710355e-01 2.7143487168027946587756105e-02 -3.9549686096725872319623818e-01 2.2901018462718492063601161e-01 -6.0916159667763265238504032e-16 7.2027634548408775711377727e-17 -1.8497779355890822672314755e-02 -2.8769135020162983629177234e-03 
-2.2583830924467571121816434e-02 1.6347781531966698587154951e-02 -1.5625143056069698554999547e-02 -3.5410659924757538485895481e-02 5.6168923625726728388868633e-16 -5.4026604584936291096837685e-16 3.2166289946371545043381986e-16 1.3418577451425484356118322e-16 1.2701020990013822675734900e-01 -4.7802346399067996429721461e-02 
6.6079308171826806050930259e-02 -4.3473643480119200654954170e-02 3.2181476379785481367612476e-02 7.2932586041442509783294668e-02 1.2564382284283436008731627e-02 2.8474157911044149782409107e-02 -4.5055430146269426404673662e-15 -3.6336816249294490276049125e-15 -2.0552011431450634137974021e-01 1.8492892839321276032826802e-01 
-4.3578517763803759077489985e-01 1.3780346067755533390197797e-01 1.0247075963816447912135188e-15 -1.1438821399587228245815153e-15 -1.0185176992326315514869606e-02 1.5846683329936106510160698e-02 -2.7291984821293920060458760e-02 5.4790069229482679658005395e-03 -1.5618915895670559129682076e-02 -3.5396676216453065721978533e-02 
2.8895233537239181398792724e-16 5.9614820027141071289574523e-16 -3.3725376212156692721045000e-16 7.7586992792739116812617078e-16 -1.2098438348674339648525233e-01 6.1520819463274180327605478e-02 -7.6599726733119183341713665e-02 1.9667467039130841904848168e-02 1.3032839530403975136785277e-02 7.8644482466552534383197326e-02 
5.0884139932852144594388477e-03 3.0704224692402554142134363e-02 -2.4874340541616841537850894e-15 -3.9152282554856107814941575e-15 -2.4505327633066978365583566e-01 1.2800827201436232316567043e-01 -4.5636451201588817960796973e-01 2.5098744914099253844330661e-02 1.8254130222923466280360926e-15 -2.8780197325329067638577324e-15 
-1.3806100816828851055029226e-02 1.2815880116485579842677822e-02 -2.7797130545165568693555258e-02 -1.4803667797385570287227452e-03 -6.3254235183118328461615576e-03 -3.8168890974737391952320564e-02 -9.2085878090685042299561550e-17 1.7153266072207298565256407e-15 -1.1583128670636265605081859e-15 3.9836512589853869492036504e-16 
-1.3248304225465787342663759e-01 2.9500437116276905652467732e-02 -7.9084305619530420594642806e-02 0.0000000000000000000000000e+00 
12 (band)
5.4268359701725144006445589e-01 (Ry)
0.0000000000000000000000000e+00 (Occupations)
6.1835955457311589378299743e-02 -3.8354721230290926559103326e-02 1.0021469384753865783377336e-03 -6.2151566448864770109139499e-04 7.4362432635622455040634207e-15 1.7203800050927900015120707e-14 4.2138134111116465341240200e-01 -2.0933422756019109955971658e-01 -1.8984527338124929096707660e-01 2.0775426185375170384794785e-01 
-1.0925299038300506889923902e-15 -3.3127071079909155089023417e-15 2.8790436917942571759532200e-02 -1.2009914283831003845026686e-02 -1.0601036361879007108299788e-02 1.6689858970589915854176866e-02 -4.5896606316186165305803790e-03 2.8467132680405522748845470e-03 -5.1800067469471873088652022e-16 6.9250400827051710830914439e-16 
1.7281975279671884843694048e-16 3.1745066787649026598166713e-16 7.4267231445842671333501528e-02 -3.0966603087685552059271643e-02 -1.1336273240474635526364722e-01 7.9007735249544533417953573e-02 6.9431696502675777082913555e-02 -2.1771760349791974276101314e-02 1.1252273100496659741232008e-03 -3.5276579797774432201151740e-04 
2.4726178837981099841318361e-15 1.4145475698057509338571823e-14 4.6020217684332453966788989e-01 -9.7964329699918972771399694e-02 -2.3554731895150021747653568e-01 1.5401468007421159622793994e-01 -3.4589491513274644491037225e-16 -1.5935591914294577224122203e-15 3.0872676628239420493216016e-02 -4.4727102341424740394870696e-03 
-1.4418584454486791865401862e-02 1.3529145824221988636537617e-02 -5.1534168044562022464871731e-03 1.6158763515140978084261292e-03 -7.3352575884756028599347980e-16 -2.2833456191008613855761920e-16 1.2535800591812765073947470e-15 -5.7665329103446625159653580e-18 7.9635070829551596327533503e-02 -1.1524220901771031061455730e-02 
-1.2944965846991560165513135e-01 4.8333396834432260091851674e-02 -7.0032267367841238847603336e-02 2.1960423536364376273510857e-02 -2.2152407062062812181935101e-04 6.9539481938538094674129297e-05 -2.3304631138227961224663010e-15 -1.6885745692740757087733988e-14 4.3440235604533589119924386e-01 -1.8262146720279187617208549e-01 
-2.8173830072115702005675075e-01 8.0857747566588644705376510e-03 -4.8431065397117209924066022e-16 -5.1929045742009472065888072e-16 2.6989976308141323813050150e-02 -1.3842254593440664681147645e-02 -1.9149125076486681051868288e-02 -3.2985723187196058781012198e-03 4.7855935995432218044154382e-03 -1.5007326269988554602596853e-03 
8.6384569048330826733761514e-16 2.4660857444272339132800636e-15 -1.8676669546084299480902290e-15 1.3666947060078728201754572e-15 -7.2134987885972418064639555e-02 3.5848072813661875646307209e-02 1.3403528382059159973493934e-01 -3.4414411631046221140550756e-02 -7.3293410159342431420270714e-02 3.8541797808288348614613739e-03 
-2.3185825048163688499869295e-04 1.2263975116367197004674239e-05 1.0811139848571359113357735e-15 -1.7722304854094534385112023e-14 4.6617091929094162106039789e-01 -6.8852605095880675678543525e-02 -2.7489782433693704666310964e-01 -6.2233720935479901192888263e-02 1.3373991565682422198468840e-15 1.1724962464899061171954462e-15 
2.9584465304112503303279880e-02 -6.6952405493502682720663444e-03 -1.7727198521889520749228453e-02 -7.9571353578072739898274790e-03 5.0084624041851263237523639e-03 -2.6345561970783014068067662e-04 3.5689134711756227539986697e-16 -2.1431248897992154849833519e-15 -8.2736633361687611464870422e-17 1.1804876107354023806935333e-15 
-7.8783787777262526130783726e-02 1.6782597690205312834788032e-02 1.3838283505109830184842679e-01 0.0000000000000000000000000e+00 
13 (band)
5.6280223796816863934822095e-01 (Ry)
0.0000000000000000000000000e+00 (Occupations)
-1.2040623919754901705037042e-01 -1.4395168259993718073985747e-01 1.7718640639301591610532682e-01 2.1183534872744916310871588e-01 -2.6805102714225443864795767e-15 2.3214321118752079149345202e-15 1.2197112116154096295161935e-02 4.0054418052687668083677863e-03 4.9601799522550060750347711e-03 -1.2363281490045577304393021e-02 
-9.0285627820701946734160895e-16 -1.6170067284054068385719944e-15 1.2395762505975765899179919e-02 -6.9756519871522829068233307e-03 1.7586267635071928250312112e-02 -1.6671297181635569284452458e-02 -8.5180937043306884093318843e-02 -1.0183814753582473566773103e-01 3.0776695230858687139354237e-16 3.8794751664697672447244390e-16 
4.2929679607205716754129422e-16 -8.8250082609380028171032760e-17 -1.9405644882136932616312208e-02 1.3935072474855765556345233e-02 -8.5579039907111922880211807e-03 1.1147199085147746488999587e-02 -8.0824128082874396872270495e-02 -1.6937298982036469441325721e-01 1.1893846064688061436864785e-01 2.4924461911925083201779785e-01 
-2.6126255498638020085499816e-15 1.4297000508719030410033328e-15 1.0817804539696598484233014e-02 6.9129019210907721726400155e-03 7.8789698564007137893128174e-03 -1.0741319675099558761388607e-02 -9.0460773314054197463878824e-16 -3.2640727049560388644206520e-15 1.3741100938127713548819742e-02 -3.6737982740642129847463693e-03 
2.1179745713128472761610510e-02 -1.1774010811018503774860733e-02 -5.7178703852551207575949377e-02 -1.1982235248419506601358364e-01 5.8434077219131409734879232e-16 -4.2018762318424548944664831e-16 -7.5567539255421281497564531e-16 -7.1828614348594733704131656e-16 -2.2261492464864897355969475e-02 8.6712889127081166362742692e-03 
-1.1061237382434627174454533e-02 8.6687251500886693122982507e-03 -8.1087586722775606418167627e-02 -1.6992538334729612170548307e-01 1.1880348235588883420987827e-01 2.4896177628528284864195541e-01 2.9448418265619063426635998e-15 -4.8536160443308101736453113e-15 3.6266532830380240892687027e-04 -1.4553036003036645684716177e-02 
1.3525957905769520062122524e-02 1.8596381712421908294352590e-03 -2.7325370512356867730184587e-16 -2.2667957194443564099097384e-15 1.1623695166756684710174241e-02 -8.0833503943251155260396601e-03 2.2379204106658473483193461e-02 -9.2126563644723338808439905e-03 -5.7174771451420899892603700e-02 -1.1981408399385920504620628e-01 
3.8774151683863552241958024e-16 -6.2600751026275837016942158e-16 1.5745196579879886723617750e-16 -2.1482195668578185179516604e-16 2.0870590301132137950324008e-02 -1.1680457124843793281776527e-02 1.3562176260638929281565623e-02 -3.4821750149794791426294260e-03 -3.6281346669771147306349235e-02 -1.8475252775016698381094216e-01 
5.3156776447407724783822403e-02 2.7068540889514963732054298e-01 2.8623072191646541534949442e-15 -6.3029973803925030132417646e-15 3.9704644112741457537274492e-03 -1.4005634416376712067520138e-02 1.2638541858814335283600627e-02 5.1649831635200210352976136e-03 1.7529942656168785136307331e-15 -3.2846257092679831021521892e-16 
1.3268762905968223969610520e-02 -4.9387016383189560539412888e-03 2.3967214728853512839545914e-02 -3.3577420803747423834473285e-03 -2.5581969843307839768131728e-02 -1.3026869168278776278668829e-01 8.2160027175572869740894008e-16 8.4579244933731306895394864e-19 7.8082697735092684552566625e-16 -7.9826084435942219035244895e-16 
2.3119713892744944011559127e-02 -6.1231893389359706714181186e-03 1.4002077265882824363973924e-02 0.0000000000000000000000000e+00 
14 (band)
7.2142013183263264952671534e-01 (Ry)
0.0000000000000000000000000e+00 (Occupations)
-1.1000447643041806960240266e-14 -1.3973626557598164331733787e-14 1.7569929489674185858652522e-15 5.8773283954080342469103437e-15 5.6351553766808426537693322e-01 -5.0476638865318002036275402e-01 2.3665319834650193214052616e-15 1.1764274281565644919566334e-14 -1.0482660754041790860992818e-14 -5.6271553484137251248116501e-15 
1.0722647152088180672047102e-02 -9.6047211151017303221166799e-03 1.8595942364997953066696241e-15 -4.3551836448573582052704229e-15 -7.7830627825745960592940472e-16 9.0141142924865527535765106e-16 -1.1189049788046035605992250e-15 1.9102902259687571678206508e-15 -8.6392939138333069148956156e-03 -1.4981499926699143321329188e-02 
-2.1062919217265288485130270e-02 -2.0428870097011386786078901e-02 -5.6628133890467763667925032e-17 4.0897131892925102599364502e-15 -4.1447230080329053987802590e-15 -2.7148252234458217935484798e-15 -6.7881691009908717976565778e-15 5.1636589600927946596679973e-15 -6.2416328349915661884337088e-15 -9.4243563944563153132271680e-16 
6.7134195704966626028209475e-01 -3.4876760889173885615832660e-01 7.0205801956676312729889206e-15 5.4894315843004565413829391e-15 -1.2590789888040538583330269e-14 7.0654665094932726787991499e-17 1.2774372484426893548103976e-02 -6.6363572293790668021884471e-03 -1.2259176992804683618727458e-15 1.7960423554761803671665854e-15 
5.8427097480683998028158513e-15 -3.5218464729358760902401418e-15 -1.6655800658010597781734057e-15 -9.1806372459331330383958635e-16 -4.6421270830666145831844283e-03 -1.6659333585950120149021814e-02 -1.5320735479356317049193237e-02 -2.5025194579968157437832588e-02 -1.0402630314977552891326058e-15 2.5377756192833561466211859e-15 
-1.6141151785720806733714715e-15 5.3547650428703847330725231e-16 -1.2884483129843037684580873e-15 2.6242453296731307972624182e-14 -2.5252531090211790175466389e-16 6.1475833649340107818116616e-15 -6.7136486793098637537724471e-01 3.4877955533959065226312646e-01 9.7268163695197245372787878e-15 9.9629942884026953298036386e-15 
-2.3673572636255999631080175e-15 -8.3806094399289445556586302e-15 -1.2806765756868719943750712e-02 6.6532530806242100307468235e-03 -6.5503147668493002576159134e-17 7.7065393676387591600658923e-16 1.5985375305506381144239666e-15 -3.2649292942342867516079392e-15 3.0102313371888119869519068e-16 -3.7353052148272154223036460e-15 
1.0957459733227181350456725e-02 1.3376893661179806160888006e-02 1.1667889882684807922874626e-02 2.6920157091498857215849938e-02 -1.2518463196047143145838178e-15 -4.7538517308863856212869174e-15 2.0603307358795948578140838e-15 3.5521677653025406818796279e-15 1.7756606364851131973382473e-14 -2.5562103354942451374459662e-15 
9.9318892365734113673005021e-15 -4.9282624852788304620895990e-15 -7.3701065430981826942513635e-01 1.7086035101417376691479433e-01 -2.1582062281208409353882869e-15 4.4433081400211583874433077e-15 -7.1380308401239990684290215e-15 -3.3767936498486616945688126e-15 -1.4059014418438825141932647e-02 3.2593157699562693568884342e-03 
4.8016939412229515496023429e-15 -1.5676308439798056741429517e-15 5.2567359966053108716775697e-15 -2.0814112163970496001131356e-15 5.9167858325258107483706168e-15 -4.0830713291399231572817043e-15 7.2865128115325219354536657e-03 1.5681643372912588280110313e-02 4.6065508374497007859638131e-03 2.8976097072027251488890442e-02 
8.7469680939395137406233437e-16 -5.4847999360442616390253451e-16 1.6978861809677110184053999e-15 0.0000000000000000000000000e+00 
15 (band)
8.5367284479457927748313750e-01 (Ry)
0.0000000000000000000000000e+00 (Occupations)
-7.1219843428956586262046358e-01 6.8301003155452222337373769e-01 2.7243427319064358882449994e-02 -2.6126910417980507561619419e-02 3.5168358672892866968598658e-15 -2.1569054613498370587850912e-15 6.3972266073898609306525032e-02 2.9206137861441272551843440e-02 6.7411659269797599702833679e-02 9.1974704498500148286410649e-02 
-8.8219593018022391252932009e-15 -8.0653450767518992380617595e-15 9.2409910059711442009700022e-03 8.5501019984745851854057719e-03 1.4731085195846552182707967e-02 1.5988469235746260999064816e-02 7.7823046351073385529240056e-02 -7.4633601317450753986904033e-02 5.2012281571534157840063148e-16 -3.4122996794700470984884628e-17 
7.2838246199818937224299667e-16 -6.4678600210518156015789287e-16 6.0398932622701441419454937e-03 -5.8998294855422406257616785e-04 -4.4807883783347917522332793e-03 7.2921051287775234817090109e-03 -8.5968109850264673443831498e-01 4.8443546720479835343553532e-01 3.2885023355994191796014547e-02 -1.8530920618022875268060545e-02 
5.4007808253367781505554578e-15 -3.2165669614401400098074719e-15 5.4699188570228533812223048e-02 4.4197828964416624453193094e-02 4.2420619151367883192804698e-02 1.0584974796337204283602773e-01 -9.0925974519766660667260497e-15 -8.5379953961094377431481006e-15 6.8243443795348163183334123e-03 1.0579625832052304279518040e-02 
1.0292110456161504550287589e-02 1.9149633988867542644385367e-02 9.3938714132399403489159795e-02 -5.2935044876953177284129026e-02 -2.0747568593701944437487435e-16 -9.4781152316213921118092503e-17 4.0378684707559754206695090e-16 -8.0878589756010234891292911e-16 5.9968617017744658276301450e-03 9.3061282441317394464874724e-04 
-6.1534889733532577293928512e-03 5.9486834808442981548104456e-03 8.5961473110651964724127083e-01 -4.8439793015338111770162755e-01 -3.2837210858884857689332648e-02 1.8503948001640999065919857e-02 -1.4004138049057454754950937e-14 -1.2252785484509700150974455e-14 -1.0017425735664761687893076e-02 -6.9448265403016545826986317e-02 
-6.8326338941868652865352374e-02 -9.1376241905293364986562210e-02 -5.9773998131004612928432930e-15 -1.0164742105080074109529263e-14 -4.8664895283956344229636670e-03 -1.1623366599081738637089245e-02 -1.1365425141478951998053049e-02 -1.8441867220626462220423036e-02 -9.4008410582848228598251694e-02 5.2974274470192823927039427e-02 
3.6060068747881391443147708e-16 1.0134494081885971166833577e-15 -1.9124844348081692992311689e-16 7.7410797745612083456700618e-16 -2.2130902085862672046268074e-03 5.5779066669732063621367502e-03 8.1278308655411482530617207e-03 -2.0868722705064957079201804e-03 9.5307322019419316028177036e-01 -2.5540218797196201361288104e-01 
-3.6407314236752953695575030e-02 9.7563301863943536346157615e-03 -1.0897521595598617764578922e-14 -1.4665942090351742676044735e-14 7.5683713996960427089488732e-03 -6.9757652915018453221307482e-02 -4.3455394074352629574242712e-02 -1.0549755875742782007531417e-01 -2.8188437856405337321581829e-15 -1.0380221524229851864639850e-14 
-1.8229860833183205229279800e-03 -1.2468443895153474842985020e-02 -6.4220535334088635695537484e-03 -2.0688948345529256656050165e-02 -1.0422912983493823335656714e-01 2.7931049207057485200822455e-02 5.3438562158592299756494500e-16 -1.7472172438174938773813652e-16 2.2752574174464093152839366e-16 6.1922678839703453435309314e-16 
-3.5307308896002694703630809e-03 4.8522933178023683331581140e-03 8.3914641423418374899245720e-03 0.0000000000000000000000000e+00 
16 (band)
9.1504973582639048679254756e-01 (Ry)
0.0000000000000000000000000e+00 (Occupations)
-2.6825453652514649358434438e-14 2.6375116349522007863320288e-14 2.6156156990537815344855865e-15 -4.0471001681759711633631469e-15 1.8032374697814260167127998e-01 1.4649953693627359996298765e-01 2.8164042658014876023751061e-15 -7.3530620975564520998977146e-16 5.3132891162778215109218311e-15 7.5937398679791681515470118e-15 
2.5579343029310264157061283e-01 2.0781286224030917630933857e-01 -9.4107620672263338224026845e-16 -1.2740180537237434527326657e-15 8.5818147800718569840842882e-16 1.7544151870352342135019081e-15 1.9917426150834384293464053e-15 -7.4705058090854478594612614e-16 -7.2370137731212480503018014e-03 3.4478048722121554248154496e-03 
-6.3501575584501250559821273e-03 1.0973201992341318627977031e-02 -6.5490573469980115666943690e-16 2.8299739319830059980662232e-17 -7.9745883865073739288766652e-16 2.1701698202100598073217100e-15 -2.3813683548314967275948268e-14 3.2489541201873320185068325e-14 4.0400882504931272675578671e-16 1.3135098493061118207436981e-14 
1.3822559156895644627560671e-01 1.8674167687528056558399214e-01 3.3117466756221691042579524e-15 1.8465633293355321699212637e-16 -1.6754867516175598082489520e-15 2.1786985758965450952978778e-15 1.9607625205393786060881212e-01 2.6489727834407938988903197e-01 -4.5690240975685901657664235e-16 1.4964164255381064978075205e-15 
4.5505353511109165572330146e-16 -2.4828985612742734846521171e-16 8.9062718707020703507596993e-16 -3.3543346564099896366931854e-15 -7.8670838820993332224373873e-03 1.5397136036319394175597708e-03 -8.8795800467146648871086256e-03 9.0492387069789834153077379e-03 5.0268309210891919961657356e-16 -6.4964948697180191955558208e-16 
5.0808143495372690092121975e-16 -8.7947842789717226874011414e-16 3.2965228439560223963162303e-14 -2.9233365875484546295725348e-14 2.2693210092278402457743763e-15 -8.7482913338738755811350304e-15 1.3820585304614860233662910e-01 1.8671474148114192148639745e-01 4.5861510430897579287716532e-15 -4.0698947841999012576868598e-16 
-2.7727925501530139423308443e-15 -2.3849215906958926795277114e-15 1.9604622017244371923183621e-01 2.6485668767860898187294083e-01 -5.7884462474154748377482948e-16 -1.3883755345247557826287067e-15 -5.9997394945368448104120515e-16 1.0455385178972607829149121e-15 -4.5719294806179512485170850e-15 4.1334320540241784890748075e-15 
-3.7697113270899963895221862e-03 7.0809518774745108457557841e-03 -1.1254892136513731590308218e-02 5.8501141027520421264429551e-03 -6.4398707075809895192670916e-16 2.3320148533872576132019376e-15 1.4219283902206585036355984e-15 -2.1948767112705969427440490e-16 3.1194144571196576607398105e-14 -1.5792756233009137294580222e-14 
-4.5680646232475986246036073e-15 7.7208618880616195127024676e-16 8.7429794044362157956484793e-02 2.1521915253049000993357254e-01 -3.0338793055093138770970295e-15 -5.4212136937153263235923364e-15 -6.4410669983648563207898314e-15 -3.3220789763179253837849163e-15 1.2401988789597538642706098e-01 3.0529044016847101117306806e-01 
8.5243078800630274733113244e-16 -1.1006358188225158776434952e-15 6.3143077598116453138681900e-16 -1.0479308419956795438123011e-15 -6.5993836667728494077826445e-15 -3.8518981423150366452342438e-15 -5.4122400370174269038092696e-03 5.9210016688405571125275451e-03 -1.2356163219787405158078819e-02 2.8673441554379567458576972e-03 
5.0919490820227277205235146e-16 -2.3868511321981534341061228e-16 0.0000000000000000000000000e+00 0.0000000000000000000000000e+00 
17 (band)
1.0660734005564649340414007e+00 (Ry)
0.0000000000000000000000000e+00 (Occupations)
-3.4701761736725250662161102e-01 -6.4413559293439032193973048e-02 -3.8566679654780411379277894e-01 -7.1587623450612508646528909e-02 -6.0569826740489007534299423e-16 6.8243396444058037738056835e-16 -2.2024918317204283946253440e-01 -1.3778458363819140464201496e-01 1.6747044594986981724815678e-01 -1.3651158407963109864269313e-01 
-1.3947199057182230739782647e-15 2.9204702770032774146051215e-15 -1.3453214898336640636955508e-01 -3.6554273132350448283212074e-02 8.2579989871605918860808515e-02 -4.7035185372900495393011511e-03 1.8845074032544892328466801e-01 3.4980327879322030415476519e-02 8.6924401319640134601253132e-16 8.1608549278160720817890331e-16 
1.0504970294351643044999528e-15 -2.5704030846037689268601317e-16 -1.6653008322915330285951541e-02 2.5895367618292679939839829e-02 1.6897651593760616706152433e-02 1.9823826034100197612808358e-02 3.2009642000803045780443767e-01 1.4868966097921379465596203e-01 3.5574724694845555328370779e-01 1.6524999872724410732161004e-01 
2.0426764252149785453671226e-15 -5.6736489077555017963787009e-18 1.7906401751947434441980533e-01 1.8822957208178545118748559e-01 -1.9615810437293138002168291e-01 9.0574615336735983528448912e-02 -7.8363558538987108857515712e-15 4.6555343904766918206122300e-16 1.2121489607678508082511115e-01 6.8862638370960460587610896e-02 
-8.1155305130526655954525950e-02 -1.5981059507925166052189070e-02 -1.7383095999017816879472775e-01 -8.0747149897970271759106708e-02 -4.7912264991850218772080082e-16 -1.3307093373397506019189153e-15 5.2449246978529791452895125e-16 2.2207724917001415242961542e-17 2.2569739494270320973035027e-02 -2.0940382266101519731504865e-02 
-1.1436795737324267213663731e-02 -2.3403299153686010769526149e-02 -3.1720599135820076730496453e-01 -1.4734732386233617695836529e-01 -3.5396101310516037141695733e-01 -1.6442063811806797990477946e-01 -4.8473682855915873327755548e-15 -1.6022403445868961901655402e-16 2.5999926638902737252578845e-01 1.5676678256585738213679804e-02 
-5.7659391558243781872317157e-02 -2.0855560591618665933211219e-01 -1.7830109738177392671005113e-15 2.5199994383162146859876547e-15 1.3068159236546456059002708e-01 4.8192634810402965039877188e-02 -6.4526294588940241725438796e-02 -5.1611814190989292738809269e-02 1.7377435320835701859643052e-01 8.0720978945080359978625495e-02 
-8.0154163312509900819450454e-16 -5.7553244310100527698178203e-16 -4.9624025832414755964231028e-17 4.1918179477816276019548766e-16 1.5484655588278008284813803e-03 -3.0750675230730186576755258e-02 2.5118077740421761168132520e-02 -6.4492262193952508420036196e-03 2.7059659249889467247385255e-01 2.2160405892251650028512699e-01 
3.0195092705474180228009118e-01 2.4728158582547496435743994e-01 -7.3611077448806530640486755e-15 -2.2166684426219507177480632e-16 -2.4793227998545411261410720e-01 -7.9843354796757110003468938e-02 3.9822456467890282941213265e-03 2.1634275562990190611145636e-01 -1.7474769030659539720834313e-15 -3.3366594014571793061961080e-15 
-1.1459096892348780150072685e-01 -7.9177765024794052872714190e-02 4.9663746142995082721860456e-02 6.6037371059936650352639731e-02 -1.4824042121099711977194602e-01 -1.2140090524382975145645247e-01 2.9287191860516132544847362e-15 -2.0177267533010795172661998e-16 9.3078712531898562897979225e-17 -1.5062345264972069160886070e-15 
-9.1471996185025477438257369e-03 2.9399498496947232967224650e-02 -2.5932804480096983273940126e-02 0.0000000000000000000000000e+00 
18 (band)
1.1884470352820939442750614e+00 (Ry)
0.0000000000000000000000000e+00 (Occupations)
1.3156235835878127282683181e-01 -2.5865653889289991207434127e-01 1.6458569520769128491366473e-01 -3.2358204094114861870679078e-01 -9.6628046511898656283358971e-16 1.5259537528368420196214946e-15 -7.5120917845414469926623724e-02 1.5618936990130974362678273e-01 5.1359006685352523446930206e-02 -8.6273795915781131826705064e-02 
-1.8834910263416583168371727e-15 5.1628153520265116761424624e-15 -1.0561019844538102607778285e-01 2.2524954937878077787516418e-01 7.7489767709919429861109563e-02 -1.2187892761587426626590513e-01 -6.9743823107199481858842205e-02 1.3711917409200222173204509e-01 8.0907243169589840697946486e-16 3.4083459284899583123669974e-15 
1.8320741941922780639727868e-15 -2.8467241944859067166191512e-16 3.6135557827467613967176163e-02 7.2441753654617704882845430e-04 4.3029118295213712730440392e-03 3.2856720334112923809222195e-02 -1.9175435041097207977678352e-01 2.1781214003689411407016507e-01 -2.3988651418421591543506111e-01 2.7248531813510251664567363e-01 
3.6790564714380612003426800e-15 -4.2722902438823519309015644e-15 1.1160357284736573124650505e-01 -1.3260058105380240212056719e-01 -7.1200889617516333052194000e-02 7.0790880394982103052115008e-02 1.8117735019955573862324271e-15 -1.2089323700230894370575294e-15 1.5830954487176829292849334e-01 -1.9190873224923710171907487e-01 
-1.0536534091768290366530891e-01 9.8778955399588821983947184e-02 1.0165284458454426630424905e-01 -1.1546673959696247824258108e-01 7.7677112402581732005938095e-16 -4.3303583204172111086958117e-15 -2.5152645653814305563671337e-15 4.3318426628512264275973044e-16 -3.4820137514496501962568686e-02 -9.6882064254008894155223430e-03 
4.0034061297788024400001738e-03 -3.2894556703004236564158447e-02 -1.9322127697479349328624210e-01 2.1947815719587981941884891e-01 -2.4032076516717354452978839e-01 2.7297774091940457674709819e-01 1.9628121012896121130477006e-15 -1.3203974515065564832335396e-15 -1.1625737869549335190555439e-01 1.2612374702276990534599577e-01 
6.0427722113926725377996974e-02 -7.8899272351725613372508406e-02 -1.9817738194415550683185243e-15 -4.5062007553102605706900208e-16 -1.7078828783119465173356843e-01 1.8164490771781316436062070e-01 8.4608558638361183734666326e-02 -1.1746999548106611122033627e-01 1.0177962166344177441512642e-01 -1.1561033873653481229837325e-01 
-2.1812982996548604123123476e-15 1.0306143337611391162768129e-15 -2.5507737491480739518274462e-15 -1.0557718815577800502402000e-15 1.3894425863594853792770678e-02 3.3252708475151430966842980e-02 3.2110228671490645413477694e-02 -8.2445054434067081144954514e-03 2.4173287339364396553165193e-01 -1.6453066973281868512479775e-01 
3.0065744999310600737985055e-01 -2.0463629925221779592980909e-01 -6.2556736894118129537483505e-15 4.0774752101758570328163928e-15 1.4397063977497348563616697e-01 -9.3249303198462044073302479e-02 -7.8150725241901711215497528e-02 6.1392743233004962166710072e-02 2.7002361408419451082781606e-15 1.1419818977090100517175658e-16 
2.1059591131233751370999130e-01 -1.3346487889570904372682492e-01 -1.1116402510359373045911724e-01 9.2738166662654705763024765e-02 -1.2733314978255791394268215e-01 8.6666664728621764512972447e-02 2.8701894860546812910557609e-15 2.6099504223967975301398597e-16 -5.6881435436160235347288744e-16 3.7245258955943046798459602e-15 
-5.1882946073173357229291192e-03 -3.5663416691058665020097607e-02 -3.3151751919647552691028380e-02 0.0000000000000000000000000e+00 