77 (index of k points)
0.04870504087918735985907048 0.02803910987756520062363919 0
18 (number of bands)
52 (number of orbitals)
1 (band)
-1.5265178982323452938629771e+00 (Ry)
0.0000000000000000000000000e+00 (Occupations)
3.2382876105022645463193953e-01 7.2805123788097531045693245e-02 -2.8261454719531564627743592e-02 -7.2903856393704141725109480e-03 4.9665894662561775765629125e-16 1.3156904246771746582386228e-15 2.6239927457793188469992174e-03 -1.7937164954128542032618654e-02 8.5589671235131170590193506e-04 -1.0377678227853714618134084e-02 
-5.4683585678473122222249876e-16 -7.3795977873097573682494993e-16 5.4944329985844309049980438e-03 -1.9038347359500957384215170e-02 3.3214937872125677165158208e-03 -1.0921492210190727328855687e-02 9.7398133291376892683999245e-03 2.3477718191213109433235218e-03 -3.4153078868890539120545844e-16 -2.2896617860505065322730257e-16 
-1.9320860766880212505538825e-16 1.4391985974465243541634304e-17 -4.6076553612088566591609151e-04 3.1218874056695745944356446e-03 -4.8742383815215950537691469e-04 5.3934009229193863310669599e-03 1.8622247067643421525318104e-01 2.7474869235045901172398430e-01 -1.5611101465296959439621460e-02 -2.4660759450497733713536519e-02 
8.2885661336598669318256665e-16 1.9282771351339852349918764e-15 1.4191642748169978199834773e-02 -1.1279383876348378010212592e-02 7.7279314487576494796527982e-03 -6.9791002361599165093597463e-03 -4.4054203149148105622997181e-16 -8.4132663006915778035057759e-16 1.7037914868051159955619767e-02 -1.0117159735122855518385521e-02 
9.8975406519583447595422854e-03 -5.6877062264613668582380335e-03 5.4928579497223357919200026e-03 8.3788130272294848721603699e-03 -5.9153514844804921963941660e-17 4.9145066351501402216100452e-16 -9.3244926221403915969341029e-17 5.4586548253461576685516936e-16 -2.4729626090147227568394328e-03 1.9603422628124487873957360e-03 
-4.0473536791680083529731959e-03 3.5979554901445108192059585e-03 2.4884159631962363135038174e-01 2.2118513677044090992573899e-01 -2.1821633259006475991093055e-02 -1.8401013913106247649187353e-02 2.1153052544887951757252281e-16 -1.8908598133988854629767891e-16 1.3977952000031920731792923e-02 -1.2106346140442956343941106e-02 
7.5823155898868260793577178e-03 -7.0975895032438455350964901e-03 1.5429433752317318012767546e-17 4.8820058991764155797564347e-16 1.1572416207549299227430595e-02 -1.5849314986183502679262247e-02 7.2400880859346677942411930e-03 -8.8581125109932819933211690e-03 7.5945915975398330804990721e-03 6.5420468060572861679347056e-03 
-2.5658560531703032631059762e-16 1.5208945070438743388105154e-17 3.4900184085940337679752663e-16 3.8921280280754539240574615e-17 2.3560083586317177861690908e-03 -2.1039213870006796824885242e-03 3.9754427200423625779479586e-03 -3.7331892024158874754391491e-03 2.9986071663822954497247153e-02 3.3158082015282586141324828e-01 
-3.3109252245338287486131623e-03 -2.8351697749498194767170389e-02 -1.9404962587258556894655406e-15 -1.7352397149503138154974091e-15 1.8476852697437477768271918e-02 7.4342005935244142612872142e-04 1.0385904541749218024659918e-02 1.6532115115986279613169430e-05 -1.5631875848978096827877461e-15 8.7807686764501613617291554e-16 
1.9285531063512426075412520e-02 -3.6317893675697696109772039e-03 1.1341592357806235327744027e-02 -1.5011047727879656306371192e-03 1.0578798047482472748787030e-03 9.9678025795448474410953565e-03 5.2218201326800053314336041e-16 3.1712914195759851392320113e-16 -9.3999062989569878413373181e-16 5.8499492896872318956253553e-16 
3.1576894759547690684498011e-03 7.9106017761358367670898595e-05 5.4535168874197612054466333e-03 0.0000000000000000000000000e+00 
2 (band)
-1.2124217944078248265782349e+00 (Ry)
0.0000000000000000000000000e+00 (Occupations)
-3.5004422538672430587070039e-01 1.0744176948467001886378114e-01 1.7431543180309420904006146e-02 -4.4206666983796077952106884e-03 -1.6104116158615846872541786e-16 6.1795009053835250082443715e-16 -1.0099027087132957103410291e-02 -9.4886734519928989106674067e-02 2.5100190893186047347285239e-02 9.9178880749318715226436893e-02 
6.4198332267314091654707074e-17 -3.9104074650561376452170632e-16 1.1264463703778322678505930e-02 -3.5871630058128378681914228e-02 4.9239378737309102973540575e-04 2.8268273819728656492955565e-02 -1.0940506371516840744551047e-02 1.3490899074347223463021805e-03 -4.9449323495155741648592870e-17 1.3302621993589726572973764e-16 
4.6224911702696328402996587e-17 -4.4433774745341100839325501e-16 -2.2912015968164188561839723e-03 6.8507491263301856232459386e-04 9.2672035121975169374985981e-03 -2.0937144541141733400380076e-03 3.2872021087353336943337467e-01 1.6130008220655939199517093e-01 -1.5733202700639117854741755e-02 -8.7101851005475204592354288e-03 
1.3986760311889573566359374e-15 9.3192232643390826714914492e-16 -5.7592565592632372073467195e-02 7.6082712388679141213287949e-02 4.9595364082772035174695446e-02 -8.9480555603207501125240242e-02 -3.4008313859889364235575177e-17 -1.4883286710881176174784876e-16 -3.2767261186022224317415663e-02 1.8438236898588086093431215e-02 
1.8992025409565811006062930e-02 -2.0943751508065544530978741e-02 8.8988015047122594192163803e-03 6.5058477559243044208159290e-03 3.8445142327747587289496488e-16 -3.5676160651141954026519325e-16 1.1736894637970624998202264e-16 -7.6977252422590728273809417e-17 2.1391801319653805379950029e-03 1.0690373034551794995117291e-03 
-8.1887467945244048206365761e-03 -4.8175851924999023995210834e-03 -2.8394115223791893676263953e-01 2.2875385301759848521996332e-01 1.4110829623936279458851217e-02 -1.2320668827938099920693560e-02 -1.9687171789444439927163144e-16 -3.8779069356716187181323877e-16 -7.2750677284153048018922050e-02 -6.1230218538777525516536571e-02 
6.7540873649154842262021248e-02 7.6197406528057440300294445e-02 6.2653989738215499243771503e-17 2.6819107639316023764595105e-16 -3.6181458005847856596037815e-02 -1.0992274238420089021994741e-02 2.3488869087381257505509069e-02 1.6387692820731644682830108e-02 -7.1956720631343633678977945e-03 8.2860077710205058687531476e-03 
-2.9985401580747452013660318e-16 -2.5922750063900507180580645e-16 -3.9062293597626702981977176e-18 -4.9054323940406182118523588e-16 -1.8086214764163311384537192e-03 1.4945848510738192482794062e-03 6.9012946134538507431122056e-03 -6.4807470130924761317348093e-03 3.6357698006856187245006140e-01 2.7616711766925958887464176e-02 
-1.8720430292009926365182082e-02 -6.7814653690372039829270534e-04 -1.7806433474583917954446478e-15 9.4559631745737636096982593e-16 1.1117992467714513105114804e-02 9.4436173954147106801570999e-02 2.9255361591869919954400636e-03 -1.0178042843826573538024149e-01 -1.4382343774892715933031074e-15 3.4923353744208923875949373e-16 
1.8850418263135496760307674e-02 3.2780935430003661779085888e-02 -5.9045009650337725373714370e-03 -2.8025351297434900055272067e-02 1.0917581826591847907192978e-02 -1.1144632256109596006588003e-03 6.0471060518222295776971357e-17 -9.5569361855186899877907080e-16 8.2573762515699507105278849e-16 -7.3150875648508514043050302e-16 
2.3415420495572283887675269e-03 1.4858112994971413561157147e-04 -9.4672038738708077371120098e-03 0.0000000000000000000000000e+00 
3 (band)
-1.0093614180454644202455938e+00 (Ry)
0.0000000000000000000000000e+00 (Occupations)
-2.2283846060319975612706855e-01 -2.2793105738550381578200188e-01 1.0765368731798619084116808e-02 8.5149187829466621568741402e-03 -5.9628627512076469676146516e-16 -6.6441105864821060451273239e-17 -2.1294109575961223113083065e-01 6.4783834543725882237907854e-02 8.6172316417805622235093210e-02 -3.3961947381134713341843678e-02 
4.4797750537441220953503415e-16 -1.8321498190759638683877085e-16 -4.2089364600724238352214002e-02 2.3707402646813063862296644e-02 1.8059294505739259539822683e-02 -1.6564307599467684162242165e-02 -9.8410419231805580653205112e-03 -4.8122222679337668671539774e-03 6.1357322350643430486659620e-16 -7.7652824313236563278920371e-16 
-4.7382662498204470377495589e-16 -4.0792897040237974701538304e-17 -2.1619358597153304213378533e-03 -1.0214750233523847700034537e-02 2.2924874293883176074038133e-03 1.0557360643715870546222035e-02 6.4127010781150350915424951e-03 3.1869801334453795593759651e-01 -2.0187530580154239290280316e-03 -1.3576510667418169309161868e-02 
-1.1195497707060457557358375e-15 1.0530210726318998159507084e-15 1.9957496474535374453296299e-01 9.8542827889096462623541584e-02 -8.6065468012269802366986937e-02 -3.4231815647993865669995728e-02 8.8234026438608123527312795e-16 -1.5274761159744922834025660e-16 4.6910660212997425111414174e-02 1.1530199960624501476225134e-02 
-2.4503707956976424758854805e-02 -2.8757721404672198506347058e-04 3.8796179965385818241840887e-03 1.0244615829337576362600970e-02 -1.5027999930669601363444138e-15 2.3049516837183598790913998e-16 -2.0006837345088744967965546e-16 7.9830693607977329144785356e-16 -5.4164942939137171451502439e-03 8.9261793931557295578294031e-03 
5.5558592601175002534397152e-03 -9.2653003328048849640552476e-03 3.1218088733171539539412720e-01 -6.2909505008860819308402768e-02 -1.3810243657910337145011681e-02 2.3925988079648297102153265e-04 3.1310268938912525312078248e-16 1.1890896921259546173371387e-16 -1.3789489002589438992885107e-01 -1.7334590695053170295025780e-01 
5.0817938284895169953614413e-02 7.7126485091947680206025950e-02 2.2292851708616753935893408e-17 -2.6351154932827427313909604e-16 -2.1792555582811887204819357e-02 -4.3863024086341635687791296e-02 6.0920521203839117507783385e-03 2.3711219310452526926047412e-02 1.0837173796144086712622823e-02 1.5773842244542930768336220e-03 
-2.5444900354514495651203814e-16 -2.3541895122571548789609171e-16 2.9788432307678534544844984e-16 -8.9882598881419926162875863e-16 7.5834056483511779606088155e-03 -7.2451430413232320582039847e-03 -7.8566530339168189067677872e-03 7.3778882853685829115719663e-03 -2.7063459253462690545788405e-01 -1.6784346743110031829893103e-01 
1.0231019022623709380237500e-02 9.2793493812931941711052986e-03 3.3604029766066179749067540e-15 -7.3352489774764477814637931e-17 -1.8142390216978290795601936e-02 2.2075927574844084189109594e-01 1.5752029440219257605537706e-02 -9.1010060557507085898798493e-02 -6.3687467733650924676175164e-16 -4.6375068308875161196229224e-16 
-1.4140216864373150035261162e-02 4.6892799317772598799436423e-02 1.1790531684637253068137497e-02 -2.1455031643403319613350178e-02 -6.8201659015158294305236630e-03 -8.5684195716126398956191679e-03 -1.1998985516433758416567399e-15 1.8375025549122994866595755e-15 -2.4668262386765574235917103e-15 4.6045883822303953860668579e-16 
-1.0487706507636827824025971e-02 9.0283588643536233971781391e-05 1.0777765651876934291375498e-02 0.0000000000000000000000000e+00 
4 (band)
-6.6442105207467649918839925e-01 (Ry)
0.0000000000000000000000000e+00 (Occupations)
-1.2161809734402219407289891e-01 8.5444416766870062707184275e-02 2.4673301832631167052056753e-05 1.2374588818726273142800665e-03 1.5847589674117061983413197e-14 1.9420329082863030172942885e-14 -5.5773811144941592976564948e-02 -1.9578093024217690931720881e-01 -2.0121594711411250333554790e-01 -2.8624917907520364135365298e-01 
1.0703322754962437641420182e-15 1.2857039170535680845407222e-15 -7.6566969753539271259512589e-03 -2.7813880229597950921593963e-02 -2.2018935487466362310726709e-02 -4.3099006708474815741105601e-02 -1.0211039714618369567133982e-03 -5.4085190513134678846896009e-04 -3.4998237526543097282388073e-16 6.1006576057836682804360153e-16 
-3.0412950143061972747932192e-16 7.9609735648478979680707669e-16 5.9176437895349792706056746e-03 -1.4086952358080044589438984e-02 -9.8543266094663281573495794e-03 -1.7431596655356138003689637e-03 1.4714650570602968993050297e-01 2.0967017354045977550747182e-02 8.2911283333542140638883211e-04 -9.1895873996861165977634300e-04 
-1.7482318451871164990538144e-15 2.4893245573878481547962237e-14 -9.3363910636924687946880397e-02 1.8089795699980545928831077e-01 -4.9270934327326876278618784e-02 3.4640846543463676976415400e-01 6.1665372232324308450881656e-16 1.4903880015769941957209779e-15 -1.3458419331111033667713883e-02 2.5516815849688311013121478e-02 
-1.3452187131103673922716268e-02 4.6490822327073078046311139e-02 3.7411415413770437998763896e-04 1.0932578394382344577628885e-03 -5.5993522059190043749230749e-16 -5.8537768620102088937505024e-16 -1.6700271383786121394370005e-16 -8.0807761033744229729374908e-16 -1.3956959138904719008866806e-02 6.2180403949795015616786031e-03 
5.9902200384510983013908181e-03 8.0164594701468017828860368e-03 1.4849379958561254033710952e-01 4.8569353978030749274807931e-03 6.4800011602850204894821218e-04 9.8181225344718542347166590e-04 4.5866899291104137864393976e-15 2.4644306749443788864434159e-14 6.0466791143987813628157824e-02 1.9443097433842365662215457e-01 
-1.1891046198652079762814182e-02 3.4978326413806770656123035e-01 6.9803677654207396286256994e-16 1.5543505989170554907583511e-15 8.7719131131009375756946156e-03 2.7464038035440799245812116e-02 5.1593742802316230541825881e-03 4.8058849645921331017461853e-02 5.5972114716521426287798580e-04 -1.0170259824978152701779877e-03 
-1.0009756250058556610095283e-15 9.3182832201370443067603566e-17 -1.2683821102647540734845625e-15 5.6311663449100957119988671e-16 -1.2663464628674292455912109e-02 -8.5666587809297197603219942e-03 7.2952100174058821802081098e-03 -6.8506581994105461563826509e-03 -1.0492252019428480180884833e-01 -1.0519155428511461902729707e-01 
1.9972498150251649651210073e-04 -1.1592969348588888500728444e-03 -1.2313269298956400065942027e-14 2.0816032371210247831999358e-14 8.9018767041454685551293835e-02 -1.8312644737410205264538376e-01 2.4811132079404185635240765e-01 -2.4684104469195353170896112e-01 -2.2058528293492027921320134e-15 8.9751468575788096533459391e-16 
1.2405978292357266665191240e-02 -2.6025209845176325296201014e-02 2.9137524451967558580811613e-02 -3.8565228393783519689197448e-02 -1.1042213493612119002557082e-03 3.5822454309377983186143957e-04 -4.4548815486123680692625341e-16 -5.9066566248870842593814761e-16 3.1159910383282832521068859e-17 -9.4700148056692803906196092e-16 
3.3669869528015609373705619e-03 1.4913563555709575050856053e-02 -1.0007577477252449504874221e-02 0.0000000000000000000000000e+00 
5 (band)
-6.4990477512393352022002091e-01 (Ry)
0.0000000000000000000000000e+00 (Occupations)
-1.4524243060618246620229938e-14 -3.6401922118959894076064951e-15 -3.6556934238503490455644490e-15 -6.2009306463748680510665154e-15 -1.8325540882649032914386567e-01 -2.9887904777220941632265294e-01 -5.1100859558158187600806146e-15 -1.4688966762990371248258583e-14 -9.8988723699463766147508520e-15 -2.1911633334741362515977800e-14 
-1.2690746496055144154624372e-02 -2.0797006145318513992137355e-02 9.7738309637785399295412142e-16 -2.3806990202808214562100317e-15 -1.9882049521319401211360180e-15 -2.7830739502427724942622411e-15 -2.9506749265528050296363403e-17 -5.1359748829757344226842537e-17 1.0616127895682295201318368e-02 -5.1321437767650676664565879e-03 
6.0816227839558707757294798e-03 -2.9953304090100940637597660e-03 1.9852974109727094832761836e-16 -6.7924524324141862486834183e-16 -1.1993556502925271977562644e-15 -1.2664520134906729543114869e-16 1.7641241753939558702405634e-14 -1.4427080221427809931000393e-14 4.5312076332560550942070926e-15 -1.1478769878198872166179140e-14 
7.1009343335391522655797303e-02 -3.4332040897747306829046465e-01 -1.0632869631833751767035894e-14 1.2865609036467236121464784e-14 -8.6664698079753685933935844e-15 2.2789579724974383208596828e-14 4.9853743145766918343220198e-03 -2.3847778810177258645985887e-02 1.4564441318939553434238560e-16 7.5855764080577750970034348e-16 
-8.5366963220972363422923006e-16 2.9550288609731636869454487e-15 6.4728567995023658464530441e-17 6.6124302069239063283171526e-16 1.1252018350239947203084157e-02 3.5260678224806919767164715e-03 6.4837569761026850323482051e-03 1.9796553791776444475303265e-03 -1.5775061160233917952490950e-15 2.9966652165333277885441068e-16 
-4.9744977153389690847631592e-17 5.9575822764266723517377532e-16 7.6853298244977817813915823e-15 1.4567546976932395623983147e-14 -1.1996446912339313452074117e-15 6.0213379526898481670329441e-15 -1.5162265629635523697671395e-02 -3.5028951716597456211843564e-01 3.3676066258449064397611494e-15 1.3122456750433319362356024e-14 
-5.5434390303300998144711930e-15 2.7886675719640971014231915e-14 -1.1022125873247322347392441e-03 -2.4307268286312886523825583e-02 5.9605704285797384377890079e-16 2.6254221598175171232425293e-15 1.5670117913764012234253565e-15 1.8603900105487354333615404e-15 -3.3436437058123811468272263e-16 7.2749821209527334934687375e-16 
1.1673473203367317960199578e-02 -1.6795475326996378573340962e-03 6.7179377465513990391743349e-03 -9.1682179343701656476506301e-04 -6.6973395561210184426894162e-16 -7.8253413085607566364420529e-16 6.7017474956570952438188816e-16 -3.1386319857097230896140157e-16 -1.9127069550425500815540632e-14 1.0029536129195760229154698e-14 
-7.3443403535055823716182797e-15 8.6798407664315964799690318e-15 2.2873685924849682105097770e-01 -2.6572935358468363631345710e-01 7.4563293074420478519871121e-15 -1.1908221799305745341700983e-14 1.8169249714545609817094008e-14 -1.3395149658986077875378941e-14 1.5835991761518702913846823e-02 -1.8473752435808718508347681e-02 
2.3247127248599986511688887e-15 -8.4759560922826014628526240e-16 4.2385683370989278001533192e-15 -1.9854044329252893774866353e-15 -4.7123587770236194631881711e-16 4.1849504530769238682969083e-16 9.6593251410784699423350830e-03 6.7667048379001391508746899e-03 5.5247735635558063715944144e-03 3.9304105178586765806381109e-03 
4.4041844682953814242819505e-16 7.5382855928818568703595086e-16 -3.5171438719312063269889538e-16 0.0000000000000000000000000e+00 
6 (band)
-4.4033899802252657318391016e-01 (Ry)
0.0000000000000000000000000e+00 (Occupations)
1.7349627549552737448834705e-01 3.2356529642524833878525214e-02 -8.7063332258352048309557603e-03 -6.0967962417093901628106778e-04 9.9307885253947417202017893e-16 1.0269398696353313982417757e-16 -1.0028238542475906291961962e-01 3.5143242044065320373036343e-01 -5.8090861230053948693896615e-02 2.0155643948667437137522995e-01 
-3.6237453755465689928775016e-16 2.4963416194517668719292307e-16 -8.6754507013356019218264237e-03 6.3323729280766016813686292e-02 -4.9498965473526029823503336e-03 3.6513145105742106366619737e-02 1.9248949937336924664865734e-03 -2.0365260656412332088138761e-03 3.3816475280527436807900509e-16 1.3842066585909168052790285e-16 
2.7582701711500307337622996e-16 2.1463963340338915149874319e-16 7.1462744769775210507134489e-03 2.4547240837483497166715551e-02 1.2295249534926167012116593e-02 4.2730543108357998960400437e-02 1.0432377308600089549361911e-01 1.4235326828153990752490188e-01 -5.9292893592453044249168670e-03 -6.4043325317790777972959404e-03 
1.3740415378720418482662764e-15 6.9563863416162549906678397e-16 -3.1367475919979692644545821e-01 1.8753519244186420134035131e-01 -1.8032129270848848423547395e-01 1.0716239010459666092245357e-01 1.3627064181251248015625020e-15 -5.2415802659840651461826519e-16 -4.9672207005774592081248642e-02 4.0222257346778866882175407e-02 
-2.8603287102492561122524251e-02 2.3228499914438163753693800e-02 2.7972860858952383611431003e-03 -1.6688231360022275431842509e-04 8.7365943167010667671200699e-16 -7.4491445810212440956609901e-16 5.0121332775106337044703317e-16 -1.5707283346161336667033065e-15 -1.1594332777175246629308702e-02 2.2786129971668969695919316e-02 
-2.0288218442309491340580507e-02 3.9565902844473574417882844e-02 -1.6583255616237180252170447e-01 -5.9960690225857496415962089e-02 7.6593124393279921058308446e-03 4.4562295431389911670727599e-03 2.8695490862636568818542223e-16 2.7722999462039730368198656e-15 9.3325053077137676282859502e-02 -3.5232592859522937622784866e-01 
5.3077551895854238606098363e-02 -2.0340501793491183590845139e-01 2.6537772290026970060355235e-16 -4.1707032249899443104749646e-16 2.5019635481169880120155824e-02 -5.9533769706139563759883515e-02 1.4332408099909290516427163e-02 -3.3658757052394988606991433e-02 -6.0440239990122777806458298e-04 -2.7300000760779466815741934e-03 
1.0415021542265021305424053e-16 3.9178532743152747034956840e-16 -2.3923011919120410866922361e-16 2.2701987839649324626652960e-16 -1.8727200575526466164166806e-02 1.7520791747039729524537677e-02 -3.2273984145496217856852184e-02 3.0307288424383585501153959e-02 -7.9840813883863354094572173e-02 -1.5722965844291184045466991e-01 
2.5328994387913417174473807e-03 8.4916116972712785138099889e-03 2.7910093325239167720713842e-15 -2.8982610152575888206943878e-15 3.0921473060918758246629068e-01 -1.9294915357845499048750071e-01 1.7793218651111550321353150e-01 -1.1194179219454991613957873e-01 -2.8905158138037932580151063e-15 -7.6911255398487803115498108e-16 
5.8992199092651555203392633e-02 -2.6271131327873450261867205e-02 3.3488880589608922833111393e-02 -1.4724969443415846653833157e-02 1.4282232633985143203242396e-03 -2.4038263219910175824689524e-03 -2.0159619140366054683516714e-16 -2.0425789632912203297172646e-15 3.5730030572830980797787559e-15 -2.7878305707775924985616838e-15 
-2.5645348983000117171204835e-02 -4.7543444946893716890334858e-05 -4.4273488503418355344276591e-02 0.0000000000000000000000000e+00 
7 (band)
-3.9369999001230138180318363e-01 (Ry)
0.0000000000000000000000000e+00 (Occupations)
-2.6556601164601234543738428e-04 8.8085318982132621012937079e-04 -4.2274605048552623548507867e-04 4.7159775435631767770416900e-04 -1.9836718867009511552571394e-15 -4.5747098803172133567357974e-15 7.4491924355233496424233408e-02 -2.1440067298624743141743920e-01 -1.2915537962263612392632695e-01 3.7240485977084747393206499e-01 
8.8649108530675855805083485e-16 -6.3166289984324827316068281e-16 1.7623630212943719453022595e-02 -3.3092384607202110502477410e-02 -3.1043470710302150522563736e-02 5.7809760191028236597787782e-02 -2.5657469994604109597702291e-05 1.6840708175709651062135208e-05 -1.9420114672736682214518703e-16 -4.6331032073226375453301552e-16 
2.0960402310632732651658254e-16 8.1889965125102595617366439e-17 -3.4371452038622039848458911e-02 2.8941742088174779445886031e-02 1.9822870718921734023432180e-02 -1.6866082089904407825819987e-02 -7.9657479284062082669493066e-04 4.6032189603797957211384073e-04 -6.3099948608244527115118672e-04 5.4390382289867811316241841e-05 
-3.0489166281265362732832961e-15 3.3627517092879159210015782e-15 2.0106963605311911624795584e-01 -1.0529813307259194843368277e-01 -3.4907888879751641786342020e-01 1.8305851813642137759785555e-01 5.2661706867572874702081960e-16 6.5206002062629184394543218e-16 3.5500369637653607368665831e-02 -1.2059105126979191568992178e-02 
-6.2203220267282269273501072e-02 2.0890783505294385768991106e-02 -3.0231748729521445984147476e-05 -5.2873989057067305452619621e-06 -5.0864023295476260892046344e-16 1.2243652015921272887239105e-15 4.9355000183613203707097430e-16 2.4355770671231615033916957e-16 -4.4867696002069475114115704e-02 -2.4312560144024025765574493e-03 
2.5995878542525083926273410e-02 1.2748440707820193722177304e-03 8.7914161742731755655455572e-05 -8.6658417249979580176955096e-04 1.7658539568578442147117613e-04 -2.5657224204291007030320770e-04 -7.2465675414201418964470533e-16 -4.9842199084866953664977784e-15 -2.2073387901160160251556874e-01 4.7373328671437356374163130e-02 
3.8439677237975056200980362e-01 -8.3999718100560991085323792e-02 -7.1406616174281076132207900e-16 -5.7483226474135213303814691e-16 -3.5703407207750843810334374e-02 1.4467261429901269453868196e-02 6.1418076399521674690884510e-02 -2.4413349343312462647048733e-02 -3.1326713131118316679746272e-05 8.6292009980944855973561403e-06 
-2.2735019817525640570067522e-16 6.9590734570523335293852680e-16 -1.1531650418695408026211592e-16 1.7906693160172978569385454e-16 -3.2626720426698126165110381e-02 3.0683425587127791112074249e-02 1.8762835011951063679536134e-02 -1.7619474862562906070095892e-02 6.5730435315417695685269450e-04 -5.7153128979816475441211310e-04 
3.0436099926633986001434096e-04 -6.6152093558854985211326039e-05 -1.3022859185541160271062150e-15 6.6027670120746650824856817e-15 -1.9333734784873679579675354e-01 -1.1656906767980369787895967e-01 3.3771495147144903192781840e-01 2.0190453885332507177885475e-01 -6.3884970850751921576890792e-16 -4.4757464468150534281231787e-16 
-3.5930185689054788822360820e-02 -1.3894484368757294145968473e-02 6.1483938490813357102826586e-02 2.4247000689453498956105193e-02 -2.8743285642966462850372497e-05 -1.5154194004741061881091913e-05 1.2373431746666977144962412e-15 1.6044292438800581752775144e-15 -2.3993130995127779746998099e-15 1.7698087058998480088194830e-15 
-4.4788105792362059576205979e-02 3.2727590795029624579082217e-05 2.5738878610344007730192928e-02 0.0000000000000000000000000e+00 
8 (band)
-3.0221356519966169340563056e-01 (Ry)
0.0000000000000000000000000e+00 (Occupations)
-5.6533520604079924253598981e-15 -1.3463694260753564994118739e-14 -3.7278007877169184137335863e-15 -8.9951583646003688950876481e-15 -1.6295849390365266251556875e-01 -4.1632259117934167225172359e-01 2.3063893193626072089765772e-15 3.7829958785996852088128219e-15 -2.8810912469579119585865422e-15 -4.4803384201143761884186472e-15 
-2.8160993201062911595045080e-03 -3.9550447473890026905962713e-03 -1.6982476428353624862264872e-15 6.7813986513953532972583204e-16 1.9539316057702294773098899e-15 -5.0676601525886695090792339e-16 -8.0731666147399139028015637e-18 -4.8901586470905839659213573e-16 -2.6670727069672939268940581e-02 -1.7829914641537093072942710e-02 
2.7240063586306262344294282e-02 -6.1234617964363996511778510e-05 -4.0093476666877915583676147e-16 -3.3688575733216078249899251e-16 4.5931286251919376505442973e-17 3.6008993289192060503981849e-16 -3.8714462505494709183354140e-16 1.5392672303897581567544381e-14 -6.8557776729200853649380896e-16 9.5875027376804744054325236e-15 
-1.6620079529694817277452046e-01 4.1503887324476906872661175e-01 -4.7850538945032046003276177e-15 -1.7724637315079767748173836e-15 5.4410256420059328447418955e-15 -1.8458700681331260988708544e-15 -6.5456637958149349598713229e-04 4.8108561804798832817198218e-03 8.4697409611197723486357539e-17 2.7586633125633959572477964e-15 
-1.9219713888557025257809018e-16 -2.9185752572001348919222115e-16 1.9867105528087026619048541e-17 -5.0476980778702679498211965e-16 7.2367068374903746608151067e-03 3.1254817431840234420725722e-02 -1.9899069743891217854070419e-02 -1.8602468577912211616931515e-02 1.0931284174668325053626816e-15 5.9202639753565398432358917e-16 
-7.0600089577795319790836797e-16 -6.1625539451677883490949387e-16 7.1594381968885162088603105e-15 1.2680628923151770409186323e-14 3.5776709684613948797215300e-15 5.3568509860150147884241673e-15 -2.0393111180737147347663551e-01 -3.9782937051921551940836252e-01 5.5760638761596912263021740e-16 -1.4017688711440791567503518e-15 
-3.6178708360365809824875986e-15 -1.8060024024625643316733813e-15 -1.1059606849321002020047899e-03 -4.7507861759472271717674730e-03 1.6214711502259898033730678e-15 -1.2279540951522180258487501e-15 -1.2892816325738326670117000e-15 1.6742390304100813963461907e-15 1.1135900256801389238693403e-15 4.7036204344253331899053596e-16 
-4.3103797003431962298058977e-03 3.1785379285898369972063193e-02 1.8088492332120016670149454e-02 -2.0362699518026838169104664e-02 3.2046826541124016711427110e-16 -1.4696842404238075601580889e-16 -5.8253877644422289841026638e-17 4.0040521289905062002407418e-16 -5.1804426224753024853886790e-15 -1.8731750204313554430443033e-14 
-2.6539685378817967261705686e-15 -8.3171091861642404841357730e-15 -1.2367356157961925666732839e-01 4.2960558257187519970443645e-01 5.4647106906008574837037356e-15 -4.3066701589858974130339519e-15 -5.9500148549128621646743544e-15 -3.0477072128984087625273169e-15 -2.4459262851553118661707131e-03 4.2202562639949512540704646e-03 
-5.6537416956421673717399986e-17 1.9937744084581059323745542e-15 -5.9278723799110665703815070e-17 8.6935098384261610239211785e-17 -1.9381658316641989202213290e-16 -4.0500294717990991150142497e-16 2.4900720974831841436625268e-02 -2.0219886360786958751090125e-02 -2.7125170451428887857803218e-02 2.4613440416858998159577165e-03 
8.0936599788675503937009452e-16 6.4549012903926054164873179e-16 -6.4751377365114799297119154e-16 0.0000000000000000000000000e+00 
9 (band)
6.1115794331112791026860975e-02 (Ry)
0.0000000000000000000000000e+00 (Occupations)
-1.2471382972481700973718094e-14 -1.0788043183847111625892801e-14 -6.8649531508014076205933148e-15 -6.6999542439132647851516648e-15 2.1162877292648016314124959e-01 4.9931274448527801501640511e-01 4.8189503822785488670223938e-15 3.4903103522882161356287869e-15 -2.3477795014388043436735591e-15 1.5249720177655156311101470e-16 
-1.4081459637239827908938850e-02 -1.4714475194139584046659763e-02 -3.1138490858227212504704561e-15 -1.8633327726012247984736724e-15 1.0609114042427168615458059e-15 4.1845721101073691850028696e-16 -2.0106372179431528459986039e-16 -5.2131755107088775671258648e-16 -5.2819320334902331026682987e-02 -4.0537087049592412935083985e-02 
3.8609454921915226099926599e-02 7.6907901124319139052332162e-03 -6.0358178574005833333430768e-16 -4.0886732564592992341601997e-16 1.0396718698617884623637505e-15 2.6981995874273471120849902e-16 4.7776612848988082555189695e-15 1.0956175255960881238599232e-14 2.1986185582777404139001132e-15 4.5475999093624749551964402e-15 
1.8753235806761181514445980e-01 -5.0885319003952778071919738e-01 -4.6043587559066255771608722e-16 -6.9126552733304909288212010e-15 2.1986543714059823966603277e-15 1.4394712609380945235575118e-15 1.9219089444003426003781954e-04 2.0365813227429637594090295e-02 -1.9779843092940194442537684e-15 5.3480155739768344734394631e-15 
-5.9741221474684326878519052e-16 -5.4869686214444007169614039e-16 -5.8975581777817750623025603e-16 2.0706302908590326766668185e-15 1.0754081823288207109268200e-02 6.5707577578582171407006740e-02 -2.2880373246146834542713577e-02 -3.2036335340325947096395964e-02 8.6328587045997594484186671e-16 3.2838193560817622961233719e-16 
-5.3025924009778246544780278e-17 -1.5639476116635689460627599e-15 9.6428885255262162327061769e-15 1.8592777400304886489831651e-14 4.6502004293713011607180052e-15 8.2113973393394865271163268e-15 -2.9273913182080091299752667e-01 -4.5652599793528902960559890e-01 4.1778515927687845778957799e-15 -1.3797066369714800592552632e-15 
1.3242621091749234382078511e-15 -1.5723589736957604504706944e-15 4.2104460850481834066627584e-03 1.9949156866354966072263366e-02 -2.4504716905485816144302560e-15 -1.7895746241634681450026404e-16 -1.1396144398556074745318261e-15 1.7585182283595542314423675e-15 6.1171669134658557779913901e-16 5.9294208706654227698594311e-16 
-3.6509069170628377642984219e-03 -6.6485405727821647592357124e-02 -1.5445346058027099173104446e-02 3.6215004674190892641760797e-02 -4.3471665796872813560073268e-16 3.0370832312257273903721410e-16 -2.3396233394991316341414544e-16 2.5171789798060863521689454e-16 -2.8936410190694289436469906e-15 -1.9820238884210364229650492e-14 
-9.2883821220782371793973875e-16 -8.6733213450874973438438791e-15 -9.9115907551867943325873966e-02 5.3318685557709410982596410e-01 2.5091724565960180170932576e-16 -2.2164065656758856549607827e-15 1.4838575489253100023795291e-15 -3.6154232425100682255857072e-16 1.0586854495134377651677227e-02 -1.7424558181273249596321406e-02 
-4.2705747677063236326472479e-16 2.6523848807616312303444407e-15 -1.6741831688073519054755656e-15 1.2745336340273944188710277e-15 3.2147936315431354456326508e-16 -8.0902379747046917573874441e-16 -4.2850995473301262128629219e-02 5.0964992721055965563259349e-02 3.6050049356880276008041619e-02 -1.5826535305314731044701304e-02 
2.4447836698015780028442160e-16 1.0006226884344678515472475e-15 -5.1030212394568862403360913e-16 0.0000000000000000000000000e+00 
10 (band)
5.1419515024944861814049091e-01 (Ry)
0.0000000000000000000000000e+00 (Occupations)
1.1479917912444764782620155e-01 2.0744281988931112525875733e-01 3.3283091234562023341680970e-02 7.0661145500655608842066613e-03 -6.7317956975747806982021908e-15 1.6791061598856694865918622e-15 -1.6997394390530748409240402e-01 4.0655434579205357303877122e-01 -9.7274151728087149271217982e-02 2.4117613655631975344562079e-01 
-6.4500851519586121965829654e-17 7.1156118101947596406110462e-16 -1.6833721520166627927395098e-02 1.9187265845547273046545200e-02 -9.1911895063868133404216820e-03 1.1508287708880488020568578e-02 -4.9657248522960287240302080e-02 -2.1490065196912627731862244e-02 1.3118426313787106962932662e-15 -1.3754948041380047026284358e-16 
6.6455446651308482151608476e-16 5.9212446135118958534335899e-17 1.1517465316983610534862237e-03 -7.9299094577444023679291263e-02 9.1715125952609999337994395e-04 -1.3352681189812592998933383e-01 -5.8319381965526689848289266e-02 2.2980475351571677533613069e-01 1.9425241068173573766308948e-02 2.7934819605745883630554260e-02 
-7.8764310770670883990832687e-15 -2.8906134371791138861720120e-15 -4.0221127340075091272098007e-01 1.8001019204060825229518628e-01 -2.3600623116752328378709080e-01 1.0922109818513317525123796e-01 -1.2862957294737126267399308e-15 9.0072964042842326841061746e-16 -2.5405842176203868865158597e-02 2.4634394987566310408766412e-03 
-1.4578053844146943857085219e-02 2.0973785184729837327566315e-03 -2.1487614360539183944176500e-02 -4.9658309094560627861003610e-02 8.3028581839253625139062060e-16 7.1387290315578941040065789e-16 2.4130710476077753515325554e-16 -4.4396079338908970171812844e-16 5.5123552784106730206836744e-02 -5.7018127374836927168111345e-02 
9.2073967143536383783697374e-02 -9.6709023552936285161862884e-02 2.3068664892346923966925942e-01 -5.6658953484866630967431433e-02 2.7981953570906454437094979e-02 1.9898455070073962913657084e-02 8.0274212045690669518235210e-15 8.9292720359985527261398384e-17 -1.8248678032257484304956563e-01 4.0171827636852985854432063e-01 
-1.1108692292270896939676561e-01 2.3461011930832958993775605e-01 5.4738807733319886940755831e-16 -1.2454157629606192398796150e-15 -2.5713954258249488438181629e-03 2.4818442884121161284838308e-02 -2.0747252885408261346977810e-03 1.4958288836694408341365659e-02 -4.9486471973746351538103738e-02 -2.1858857440633740198965285e-02 
-9.9472426209336482545599048e-16 -9.0021879439822207581364302e-16 -1.1022740242520937229545603e-15 -3.7171474637225565420626256e-16 -5.7326190369031214399964114e-02 5.4736322160050566998368282e-02 -9.7417611591783456748139258e-02 9.1481226452120908976262115e-02 2.0694905246321232406003787e-01 1.1661327834401494230043284e-01 
6.7765364564851063300388034e-03 3.3660314815437714086598930e-02 5.7688842137705019100589540e-15 5.6874663018091901426981698e-15 -4.0802222126101733712388864e-01 1.6791922319443253197590593e-01 -2.4158055992153951163636805e-01 9.4979185058084641957165672e-02 3.4482035283640776665767730e-15 -5.4724975630918568227580839e-16 
-1.8863859844101694973605987e-02 1.6331624947020804972108721e-02 -1.1752062978659870776110274e-02 9.4838760899925676761679227e-03 -2.1110667950733873199364865e-02 -4.9810242477757199486276818e-02 -2.2607434001134199651343141e-16 -3.8143802633190180917532507e-15 8.3093094355420886722850290e-16 -3.9645843189234007333794482e-15 
-7.9258585232453632185567471e-02 6.5858392406898877413645721e-04 -1.3363759142334089013992582e-01 0.0000000000000000000000000e+00 
11 (band)
5.5680662703618655218207323e-01 (Ry)
0.0000000000000000000000000e+00 (Occupations)
2.0070133065867398758364004e-01 -6.0827598505638769132985999e-01 4.5043046959740429269203332e-03 -1.1551469357584498443003440e-02 1.7081694401433559539364579e-15 3.4925912168813677813890697e-15 -2.2098364879027149187962209e-01 1.6282426781610623289786588e-01 -9.4086490847197001841095698e-02 -1.8905581423626766079948425e-01 
7.3455202964313323395765293e-16 -2.0257124666238574384282441e-16 -2.0122084619028424157249901e-02 -2.5890130614102932482545327e-02 -3.7009293087056083226826786e-02 -1.5966298843770321269630585e-03 -1.5478277466618903593364998e-02 6.6546834640600002752641728e-02 7.5247363627771013349442684e-16 9.4753586075590896860934345e-17 
6.6810896746898190259995452e-17 -4.5185068993855395758851171e-16 -3.5414593239393249435309485e-02 5.8609987292313564521961666e-02 4.1842470432202197305748825e-02 -1.1425006595735839876049056e-01 -5.6269853870821484598252482e-01 3.0602459486157329582312059e-01 -1.1191021729687417041176900e-02 5.3372500184489246599639500e-03 
1.2457834248107752203650782e-15 3.6264815284862542495658762e-15 2.7255102844969730790936069e-01 3.2579934216066863683636257e-02 -6.0831510402656066571758231e-02 2.0222239242629955202623648e-01 -1.5019458144331979614031128e-15 -6.3865906376231833844206067e-16 -3.0546455784138393241278209e-03 3.2647607768735598110509954e-02 
2.5885645216906380539079180e-02 2.6498497570529799816085870e-02 5.6837621741637756045406604e-02 -3.7914944662657719398612954e-02 -1.7893592069496274203122462e-16 6.4725777357972910336792314e-16 1.2090180939349318921337990e-16 4.6297376608967587319146034e-16 6.5937424603894873031961765e-02 -1.8481884679998172860138084e-02 
-1.0871140024215036889998487e-01 5.4641571724481495520020502e-02 -4.8010160334529361492172939e-01 4.2350376076126317048675674e-01 -8.6127293810086685832416720e-03 8.8888446155964417894068674e-03 -4.1061022032576624439464702e-15 -2.6185485459529883333523347e-15 -6.3159174747833751739634067e-02 2.6739695995224854740968112e-01 
2.1093100921563806560143917e-01 1.2242941003011161005264995e-02 -6.1623002581358001173530677e-16 1.4734864322220403819952053e-15 3.1653433758976487477632134e-02 8.2956793463846295599850578e-03 1.5982117113395075125303890e-02 3.3464216529190161930618075e-02 5.5146919281812693813815685e-02 -4.0330840795044217705900280e-02 
-1.4564234682963468746868988e-15 -3.1504337066788718442366066e-16 -4.7891248437635168580481564e-16 1.2830052520717478098480277e-17 4.0039650784972430352937067e-02 -5.5558705070228350808569928e-02 -8.8697236280285432497016984e-02 8.3292248960430415039013496e-02 6.3988728059249810886655041e-01 1.9931207931794588800178403e-02 
1.2363242371892388393739282e-02 -5.8386988691659300054759285e-04 1.4327648198097156603635866e-15 -2.9060460265785184455654518e-15 2.2908687199445795790175850e-01 -1.5168856458662693942329724e-01 -1.4538121843691281798172099e-01 -1.5331693180776398421905071e-01 -2.7487924105323219610399964e-15 -1.1862883592844058274086046e-15 
-1.7395576872182981487124920e-02 -2.7715556459072830663981080e-02 1.1257370601780813598735698e-02 -3.5334876007611454307166809e-02 -6.7808734401301140604090278e-02 -8.3507463381271088143087411e-03 -3.4870129849351576952174490e-16 4.7503338573148674775490204e-15 -2.9082583024397309859959536e-15 2.1919118590703315789625723e-15 
-6.7220200040141134256721500e-02 1.3091525909104327965448711e-02 1.2167497055947160133904106e-01 0.0000000000000000000000000e+00 
12 (band)
5.8210514375127064834458679e-01 (Ry)
0.0000000000000000000000000e+00 (Occupations)
-1.6643368408965830695933619e-01 -5.4658352676191596097865499e-02 2.9366242771837142155888500e-01 2.4768051686782810438813840e-02 -1.9834768941463398948940987e-15 4.8272146810854187127271315e-15 9.6179249882891726386446862e-03 1.7290521261903821215177857e-02 4.8509563006221279035656835e-03 9.4009229367827684686886869e-03 
-1.6046749353555908859326321e-15 3.2388050810846701013509278e-16 7.7886258994067647520864739e-03 -2.9554570523841749984939042e-02 4.3175868572026543379394070e-03 -1.7050780460719255904322722e-02 -1.2847146207447132648660215e-01 -7.8444515123662350575273194e-03 5.5325408125916550046094110e-16 2.7199202875526400734185903e-16 
5.1552551018985844471109471e-16 -1.0064806344473890535625907e-16 2.1263130713412205924361942e-03 1.5569070527254397218186455e-02 3.7245084897767344322971894e-03 2.6546872851045337504682919e-02 -8.3908717108229433079280568e-02 -1.5377592110006726988657988e-01 1.9711579875742918366299250e-01 2.1908089765662330794526724e-01 
-6.6348860265026766312203495e-15 2.0155571665918346066229564e-15 -4.8250107124589991514085341e-03 1.9188170267462438534078473e-02 -2.8991796332900887644967725e-03 1.0173685986309716211550835e-02 -2.0950143798603693493755149e-15 -1.8114057548262139020865287e-15 2.5909159650448460032734488e-02 -1.6212673390196066791624219e-02 
1.4819447783279676711387651e-02 -9.4738924412164499111455029e-03 -8.8281768790856279816026131e-02 -9.3663126609352678753062094e-02 5.9428120656345207595475022e-17 1.1555015857290708217710485e-15 -3.0011335482232702461366924e-16 2.7426017093317394819482450e-16 -9.1077466503434872935329736e-03 1.2804925431760129372893431e-02 
-1.5457535140034749099324785e-02 2.1901438972247663089509828e-02 -1.6477565094855439742360659e-01 -6.1466301947348978007568121e-02 2.4443550850073045288546325e-01 1.6401629270551351669205076e-01 5.9183414138063599553960864e-16 -6.4602016495696275014351030e-15 -1.8970481214641690681510511e-02 7.3399830976667943677194117e-03 
-9.6861079918905690355757088e-03 4.3042769419913973205638058e-03 -1.6307837615211647816342154e-15 -1.2753358991991478969193236e-15 1.2764417600259071738921790e-02 -2.7750588403520182190220567e-02 7.0562169928605478208538671e-03 -1.6162091396133226872677824e-02 -1.0519287856423421845253330e-01 -7.4153029956811319922671544e-02 
-7.0000775992299920649248775e-16 -7.3420329543805483254239424e-16 -3.8256978547240739232948757e-16 3.9399095846435488955282144e-16 1.1239920287245172558776574e-02 -1.0916588362371630605007766e-02 1.9561744723352286756679064e-02 -1.8369701018070058035069891e-02 -7.8039700994208413553643311e-02 -1.5760370074757279468258275e-01 
6.5908938628117572089415432e-02 2.8689035169867921348796358e-01 4.9034488092506190688467384e-15 -3.8793032726609043026969733e-15 -1.8853449839623184769443753e-02 -7.6355706095769405178375067e-03 -1.0007349171674013998956099e-02 -3.4929143391238615459770678e-03 1.4844783744754235820648649e-15 -2.5471205390890705244992125e-15 
2.8301444957338810909375226e-02 -1.1491463211527882387619215e-02 1.6207473707049883937525436e-02 -6.9513446600337142414205438e-03 -2.5921066248705857543166431e-02 -1.2606471305220770529054164e-01 -1.7742720866890116989355428e-15 9.9766496410272990234738505e-16 -7.8938439637649839921517447e-16 9.1754589723562040599212339e-16 
1.5666468234189642738662940e-02 -2.6359553113995269797709131e-04 2.6834823869652815742092855e-02 0.0000000000000000000000000e+00 
13 (band)
6.1197422429967984758292232e-01 (Ry)
0.0000000000000000000000000e+00 (Occupations)
-3.4971314110724405210817167e-03 3.5339291360673014130711067e-03 4.0161347689431081686706193e-04 1.4656909772914339384897175e-04 -1.5341311617909655571708845e-14 3.5095992678755362554946123e-15 5.1517987274208115744400516e-02 -2.8524254443620955523641669e-01 -7.9564500725935682901024393e-02 4.8537311740874039545090568e-01 
8.8902772683149065995888326e-16 5.0836127344481043184737895e-16 -2.1826471481375953054282490e-04 -1.8609947175910218630789927e-02 1.7118660410128105908711404e-03 3.2401268945464772874842652e-02 7.6439877959506505322728742e-04 -1.5024413034163061619885582e-04 9.5329034504268732653802379e-16 2.3545535726363566958634185e-15 
5.7063189281122339596475842e-16 5.7157782470172982615204589e-16 7.9723086140928864362642514e-02 -1.1580059422972807658958061e-01 -4.6769778093852049094536483e-02 6.9166326994422627771896828e-02 -4.9684400472443934759780859e-03 1.8217228520361894439361095e-04 1.9243017333292478099338041e-04 3.8176761729349917295905925e-04 
-1.4183451705660617607138499e-14 -7.1400890143022152615496888e-15 2.3281695475231273251282005e-01 -1.7266637700803660893100755e-01 -3.9026078770337879753071775e-01 2.9935612647808573782981512e-01 3.7563513951042307472453808e-17 4.3242851152196342558843270e-16 1.2580277351183576095561278e-02 -1.3715480128063284315231840e-02 
-2.0932298246789896034592005e-02 2.4791361493997909892783582e-02 6.6007191376802470950124757e-04 4.1374371487069155906013407e-04 -1.0051281344913962944028353e-15 2.5844956151312842928388415e-15 4.5986340910789901363125662e-16 6.4756432001365086942148324e-16 1.3738659032272829141341219e-01 -2.9840792336755579683416073e-02 
-8.1441309913615908544493038e-02 1.8403966213832480269818603e-02 1.7590880671578112276476347e-03 -5.1878246638040192983964971e-03 -4.6707251667822691221232390e-04 -1.5853416054933955336991858e-04 1.4251212274189290291866945e-14 4.4699728844424258260732201e-15 2.7268172650620814412292248e-01 -9.8141345368504523394292960e-02 
-4.6606811312112511602734344e-01 1.5788067258077589927189877e-01 1.1184059865021011081999216e-15 3.7947135318352858246411053e-16 1.8492461107329105640673106e-02 -1.7529044453602170283712525e-03 -3.2402451910811334856443722e-02 2.6542639366514131360474948e-03 6.7085807518329695908754218e-05 7.5832040725411047066284453e-04 
-9.6790836861393577404340837e-16 -8.0068083860551309754847695e-16 -1.0343663639664405032614020e-15 -1.1209712432738196187913301e-15 -1.0162892718589502938364433e-01 9.7203640860355183805907586e-02 6.0924003039403082371272546e-02 -5.7211446958606068657893218e-02 4.8336303734507063412095818e-03 -2.5775827790433802899627835e-03 
-2.3195711059709189783006877e-04 -4.3529956895525800941726402e-04 8.5670290096565836804882859e-15 1.3037258885881799138751342e-14 2.6595879783806930518608169e-01 1.1512152489290254642195777e-01 -4.4782579020403301406361152e-01 -2.0395552081511739150876394e-01 6.5000500380465435192615493e-16 -1.0934563234342100991707216e-16 
1.4680369656095537678197616e-02 1.1381148384986650851091738e-02 -2.5437339590724288712619838e-02 -2.0246129541825134967591993e-02 -4.7020259112108813565056309e-04 5.9871518181040493666866809e-04 -1.5278552977718170131548638e-15 1.8366125478107548069095824e-15 -2.7836186609065998777788077e-15 2.5060580773405923050819980e-16 
-1.4062477059369737908411935e-01 1.2886166745942509263833653e-03 8.3575617314148642478244255e-02 0.0000000000000000000000000e+00 
14 (band)
6.6879969736805622293474016e-01 (Ry)
0.0000000000000000000000000e+00 (Occupations)
-7.2886422968228733776267367e-15 2.2856209909927603782757020e-14 -1.1047537969724297074570643e-15 5.3168573526726724450382228e-15 6.7523383835878647563077948e-01 -2.9041564008520676098967783e-01 -3.5613030528029237202352184e-15 1.3299198390154559869280310e-15 -2.5808870575822751880663410e-16 8.2466477996589032564097269e-15 
1.3446677855644531551781995e-02 1.4310422851820936429589892e-04 1.0769045419897444302969599e-15 -3.4381706193505780514773299e-15 2.8656973489574931839867723e-15 2.6352131771509474880243922e-15 -2.0578627594306366549684840e-15 -2.1010775908133848703661136e-15 -1.0214714062055041399190713e-02 -4.6518543885605348475742460e-02 
-6.0866297669138688664070003e-03 -2.6767288361329612256245269e-02 -3.5533169570335300575475220e-16 -2.9914595540145170730686138e-15 -8.6778733316118764612757013e-16 2.2133635714120273810480802e-15 -1.9224158722184016447874766e-14 6.1397442133327447270156468e-15 -7.8947579501753954268393279e-15 3.1246749254041605091365497e-15 
6.9102747027365818421884569e-01 2.5052547933900265464401969e-01 3.2554006742888267890813896e-15 -5.7132978408103462840781584e-16 -2.1933954991091458939811625e-14 4.4893344136832072604600421e-15 9.7042447143207283266619356e-03 9.3092029034756509919823486e-03 -1.8340440097761786515386567e-15 -1.4529805573268183023105531e-15 
4.1822932971882920292855481e-15 3.1014042805843884405079062e-15 -1.1444026257517068770002020e-15 -1.4778927588874027434395697e-15 2.4397928499591131634716135e-02 -4.0903012034999262913625984e-02 1.3886507634494060781094049e-02 -2.3679098248351945765755033e-02 1.4165366721803233344504812e-15 -1.2654940746477381423126550e-15 
-2.7835305722926798468267722e-16 -5.3647595515748003735180352e-16 6.2115271970456929262982774e-15 -1.1906195762799411815017250e-14 -2.5626459308563537562737654e-15 4.2100951946059620004841516e-15 -7.3254719705250748162939090e-01 -6.0656421830529515248908723e-02 3.5792749229946613258675301e-15 7.4815485430079397696500645e-16 
-1.6188348176075435127435002e-14 6.3707951489798129201297559e-15 -1.2729045300610232482885209e-02 4.4365064735519266214680556e-03 -2.0532664828380250989575808e-15 -2.0250559463227183368772326e-15 2.0902707929795503176918293e-15 -1.5491958317757363208068820e-15 1.8937231117267965696621126e-15 1.5942498133381568779801009e-15 
5.1055619270223666361641079e-03 4.7350481724192150512209309e-02 2.7433836706014869469272277e-03 2.7310913708683260542331439e-02 -4.0273039772501938417627821e-16 2.9564934526055920052283366e-15 1.1847007592798184726586941e-15 -1.3534306533987392361960889e-15 3.3631276497990189010515641e-14 1.4177766624793482374925275e-14 
8.8096884965915308737679956e-15 1.1282780142062583996692912e-14 -4.9248174673668854151031837e-01 -5.4567969226455981246459714e-01 -7.9742959516694388876500359e-15 -2.0129125659110599323006873e-15 -1.7642350561472059327988490e-14 -8.7488326351759460878880735e-15 -1.2316072348074084269464734e-02 -5.4795570871949764168995500e-03 
3.2103673672577453733593610e-15 2.1674842552314923100063922e-15 1.5468295837188240276070222e-15 1.6579808231391130403298424e-15 9.0336238350000180955159041e-16 -1.2690957884287478566766901e-15 -2.8691840758465217420258853e-02 3.8012013311512500568500883e-02 -1.6695766310699841628029105e-02 2.1786774632003950979974860e-02 
-3.6013955541998352291333936e-15 7.6549487000062581437736908e-16 0.0000000000000000000000000e+00 0.0000000000000000000000000e+00 
15 (band)
8.8827705201130002787834883e-01 (Ry)
0.0000000000000000000000000e+00 (Occupations)
1.8923103348742698059936629e-02 -9.5022837504557844390262744e-01 -5.9566249714610719490082147e-03 3.4919488136765770847080859e-02 3.2736747479978147539784133e-15 3.2142917722622456949736861e-15 -1.9664956977596573239885913e-01 6.3635199447861889865407647e-02 -1.1136951009998968809000530e-01 4.1262511169457033455287842e-02 
-1.0930399455957898788551702e-15 1.3050018151549700025977741e-14 -3.9407006428233998240884262e-02 2.0990153708369541085687615e-03 -2.3064474176244575964744854e-02 1.9609091255375632467661262e-03 -3.8809230575313005684456868e-03 1.1049135608166320288159312e-01 4.2386345273744054384181871e-16 -7.7260978564247138054628192e-16 
-1.9710173648268780738840438e-16 -1.1287771896569369016836869e-16 -4.2691248048000313142225082e-03 -1.4238626637508480787808196e-02 -8.0175098230850123937063501e-03 -2.1782962159634711163391785e-02 6.6427043278344355403675081e-01 -6.7973291866129270655250139e-01 -2.8246227274026133868822797e-02 2.1377620951984043634608312e-02 
-4.0094147454359524795689727e-16 7.0182437244438668156763252e-15 -1.8691265857982636289236211e-01 -8.8227829875086802302597278e-02 -1.0943101151857553832158487e-01 -4.6158599696502350395732606e-02 -7.5257582614472873646579081e-15 7.2880796342923420278467483e-15 -3.0163346284183142897994401e-02 -2.5445835849948285345423216e-02 
-1.8155612749329974597856108e-02 -1.4359277813357301800678556e-02 -7.8465609190215931945111549e-02 7.7888057537416566233900994e-02 1.5533082359868544541854202e-15 -9.0534640757059522651823201e-16 8.7692133573215937292670372e-17 -7.3039487595140799413130982e-16 6.6349526078596753053684409e-03 -1.3301929146287860827868599e-02 
9.0669505738552591544987536e-03 -2.1367459172826161473146556e-02 -4.1874013362508433200304125e-01 8.5344229415112404790733081e-01 9.9188095486701169378740417e-03 -3.3992047667570801650072099e-02 -1.0692907222273041313119600e-14 6.6996263369508098610659488e-15 1.4509588908836459908435756e-01 1.4572186811987253296507561e-01 
8.0666087599202587754554372e-02 8.8265671580188498346331016e-02 -9.0590267999149274534424719e-15 1.1143225859248023257671505e-14 3.4609418091659821525851726e-02 2.0703392438948420295474762e-02 1.9214790452007569215853167e-02 1.1644347437152230417822807e-02 4.7090437449258615298930408e-02 -1.0005790084354267144295392e-01 
-8.6020650800902656734713085e-16 4.1824122148045806655261708e-16 -2.2285747713333679751722858e-15 1.3131541099932537588853772e-15 -1.0549885983970882369353816e-02 1.0692006818409316437623602e-02 -1.6771364134773578125070514e-02 1.5749359230376857449185124e-02 -8.8946987299323676534612559e-01 3.3548531114146928899799605e-01 
3.0499658837777804398783132e-02 -1.7989243960687434364942305e-02 -1.4630876814373187486586301e-14 -3.2403793905740005574620041e-15 6.0168680212661813933028299e-03 2.0555164114620885773554448e-01 -1.6189628764071472069585589e-03 1.1956264227283858181394294e-01 -9.2126730327218518632477073e-15 -1.1004382154295557819389762e-15 
1.1056732625140163264743087e-02 3.8783900561712332522024127e-02 6.0358750834590621514585962e-03 2.1641793163435243951830955e-02 1.0282179799980467604925138e-01 -4.0703447967768147108813537e-02 -1.1514255378974867669511118e-15 8.1885714077322931086059852e-16 -1.8695946229969697787008085e-15 8.0852205062760166033793169e-16 
-1.5009718229296765620861542e-02 5.7224361659067614349627462e-04 -2.3006976574694998349812636e-02 0.0000000000000000000000000e+00 
16 (band)
9.3630138719071598352172714e-01 (Ry)
0.0000000000000000000000000e+00 (Occupations)
7.1389559483382758282127789e-15 3.5844340936140267295342209e-14 1.1850046316009746709060748e-14 4.3374509973299315717265556e-16 -7.3835674865303541070105098e-02 2.0893239492782453292640810e-01 1.0703026980710087273251376e-14 -6.5039185692270208822226115e-16 5.6289307941228462273366025e-15 2.8029010822068427716229303e-15 
-8.5126479744109181946321030e-02 3.2729594863439959162576542e-01 2.2221775993871179775188032e-15 -1.1849360721538369874478626e-15 1.7351253721898758023570219e-15 1.6810749524277235933437193e-15 -4.3411084971876599165847495e-15 -3.2016394027331283204582996e-15 -1.7462612935568517374962383e-02 -1.3002586453014622347446050e-02 
-1.0104252628215959486368547e-02 -7.1205079366570486754106639e-03 -2.7863093378352696614044761e-16 -1.2619550099647852597237527e-15 -2.5341950733140639661604209e-16 2.1009731012704345870513344e-15 -4.7150564850911283285666434e-14 2.3968213879627895014057936e-14 -2.0121803562504693971584381e-14 7.2838972797550981187387356e-16 
-1.9684795684388761705108095e-01 1.0176116361106857244323010e-01 2.6416692543094267514540026e-15 9.5003530997346509346031245e-18 7.0876242527388309986710047e-15 -1.6765329099176933276251032e-15 -2.8610402751613900340643681e-01 1.8031539308987862280098113e-01 -2.0900981967185651468106300e-15 9.5856029950672516271051309e-16 
7.2926496274053713540719473e-16 -2.6811059381281346740117181e-16 6.2588031137804440050406530e-15 -6.5620720181430058335640424e-16 -3.8288140568326104948293498e-03 -2.1432458746580264341563549e-02 -2.4913600687295530539122623e-03 -1.2107463791345383918862666e-02 -8.4192299962510414359386838e-16 8.8968969879344801519171703e-16 
9.3749759577564471220344661e-16 7.0919965842460417438061106e-16 2.9397998989851544491317636e-14 -3.5918332276338332125438654e-14 8.7983292028608739599540259e-15 -5.6182559462862454432820813e-15 -1.3740124633150163635519903e-01 1.7384597024178344293332543e-01 -1.0665983283769323359900186e-14 -4.2186401192688681648155143e-15 
2.9625836641505903152232964e-15 3.7552220341113607508784611e-15 -2.3149530505323942519702030e-01 2.4647327030804047631740161e-01 -2.9615865132543879856162597e-15 -2.2349577608239470149556499e-15 -1.1817161743809411085215942e-15 -7.2563584795160556443349006e-16 -3.8000926225285375442793737e-15 4.3517927831988175114285132e-15 
-2.0316601609444748244293066e-02 -7.8417480537604066642698442e-03 -1.1413405936910606119916167e-02 -4.7588182866056694814149708e-03 4.9058081365831999331124519e-16 1.0643257742416041656488968e-15 1.4601592376742879552896633e-15 -8.7905929151799060325986755e-16 4.4375253465781841195231640e-14 -1.5858474385383424961399571e-14 
-2.6020220471605117888914579e-15 -1.9074403455360116829887126e-15 -2.1916695375064176865009813e-01 3.2670632782672209826202447e-02 2.8959619230598528833913762e-15 -3.0541851640897579726934885e-15 8.5182004359758802722676647e-16 -9.1138539746859446617459710e-15 -3.3747537865731169759442309e-01 2.1201840442243644058173402e-02 
6.0844226983600022349220998e-16 5.6250578539877817378069626e-16 -9.3440362903442172392702409e-16 -3.0757360285305028901864887e-15 4.1163429078506575643052159e-16 1.4704322343970165211156047e-15 -9.4421192534785633454497145e-03 -1.9624059149385614242433462e-02 -5.0623795742980193940185885e-03 -1.1282043237434848104161489e-02 
2.1417991181364659210050054e-16 -9.9950625513035081243947575e-16 0.0000000000000000000000000e+00 0.0000000000000000000000000e+00 
17 (band)
9.9982133454532085004018427e-01 (Ry)
0.0000000000000000000000000e+00 (Occupations)
-2.2841632376311674090807458e-01 1.6398786653539443314286927e-01 -3.9561694363488608683354641e-01 1.1888904246482251414462894e-01 1.3480548642240766068768630e-16 9.7521398726557656767185210e-15 -1.4611800007438666137993266e-01 1.0139716854384459021609644e-01 -4.8850623091199904535208987e-02 -2.4302126442960525487535506e-01 
1.4177639567492273349513865e-15 6.4475561095366042725054117e-15 -3.0913398206500991571843429e-02 1.0618896276792372246333684e-01 3.6996191299349182046718454e-03 -8.5319751192083209678784783e-02 1.5979531707587937838788150e-01 -6.9653640016873019646936882e-02 3.3216366885902143276495623e-15 1.8737394627264445454143195e-15 
3.1849562613512629889329314e-15 -1.1516080443988546096756161e-15 1.2461809803705856114497408e-02 2.9730869020853610551480273e-02 2.4470104714186577399281930e-02 -6.1602630323114009741614083e-03 2.7876575345842735664803058e-01 3.6819723396829359685078487e-02 3.6977749033210249862690944e-01 1.8415205172059276317320098e-01 
-4.6644770442415514147965059e-15 4.3546930412151487274976309e-15 1.7592657623184612680766747e-01 2.6109299297189775268535072e-02 -1.3074893158095110545779960e-01 2.1059543022535431866515410e-01 -9.1717607565592052982576924e-15 5.5891650756895241479861281e-16 9.5226244603869081295499655e-02 -5.6246745159554162318826798e-02 
-6.1102295036228826408120085e-02 5.9662858349999133011909436e-02 -1.6416697064811666684214231e-01 -5.8612103487242502020126977e-02 1.3098814054507165072160440e-16 8.1013789201774583136314462e-16 -5.5772125419731321229411049e-17 -4.6403069703221380697507644e-16 1.1267911957177845910793579e-02 -3.0203566617938368277229699e-02 
-2.2054928876886054772699097e-02 -1.2260300876650349552465791e-02 -2.6009190779866475651260771e-01 1.0371385083707290730714590e-01 -3.1354488815372449916907271e-01 2.6791601663835934443724796e-01 -1.8440517067497228200259099e-15 -5.5357042284062536925301589e-16 1.6468541685764120918733511e-01 -6.9021794405345851530775292e-02 
-1.7740461927518250129232058e-01 -1.7231834539817370011149933e-01 -1.0121291730744063976239786e-15 4.8324877801012457267068392e-15 1.0592460132095243841021670e-01 3.2283529098598093276528687e-02 -7.3959484437608524753926531e-02 -4.3382277946015700142989857e-02 1.4518892407949199330197132e-01 -9.6451956654445947236808934e-02 
-3.6218184976510684663040493e-15 2.0612372691565853609170331e-16 -1.2584524681991754244985592e-15 -8.7651750373362911256578864e-16 -1.8212608905720049229381985e-02 -2.6602519415969159977120029e-02 1.8309086992862301512818846e-02 -1.7193377110747171121474253e-02 2.6059585746667462968773066e-01 1.0244101926977802752283253e-01 
4.1196552057415480874169589e-01 1.9333874851278423645517535e-02 -3.7754123810146328111845544e-15 -3.4438611857847863383889943e-16 -1.6729917188920451209810381e-01 -6.2420202768727103825874281e-02 1.1362377170510275931070154e-02 2.4705648642762381705928476e-01 -1.0776531443561172675203743e-14 1.2764587146442748826226139e-15 
-5.5116114821493610020919363e-02 -9.6044059176233709251846449e-02 2.4216931038742162823895754e-02 8.2253070636473413212996775e-02 -1.7186407849197876673841279e-01 -2.9078207337021756001549377e-02 4.2743774914720975822125936e-15 5.4407918583349091464983238e-16 1.4749024248087206777008344e-15 3.2751464497514660474733105e-15 
-4.9342571608526923296333955e-03 3.1859790782435115641391121e-02 -2.5116426556829791333358415e-02 0.0000000000000000000000000e+00 
18 (band)
1.1526249721336019327111444e+00 (Ry)
0.0000000000000000000000000e+00 (Occupations)
-8.0960972796068120249657341e-02 -4.5792040799386274363413918e-01 -2.0949575449466642518281390e-01 -1.0961994344286785096898029e-01 2.1302956616470042266625211e-15 1.7557633542033650128042553e-17 3.7268259772260114992548097e-01 -3.4326985452698743905841638e-02 1.1411290883213087710146283e-01 2.1934262625187125883563510e-01 
4.1551283205463201376307571e-16 -1.6140251341217946882514367e-15 2.0781008312723819875245113e-01 3.7526968401374705130990606e-02 -6.6054622672630958213346730e-02 -2.8528074230171257541499585e-02 7.1384849196555119621443453e-02 1.0068355333839201781742645e-01 2.9504312072917161490734246e-15 1.6123435504760874538045208e-15 
8.8387771128419524193601319e-16 -2.9059783599672015681153107e-16 -3.4322758818336504549328936e-02 -9.9310166587595047338332677e-02 1.3504832499588725891470631e-02 -1.6210299028565466894491465e-02 -2.5445008082404146909638598e-01 3.8923121090426682222584986e-01 7.7675817568708394045273735e-02 2.2331921215322247942225431e-01 
3.0989368384476653109973708e-15 -1.6468656523999514044384797e-15 -2.9517236027259818875734254e-01 -2.3009549823202254947851486e-01 6.6965629485112226904064414e-02 -2.3800955468397871905850138e-01 -3.8582451762843065846291482e-15 -3.0226412181193799804530901e-15 -1.2579805344814168344136363e-01 -1.6961177363438678655782610e-01 
2.8622936972515042319820111e-02 6.6013571898304465590534562e-02 1.6885319514914145372364018e-02 -1.2226144360565846525013001e-01 1.5530069938639243481368149e-16 -5.0870455585354358581055341e-17 1.9109435763095664856585072e-16 4.6428568221390034969007468e-16 -4.2962272741710487433675070e-02 9.5889541042932513459362553e-02 
-2.0941312497026395855748149e-02 2.5721054293010407743036438e-03 4.5941357408931526862261308e-01 5.5881441994668823447511841e-02 1.2024482417263659961292888e-01 2.0354892659776591123943490e-01 -3.7194979485351509393342354e-15 -1.6679550195727741336291592e-15 -1.2992013158099280367707706e-02 3.7426298739865948572713705e-01 
2.2599331732313626686092789e-01 1.0114809777900640730408099e-01 -1.5409515532351537160710733e-15 -1.3653446621101397774196489e-15 5.0038240250125431973771128e-02 2.0487462249104407274735706e-01 -3.2755051555908687443974259e-02 -6.4099746417549813282121818e-02 -1.0484098720022091977277512e-01 -6.5308811073174835581944819e-02 
3.3948428064660799932606495e-16 -3.4034904656401654578771227e-17 -1.0575741395008408070830655e-16 4.6284029263277316874528613e-16 1.0106164583252247313183148e-01 2.8553356338901637878624484e-02 1.5479855423351590593128435e-02 -1.4536551823545174749741093e-02 -2.9664460313006679736957949e-01 -3.5522605063637768818551876e-01 
5.1684124185728222422575584e-02 -2.3069402802534869079131852e-01 -3.1617057282278715396323362e-15 -2.0084659284038011130463553e-15 2.6567141487926104748140688e-01 -2.6393233121108017336098328e-01 -9.5501400730635149782798976e-02 -2.2843686133702059692929254e-01 -2.8330625323707598007166069e-16 1.5925571754662993327925269e-15 
1.0377002259076731349729528e-01 -1.8360070489976001995025001e-01 -2.0001890927074886944447840e-02 6.9149079911198521597448519e-02 3.1718832925061807292976823e-02 1.1937666873715985227377701e-01 1.6524806082985379329155184e-15 -1.7384578539068056722219882e-15 -5.8165166048794615775614545e-16 -8.8310065983410193230273328e-16 
-5.4124651801142287244061890e-02 -8.9995958153688188074781351e-02 -2.1235283441630028317126389e-02 0.0000000000000000000000000e+00 