90 (index of k points)
0.02232314373629420284350644 0.0128512586938840465272671 0
18 (number of bands)
52 (number of orbitals)
1 (band)
-1.5458361705867877944342581e+00 (Ry)
0.0000000000000000000000000e+00 (Occupations)
1.7835944978718951126062109e-01 2.7002719103830363778229184e-01 -1.7582282618973196774980750e-02 -2.6890054166758471654308238e-02 -1.2227401937750731450675384e-15 2.5275525691176844707041643e-15 5.3656518913692691219452513e-03 -3.2632185077927258580465786e-03 2.6126182812976350700040484e-03 -2.4986851616032959046143080e-03 
8.2048777441929656429691424e-16 -1.9727076648079455887394552e-15 8.6864086947843616171027747e-03 -5.6905859031183472079851171e-03 5.1455663675324080086337375e-03 -3.0664222204469029908757705e-03 5.4061668162901505008122172e-03 8.2217753187161964067986020e-03 5.7691425946480950969252315e-16 -6.5847807735874908472864121e-16 
1.5820570364339012811898190e-16 4.2276677766232548926450053e-16 -1.4620141673915973065667195e-03 9.2075392437320673424960837e-04 -2.3018431871481420669667273e-03 1.8673116009252539726492870e-03 7.6346527164026178891020891e-02 3.1448050021967105527309627e-01 -7.4341505667836343951293543e-03 -3.1256120689162593395682421e-02 
-4.0308535214298046427644945e-15 1.6150753804416406717669239e-15 6.1538145281251829810109655e-03 -1.2527497764394149824818125e-03 3.3045617124807732944979932e-03 -1.4659719332150373052869874e-03 3.3826110075753391464847807e-15 -5.7229041278699745940034450e-16 1.0100492126001434090021291e-02 -2.4117468246517316521337904e-03 
5.8800779261375252238153166e-03 -1.1421392468943893962196601e-03 2.3015313190205329701987225e-03 9.5669839878927999399227389e-03 -9.6049118163352300900020857e-16 -1.2368513414690509227038776e-16 -2.8416591371640294343468267e-16 -4.3952640527961522014113038e-16 -1.6874752834388564992629256e-03 3.7108002195161064566686360e-04 
-2.7982892360843654097624089e-03 9.7719600100886925761467516e-04 1.1228550332956729884692493e-01 3.0478310531797653259999947e-01 -1.0905169669908461316243375e-02 -2.9420478557458652063560933e-02 7.3010543160226995854845314e-16 -1.1358029864791687190284856e-16 6.3404186887105126735342253e-03 -1.3001504683530979745997858e-03 
3.3463136425343764646100908e-03 -1.2669850122254899208590340e-03 -4.2663930620663897172414078e-16 4.8204088368693390167542156e-16 9.3281207271546720538601960e-03 -4.3785055846998575251882713e-03 5.7044259896437965462467901e-03 -1.8809705274499036696533860e-03 3.4218124500620542352558040e-03 9.2291092882741312258820798e-03 
5.5459477766530504605941909e-16 3.9005478144938999214679372e-16 5.9575279691378617713775358e-16 9.3830180466365707608889786e-16 1.6585700703084967078115852e-03 -4.8516026199074929574350801e-04 2.8057155441487840498437922e-03 -1.0101197511780510458756499e-03 2.4056754938287898404336573e-03 3.2479992036737997951334478e-01 
-2.9463270542003019026450206e-04 -3.1375156982054556997763228e-02 3.6269841152657961003882598e-15 -1.5857519198314891843340832e-16 6.4059882769864004425919290e-03 9.2445366768504678468831859e-04 3.5776580211756372519593672e-03 -5.8558508801247557452873682e-05 -6.3035630806558838616927984e-15 5.7746395164578088231091617e-16 
1.0259815278203019903169313e-02 -9.5986348649099357578651226e-04 6.0043407560859156021915162e-03 1.6253639968288297154748456e-04 9.3268243202511666206828977e-05 9.8425890767155563287893472e-03 -8.7349259452620998872992341e-16 -1.6136963648830352341925601e-15 -1.4428172860859036585692592e-15 -4.1320901298140591088286493e-16 
1.7248588612463777204608650e-03 1.0534261582837047130020713e-04 2.9820096623595173691845250e-03 0.0000000000000000000000000e+00 
2 (band)
-1.1833900114231246103457806e+00 (Ry)
0.0000000000000000000000000e+00 (Occupations)
-3.8385862395383751888289225e-01 -1.9129511480061409112174431e-02 1.6296136689010816411826710e-02 1.8793495219542391549971683e-03 -1.3253078165298346328511132e-15 1.1792772305321922014448998e-15 5.1950212104777702959435004e-02 -8.5361953467954165830633428e-02 -2.8670621005150487975443596e-02 7.4396928791178457140986779e-02 
1.2491395021355919281241251e-15 -1.0418039794918289797549074e-15 3.3464268856181880740230383e-02 -2.6025274802108588900750874e-02 -1.8042912708889434492132153e-02 1.9437499384217654663231656e-02 -1.0335119132632263061477573e-02 -2.5833973675223817489943201e-03 1.1936622700465199555130464e-16 4.2313747229919118718227859e-16 
5.0588360344466506619318332e-16 9.4189572134967017192597017e-16 -5.5584203094856694110648121e-03 3.5078637877777874010121195e-04 1.1587035849950017354914600e-02 5.2468509759373560541462211e-04 3.5468530634130029932649109e-01 1.4802606141740815015594990e-01 -1.4696114670472845351034685e-02 -7.2883632734252468132751801e-03 
-1.3865085401930556501150011e-16 -1.3001651569876349085259337e-15 -7.7794286098275114427202936e-02 6.2717913613687462093260194e-02 5.2176696869077977825046588e-02 -6.0286813037451147945233743e-02 1.6459836693530939300389208e-15 1.4281881067213680435115737e-15 -4.0301634474179073852617705e-02 1.3151063733183386561531591e-02 
2.3560447699898096063364505e-02 -1.2176550640993016871860277e-02 8.8490201853015613975284026e-03 5.9315656621444527371589395e-03 1.0460149479492907071340701e-15 -7.9197368829959913174674939e-16 8.3215254923228634273100130e-16 -8.2479746592380460987926217e-16 5.3486354233572850139233346e-03 1.5527995776798489413472737e-03 
-1.0724288461653793541605850e-02 -4.4186345437032467642346489e-03 -3.5992978408201231621532656e-01 1.3116942833388262057425777e-01 1.5561973328801739085980316e-02 -6.8762986985056312461139782e-03 6.7931783107511994865752980e-16 -5.4938266711600497226242914e-16 -7.4762653962021474729482406e-02 -6.5769534971495652309059210e-02 
4.9150608916686724936262465e-02 6.2320285466306801769320600e-02 -5.2546909164603992906926248e-16 3.9924859988658683315377878e-16 -3.9791948957764014527249685e-02 -1.5227871507743517831556801e-02 2.3171909087674601168682642e-02 1.3409083620218732735285272e-02 -9.0658307940733977303704449e-03 5.5117124319236723839487979e-03 
1.7631871031118484957369774e-15 1.4000143281427181652429923e-15 -5.9176978513685865400480392e-17 1.6406301219756011389763436e-15 -5.3827826489384784924840943e-03 1.3041614776536578079735307e-03 1.0883547944324993561604487e-02 -3.9183183642358815346184997e-03 3.8308307137021679888988501e-01 -1.4929260997810491970461122e-03 
-1.6971224552153330034087730e-02 1.1983467267066010182585689e-03 2.8159238896848227547850838e-15 1.9329917606712302643677576e-15 4.8064107857115061228636677e-02 8.7206236552858987232106358e-02 -2.5134618824156084587739812e-02 -7.5285133154221542395312383e-02 -2.5176095514456984273672610e-15 -2.3648213058317297753208748e-15 
3.2281222009263525751787682e-02 2.7806653486202041053454437e-02 -1.7259838542641629116625168e-02 -2.0465553200031922492785341e-02 1.0396891854920074088619586e-02 -2.1149235627231080178467515e-03 2.2141302251745645715567432e-15 -2.7128423453383287280963071e-15 2.4822662986424148328454267e-15 -9.5340627782414484387811270e-16 
5.5063256244533287375730879e-03 5.9629214569962662832736111e-04 -1.1567403972368498626943634e-02 0.0000000000000000000000000e+00 
3 (band)
-1.0701065714445692211853611e+00 (Ry)
0.0000000000000000000000000e+00 (Occupations)
-1.6322428639600927713360079e-01 -2.5518672633732891741331628e-01 8.8566107954250322675804341e-03 1.0563509491027148201602870e-02 -1.5489947459994566769415849e-15 1.3899668360925626516473295e-15 -2.0792900824411747473519085e-01 -3.3745418364759971474597933e-02 1.0584264160629097695220935e-01 2.1033111965657401432050477e-02 
4.1377275733775814584646814e-16 -8.4188104590086169466777976e-16 -4.6294077037484240855214068e-02 2.0105690880550947108318383e-03 2.5076975138994817005055893e-02 -2.6910397904126720503015235e-03 -9.0587287632473961068724222e-03 -7.8523604222119260803713914e-03 1.4097167744543971219564839e-15 -2.3213177532175596441949261e-17 
-7.1985034745677129883640432e-17 1.0160420632616206137608619e-15 -5.4416519929885442952155472e-04 -7.0273263658825538269248057e-03 1.6238014755896497138404344e-03 8.7322671353414170469786626e-03 6.7133171142604752823501713e-02 2.9539053861049807681027346e-01 -4.7547535400291399132477466e-03 -1.2939072854028753345456693e-02 
-4.0175845695337761668971847e-15 -7.6497470635411506972716617e-16 1.8420555232991647764961840e-01 1.0218385499100290925156287e-01 -9.2460593419138356607867024e-02 -5.5642566850730185157303254e-02 2.1216686122546239022415059e-15 1.0922119485460140757049263e-15 4.4238262792454269289876834e-02 1.3789853585746058781125178e-02 
-2.4506000873724301247769120e-02 -5.9625748173356835080127780e-03 5.8632914460766257999657647e-03 1.0456669853486396173924966e-02 -1.0043369914425722036829882e-15 -2.9321621783444763927419516e-16 -2.6884729509954001145538403e-17 -3.4320506808365255593349832e-18 -1.8684273469097350747758490e-03 6.7962056227036035660482582e-03 
1.4301464274672640378249788e-03 -8.7660653517437764348230189e-03 3.0145936847875953734643417e-01 1.0791134709822985948690643e-02 -1.3991748697738948248314728e-02 -2.8285376553761551465804303e-03 -1.3452478089393839262183231e-15 -3.5338438097469073436470853e-16 -1.3323117114638974300966368e-01 -1.6162589655860520876373698e-01 
7.0821676469368974315976573e-02 8.0640806612960261312572641e-02 6.9157333257039529048176067e-16 2.3751304149638900158420428e-16 -2.2239769572838220812460719e-02 -4.1537710986287786074644401e-02 1.0849708104047367518418810e-02 2.3099045950951850592058889e-02 1.1326788168035688622592438e-02 3.8259559480464319647374793e-03 
2.3639082528412806606654209e-15 1.7576520831571015049585596e-15 3.0020240581942397778375402e-16 1.6254133363647843002296577e-15 6.3440330411628498286091826e-03 -3.1065794068190315246891231e-03 -8.3318012216884625165125300e-03 2.9996330149979627543999072e-03 -2.7998195589408642058870669e-01 -1.1226889064064560219691202e-01 
1.2206434311013996188433062e-02 7.4008525386637198303918517e-03 -1.6235061335303974271917914e-15 -7.1532254945199626589651361e-16 7.0605826698836748889220871e-02 1.9720114766295898656167651e-01 -3.9318654296146934856714950e-02 -9.9863371530613934123898900e-02 -6.0916043844647718994326291e-15 -2.9628541254488319385694884e-15 
6.8545736658172807392874759e-03 4.6615486745208739582935209e-02 -2.3837589187923492045628748e-03 -2.5408655674873732027707618e-02 -9.3611608005295960516223275e-03 -7.4365810414818130438807664e-03 9.8122932290385920923528682e-16 -4.9494386628286809285129255e-16 -1.9134136052035282893162750e-15 4.1893982189474407138357141e-17 
-7.0212949333855407055282605e-03 7.7395626277486178051095989e-04 8.8553209892361390426218648e-03 0.0000000000000000000000000e+00 
4 (band)
-6.7336223016050711365210191e-01 (Ry)
0.0000000000000000000000000e+00 (Occupations)
4.0673935139524875487449390e-15 -1.0595503449618123944513892e-14 4.2744508853249867374458113e-15 -7.8151321467932923058764944e-15 1.6670614826166318955813495e-01 -3.0332599503052831702021308e-01 -1.1352614419731592132376079e-15 -4.1283098477671791535074024e-15 -3.0011846315298244861516607e-15 -1.9002225020631784149698292e-15 
1.2223803295779295252643237e-02 -2.2231517741445966374058685e-02 -3.4176272360165501096162545e-16 -2.4472336122313588124028987e-16 3.1479556116917618899130415e-16 -2.0232194432413792391787823e-15 -9.9957634086969314728604660e-17 3.5579621087554392451443624e-16 4.6667770301543204380934071e-03 2.8893407323565545308241553e-03 
2.7096549671575998093075999e-03 1.6171558357082164991691542e-03 -4.8069454514123873854489960e-16 6.0000122704976815303297603e-16 -1.6010260891006190103992049e-16 -8.7843958221664422743907610e-16 1.9915668430801682193525050e-14 -1.6275879718697661416299809e-14 1.0804112304739099176844336e-14 -9.7116121007205034121266688e-15 
2.5959862567880409578435774e-01 -2.2892390149386726561075989e-01 5.4872994840025018904522592e-16 -1.6986364643687868063775900e-17 1.0391258039308812220726077e-15 1.9806065304267416880962647e-15 1.9031799528111521813134033e-02 -1.6776541801690816879677470e-02 2.4331524508789756991284939e-15 -8.5408117427170078629424248e-16 
2.5339056366741697066153178e-16 1.6395931264754370345002027e-15 -4.3865671455449111180534945e-17 7.3021983465940557313242489e-18 3.4121514901114015361205389e-03 4.2993394754728582463076947e-03 2.0016702445991262082625184e-03 2.4394137143778117648995618e-03 2.5793194340497588367788477e-16 6.0216741837051885827568069e-17 
4.1400987799588966851849791e-16 -4.5114684148195076496744950e-16 -4.6646450312338903608982781e-15 8.2342905973656927115510356e-15 -3.5890097491805837136658023e-15 5.5382140480500042538952876e-15 2.3170976514463073603344867e-01 -2.5716124281266750095653606e-01 3.7315165439001286809714185e-16 2.1285295418616770083119572e-15 
-5.7941900127957186950579742e-16 7.2450961605361020138315582e-15 1.6956707281207156201574549e-02 -1.8825337340054780488340924e-02 1.7992121462088464192776433e-16 1.3453774993383640559463893e-15 1.8567525118095723581105085e-15 -1.2272471187310907079627854e-15 -3.7575107520347892549774148e-16 4.7965866836313840280340283e-16 
4.2630258361148866755319098e-03 3.4590894957066478654361674e-03 2.4184008257325528834513761e-03 2.0277870523557526248603633e-03 5.1665537153055684569196289e-16 -9.3947520825750475268847669e-17 2.6111265799042558678521653e-16 1.1459379065029251967746099e-16 -2.7513154674658387078676486e-14 1.5253342845887637091371270e-14 
-1.3460262440327275007210624e-14 6.4666445264885036855010340e-15 3.0512152656154400975907492e-01 -1.6346918393719170325972811e-01 -2.1975166357030873439845614e-15 4.2661906453495243384423469e-16 -2.2449790472897557699766955e-15 -2.9877633756741731932727471e-15 2.2331095404161879769411314e-02 -1.1968518113690502363555268e-02 
-4.9475155979230733817271204e-16 3.6778853771753739134378100e-16 1.1118347545841686340053176e-16 -2.1885223169548115615921494e-16 -1.0850816218323574105310478e-15 8.9754640323109480765050606e-16 2.8392742450373932919238662e-03 4.6986392902792460668504049e-03 1.5885384597407394176304951e-03 2.7271099071237798680544806e-03 
9.7215856613919745100910125e-16 -6.1565283245699176000752153e-17 3.8122900898787061785441272e-16 0.0000000000000000000000000e+00 
5 (band)
-6.1135676033731034539897564e-01 (Ry)
0.0000000000000000000000000e+00 (Occupations)
-7.3103848991180803151834766e-02 -2.9645339193672778921317956e-02 -9.0002723467511036581356620e-04 -5.8112673211995619082514963e-05 -3.1222548011339233818979746e-15 -2.7260606493897386310913006e-15 1.0803038864143334196743496e-01 -1.8824370179599364538702844e-01 1.3930050580099362367292315e-01 -3.4952731141191811792268140e-01 
-1.0613781674198697149578089e-15 1.2352086278770593995980081e-15 1.4247734562292099780300703e-02 -2.3774207393381270592147558e-02 2.0969538361269524084917748e-02 -4.2906101030344964697427201e-02 6.5394963578459947006749076e-05 -2.3046264863813004097892190e-04 -1.9577682912886728918914746e-16 6.2412626911462790704441599e-16 
1.0565931640231429895189496e-16 -6.1991381788004493538337857e-16 1.0292762050951243663066137e-02 -7.7221917171339873875446358e-03 -1.3729177552430213080092436e-03 -7.9306781195950665219740472e-03 5.8740005108894752239301340e-02 5.2655775305655079521205408e-02 8.2713335057207904021936429e-04 3.5955045029811144585707439e-04 
-5.0664486715680191781349403e-16 -7.2299095442872780337358041e-16 -1.6540899518102306076094976e-01 1.4052088972491044716051078e-01 -2.4946332155036876621068131e-01 2.8167716190761482586424336e-01 -2.1208897428529297452690663e-15 -4.2361898797691503432522303e-16 -2.1458645018739546522779094e-02 1.7542446559725893839853939e-02 
-3.4263758806813628121634707e-02 3.3266347517254296617394971e-02 -1.3959530191206930005431985e-04 1.9468612010817981650134811e-04 5.7852369780981664639862590e-16 -6.9234508921133817919552493e-16 4.9713886863516318577899032e-16 -3.0002429230482383933932435e-17 -1.2300061035160868294635605e-02 3.7791128701122264632594749e-03 
-1.3946694991017619461026733e-03 7.9268818325706324329216201e-03 6.1863342984752184294805488e-02 4.8848672760462619191201838e-02 4.9562045733609477737857674e-04 7.2779793197694231388084063e-04 -5.3623087693877677957333879e-15 -3.1352992915455875768745055e-15 -1.1029408707309554249498262e-01 1.8698225157269793283987269e-01 
-2.3517854888451145134453668e-01 2.9381700731790455494163439e-01 2.4001181592819661576981133e-16 1.6205896577572814956568542e-16 -1.3645525103714140069399718e-02 2.4089934687822625591913095e-02 -2.6900075087533385775895312e-02 3.9388729538006289621066003e-02 1.6854946889915132027248923e-04 -1.7234313474224442069848706e-04 
-9.4994967980264538440376031e-16 -1.9038191014429240249006234e-15 1.0266196131640045136434300e-15 -8.0226713652026644928145477e-16 1.6351106513778192533270506e-03 -1.2773193458586372395213715e-02 7.5762210704007557082739766e-03 -2.7276074220939500181160042e-03 -4.1659131899940887722166849e-02 -6.6916236931334888149436324e-02 
-2.1978699916559707450147698e-04 -8.5265652083361953561535529e-04 -4.7053887670069630684485856e-15 1.2890945642432705582517020e-15 1.6711156447696257076884763e-01 -1.3856721497002555398836421e-01 3.2080193590756067578695365e-01 -1.9678287924165510647256383e-01 3.4767827183637715006435966e-15 2.6244014254800445867146631e-16 
2.0998986527360759962723691e-02 -1.8043499478845648198443996e-02 3.8652219658102122956666591e-02 -2.7948022646260582690924679e-02 -2.1696410893607147220979448e-04 1.0506024458718121088532382e-04 -6.4298742076922348775595677e-16 1.0336654648647684540251883e-15 1.2307903730768641609799761e-15 -8.1003471154325806542664642e-16 
-5.8652091540426758847770472e-03 1.1464178101897051775814873e-02 -8.0522647718903328506456774e-03 0.0000000000000000000000000e+00 
6 (band)
-3.6741387702765354594802716e-01 (Ry)
0.0000000000000000000000000e+00 (Occupations)
5.4099867942079445104486268e-02 7.1138405739929910787111567e-02 -2.8638675740986435994117620e-03 -3.8889416118264852340047355e-03 9.8520598901218492443957466e-15 6.5694435362399809407715057e-16 -3.2188569099467034817507738e-01 2.1894935478445193277607927e-01 -1.8702977358177946820561033e-01 1.2840378017604694993458736e-01 
-1.3082712334439036587808535e-15 -1.0307664105819387842596210e-15 -5.2651732005731061159181650e-02 4.1792120646302798048221661e-02 -3.0876122198522440442935988e-02 2.4725501184337743409979993e-02 8.4509585845723121655392873e-04 6.3087291543312197950738041e-05 4.6072649911944203462081617e-16 -4.5891317684647253770824457e-16 
-2.4574704095466175768254418e-16 1.1494135585105681182724460e-15 -1.7849198755115754794209337e-02 2.1424612033485113116171306e-02 -3.0503963602281105454983035e-02 3.6739520443995636600487131e-02 2.6804249739731167423428815e-02 8.5258434647041747567186576e-02 -1.3772259317610183182445382e-03 -4.6291309200468117035498494e-03 
-1.7087947988217276004793732e-15 -1.0114015572417517318398945e-15 -3.7702250553716115666347264e-01 9.6970347767376105507786122e-02 -2.1946794663342505948833150e-01 5.7458570901628813754058456e-02 8.0134741645796815680193624e-16 -1.2369319302204972851932654e-15 -6.3695578126693339071628941e-02 2.1486264412983430149850506e-02 
-3.7426214444673810977093353e-02 1.2804835148329904437325411e-02 7.7376438321393337799181111e-04 3.4562363288176498749004750e-04 5.3913708104110869877654630e-16 -3.7391844823934396145890558e-18 1.8197992649093198890337807e-15 -1.2792021957586340814012460e-15 -2.4051296372217159658113417e-02 1.4111804980258935149350918e-02 
-4.1145661476276254586714742e-02 2.4234659056480069294625679e-02 -4.9410164361113076414433465e-02 -7.4386937733922769977468192e-02 2.1465095658218334012667938e-03 4.3938266615912513826658348e-03 8.6267803475074670295149543e-15 3.9544194625734810820820340e-16 3.1444811728958521612753430e-01 -2.2744476593554804888519527e-01 
1.8454387757930129643213490e-01 -1.3317620302367647044938792e-01 1.3428213134643802442968178e-15 -9.5212096051602421777654001e-17 5.7858328937285055659778266e-02 -3.5774614435688911751043406e-02 3.3361291795908958046634751e-02 -2.0507677946092331411342968e-02 2.3308706472627185434659536e-04 -8.1422648330899734941956680e-04 
1.6859257218440399164688104e-16 6.2519797858044021714787770e-16 -3.5115769361959517058899126e-16 7.8409430564101348266358129e-16 -2.6281520072661778558709145e-02 9.6248727772365420818356796e-03 -4.4712206969798107270008813e-02 1.6097385022930656151007867e-02 -2.1291396856813651905504514e-02 -8.6726335489910766352039673e-02 
5.3125386560437179439553290e-04 4.8611711941201063424955464e-03 -8.6798726347563231252380995e-15 -6.6889606242108129165097637e-15 3.7290235337532579018571255e-01 -1.0748290499234364192560065e-01 2.1874561548099313856852177e-01 -6.2790919022101515656331117e-02 -4.6469286327130206536075587e-15 2.0778761051748775097267630e-15 
6.6556007512439688267313898e-02 -1.4060836726199793175751118e-02 3.8335726054769612980432925e-02 -7.9945451957441852203212207e-03 4.9511652225512042379412803e-04 -6.8713461217843213070521902e-04 1.1826233745446458787868392e-15 -2.4488268003139001590779603e-15 4.5921926524884677365868789e-15 -6.3922380668865031356195866e-16 
-2.7988086202437693905675786e-02 1.5331024943462511628267109e-04 -4.7521650399443705892199574e-02 0.0000000000000000000000000e+00 
7 (band)
-3.5703250490473553702130971e-01 (Ry)
0.0000000000000000000000000e+00 (Occupations)
-1.0520504482035113180682373e-03 -1.2287133025050802140332173e-04 -7.0070199257893112793071921e-04 2.9647212101072129009082801e-04 -4.1331678865872658972107887e-15 -3.6081161225338684151796163e-15 1.9670342105909732755009145e-01 -1.2267472689895944637505920e-01 -3.3477851277178088951202994e-01 2.1163063473581300577563979e-01 
3.5557610587668130174768714e-16 7.1010715275250109890593565e-16 3.4697047074945398803524910e-02 -1.8305299399823244527185651e-02 -5.9771175259236961063713522e-02 3.1651208556251440862094881e-02 -3.7963971766268381213826899e-05 6.7110586019680697894562726e-06 2.8775713217584767596615232e-16 3.4669154555636903895576816e-16 
4.2004632965103284578799385e-16 -4.5526997902983401354174752e-16 -4.5941530363277069404226438e-02 1.3536842987835001617114017e-02 2.7042796644291686863903479e-02 -8.1519099507001216431412161e-03 -9.4823285581083216477793485e-04 -4.7197665251132170372017072e-04 -7.5970337927123293697562190e-04 4.1590581511499746802940081e-05 
2.0282901446052339297871873e-15 1.2106836529550843067357983e-15 2.2662904791842883311936419e-01 -4.8791383621254152958002237e-02 -3.8667398559666243951227216e-01 8.5717017185373750587373820e-02 -1.0014133392504798111814470e-16 1.0035637061354716007588274e-15 3.8846483380480183178473652e-02 -5.4698986104212907188859560e-03 
-6.6959013898799712993792355e-02 9.5332498468069515329403885e-03 -3.7992860982387528789860909e-05 -6.5455308620211705150637727e-06 -3.2550909420588903144735305e-16 9.7226948075807853190230285e-17 -1.5300544295329863317938767e-16 3.0573623069769900755934339e-16 -4.7810944455519074902660748e-02 -2.8255832085361046179805555e-03 
2.8205408324082713311664605e-02 1.4904453900426008292751101e-03 8.7196843493292375271153105e-04 1.3738063679108458714495100e-04 3.6535584719079357979287792e-04 -1.7434505093419372379059951e-04 -6.4566053862428399568441070e-15 -2.5617015268301355229259288e-15 -2.2948478702707844623098765e-01 1.7130368038938109664925946e-02 
3.9383259263437730979262597e-01 -2.9012603760727284640807966e-02 6.3731956056856070050319505e-16 -4.0056272414053056828712713e-16 -4.0099872682994731898364904e-02 6.3191381553419287420148009e-03 6.7610246237483892506325844e-02 -1.0403447929757621281954272e-02 -4.3942694396202153575559102e-05 1.0287122158758252310484238e-05 
5.3160139942017416374474464e-16 1.4041422823487646732335603e-16 2.5154678479567516700395445e-16 5.5982505045421838935111304e-16 -4.4745400373207740163383761e-02 1.6447636432316534854658485e-02 2.6180388982430611438667611e-02 -9.4255200103397877853250719e-03 7.7388230037593770671566773e-04 4.2462757335180040252353706e-04 
4.0281357040364805521814873e-04 -4.0278025762160996059435547e-05 5.7622194995578624680359686e-15 7.3197565907336787709446939e-15 -2.2172052812388717835112573e-01 -6.1617565632539103570586292e-02 3.8037718165587502960889310e-01 1.0610863241801915535234002e-01 1.6472477912916886344523733e-15 -2.0432067561472472343013866e-15 
-3.9869730761425976883760569e-02 -7.6377919080138426122239537e-03 6.7137222784215147552977498e-02 1.3113750109832676346566238e-02 -4.4829474456119643046951573e-05 -5.2061015031236728030361594e-06 -3.2757292584334243180908841e-16 1.8672554578854961330869411e-15 -2.4615807461537283219599521e-15 4.2537494920906719480140984e-16 
-4.7671524868344264391772924e-02 3.1830095095334388693650296e-04 2.7825405562842360496222938e-02 0.0000000000000000000000000e+00 
8 (band)
-2.9119164455763396626153394e-01 (Ry)
0.0000000000000000000000000e+00 (Occupations)
1.5669165099887741801486617e-14 2.0170333783370710977167186e-15 9.1223591322875305190563016e-15 1.6585181452643109200081663e-15 4.4310119822220517260547012e-01 9.7994757245461944217268524e-02 4.5925173605426041777128038e-15 -6.2400876859489945590282632e-15 3.4449232818740970273479271e-15 -2.5711227238111938727990172e-17 
5.1534894612467394003907373e-03 1.7727689136337598796444581e-04 2.6657717625399388491660858e-15 -7.2796782535408679561275024e-16 -3.1505559205895425820505697e-15 4.4837131966305619392679157e-16 2.3669523210959840892948192e-16 -1.2611282513852259577487409e-16 3.3939073866173681548463748e-02 -3.2462191823363767406718239e-03 
-1.9961271257915441657004862e-02 9.5070516922001052639856766e-03 1.0075539739568113717993050e-15 -4.3648892705872562078024411e-16 5.6780540510765652793102961e-16 -4.8264415139941590702534839e-16 -1.9844652753599677055441020e-14 -6.1467621607906659381537501e-15 -1.1109127789083089940987818e-14 -2.0090979807564239470274589e-15 
-3.8371085584357456088611116e-01 -2.4229656089458040391093618e-01 1.2337274553477140477478105e-14 -2.4252361861443897054504757e-16 -4.3547276871833221285684145e-16 4.1042084926147851404108050e-15 -4.7887687216060983302901022e-03 -1.9124787199706226245576879e-03 -1.1008478223765978262149208e-15 -8.5723325297145594987392633e-16 
1.2241351714511166266703518e-15 -6.5186278606746862777317989e-17 -6.6698222745151201002847586e-17 2.3863962430250155001073794e-16 -3.3032239451284424458510358e-02 -8.4421460960085407260189427e-03 2.2001575168331646142894087e-02 -2.1833625952864116337437395e-03 -1.0659549492129246733434951e-15 -6.0539261486468953340842324e-16 
1.5949922745544636809122083e-15 -5.5284841348078818995776739e-16 -1.6209896523520134821151435e-14 -4.9579344165779463169460961e-15 -6.9966986681296633713737732e-15 -3.8071241437093504592334562e-15 4.4888423923632247980464172e-01 6.6497150878833038989412785e-02 -1.0795123463091491798241259e-14 4.9471493484017946783596783e-15 
5.2136062661698316257118466e-15 1.2365493327427808860477543e-15 4.8985522178287459540979576e-03 1.6770584475404408386634003e-03 -6.7749871986204094618115103e-16 1.1697340866956839601410289e-15 -1.8516062101746995764008233e-15 8.6161834890065122038503888e-16 -1.2185299823827187723612514e-15 1.1109636666566149436401307e-16 
-3.0543425337459208929180576e-02 -1.5136799798711506048753961e-02 1.5254310192028880735493068e-02 1.6000013333603596565879457e-02 -1.5393126385415277563781030e-16 -1.4509667999799536860937773e-16 1.1988406635007168480646961e-15 -5.1040438286415690031434475e-16 2.1735490581864354415375869e-14 9.0621170290366797082491630e-15 
7.9031373658722456243390299e-15 3.3079491395569968157608826e-15 -3.9982144159317090092997660e-01 -2.1462000408194292777608325e-01 -3.4210938863040113654857301e-15 2.9596367485512020238309440e-15 1.6925766395843641746080185e-16 -2.8190006488708297610472417e-15 -4.0408702868245851419493064e-03 -3.2372374321858765101878053e-03 
-3.5544818561086759500996774e-15 -8.8207034626241498469257954e-16 1.5543361954196616010710743e-15 1.3700629370825084655478755e-15 1.4666987561491275440631082e-15 6.0246101416654069213683454e-16 2.3610313435020218592041985e-02 2.4588140210096524895799774e-02 -8.9326758628219173757889493e-03 -2.0221318157824207106809666e-02 
-7.5036566977093401548069073e-16 -2.4458496896394126182582958e-16 1.2359545122184406266200131e-15 0.0000000000000000000000000e+00 
9 (band)
3.1932416049648720823839199e-02 (Ry)
0.0000000000000000000000000e+00 (Occupations)
1.3766969063692557626028670e-14 7.0971313450787495866520197e-15 6.0335369487090500121152379e-15 3.1043574000733071625173431e-15 -4.2525064134035650553755659e-01 -3.0908203582511861728931990e-01 -3.2181309287542319659631700e-15 -5.7077580235661694179717089e-15 4.1665099234981428903437147e-15 6.1259436855574040189329185e-16 
2.1759193138518109766899045e-02 1.0069535205415185846744563e-02 4.4870483813993111614718475e-15 1.7831003460144554621127907e-15 -3.5274601317696720889200273e-15 -1.1173681820351224766214481e-15 6.0499156168750305720322728e-16 1.0593516086931338800087314e-16 6.4976026130249428525154087e-02 2.4190110234808645528481463e-02 
-3.9027380223115283597312697e-02 -7.5467373131289650078912246e-03 1.6621401954770015002419994e-15 4.2581910408733797446101038e-16 -1.8878004026573921031207401e-16 3.9011653425037323918283887e-16 -1.9167423381271629921887357e-14 -8.3298316924677568868423314e-15 -8.2526843303017888324700843e-15 -2.0247166964385072828202482e-15 
2.9541234442201808052530509e-01 4.3485786136769261078782733e-01 8.8175662295117977593991439e-15 8.0348094104343659499837620e-15 -3.7347796240120380818576115e-15 1.5208788309980283483889917e-15 -1.7061872958677150313722137e-02 -1.6844895857044434039906378e-02 -3.5135310555985836397195374e-15 -5.7378510870828386627339394e-15 
2.5312812740214442290409308e-15 5.4482379966153997030576643e-16 -1.9475865647806051477884382e-15 -1.8256959148476966082289033e-15 -5.2940585797575399895631421e-02 -4.4769853475978421686320985e-02 3.4163745412506302256971935e-02 2.0320633615672347577207901e-02 -8.4845359934649811456202925e-16 -6.1489905295711074263106017e-16 
1.2564374980327915450881818e-15 9.4408090243789296567376865e-16 -2.0269784867035830797011006e-14 -1.9899923598356323380683144e-14 -7.7088825743557194260361881e-15 -9.8141243333721297313157486e-15 4.5860055985496733788053803e-01 2.5703710312983418795340640e-01 -5.0109758714058203230090601e-15 2.0131005113554419294564609e-15 
2.0312281541313777740327993e-15 1.4568827861080535627685653e-15 -1.8265263361507581146847556e-02 -1.5566892777775894612934948e-02 -3.0777327118340601149964250e-16 -1.4195830605625437385608877e-15 -2.6728187227250743876926919e-15 2.9517207169760267911198415e-16 -1.2590072683332335618886678e-15 -5.0538530529092921128915380e-16 
4.9148011305009689508871418e-02 4.8908979584729908585138958e-02 -2.3176668042626285409779641e-02 -3.2297613306726313808781015e-02 2.3351269478631688805025341e-17 -3.7192374077535832211212220e-16 6.6068705421336746027672234e-16 -6.4427590632227912052526163e-16 2.3173358397214638073247551e-14 2.3069290343831246300734382e-14 
8.9694705715255048194813631e-15 9.9683822751367341122665808e-15 -3.4442023365911017540597072e-01 -3.9718666711117134315855992e-01 1.1057678418827648701091574e-15 -3.8127553906389265458014606e-16 -3.7652689557849388228484148e-16 4.8598893419097702191406105e-16 1.1912338152502264035370594e-02 2.0833727370793485994537875e-02 
-2.3262267602842148765241138e-15 -1.7996963702163158164795102e-15 6.2168981253703868098044844e-16 -9.8353783260851905810196677e-16 1.8683589363901788538313732e-15 1.8089063587067669785260811e-15 -2.9675092643376945605870887e-02 -6.2665813454098343027176554e-02 1.0866054889335396982374959e-02 3.8239019574393150191493618e-02 
-8.5579373297124624365684285e-16 -1.0538261060145062042669391e-15 7.5640514849436339608888011e-16 0.0000000000000000000000000e+00 
10 (band)
4.6770466278388073133598368e-01 (Ry)
0.0000000000000000000000000e+00 (Occupations)
-5.5144692707745601722990614e-01 3.5834052874541677535802364e-01 -4.8204934930046183794161152e-03 1.8604345342759509573937748e-03 -3.2013106322623176215857419e-15 3.9768492387461545621469712e-16 2.2898594092646279429814626e-01 -5.8678091441065172162439012e-02 -7.0291465301965949663554056e-02 1.3656416089720646578342667e-01 
6.0686395804019384526506448e-16 -1.3757203447485846408238929e-15 -8.0278805978586109670658288e-03 1.9817998363139133211063836e-02 1.6863928433300090503621504e-02 7.4392374299401820003652119e-03 5.0634597135425389591301126e-02 -3.6369119540673483514936493e-02 9.4106191860596031078691751e-16 -9.7534582634942815141645703e-16 
-7.0211573875764015349492058e-16 7.0014915271067566087880891e-16 6.0443152047417847416710401e-02 -3.0900499494181783710633482e-02 -9.9890543651040913930572174e-02 6.3893695725480870173385028e-02 6.4022933423291261689769271e-01 -1.5035972702961375446761849e-01 5.1657093493371955550408359e-03 -1.1756313483741315240038716e-04 
-3.7123290665640511344208505e-15 -5.8760320024402666499014661e-16 -2.3532496283738257858431098e-01 -2.2357133598990969192144007e-02 1.1239534776658519077408016e-01 -1.0468020794918611593438129e-01 4.2786011390857286880023183e-15 -8.3541745384190618022802346e-16 1.4266386018944723218515591e-02 -1.5927025961353646898999159e-02 
-1.3346994136671964589768713e-02 -1.2711887478177030796899771e-02 -5.9960718602830774537348901e-02 1.7067147033503954345334819e-02 -2.0753608035401430476334063e-16 6.8508454154443094580531199e-16 5.1687270543989749761288357e-16 -5.6187067393473808348240868e-16 -6.7336970309596191897050232e-02 8.5992981075443189475926431e-03 
1.1562830912849927922358972e-01 -2.6279634556994512645244910e-02 6.1974125346618313958657609e-01 -2.1851940827326588046020106e-01 4.2643591369919409128641519e-03 -2.8162496927240238120404570e-03 7.8440761446422659336994977e-15 -1.2937449547941864763665504e-15 1.8654737668088311464131834e-01 -1.4582597896407015203301683e-01 
-1.5130490781872518724071597e-01 -2.7486847072222358318027702e-02 4.1257129214211858805548058e-16 -2.2060825740216859397050924e-15 -2.0715323868829266240609854e-02 -5.6515731518106543385115970e-03 4.4609638791155200449045637e-03 -1.7962953913780561887580944e-02 -5.9719945262833938615099072e-02 1.7931673281767025046606889e-02 
8.7253737885190559704789901e-16 4.3059169154593066965693797e-16 -1.4330471496205709260308326e-15 -1.4754059058784721461392083e-15 -6.1363197974084300601038677e-02 2.9034555987474078286858514e-02 1.1156940877439619486111155e-01 -4.0167458766581835838405112e-02 -6.5712343700565400972379848e-01 -4.3291544017168438057696633e-03 
-4.9662240677203813715712144e-03 1.2052550312336230212140187e-03 2.3793592750464234834981541e-15 1.3676909588586414001044453e-16 -2.2491562804999015723339539e-01 7.4014188817130927011689323e-02 1.3304904060368183404960973e-01 7.7114555606860188397000400e-02 8.1201994675087011243450215e-16 3.4174346347096942080618287e-16 
1.7576247715282447559026480e-02 1.2334522217407554306456419e-02 -1.0281968775066194221601279e-02 1.5389900264388597581066698e-02 6.2263485734780285585365789e-02 3.3578435095038966506919564e-03 5.1002465000842296716462099e-16 -2.0574362138004357741058013e-16 9.1016430950221890352014068e-16 1.0577117677923943622798916e-16 
6.7570558005795033906792924e-02 -6.5320133023992745999186660e-03 -1.1857975256357014548491691e-01 0.0000000000000000000000000e+00 
11 (band)
5.0881999876034278429415281e-01 (Ry)
0.0000000000000000000000000e+00 (Occupations)
-2.8728824452983747761436462e-03 -7.7666059488268823773893246e-02 -1.5069377677474165427851105e-02 -2.0309307785307567639776494e-02 -1.5075926757715659393115439e-15 5.1511626410149691353666196e-15 3.9286735290823771027390876e-01 -2.1860541946082118203165123e-01 2.4877343900752510452711874e-01 -1.4890317118861243206318079e-01 
1.8315881943154724358770093e-16 -1.1933583780693156155191057e-15 2.6960990974012548349048046e-02 -1.0849660943874123511521113e-02 1.6806210908394698250178934e-02 -8.0440496864985916447565728e-03 1.6768491688875373363254440e-02 2.6839684253655425594242701e-02 -1.3459056303238005910462677e-15 2.4445683270901472249454374e-16 
2.4193929761019427506908655e-16 3.8616351093876543782535973e-16 -6.4524454715464488185894254e-02 5.6546546752603968344352836e-02 -9.7677655849259942266726853e-02 8.8749158978558007060399859e-02 2.3605399620538092264609986e-02 -7.4047655997612982226030454e-02 -7.2989549760094848962488356e-03 -2.4213206779822291081494257e-02 
-2.2521705438963606885825077e-15 1.0341085222756976811105342e-15 4.4369128224381609859605646e-01 -7.2602565103448701844257585e-02 2.8450529511516642333646132e-01 -5.5831132866003295445178622e-02 9.1046489733907426178518415e-16 -9.4066277309505952747254285e-17 2.9042269502887168436400245e-02 -1.0755273214781424506725216e-03 
1.8537465303845784836411781e-02 -1.8755907242272301660435119e-03 6.6855325303033178580003337e-03 3.0933066759411195767448532e-02 -6.1553279682432629162893324e-16 6.4185169088324609931164770e-16 -7.9211069152847996991703812e-16 -1.9069731990974288562635007e-16 -7.9864278213074624268585922e-02 3.1346678795018546870299048e-02 
-1.2196573348100309130970231e-01 5.0415250946968054313046537e-02 -6.7405863930491194402350175e-02 -3.8991538186870303150932671e-02 -1.0758307131468310136046540e-02 -2.2961569122789071695223129e-02 2.7783452254668667628449622e-15 -2.7081365397225711235949123e-15 3.7756377370563559692229205e-01 -2.4493166314353365109468541e-01 
2.4816064361239731361763461e-01 -1.4939711466619914892461907e-01 -1.0155721233324076698382887e-15 4.8051582535971576928883851e-16 2.1849959605952158636643645e-02 -1.8508542322381471567638300e-02 1.5105666922049964390195598e-02 -1.1211691415672450644613889e-02 1.5784685997334096940747372e-02 2.7423267873436251579333245e-02 
2.3816110326805431160710801e-16 5.2112511604192427050549388e-16 -7.7117593721349556210607618e-16 -3.7918531131493948398892430e-16 8.0202057495366643746770308e-02 -3.0399803440582271601977382e-02 1.2425416213840877188712142e-01 -4.4734250984181607446732443e-02 -5.0212968534414328947157458e-02 -5.9519310592114488267512229e-02 
-2.3443301162732604892013910e-03 -2.5248345395718560513209638e-02 2.8747344376122320928509785e-15 -1.2090147280339121381081828e-15 4.3821013590885488087067756e-01 -1.0255632409471233945641444e-01 2.8409604509891434043211689e-01 -5.6503451822673717019895889e-02 -1.3681331448281200602027686e-15 2.3299334982817577431510185e-15 
2.6827751928725752927906711e-02 -1.0012921658134851451982250e-02 1.8010456541753504244862683e-02 -5.4320026433593241593777989e-03 5.5622067731016357552964458e-03 3.1148897070456735974852691e-02 -1.6583765611323267704812416e-15 -1.7392340195122967327621689e-15 -1.4066175692307018700892260e-15 8.4475300414808827444308374e-17 
8.5758139721282530820722911e-02 -1.4351122818606451732315055e-03 1.3206153876065282459784100e-01 0.0000000000000000000000000e+00 
12 (band)
5.3024458280978548074813261e-01 (Ry)
0.0000000000000000000000000e+00 (Occupations)
-4.8347391758597479949344233e-03 -3.7990775224179063399021494e-04 -4.7170613143565978675475492e-04 -1.5440938622520786194236564e-03 4.8062240886599843464643128e-15 -9.9505253747664991829288635e-16 2.3784447909314113123180334e-01 -1.7577023349502202131944273e-01 -3.6044040697956375440824672e-01 2.8475975959771404610876289e-01 
-6.1095002300556004304738544e-16 -1.1816107629957921234442736e-15 1.5072437071940843200668070e-02 -1.2940108346372394820811280e-02 -2.2608231169878728605837637e-02 2.1857887286956784178570956e-02 1.1798598761834479600740799e-03 1.5746771394561306922632582e-03 -1.0615761334991464638665461e-15 -6.7307716397825207253808358e-16 
1.9698503646128451465619531e-16 4.6143656963891488150016941e-17 1.2169001702886718396801058e-01 -5.6119241608851982983097173e-02 -7.8121581524964525677923177e-02 3.7712472437427604909920831e-02 -4.4202239515524696655823789e-03 -1.9951573914395170916691313e-03 7.9223915892795426785255586e-05 -1.6125929743877748245850512e-03 
3.3961432746287598909624027e-15 -2.6096516582564929673217853e-15 2.8332333971578493869714066e-01 -8.4811888260230283709262267e-02 -4.3559037601676281470375329e-01 1.4583014774488139986274859e-01 -2.0161818201767512612485857e-16 -6.3229816883265179092713914e-16 1.8564671571264200478079687e-02 -7.0694931045066355945749592e-03 
-2.8675745208355463838900690e-02 1.2907400591355117080993864e-02 5.7670460828172266654068068e-04 1.8812467184640621620239642e-03 -8.4473710196448594099713740e-16 6.5439286474053590408631088e-16 3.0086205967557966657940055e-16 -5.3502229906978887234062125e-16 1.3350551198449342460428113e-01 -1.1580491915092156612887564e-02 
-8.6277738177879675918191538e-02 9.0201980140522820122983561e-03 2.5059567631412803592749761e-03 -4.3828722288943855467380217e-03 -5.6103958621189862349121213e-04 -1.9194989556039349087868118e-03 -3.9483622986489397280979516e-15 1.1861617883934563711457261e-15 2.9226444430561315801497813e-01 -4.7920512628886954842322154e-02 
-4.5600606817572070239563686e-01 5.8629118003085234356319688e-02 -2.5991826968801508386541656e-16 -1.6555005886720055916590489e-15 1.9255347495862717988046597e-02 -1.1204745514024785739415346e-03 -3.1141240761153824584406280e-02 2.9526802163276633095279067e-04 1.6210879736862598803071034e-04 2.0013064094322177352558434e-03 
-8.5771428790075485422973786e-16 5.4734317546095869764999945e-17 -1.1132464693378697368065775e-15 -1.8908700456868255820372364e-15 -1.2538951735911063600781290e-01 4.7490609865325897342991368e-02 8.1763503773144410868845000e-02 -2.9436672673058734278628279e-02 3.8424515497227675064895180e-03 -3.2748976107866423213010876e-03 
1.2233572683763987987148880e-04 -1.9960650359631543215854776e-03 -3.3386554986632051085184037e-15 -7.2311632435443101914683139e-16 2.9121848988123683055206925e-01 5.3913561254788099075252461e-02 -4.4890724557112743342557337e-01 -9.9303537523225529626280661e-02 8.6170723195362641660552446e-16 3.3090632019857230264364914e-15 
1.8496533377618185750579372e-02 5.4682834068313038861086639e-03 -2.9400213029115111057487653e-02 -1.0270907126041634721547169e-02 -5.2539332097917030173911401e-04 1.9379031102945889347699548e-03 -1.9565974590212105235919258e-15 -1.3685342478437226690752849e-15 -2.7718640334840299295465976e-15 8.6921372039961790166822978e-16 
-1.3406345592859736370883184e-01 2.2088171974075296311035288e-03 8.6901025582674387703896457e-02 0.0000000000000000000000000e+00 
13 (band)
5.5911070343611291022511978e-01 (Ry)
0.0000000000000000000000000e+00 (Occupations)
-1.1166439760549594362171177e-01 -1.5264638603421140650162613e-01 1.6903156670323302157576961e-01 2.1429736777893998445065904e-01 1.6170767117950510573597793e-15 -1.1912229423299787029824205e-16 1.3058061014920047115950297e-02 -1.6998698338116027817257248e-03 6.6467528082195526106801253e-03 -9.4462684034415933531647624e-05 
-1.2664209244422420187168653e-15 -2.5486152969912837623571801e-15 1.6948624867846540098526020e-02 -1.1243229621889026803582823e-02 9.6775790105453340927965655e-03 -6.4901737140079032717387975e-03 -8.3655036997088594308280562e-02 -1.0537806632418049435084839e-01 3.0623001778046918553238466e-16 -2.9757152712379168476083003e-16 
1.7688377676322687733895466e-16 3.1062098784832703140049916e-16 -8.1147665191181606036963103e-03 7.6872155435559162695025037e-03 -1.4401492391876977161579987e-02 1.3762361371609375948477094e-02 -5.3355764945670999810367618e-02 -1.8144701488027903391042628e-01 8.6447905781801309688106016e-02 2.5888567354157804301095780e-01 
9.4732364929741238673904214e-16 -1.0337285523217483991200366e-15 1.2861888860965717262807573e-02 2.8238855942765645271053110e-03 6.2857999863768776460659637e-03 2.1626290998466649040388177e-03 -6.5693758287725243741393237e-16 -3.7070505516733389084291605e-15 1.9755143417332733657421073e-02 -4.8373965934239513547732159e-03 
1.1303915926968347016590144e-02 -2.8283166476429887070676017e-03 -4.3013868510588956772799918e-02 -1.2748532932443965015600895e-01 3.2152775989020488910405031e-17 1.9642562671685007033941251e-16 -2.6253026049949933031343628e-17 -6.3333989379849381611493276e-16 -1.0238979168092715577031981e-02 4.4839741377771828376164187e-03 
-1.8211920904442319146809837e-02 8.0704095686910705398364740e-03 -8.6568948185481386925488323e-02 -1.6914019400962482242434248e-01 1.1514937067726846442461408e-01 2.4707510550403574689504183e-01 -3.7558179491625065434687333e-15 -2.8602114782757738182422818e-15 6.8285049372514838861292219e-03 -1.1970553366983004844881222e-02 
3.2766444991809973164009762e-03 -5.1148234717644062985453246e-03 -4.3140354570367060486580104e-16 -2.4222825323456936062561906e-15 1.7846551841827526518891034e-02 -9.7181593845758994232308936e-03 1.0043271228744723999604105e-02 -5.9272728952775750876913463e-03 -5.6449134425979173579346337e-02 -1.2210483538921423907197550e-01 
7.4359839137712137254704752e-16 -3.1598270212487008013937741e-16 2.4240937659328948021081251e-16 8.7441242491757429105447597e-16 1.0558103113723935756462780e-02 -3.7322246305414277962875236e-03 1.8736238112230144126080233e-02 -6.7454607860812669170580413e-03 -2.4156860987613406471785638e-02 -1.8846494126700483184855273e-01 
2.4648121044596318224284559e-02 2.7147367359685720122897123e-01 -9.8958123158611743471168630e-16 -5.8794167021532157559171676e-15 1.0479689327885483018931723e-02 -8.9497898959091347348415724e-03 4.8155164612312412880656964e-03 -3.7025152981451075334673462e-03 -2.3690840628121785784261045e-15 -1.6248109748649315226619242e-16 
2.0083386518667277476080102e-02 -3.0983254201265913660434670e-03 1.1457312849786812844476991e-02 -2.1748202710283898869692010e-03 -1.1750367013879256528063877e-02 -1.3400755380913700887113293e-01 5.6595918871732161298033227e-16 -9.3491739322931698442332222e-16 -4.9645325972848296656908535e-16 -7.8811731718564629038122377e-16 
1.1198162185575828361794315e-02 6.4851510182768691472471323e-05 1.9913509480118187638941762e-02 0.0000000000000000000000000e+00 
14 (band)
7.3152708232762353457445670e-01 (Ry)
0.0000000000000000000000000e+00 (Occupations)
-2.8571548040893499116233269e-14 3.1696667032554977415480018e-14 3.5655555976700010081173438e-16 -1.0458994358644919962384804e-14 3.2523739817875582658324163e-02 7.6008258327284416999702898e-01 5.5987654215296203218172717e-15 -1.4324264409178760856510938e-15 4.1386164642014779477490838e-15 5.7151367927794352405246064e-15 
-3.7696169916409671962753691e-04 1.4815266239556243443864503e-02 7.6918769911272534544840390e-16 3.1327108645309529884069640e-15 -1.8532144993738881707332328e-15 -2.0389408234442682835302720e-15 2.3352763854931005974434322e-15 -3.8636501079034115932896112e-15 2.3711238477321039397338609e-02 1.3261764261457142932698616e-03 
1.3683096299242428206532907e-02 5.2263939563628597495537065e-04 -2.2350025114134361743500006e-16 1.8757591897474344293072571e-16 -9.3434942158743031456957458e-16 -8.8642167004738096820320845e-16 -3.9757736381398069484454010e-14 1.5895146524752410657915797e-14 9.2728780781962447586593432e-16 -1.1731399048630562567013382e-14 
-2.2686783214340244807516456e-01 7.2616410940297904108575722e-01 1.7372710665917751028826239e-16 5.0717783001645603875622160e-15 1.7942272079244234161892149e-15 -4.3594883389236123783443223e-15 -5.3731684872420429344153092e-03 1.3811707869740060677932192e-02 1.8673570604520016917219908e-15 -2.5476825968104972503672334e-15 
-3.4428780528849384858603274e-16 8.3510376456864325834331227e-15 3.6894674144586174298789593e-15 -7.8015260754651008511617288e-15 2.1860222046927831746065962e-02 9.2796695038500284780091931e-03 1.2697124385789806955138204e-02 5.1267249393715380589853226e-03 1.6951822884546098987198781e-15 -3.6984812381434338772621874e-15 
8.9434167531736184616546519e-16 -2.5025820440212683194380453e-17 4.1089271893758803938366076e-14 -4.0497100933050222901877194e-14 7.0082935619454409242136546e-15 1.6308299138313322810113094e-16 1.4013730446074623703367479e-01 -7.4778772841090657141904785e-01 -5.7701715010793614674069683e-15 -4.4485853219321160219293979e-15 
-1.0691959380142848912660110e-15 -1.3931844784566917258646291e-15 1.7242414270697385691999415e-03 -1.4758469504873097943864479e-02 2.0169453897374661131771510e-15 -2.6626419756157669278152940e-15 -1.8543006754602246602058804e-15 3.6164699520108105714001648e-16 -4.9158128303097383300008644e-15 6.6707498045068789180418840e-15 
-2.3657447433279885778967255e-02 -2.0572417894135445332048917e-03 -1.3617508003144120770633307e-02 -1.4231171386554107224919896e-03 -3.3695071407789945446490874e-16 1.6653311376459234675242902e-15 8.4826400837374260546057903e-16 2.2852224159724817356736552e-15 2.7705465072519811285784102e-14 3.0138391954962828749535384e-15 
-1.4456275174049988986835112e-14 1.8525046871547459244533430e-14 3.8515655468705906061543942e-01 -6.5610927385997053207233876e-01 1.8085175923761599704963894e-15 -1.1834509011234741727222433e-14 3.7042699043785974595376855e-16 -8.6057681290873137207358235e-15 6.6215588658504543131955167e-03 -1.3301894181329990823892118e-02 
-4.0818020032809370119519902e-15 2.8013968433405635394245303e-15 -4.4196013758897743772035218e-15 4.8438841607734049248801880e-15 -6.0525117885940391279248728e-15 6.3759340890843718126002909e-15 -2.1561971527332399189980094e-02 -9.9492937786067013605784126e-03 -1.2330387661420460013173006e-02 -5.9517498876429054607828384e-03 
-4.1535874073684315945987480e-16 5.5114909828542655694153377e-16 0.0000000000000000000000000e+00 0.0000000000000000000000000e+00 
15 (band)
8.4770905264048268534793351e-01 (Ry)
0.0000000000000000000000000e+00 (Occupations)
-3.9878966429680073879637803e-01 9.0904271324581187307956043e-01 1.5779996899920711861398104e-02 -3.4922392589006069629764539e-02 -2.1892930487051455328409358e-15 -4.2082167235462405932806912e-14 8.7832428306783741356333906e-02 2.3480173268882797987799904e-02 5.1432917611080083974961497e-02 9.3796834513167337554762071e-03 
9.7994166470291222231360229e-16 -4.6246069826572619586111967e-15 1.5585629538040685071464964e-02 6.5293845377739911928216543e-03 9.4821204352280030747124329e-03 3.1854230618756362858334796e-03 4.3220944478936026977855533e-02 -9.8198036879230857221223516e-02 -1.6569514702288327380120288e-15 5.1835883555696599141775001e-16 
-5.0723854259824631566990324e-16 7.7182450763384402181661110e-18 -1.7474707554427509892391868e-04 4.2802439283380344647866877e-03 9.7665819729113312330781582e-04 5.2734800825548211467008741e-03 -6.8314076409359725250425299e-01 7.2021562555175411279861919e-01 2.6676634252858801021890400e-02 -2.7512524261496792976622316e-02 
1.3484842138121306099282445e-14 -4.3361143479771848942759934e-14 7.4686217624293713135408268e-02 5.1844217575153971055978985e-02 4.5214988606598789655510728e-02 2.6247443321954957995423285e-02 7.2680293845250394734238268e-16 -1.7620929119282117953709337e-15 1.2452468965578590565090877e-02 1.1422816080126650672976751e-02 
7.8425211833404451233775490e-03 6.2090570556365132226517289e-03 7.3929154260909443752147752e-02 -7.7752071604897235457265481e-02 -1.3123109204619688296170705e-15 3.5712728370521759212026947e-16 -9.5549345624844637816319474e-16 1.6016640298754902786798816e-16 -1.6142970892399841065234511e-03 3.9680057376691169057636444e-03 
-8.6740875993986457648254884e-04 5.2925471616804223989882772e-03 5.9028817781398312813934126e-01 -7.9813498334444199500126160e-01 -2.2041034157137609494903074e-02 3.1241798982739710233147434e-02 -5.4432516098262525516837117e-15 3.8142974536425437537952202e-14 -6.3995477558736649226212023e-02 -6.3674529150668110477617745e-02 
-3.3865546472529622912261971e-02 -4.0487326049784749804061335e-02 4.0955353649534220351002860e-15 -2.0677390924344351231185885e-15 -1.3373666755706177522444733e-02 -1.1113663504024859363106259e-02 -7.4539366878004498229159935e-03 -6.0718873383415472577695482e-03 -6.3684689481860262683099450e-02 8.6425552893189983016952738e-02 
5.0622628999665939243208335e-16 1.5811241752028275581627068e-15 -3.3479825250559140287434626e-16 -3.5643197169743460416080318e-16 3.7818418226560970851757304e-03 -2.3008795064141211728081515e-03 4.8251965803621094108777356e-03 -1.7371776619677821440479448e-03 8.2574937897930444918870307e-01 -5.5099686716027551636187809e-01 
-3.1320767178470904079645720e-02 2.1928673779970486723556178e-02 -1.7175595385583387208430120e-14 3.5674570218078342873403655e-14 -3.8643136557966424604604327e-02 -8.1587834923428512179377492e-02 -1.8148848783750958640892392e-02 -4.9565291246681325576517452e-02 1.9254266768539943277081451e-15 -1.3383338133461835814830995e-15 
-8.8184065991865744765787483e-03 -1.4986800326452501957996688e-02 -4.9564871935984817358233911e-03 -8.2378530391702224633387885e-03 -8.9195311653386732952952798e-02 5.9743721396878377016825823e-02 1.5704874911479295476507873e-15 6.2704134316218205516283927e-16 1.1868335740384047337026636e-15 -4.4333783049927319072329870e-16 
4.3376573809017771043983203e-03 -8.8380004556354188702954611e-04 5.1283826171951854902553158e-03 0.0000000000000000000000000e+00 
16 (band)
9.1122596977956105135376674e-01 (Ry)
0.0000000000000000000000000e+00 (Occupations)
1.1785833379971280967759797e-14 -1.1146585342247013095412127e-14 1.5206164087794957278592299e-14 1.8503688015436899062529625e-15 9.5000649667400849374132576e-02 -2.1437959248883570184673886e-01 4.6957816318452865234353519e-15 -5.4409203862160456490634727e-16 -4.5374766312950267401240208e-15 4.9670119215704357666954835e-15 
1.2882878881627382594565745e-01 -3.0163192427724383470888370e-01 4.2885009034407604157562378e-15 -5.8787615275021364522971414e-15 -2.9146383118239220196109755e-15 8.2657100381532888045388714e-16 -7.0296617063416934572013313e-15 2.4465687813928440307622563e-15 8.4826092394550117042895110e-03 5.9636315727691797949905350e-03 
5.0103340045647599965139563e-03 3.0924857991451431410423467e-03 -1.6286287932454435987781605e-15 2.1752952523842320324462646e-15 -8.4480661261508695094878787e-16 -9.7721646735890845673244167e-16 1.7843426665609202891914931e-14 -2.9673838947782259162610023e-14 8.2838469093492284686244861e-16 -1.7970988023206795436502055e-14 
1.6200278161291878364913543e-01 -1.6952531333870335394919948e-01 -9.5128295044154442996099110e-15 1.8941041867580701930672426e-16 1.3345665920566074480124299e-15 -1.9888590723490142979907051e-15 2.2338670059415330348961959e-01 -2.4016048086376834413968595e-01 -6.0671714050936788902537954e-15 2.6264058783438977256809953e-15 
4.6780124073300387568001100e-15 1.1271938689384687057470094e-16 3.7373897034335816074440485e-15 3.1519403065993816042618431e-15 5.9610157478876936790190832e-03 8.4844476719741282466635823e-03 3.6665847029422379138585697e-03 4.6068505371200940690101788e-03 1.3813813600390191579285276e-15 5.5605665148578344319257906e-16 
2.4245825878668752194743688e-16 1.3444284123438610829321563e-15 2.1573392360726905010937359e-15 1.1450711723405735710341498e-14 2.1124745721161345190298734e-14 -4.0750070586934322264349159e-15 1.3623135444009287775557482e-01 -1.9080411528031507306657488e-01 -2.4097810256200881526696833e-15 -7.2041089138150769102171532e-15 
-1.2729356684444139451731617e-16 7.5456490248829157175855792e-15 1.9414038325559834774480805e-01 -2.6430286592679774759773181e-01 3.8337989130925740646564365e-16 -1.2863192117653528789124405e-15 3.7007339974700447383994531e-15 3.9812097624047442597301916e-16 -7.5940630497449940348140658e-15 5.0879421515223319484944903e-15 
9.4549770332641482062374649e-03 4.2678960604287888985775012e-03 5.2122262516157607040168109e-03 2.7451428856143152840152410e-03 1.8430949230119770769795433e-15 -5.4922505170267181285040479e-16 -1.5377403086668325244319004e-15 1.5957361642306102251606262e-15 -3.8495007355763769220464099e-14 1.5401961292488743816584716e-14 
-3.3751562398036415645066169e-14 4.4442543792386036680196193e-15 1.9281005070556306302265170e-01 -1.3337719702933392706967197e-01 2.1766765469123944046145473e-15 5.7551349102268677219938517e-15 3.2529058816535408002055982e-16 -4.2339107543440906213002171e-15 2.7219235620151382981646293e-01 -1.8291477407039111180431235e-01 
-5.2698716104715460288328752e-16 3.0150595356292516776360994e-15 -2.3450931146152120323986204e-15 -2.9236900339348425136967355e-15 7.1050608123517964833521710e-15 2.6627960325529366334719105e-15 7.4503078261687599032070395e-03 7.2183405833690303388117115e-03 3.9741994517377768336707788e-03 4.3484308294256240196018481e-03 
1.5142214479058708252975794e-15 -2.7992146565723571931174815e-16 1.8580567205145572658033968e-15 0.0000000000000000000000000e+00 
17 (band)
1.0487359984073043595032004e+00 (Ry)
0.0000000000000000000000000e+00 (Occupations)
-2.8412600766338069746552719e-01 -9.4531955439339232505346899e-03 -4.0317205382614318409650878e-01 -7.3295210050026649017951286e-02 2.1605915796485155112126344e-15 -6.1412172941216291401600863e-15 -1.9948138272161780593094704e-01 3.8270805821865969131856389e-02 1.0020619758337619142896102e-01 -1.5497882773168270009733760e-01 
6.6319998650284791724772850e-15 -1.1330702963744806687306109e-14 -1.1291128028887569001437186e-01 7.9176837120187831819961843e-02 6.4681282919472754544543136e-02 -5.9808984656220615105937100e-02 1.8653880438986816803215163e-01 1.7783109635075823595773414e-02 1.7327482434610843519897462e-15 6.1756119878062190576386909e-16 
1.0049566727934427199720762e-15 -2.2349310931020847852199482e-16 -4.7528351707399781045371157e-03 1.8621254847767294143823236e-02 2.0137468418860937635628261e-02 4.6142795960682977951528017e-03 2.6412654077195985014014923e-01 1.0513858281594021248928073e-01 3.5450896500851863946124354e-01 2.0553171660662805653174701e-01 
4.1527879985865724203024829e-15 -5.6426837674726211314967715e-15 2.0065196993738743103108391e-01 3.1563643500607974079485984e-02 -1.4677929002411213565970627e-01 1.1187295964272754578150426e-01 4.6787918856544241198714057e-15 -1.0643604029642198427979179e-14 1.3305624935948778819749805e-01 -3.6248631135720105200803687e-02 
-8.1116946284649743548200718e-02 3.4363120218777638836815669e-02 -1.6948696014085479211175311e-01 -7.9919552511915348258497716e-02 -4.2428211127431996851348812e-16 -3.9551727193094913515253388e-16 4.9180105383056333884810421e-16 5.1796394874820121804882906e-16 1.0779576349650942662661279e-02 -1.5910415079054354009491234e-02 
-1.7383925296924455233815721e-02 -1.1162811105732585795213829e-02 -2.7870969418365559855388369e-01 4.3447179430576327030522066e-02 -3.9038884413896318692493992e-01 1.2004223447101898536448772e-01 6.6757306364589532733134568e-15 -9.5314878656484556778105607e-15 2.0327020538119100478979817e-01 1.4063488748123020855018694e-02 
-1.1779927210641305546090507e-01 -1.4188303718288192145635662e-01 7.0892064924872749992254069e-15 -1.2241236103182577289507696e-14 1.2123038819923806497236285e-01 6.5923559310933535493326474e-02 -7.1242652186794916402412525e-02 -5.2078163911883183778694928e-02 1.8313291191341976582585005e-01 -3.9357211089674382087366666e-02 
6.2859906585092292893598373e-16 -8.4115844633418223541191307e-16 1.9664033158536941868063477e-15 5.1415619850818469895305290e-17 -6.8275584042659931416352492e-03 -1.7953934131367511872756637e-02 1.9323519383146858796607148e-02 -6.9568950537078674128954603e-03 2.7694979857937840339587865e-01 5.3530926568442015189841499e-02 
4.0797221271092404260016906e-01 1.9294075274508680484242262e-02 7.5519741197106674871923244e-15 -7.2532447279454372496900132e-15 -1.8648919021459289813158478e-01 -8.2087392726170604895230554e-02 6.2773904788319914715977177e-02 1.7339810156591739520592910e-01 9.2393497653548783338518918e-15 -6.6800513464373596945683258e-15 
-9.1732531493380578546670279e-02 -1.0309153874581079846084464e-01 4.9389992438139004859998238e-02 7.3131930741653167205029717e-02 -1.8563801481309594176849487e-01 -2.5003618676074059606895261e-02 6.9774173385729835309704174e-16 1.8433485269275127795068328e-16 -8.5845042828050183744554890e-16 6.1154560690428148114969354e-16 
3.4224009360129056681390503e-04 1.9205264285487931574802900e-02 -2.0537691937974212469386615e-02 0.0000000000000000000000000e+00 
18 (band)
1.1975182591518607200242741e+00 (Ry)
0.0000000000000000000000000e+00 (Occupations)
3.3172322214238791904250547e-01 -1.5001319720868963591975387e-01 2.2678259516005747076228261e-01 -2.4881073012536536470662440e-01 3.2352781586272419246921420e-15 -2.9688528567121866935422111e-15 2.5650005053236307750452738e-02 2.6889452490515830529460573e-01 -8.4915018535706404678720105e-02 -2.0261325581042988197566501e-02 
-5.9811035345921759276650929e-16 -3.4015093916796387327482360e-15 -5.0903705943053254023844545e-02 2.4441025788214706948586752e-01 3.1645780258179094512893670e-02 -1.1914133320152933692703812e-01 -1.2684529338470845738484627e-01 9.4787532402979823853428343e-02 1.6814292044181897748611161e-16 2.9170109343450591513900503e-16 
-4.5598132385727061176193245e-16 -5.4472785006065834607901425e-16 4.3168780548663368556994158e-02 -1.9288035083541179431909640e-02 6.6848831022815226321487359e-05 1.6888877450830425130945400e-02 -3.6292715876111952821858608e-01 2.8777297977417515273401705e-02 -2.9765701177700609747489580e-01 1.5728136645205459398511039e-01 
3.8048908657701120757920317e-15 -6.9971135977684962649620111e-16 6.6951175653549785393714444e-02 -2.6168631672637088225741309e-01 7.3031628646913496205606009e-02 4.7827428369104155181368299e-02 2.3005010355087632392737313e-15 -4.6247142003773817848187551e-15 1.3068534043193508198399400e-01 -2.1271789589251821617210680e-01 
-7.0132593487414185418060697e-02 1.0137816340768666945049148e-01 1.5145442876939887999476753e-01 -4.6216455500553463298096801e-02 8.8403327830156274054543569e-16 -5.5398311310392007123809343e-16 -3.2034008391966152729436011e-16 1.0476848639109787117620915e-15 -4.7150264327260188457202617e-02 3.5248383384388903838413398e-03 
5.6580064434358107866573917e-03 -1.5913064236706110643471135e-02 -2.9614961952902259245679062e-02 3.6271564117415067141081408e-01 -1.5688397899627284926005188e-01 2.9812271193978662209289610e-01 -1.2771150549467399931551141e-16 -4.2925944383324330383082783e-15 -2.6083883443453892425623053e-01 6.7188978010700312060166084e-02 
4.7793709711161730391282276e-02 7.3401870323537732332397354e-02 -6.9019205271053780978141211e-16 -7.2759388566187077333669903e-15 -2.1196445366478472438487302e-01 1.3227656627487072160676007e-01 1.0083589264059092394099082e-01 -7.1102734453691071592196238e-02 4.5414925356394152122785357e-02 -1.5190989356662504272676983e-01 
-3.0734030467817287839999933e-16 -1.4331570075050616738763139e-15 1.2288280041324212839677346e-15 -4.9202519526824081822122821e-16 -3.4056178988557663997460701e-03 4.7115132758792976908068795e-02 1.5966025692924445261722255e-02 -5.7481229463485520800314355e-03 1.5072969010656001032089080e-01 -3.3124046075958624157919985e-01 
2.4859458621497321217930221e-01 -2.2735537368761729593025223e-01 -2.9517354458942094815455932e-16 -5.6896525531941822163459730e-15 2.6817769779064115631683762e-01 2.5139186999593148702514256e-02 -2.0104185448700018223888719e-02 -8.5251950021052708139635001e-02 5.1787639950550007966831882e-15 9.4755854077377672629675046e-16 
2.4424036711222213424932193e-01 -5.2656079190975674242380933e-02 -1.1895974459845924664502803e-01 3.2742254908384484102246148e-02 -9.4187671302769060410753355e-02 1.2754534010739879135165609e-01 -3.0549409680416619936566846e-15 -1.5618303617420130525716163e-15 2.7925495859727169334701380e-16 -8.9781130918513749944007009e-16 
1.9163962470232675378012388e-02 -4.3176110415267580922016322e-02 -1.6969233743259898306021682e-02 0.0000000000000000000000000e+00 