139 (index of k points)
0.05141087647844556907106295 0.08891843340264010686624374 0
18 (number of bands)
52 (number of orbitals)
1 (band)
-1.4692106836385976365022543e+00 (Ry)
0.0000000000000000000000000e+00 (Occupations)
-3.1104347188006420399375429e-01 1.4467839017972794479760523e-01 2.2610924146840044590689445e-02 -1.0517201152190236435046700e-02 -1.2163352231421852677724446e-15 1.4531257415054288573024483e-16 1.4620995792672009105928055e-02 2.2915237481239844608005285e-02 1.7770555544836363903726806e-02 4.3130028920807569892126310e-02 
8.6006207877349280749089326e-16 -3.6652816648224789498941788e-16 3.4834403601545493867064351e-03 1.5864027673130561002512451e-02 1.3415675208962973830040255e-02 2.4000093793629682925594437e-02 -9.5261574885361494091640111e-03 4.4309857698007909521109582e-03 3.3763620108576911248460292e-17 -3.2454508884982163548308252e-16 
-1.2045401171133560225447375e-16 -4.8335570513217434812689466e-16 -1.6748031554945468080131121e-03 -6.1045710921345461286158240e-03 -3.1786349918873496589455385e-03 -2.4843190229388995016179820e-03 -3.2099447170679568097639844e-01 -1.2100589703764894067283819e-01 2.3334287610809769514252920e-02 8.7963874713196874011167381e-03 
-3.4327794809614627197667890e-15 -1.4323932856250387430999529e-15 -6.1425363676050441508191824e-03 2.6479253648170386625793071e-02 -1.8381821077014637300095501e-02 4.2873076551323274774318861e-02 1.7705259539827474314989778e-15 3.9935440693026470205688762e-16 -8.8971788414473236550339408e-03 1.3588301564943002647245507e-02 
-7.7609551901181988986522242e-03 2.6377119212529491487639888e-02 -9.8309214473468152506452356e-03 -3.7059809611897768545640819e-03 -9.4254167629896343466613608e-16 5.0164293931037342403036488e-17 -2.7327978427011427647719620e-17 3.4668304328333946003921568e-16 3.1897508952933445458555184e-03 -5.4677457013412276987107674e-03 
-4.4899630763154795703995248e-04 -4.0092348066812864143537709e-03 -3.2205030730835426666658350e-01 -1.2140398146459564776566964e-01 2.2624379653153333519233215e-02 8.5287432801510881796858143e-03 1.9252460440754990946454436e-16 1.0663638870844638465623057e-16 -1.4053339342883497398162262e-02 2.3729947054760600066991572e-02 
-1.3985302930488802131137049e-02 4.4933160541106735574867770e-02 -3.7725672075443214550729283e-16 -3.5930348633466479671777111e-16 -1.4763887906192527110782464e-03 1.6254463085052253679130274e-02 -1.1951492157665118132303661e-02 2.4570367573720826998018296e-02 -9.8356523169994530125803678e-03 -3.7077666834024105430023255e-03 
8.5900481887643061448087375e-17 3.3572195106777767078601598e-17 -3.3573193177400192304400562e-16 -1.0492403137273181870239331e-16 -1.3586541595900156198517550e-03 6.2000854917092802082168035e-03 -2.7638134243215240447300030e-03 2.8223133450408031258627162e-03 -1.3858696589468047499771330e-01 -3.1503806125123540171628633e-01 
9.7358949816598004678436240e-03 2.2131750168839656178754183e-02 6.2465085429582119030248585e-16 -4.4645033992457693478077800e-16 -2.6787005209252822551801998e-02 6.5622470105725517336425767e-03 -4.1888519380911766465391821e-02 2.1445968347120796665405962e-02 -1.4069417414977818244216758e-15 -2.2788129032193878147300798e-15 
-1.2646344908689141628421737e-02 1.0317812485928759894115991e-02 -2.5916877286418921189081743e-02 8.6519708288382343036593269e-03 -4.2325473592619150542404327e-03 -9.6214932900785376385099923e-03 -1.2116653526256186773831553e-15 8.8619598257616009986336942e-16 -2.1618722898278000903248055e-15 5.8861930967664701317783958e-16 
-5.3803922028465393789797844e-03 3.3672512489303987881505975e-03 -3.9502047114128059634996504e-03 0.0000000000000000000000000e+00 
2 (band)
-1.0955769540254824967462355e+00 (Ry)
0.0000000000000000000000000e+00 (Occupations)
9.1387713408916243507107424e-02 -3.7228164646827538453166540e-01 -4.5514373038525179904212337e-03 1.8540972516412970727550658e-02 5.2090544132903622093430005e-16 8.5738841320258615079310158e-16 -7.4156984771511072485061788e-02 8.8807802132789673277279974e-02 -7.1081515636156056281436122e-02 -7.9321389897972993665575814e-02 
-1.2996507318793894124362144e-16 -2.9270858675782732002912730e-16 -2.0496547840716611288414128e-02 3.1130736596857971898444362e-02 -1.6128208911114716439527683e-02 -2.4867487145354853772527548e-02 2.4955363133736399930406868e-03 -1.0165953593087910522552164e-02 5.5701127636632416674436875e-16 -8.0844412733758490365895656e-16 
9.3365926887162874680418932e-16 3.0804592734759324641029782e-16 -2.8842171757313683766454915e-03 -6.1454814530617629664277501e-03 -4.5719824709099833592862439e-03 8.3227435596597010292185814e-03 -3.2992569836030261054560242e-01 1.9517779592128198240530423e-01 1.6431492144187598292148778e-02 -9.7205611618445680877087511e-03 
-2.3000107223741580916670145e-16 -2.8284374572986822330615903e-15 1.1533567204900843639059360e-01 -9.1524238898624786509028439e-03 -6.9398353054022504649012149e-03 1.0628406957965236268037756e-01 -1.1735586242877204630025964e-15 2.7810595571584563141791903e-15 3.6582743925966748621547708e-02 -7.1368117039369398379999865e-03 
-6.4828236509275258270257325e-03 2.8922033765215710010565431e-02 -9.0093313776391723002312517e-03 5.3297525342252266566944741e-03 -2.2265084115960701772192224e-16 -1.4834948759073689961163077e-15 -1.4708519867854579419326730e-15 -2.0115593785886726255244363e-16 -2.3727975769584491727570708e-03 6.3604624568884687851877402e-03 
9.1452214211284552775049761e-03 -2.5565619946879836188458057e-03 3.2942611556207157530451468e-01 -1.9488163749237630284483203e-01 -1.6718977988231024239818012e-02 9.8905973493367063675840711e-03 -1.1279530490913745875160664e-16 1.0562403102510803498650999e-15 6.3426952165766492530707410e-02 -9.6527978555378618485960374e-02 
-9.6344473678190573062707358e-02 -4.5058580572828813015640037e-02 1.0585732182904007365666398e-16 -3.1457895390403925863090518e-16 2.3937012094214896867905296e-02 -2.8717428728740349019865619e-02 -2.8561085770856895621472304e-02 -8.2806087956381960180074486e-03 8.9838116641896316461046723e-03 -5.3146334981821266585377828e-03 
3.9648851883436653415863818e-16 5.3938391306399037111997240e-16 4.9120280211091828336666395e-16 7.8240267495273704029021657e-17 6.6993700053762754442754357e-03 9.8117532125110637486464782e-04 -6.6260183254646439626744936e-03 6.7662671365126035930015469e-03 -3.6972498222480182361593393e-01 -9.9014422004617685946215033e-02 
1.8764217580951009223255710e-02 5.0251646213649199534945211e-03 6.5213199681272529249824971e-16 2.1978891578910743014979262e-15 -1.1334411672712804697304989e-01 2.2220263463264399578234176e-02 3.5215571499364224650197031e-02 1.0036133127625028460538914e-01 1.3509779931198357033042407e-15 3.0888951945938520428671769e-16 
-3.7265668099486552733434763e-02 2.9901909449137759056114305e-03 1.4066875926000648941438520e-02 2.6199753894248105356989953e-02 -1.0082804116438560948498804e-02 -2.7002337652874282801496175e-03 6.3636569440881532216530497e-16 -3.7956271114292039904795946e-15 -2.6437512533338750707375129e-15 -5.8538747615355372109144966e-15 
-3.9862806367706596702427113e-03 -5.4730092421718589887347228e-03 9.4702951280355354007900459e-03 0.0000000000000000000000000e+00 
3 (band)
-1.0359057661332300437351250e+00 (Ry)
0.0000000000000000000000000e+00 (Occupations)
-3.2212976878442411976521953e-01 8.5274327451797526933319205e-03 1.5619703838510134996653278e-02 -4.1348512686614768973925038e-04 1.5760346753849387692467029e-17 2.2115882199802706236219536e-15 -2.0198346529733857135369135e-01 -3.0496069912754678044031209e-03 1.1627040023324594630871331e-01 -1.7599608445137832068994044e-02 
-2.1935994604901410593809083e-16 -5.3735086053265563453122932e-16 -4.3116104855555226205154895e-02 -4.5037603015842062742501994e-03 2.4584290211837056538968227e-02 -1.0414249458292113015289715e-02 -1.0713056437637253140437998e-02 2.8359367425002945939382926e-04 4.9932249065982055844320665e-16 -4.6858225742913396391322234e-16 
-4.3678044614537238036315263e-16 5.4287393313430832766741524e-17 -1.4130127777156609170106094e-04 -7.7720876721604423287281804e-03 -2.3024630345851171409066183e-04 -4.4703992400594444456274346e-03 2.3147500784819508012901679e-01 2.2418658699398369416044829e-01 -1.1223957992925484572488415e-02 -1.0870551270562203716174565e-02 
-7.4888766646698728821173342e-16 1.1104260424795861564050309e-15 1.3914156519116907539945771e-01 1.4644536589620049671367497e-01 -9.3924576041936963521905568e-02 -7.0758223572691944514012619e-02 -7.7233055703933734517168740e-17 3.0427334595916157919251664e-16 2.6948944264773996848383320e-02 3.3956394946811199742064957e-02 
-2.4641423331412209279944747e-02 -1.0278335137635753043783282e-02 7.6981527872277289575864145e-03 7.4557660419691069650371951e-03 5.4177155406124027982841987e-17 -1.2614574958107271914813023e-15 2.1296888042154201629689483e-16 1.7100752823611223524782107e-16 -5.4540809810030357884791385e-03 5.5388007264662603851279599e-03 
-3.0328832259940118054597491e-03 3.2922791593761654288519125e-03 2.3070155179322077154679960e-01 2.2343835007660212133018263e-01 -1.1380824070696210492670275e-02 -1.1022519743853173221359576e-02 -1.7133963098214926283179142e-16 -1.4398640584623550351339104e-15 -1.5012872507182856152141426e-01 -1.3232130138529357710197587e-01 
7.1716016663426918054113912e-02 9.2081575235176640892298394e-02 2.6580057088257570326554313e-17 1.1083490174923696774870437e-15 -3.5324094455171754780575810e-02 -2.7163389562522507331143728e-02 1.2294815005196607637927286e-02 2.4098498044390660732805287e-02 7.6980101652832661623948596e-03 7.4556489651319149750130499e-03 
4.8561571146195131909032594e-16 -1.6834365645720607322002233e-16 3.2229402598744783447656781e-16 -2.8965542708422005459256399e-16 5.4893906439153310194978275e-03 -5.6886457489827828987172254e-03 3.1842406506831823220782240e-03 -3.2516394931547806454452676e-03 -1.7728217028587360017122254e-03 -3.2116157831839681202623638e-01 
8.7456170662705292294381021e-05 1.5843340855075171286214797e-02 1.8211531694659969707732962e-16 2.5727556031252152829032246e-15 1.0499610533416430316333567e-02 1.9984323623940317138369949e-01 1.5612702006832672452230071e-02 -1.1566523712812788737824832e-01 3.2975818510729301060901438e-17 -1.0000080497802708155991591e-16 
5.3074742019924205788106164e-03 4.4243328301545960246077271e-02 8.6154871333335610039672048e-03 -2.5645145066133998718038711e-02 -5.9158013881275718485498738e-05 -1.0716462211265808182614201e-02 -4.4249205142280667988223601e-16 -1.4275699744129188647448087e-16 -2.1329068876498392972665190e-16 5.1580484256792503662833729e-19 
-7.9051073670547439969924497e-03 5.8117245449757631847731432e-05 -4.5511040325284099136715632e-03 0.0000000000000000000000000e+00 
4 (band)
-8.4329366999065724641582165e-01 (Ry)
0.0000000000000000000000000e+00 (Occupations)
7.5153823236510236549534625e-03 -1.6843957649474880500228835e-01 -1.5448449654641149830780478e-04 3.4623660170693959514665039e-03 -1.6901949801712974468380898e-15 6.9484263230774373624247079e-16 1.5424465788079239070285098e-01 1.2450972055573474028822289e-01 2.7886376780281280085560525e-01 -5.5567590411100181713166535e-02 
8.8152815378609382353379241e-16 3.6218347180457184574207158e-16 2.6783946077096359994484942e-02 1.6521719286297309459143889e-02 4.7899563538022743580668816e-02 -6.7243948445423751270055845e-03 1.1600368611566769239118457e-04 -2.5999471827040585014678697e-03 -4.9245278691794473585728903e-16 1.2693084833347090945516306e-16 
-1.0748372861555635121179093e-15 -5.6764944941823240244539285e-17 1.1057763382852064254491253e-03 7.2129093575479460986876745e-03 1.3743258773866035005184472e-03 -1.2382086149443971567762901e-02 -1.2560371306727527440649794e-01 1.1248146142772852407176742e-01 2.5818530648145515682401196e-03 -2.3121156215722415971924875e-03 
-2.6523586195281170376998803e-15 3.9694599752816900221372842e-15 -1.8960538919129105162042492e-02 -1.9731848104403162946773875e-01 -2.3481228056357983380308951e-01 -1.6036193748458488217423223e-01 5.8323678564770339120319406e-16 -1.8541436332697814431594282e-15 -6.9354281362530093013596399e-03 -3.0696039031167365179753048e-02 
-3.8317965039979529073832509e-02 -2.9518116951340919729140921e-02 -1.9387547569310603634562540e-03 1.7362062666938628610613371e-03 -3.4552823292746660491364958e-17 1.3309455534233783291054206e-15 1.2259666955245906126069216e-15 8.9295075205834508680206745e-17 4.3797555094648443763105661e-03 -5.8366552397625323655994123e-03 
-9.8082277043516873094031183e-03 7.6813734663190441631641647e-03 -1.2568156798648641436777496e-01 1.1255101518276855454558927e-01 2.5577260455941002934010520e-03 -2.2905103067059479071687633e-03 8.4751718869655292575542287e-16 -4.5833969360979735350202463e-16 -1.9387636718987660833235509e-01 -4.0574683166734779038442582e-02 
-1.3356227544605303592106793e-01 -2.5085725457553154083001345e-01 -3.3940000067712709320492462e-16 7.7939499339838380712095266e-17 -2.9863536268481566393617754e-02 -1.0220524405673891976675804e-02 -2.5126984039297133033397103e-02 -4.1429909516542719194465150e-02 -1.9394831041073742894376153e-03 1.7368559473408963066826116e-03 
-8.1532300542353868522264137e-16 3.9694412540330010282925951e-16 1.1899608904318052530975531e-16 5.4486165775539602549155456e-16 6.2796377701975882382190441e-03 -3.7203932371801216871798346e-03 -8.7205284176892078340515013e-03 8.9051104218755058189449514e-03 1.6834941111228293730839312e-01 1.1048227385418218915447142e-02 
-3.4260541857516757513479888e-03 -2.2483928862306740148468975e-04 1.4217830572767969768480082e-15 -2.1188868541208533498463736e-15 1.0665868412056217495731403e-01 1.6690798593984845776816428e-01 -8.5782027055205156695905089e-02 2.7094222157093900138491449e-01 3.8719004519296432922457362e-16 -7.9416510369501870128418560e-16 
1.3592136088039556002238228e-02 2.8487607027441734508510507e-02 -1.2020108875535024522962502e-02 4.6939532508121245557575207e-02 2.5979213503335126314586212e-03 1.7049325618503371288989245e-04 -1.1429728171534104097880570e-15 3.9987164207292982344992485e-15 2.4910245873046271183288935e-15 4.1295518201831797023801129e-15 
-7.0517516651190980184193968e-03 -1.8836068638861773461012916e-03 1.2463892149304198198045412e-02 0.0000000000000000000000000e+00 
5 (band)
-5.8390829726882664818532476e-01 (Ry)
0.0000000000000000000000000e+00 (Occupations)
2.2921108858271238561954419e-01 -1.3095187392340240650767669e-01 -9.1403876212103885023907424e-03 5.2220445629982958912762570e-03 1.2959961782238916369399790e-14 -4.7815201255339267172712660e-15 -2.3529367758430841384154064e-02 2.0942376221256761570366223e-01 2.0841019231132212885526656e-01 2.1989331391511118818371529e-01 
-5.1746095430152456528782471e-19 -3.0424557299443254708155318e-16 6.5845650907930958206648597e-03 3.3677613012469687081562597e-02 3.3407959607808873636614067e-02 4.5667412502848947486455700e-02 3.9988025859090531310968686e-03 -2.2845846358897962079248511e-03 -5.9826569076657572635577398e-16 2.3238993149611358604711909e-16 
5.3457883971991721643008039e-16 9.0643636083709053730681082e-16 1.1507146954023245166709444e-02 3.2421496797578108761683779e-02 1.8857395869836077184622525e-02 1.1676019905038911156358594e-02 2.5393213219120047696719666e-01 7.2142835085314549470325574e-02 -1.0126202308964160625492923e-02 -2.8768840925376577832839331e-03 
1.4579290301600230615769905e-14 3.8143605216449783410762508e-15 -1.6609019260251248195636720e-01 1.2971503863330574590762012e-01 -1.1290793852613903447412724e-02 3.0275467913474102266135901e-01 -6.9214882913481347855625014e-16 1.5624854642735276405356132e-15 -1.9454755603151088760860432e-02 2.8267483087004337261038955e-02 
-9.2537939594262257070322875e-03 5.5820888807144447563146628e-02 4.4300888820622830177597962e-03 1.2585950804924195267631148e-03 1.2697606209656066059787590e-15 -5.9243131287190088580823449e-16 -6.3599973300030557441086465e-16 -4.7174652661371837994854614e-17 -1.5113144814582465946806167e-02 3.0905674874206617852578916e-02 
4.8516313603957153532952873e-03 2.1642377248291207875174891e-02 -2.5394480407534114618783860e-01 -7.2146339692707395219173350e-02 1.0141134938646483021340572e-02 2.8811196707562991559115062e-03 1.3097522454635981152131983e-14 4.3801881545510231912830484e-15 -7.2834940850058482730844389e-02 -1.9763443016650528161193279e-01 
1.4945666680882058185986239e-01 -2.6357080440021829481622717e-01 9.3415400005765969081787133e-16 1.0595244612361484831395630e-16 -1.6612027182053845653086910e-03 -3.4282863861575335606701742e-02 2.1472500891367936326492583e-02 -5.2377683610413866555077789e-02 -4.4274849733112586064320837e-03 -1.2578651883293906488248126e-03 
-8.0984969090100891345247077e-17 2.7935403182434733712194687e-15 -1.0852805087157423970294090e-15 1.2297207707586041962049315e-15 -3.3811358899621668516743966e-03 3.4223158242144176288679347e-02 -1.5517896861185974735630744e-02 1.5846354537848918175857449e-02 -1.2612928129790212938843297e-01 -2.3191477367171062229367351e-01 
5.0368990569772537080339703e-03 9.2613776669963066012769559e-03 8.2190861096170434474233163e-15 1.2659699724076300132580766e-14 9.0244462872387395946383037e-02 -1.9031614097798357776447631e-01 2.9288348964807398022713869e-01 -7.7628124267885414977463654e-02 3.4507297624543419232304112e-15 2.4747749317382302335441163e-15 
2.3331886963571635273950733e-02 -2.5173347011094703712386078e-02 5.2445945663226786748190023e-02 -2.1305229837107145934860242e-02 -2.1990386150978350268681005e-03 -4.0433992123256124254226940e-03 -6.1485815182082816590357257e-16 -1.2957286490822113174701571e-15 -4.7397930836663094399171388e-16 -8.6166006442292425783819711e-16 
-2.6817168404549045906959392e-02 2.1528960001248768213466533e-02 -2.2179090944706887633675052e-02 0.0000000000000000000000000e+00 
6 (band)
-5.8121810001600182626901869e-01 (Ry)
0.0000000000000000000000000e+00 (Occupations)
-2.0158935290681058537578962e-15 -3.2176536830590407370073208e-15 -6.4591273613957167914547398e-15 4.4737322592946485127721223e-15 -2.6812323051175634969212069e-01 2.4772557325425426100196091e-01 1.3479560423302989003555800e-15 1.6188088472472637378589881e-15 1.3654559945359082349639436e-14 9.5738733974884977015638155e-15 
-1.5433461558815766978547401e-02 1.4259350036462892230559873e-02 7.5579418201780644144639357e-16 -1.3394621226725718911937842e-15 2.1431003116320250221384542e-15 3.5613548053844404161917339e-15 3.5334637344539218351454854e-16 9.8329295248048526775394783e-18 -5.4093539952618785449089955e-03 -1.1098638645554638471057984e-02 
-1.5387702505978224226668161e-02 -1.3622819232955198087697823e-02 3.4838289429503033449702624e-16 2.0985285898128017893284661e-15 -1.7137495830269344000235854e-16 -2.2231812985504796533154803e-16 -2.1717256860046454018703124e-15 -1.0294834870753276966808196e-14 -1.0023550436771087461279722e-14 -3.8995577697228023748139637e-15 
-3.6458914926707852721676772e-01 -1.8242220832862497681414737e-02 3.3947318422093898613787981e-15 3.8619795506527435229881306e-15 2.4340878405011140995571082e-15 1.9913233322226495752854959e-14 -2.0986143300381912557561748e-02 -1.0500421542062460256161671e-03 -8.8817551400980491707534828e-16 -1.9096218867064687538600758e-15 
4.4996807806893165581249747e-16 2.3216142609096886529508768e-15 3.0240292789994883902121293e-16 -7.3021450618395012023772669e-16 4.1449474060958621871031404e-03 -1.1630146234306014754733560e-02 -1.0330791782686699065152425e-03 -2.0525480254495111209767089e-02 -1.3680941300170202226978496e-15 2.1272136946477288707274371e-15 
6.6897071783979145235177933e-16 5.0017821502526889139885514e-16 2.9538678837445243198659425e-15 1.4580330961089341014887484e-15 6.0334668035601777670228955e-15 2.2967764299605759584055441e-15 -3.6462472410171986592075655e-01 -1.8244025311402924799386582e-02 -1.0126381751384075354482123e-14 9.6220583032266962144680778e-16 
9.6540787751715743905620098e-15 -1.0610623464323090098510319e-14 -2.0949785898813376439075995e-02 -1.0482238374200023023341544e-03 -1.8685802792411134749750902e-16 -2.7553737873837575508627540e-16 6.5027834700476820036754313e-16 -5.1152405048936400306649408e-15 6.8113795083814186901621001e-16 -3.8532509992099112962465748e-17 
-2.9628187304001820517873611e-03 -1.1988110488998339822619421e-02 3.0767541852801628607383400e-03 -2.0323868971024425938987079e-02 6.0824817884556567257619478e-16 1.6947825011640498999426523e-15 -4.1582241992074657478375919e-16 9.9389219766413519511991032e-16 5.8786214109227193627008916e-15 1.4346033028709344253066050e-14 
5.2732048702300473083812652e-15 8.7117750411476007634792790e-15 -2.4207969486900091093950493e-01 -2.7327907936385259501932410e-01 -7.1602505504569068971393067e-15 -5.3015494901692457944275189e-15 1.5849926763014339046666849e-14 -2.6053365088652568048988990e-15 -1.3908869892277183483164649e-02 -1.5701453459446002708377321e-02 
5.9899934818240243981063469e-16 -1.6812143670212091180543682e-15 3.1712600030050040819794782e-15 -1.5455740667663396804869518e-15 -2.7813988107001077537534967e-16 5.6542141329458465073132682e-16 6.4922017737250167432327963e-03 -1.0504494469267723275041071e-02 1.6673541234488283013792653e-02 -1.2021609250420709283369014e-02 
-1.1811937984809273125584294e-15 1.6785385557360544774997304e-15 0.0000000000000000000000000e+00 0.0000000000000000000000000e+00 
7 (band)
-5.0459141708907440104781017e-01 (Ry)
0.0000000000000000000000000e+00 (Occupations)
-3.0320520389442794095824496e-02 -7.8878768972898499756141177e-02 -3.3923708565621046862048615e-05 -8.8248805211285641370011490e-05 4.5859375487676669091179361e-15 -6.1584332737642189888691803e-15 -4.2539411247369179891464341e-02 -3.5184185131636919185993406e-01 2.1099755958076182871252513e-01 1.3177602394117629569514349e-01 
1.1069544530566012809008898e-15 -1.7220703662705266821716246e-15 -1.4851792540712727141993810e-02 -5.5860640914846652893555046e-02 2.1899212869828061506227712e-02 2.7180417468521400614633876e-02 1.6172990948789302267929457e-03 4.2073701664098323016460768e-03 6.2040278181358991540712767e-16 -5.9819242883850833974782012e-17 
-5.8009641465317015782844548e-17 5.3296770418397001496865190e-16 -1.1770409625003572240409255e-02 2.4107184847351657841496575e-02 -2.1944003484046653573713570e-02 -2.5580650579623623319669434e-02 3.5142568846327458531586529e-02 -7.6851766448462588421364217e-02 3.9316185075549681116058309e-05 -8.5982016807484296094798992e-05 
7.0330640824395349899860930e-15 -1.4861760864324936392368680e-15 2.2161812371815242661554635e-01 -2.7656409218597954868812394e-01 5.3476888459166149747403551e-02 2.4295084489566015628625451e-01 9.5528937839428260193535604e-16 -2.8295990732535584308765478e-16 2.9519647014834810017092082e-02 -4.9694842641954575790386173e-02 
-4.0975892683974418639891724e-03 3.4663530983843282573531042e-02 -1.8744861493418174189229397e-03 4.0992586836422553742131925e-03 -7.1459643112920662776612189e-17 6.2554175760273550854717529e-16 2.4618641621790225285261562e-16 -2.4601642843796543209875547e-16 -2.5459249073058638768163320e-02 8.4572773775472495638716453e-03 
2.9232611818170986181519844e-03 -3.3576234408396465891399885e-02 3.5928489196064235244865159e-02 -7.8571276713496507326794926e-02 6.1829260787498591112054669e-04 -1.3521214232636441510138070e-03 1.3089139371388068254108164e-14 -5.1348372641847770705998478e-15 -6.3811771434928291069077488e-02 3.4649960988419425955697761e-01 
2.1751740376642345053959104e-01 -1.1774529051730475703863021e-01 -1.2263223456138502873098610e-16 1.9845947650429904538054476e-16 -1.8776340539636199311601672e-02 5.6270737219721311817011156e-02 2.4130505373599786533844735e-02 -2.6464640161309421761970384e-02 -1.8766119630642130473169304e-03 4.1038991595653672578292159e-03 
4.5175504867445904701020469e-16 1.0598260566306820139591843e-15 1.3220319768188837351326326e-16 6.1325160532714590530647250e-16 1.0337452145933710007108530e-02 2.4547826255846789955672449e-02 2.3287637721170366400524898e-02 -2.3780552672813242559568536e-02 8.1274877383889304605091297e-02 -2.9303517989176179614485562e-02 
1.3986504878888694758387601e-03 -5.0427661555271091620156199e-04 4.4700209193713352882049179e-15 4.2466202597097586667356663e-15 -2.9221126191626761725572692e-01 1.9684130723218573599808678e-01 2.3631474657485240786769509e-01 7.3028179023914230327818586e-02 -1.7979996129313007262800848e-15 -2.1254355452913954504327342e-15 
-5.3341021548792361128832340e-02 2.5955389641490699687009780e-02 3.5791492369438598908359950e-02 -1.2757517084282935567601802e-03 -4.2451204242805818181438759e-03 1.5305598175715516041928144e-03 9.2392819159090893958262278e-16 1.9635171712959080768522771e-15 2.7385471150072010425991068e-16 5.3474783534009968645040791e-16 
-1.0306014901399910069224042e-02 2.4561041256608993205157176e-02 3.3284061591951311087633769e-02 0.0000000000000000000000000e+00 
8 (band)
-1.8401519289544815416448387e-01 (Ry)
0.0000000000000000000000000e+00 (Occupations)
-5.7490219629253764075133475e-15 7.4148792718001352593741088e-15 -1.9711418736638735231211218e-15 5.6098435229018380697945920e-15 2.9300611443337721412349950e-02 4.8386117483776491798863617e-01 2.1352288714349001157053306e-15 -3.5812096934844543559730505e-15 2.8017624242678139692225954e-15 2.9422677952458820135832444e-15 
-1.2852952285179186642238847e-04 -2.1225344916869365308187412e-03 -1.8634992022974380261959186e-15 1.4158635288352421907211045e-16 -1.6255297317004467336811188e-15 -2.1109763237118857018373403e-15 -7.7975720228087759782600314e-16 6.6395030900297567669884723e-16 -1.3033233997800812431488993e-02 3.4980432831005867089224637e-02 
-2.7302435499040864086417457e-02 -1.8115373276572949157170456e-02 6.3692897364024555074574753e-16 1.0295272927894240748532353e-16 3.4772425251849176891630559e-16 -7.8325381694799276720095528e-16 9.7380336525162630836379193e-15 -4.9288097848747270680950623e-15 6.3517274015218839139747582e-15 -4.2495077978534001235358901e-15 
3.2520502644647375500852604e-01 -3.5947441233039256758274860e-01 -5.4988483123551356665235917e-15 -2.7661163625334697258919362e-15 -1.7032288839769141364332184e-16 -2.1704464373644206918055074e-16 -1.4265655104519631146686720e-03 1.5768904055264987285056577e-03 2.9502675987647268038044637e-15 -1.7384541436191653688108807e-16 
3.3244850583919435409398097e-16 5.9922276318162492677071823e-16 3.5063092235951607204986188e-16 8.9696677717481659321816663e-16 3.4111439614870495140586115e-02 -1.5162636871169487412513988e-02 6.1595739405087227696933283e-03 3.2181506832345191382316330e-02 -2.2302947454942443643971033e-16 -1.3930347887231645328023556e-15 
-1.5071479487661353812210723e-15 3.1484420567346262083135582e-16 1.3545155827199232337663657e-14 -3.0493927181572378264220193e-15 5.8087074043771518631628733e-15 -2.1647792022261621130486684e-15 -3.2518754866755844590286983e-01 3.5945466418996285806741753e-01 4.8179682890119682670987599e-15 1.1601233170172035178264370e-15 
4.7353193757388379676382299e-16 6.5646762259127222232532395e-18 1.4131491897637592225489556e-03 -1.5620653938724984866048828e-03 -1.9611590604846689153823201e-15 4.0830038170413112907672720e-16 -6.9141898541042834182882900e-16 1.9864841002902680144734166e-16 1.4477997016182497689919930e-15 -8.1136054996761423635413058e-16 
1.1678567776307562445237131e-02 -3.5450404543218329289633317e-02 -3.2631956756430720301143111e-02 -2.9157604340146522220456049e-03 4.3660805839542991313519150e-16 2.2827106126786204519432924e-16 -1.8855755834577721677492487e-16 -2.8782174340737916328394920e-16 -1.3762989415383814091139539e-14 -3.0637471949011697792518717e-15 
-4.0452635313917233386976087e-15 -3.2859830534629077242418781e-16 4.8434234372288614833834686e-01 -1.9159631869074024435040116e-02 -5.3061515510317434530123851e-15 2.7723114007302071471814535e-15 5.6505131114634085878407126e-16 1.5270816818001975952412770e-15 -2.1047817304674391533647615e-03 8.3263403414088503549754516e-05 
1.2619038587986198149237737e-15 3.6789412446619926788890070e-16 -2.9242409541139927375969491e-16 5.2986082543073466453247787e-16 -1.3182737396647115722483010e-15 -3.3168354014577802069136507e-17 -3.3499411269534012935977785e-02 1.6459330854511167868681198e-02 2.0748152703253287809648242e-02 2.5354692269175006791304128e-02 
5.1219698004964535558524613e-17 -4.4489786290755855913407495e-16 6.5961459437989147475352177e-16 0.0000000000000000000000000e+00 
9 (band)
-3.9983995395598416477955794e-02 (Ry)
0.0000000000000000000000000e+00 (Occupations)
-4.0364795169884262238222660e-15 9.4710405369691601823850468e-15 -1.3896555985063275593971698e-15 5.0426098223131249086081595e-15 1.0706142171176957766931537e-01 -5.1196128433748044894713303e-01 4.3217212411024576864536622e-15 -9.0203861044316996166896265e-15 1.5757799298449219285826682e-16 4.2535982470851745882188079e-15 
-2.2808892585103324179840456e-03 1.0907082066583431712025742e-02 -1.9936907540233812475138913e-15 3.1699278883693876335085918e-15 -1.4858226401973563047242718e-16 -2.2468250251950904052204207e-15 -7.2457031902315176575238537e-16 7.5724267031445580001805419e-16 -2.4966487350486260554660589e-02 4.3893427768052301063406162e-02 
-2.0471772232299526028675984e-02 -3.2678076638238462425789521e-02 1.4121097621302919819872696e-16 4.5259761641894228731944776e-16 5.9030551788051321078058026e-16 -1.3319782086208474248659789e-15 7.1570694654599874124839585e-15 -1.3826901604128846325900739e-16 2.7845530766863527835446693e-15 5.4633591876036352623125865e-16 
-4.4068930262141176035228796e-01 2.8170808159244953294830793e-01 -6.1027541341045624689419817e-15 -1.3946661776620668763021070e-15 -2.2652244376675179125347602e-15 -3.2181629761195672451394588e-15 9.3886667485643879316192795e-03 -6.0016524142359750637609750e-03 5.1434890726324261333117094e-15 1.2662532925436788488085963e-16 
1.2300249063399188244773457e-15 1.3488340631959624040239630e-15 2.2864362935958414038949540e-15 -6.3323495991871452124975363e-16 4.8828790895210305578189036e-02 -1.2872749184344211073605102e-02 -9.0242444317048184365681607e-03 3.7490174226622208220049970e-02 -1.2317210028047042716020986e-16 -2.2018177598277991194653240e-15 
-2.0765207249924406754822465e-15 8.9796924295558099141656232e-16 1.4531144186654371211765746e-14 -7.6195248141151942120212072e-15 6.7843648608595984321474306e-15 -4.8886780090964718068794490e-15 -4.4070792817929893558925869e-01 2.8171960224002257078268485e-01 -1.8668545833719550921647033e-16 -8.2075526029805316083698811e-17 
-6.5040844456702830414632034e-16 -4.3891519320676592441687793e-15 9.4111361367964375262973320e-03 -6.0160042518778572562254681e-03 -5.4677653138213125879498091e-16 8.8934475451804533437850625e-16 2.2122630812800522644064549e-15 2.9139271473659572686288098e-15 1.2107202194662370285086944e-15 -1.1619113051330547457140237e-15 
-3.2184243208917391598777868e-02 3.8916634812499552309450479e-02 3.7818334318881360878172870e-02 7.5503380395397076338404041e-03 7.4255887067635828308641743e-16 3.5612195056880056331125006e-16 5.8581138391785529739698972e-16 -8.0633153441968507449251153e-16 -2.0845030130193303461699333e-14 -3.5637666847478214126716893e-15 
-7.7864531231473092537659463e-15 7.7911045479528923403834377e-17 5.0962814034755155034872587e-01 1.1776489634977645171165506e-01 -3.5529282145005329702394280e-15 1.7494924874940122512120162e-15 -1.6059751996383808293610115e-15 -2.1862655413975403979408628e-15 -1.0882897626223332621098194e-02 -2.5148220217705028259325140e-03 
1.8922745968504363909845580e-15 -7.0056829116552095916629160e-16 1.9249154030574487241424516e-15 1.6556199426801557948034750e-15 -2.3290190528815482558730503e-15 1.4428371070387144439511325e-16 5.0323007471887018504652644e-02 -4.2337802310287659182663766e-03 -2.1065591873527370059271391e-02 -3.2302861393134409129235252e-02 
4.0802461975155227926226937e-16 -2.9453215368896103180326931e-16 4.5979106300552369152565886e-16 0.0000000000000000000000000e+00 
10 (band)
5.1090684662384522329858783e-01 (Ry)
0.0000000000000000000000000e+00 (Occupations)
3.4052222288790627076101741e-15 2.1480485707661096522245184e-14 1.7682092112757408626553563e-15 6.6338749844677048097409369e-15 -6.0307319501766515346119490e-02 -6.7685506547817952949230857e-01 4.4596816784091046221023973e-15 3.4068507096554275299098373e-15 -7.1463387983853085173089903e-15 -1.2452526042156776823421571e-14 
-4.3374735645958228946739155e-04 -4.8684447021201116001520859e-03 -6.7603233565314166193860130e-16 -1.1436143045648758354440016e-15 2.2707920192077958993848262e-15 1.5731477852844805362760518e-15 3.0303722801610964000542682e-15 -1.7058349874865963079682981e-15 -3.8923195269731369894117279e-02 -1.8456714987984706999313289e-02 
-6.2847533201405000879979923e-02 1.8276107473792341934215600e-02 1.8765744071915664664874045e-15 4.6980529194960710735147150e-15 9.8748713287017053648643052e-16 2.6486942204867872135354361e-15 -1.1386136884762475396162889e-14 5.2294644367746920653424673e-15 -1.4554718409747492982995694e-15 -9.5181731528133643750031888e-16 
4.4139963169410040277895746e-01 -5.1665860835688814933774893e-01 5.0388962844218444079168510e-15 5.4869511854827619021326879e-15 -6.5013552280949613303337881e-15 -5.5528223446262153622365963e-15 3.1748936073088002834952093e-03 -3.7161729196897586025016835e-03 -1.0622329901148768441525040e-15 2.0016246379566644048905079e-15 
3.7274998438653710585200305e-15 -1.2644963034561477472320920e-15 -1.2032927497381634307607606e-15 3.4832504760148433871257788e-15 -1.4046314214429176520093634e-02 -4.0723046486514896669106633e-02 -5.7029894505332745513470627e-02 -3.2115723043483451748514312e-02 -2.2057402763907015993698717e-15 6.6552355478904680627969370e-15 
2.4279471711948237710395844e-15 1.0187873412392283211608572e-15 -6.3591953802821074232581239e-15 -1.1840890954970867007170014e-14 -1.8932143175279101586869565e-15 1.4074887345145071429843538e-15 -4.4140412010468704773202830e-01 5.1666387992490747649299010e-01 -5.4206624447879222038867781e-15 -5.3798027743492077648525365e-15 
4.7368386501983150166763516e-15 -8.6458893236805519235739340e-15 -3.1857606220313354483675283e-03 3.7289780112166326375700010e-03 -9.9619093593717183497930634e-16 -6.2049362696508021286405033e-17 -5.5307111689632934738139798e-16 -2.9550115741160533328534395e-16 -5.7557473747326307592159472e-18 -1.7915296062951925752976600e-16 
4.2412286933134119015775809e-02 7.5171582459091709771392686e-03 4.0625292282209304883799916e-02 5.1311278467732278352197994e-02 -7.6159968413238784796882273e-16 -4.1942215823019326607242362e-15 2.4979137798163252816210969e-15 -2.4020965064131772209187602e-15 2.0957276719273583176120769e-14 6.9267184430604767555067079e-16 
5.4108333177290286063811928e-15 2.3122186493502288576436455e-15 -6.7797650794456154610401200e-01 4.6119591712658884741227183e-02 -1.1352833611639098012909830e-14 9.2908075543324158505929504e-16 1.0515025396470387066468417e-14 -9.0260440065479015893675019e-16 -4.8932128308239800085210902e-03 3.3289028412729977819684013e-04 
6.6317139370684401500267697e-16 -1.8051573230322428944986578e-15 1.1801787549386658745723971e-15 -1.7630830591860385630811786e-16 6.3478139029520628413829482e-15 1.7760715972157976672374429e-15 2.4303518162103115302086209e-02 3.5561900342035962507836189e-02 -8.2364789095569646698580257e-03 6.4926281937135801869409590e-02 
3.2949090168152181579894112e-15 1.5542023664222726369605985e-16 0.0000000000000000000000000e+00 0.0000000000000000000000000e+00 
11 (band)
5.8314611029888607784954502e-01 (Ry)
0.0000000000000000000000000e+00 (Occupations)
2.3591765676448239741347379e-01 -1.0705328902902000454133713e-01 5.5385343714308157836434532e-02 -2.5132305649223252164148334e-02 1.9039443797042425678945672e-15 -1.4507608549028665456953780e-14 -1.1219338103235017289893705e-01 2.9545381414793397967244459e-01 2.7722526499513266973195869e-01 2.9715747514923940286735160e-01 
-1.4253524967735383099566582e-15 -8.9932034630573728723737733e-16 -3.0557809518394506154148615e-02 1.7234953496307187092995150e-02 2.0593208123828796174414890e-02 -3.5182044614681939886935425e-03 -7.1267097467641440933228125e-02 3.2339036037267981926746074e-02 -1.2726627886258594706181615e-15 -2.2508666556348007489883912e-15 
-2.1840718892497436437854068e-15 5.0494277980655155417010740e-16 -3.7822014513180846062567753e-02 -1.2965739601673292868966314e-01 -6.2072915377476001186352050e-02 -5.6356077683111460707721108e-02 2.4154958610139798391713839e-01 9.3655458566975366418994042e-02 5.6707440362915528808684940e-02 2.1987162006086496957024679e-02 
8.2920968299715502862877856e-15 -9.6504532801001481194509330e-15 -2.8959127404852574860782966e-01 1.2655909701397535793709892e-01 -1.8346542529282354461184212e-02 4.0598006966588073840540574e-01 -6.5163376354405288503890314e-16 1.6223207886635116153991228e-16 -3.3694082495038926716723893e-02 -9.7740549108167318337336837e-03 
1.6921973757859941345227384e-02 1.2251725903004329065737465e-02 -7.2968333219441183778997129e-02 -2.8291956108731818736456987e-02 1.0313059950931006935033516e-15 -1.9692258610605227184196709e-15 -1.3903605359644793660115740e-15 -1.8112869492796016217932032e-15 6.6173990137683005863245000e-02 -1.1773932288294049197663327e-01 
-3.1652654992307127646000708e-03 -8.3779683752112255046284872e-02 2.4032525536158838574962715e-01 9.3181833032243421843787701e-02 5.6178005885876521052768595e-02 2.1781891326133423492095176e-02 -1.0399876996946423799545069e-14 9.0079259592984884396242071e-15 1.2803896335338624257182971e-01 2.8867239432738622806340345e-01 
-2.5995618212688359482953615e-01 3.1262172690351963666444135e-01 -1.1579945401457030818792624e-15 1.0658300707868390476422532e-15 3.2084127013351684820641196e-02 1.5646913903601317175073859e-02 -2.1044885158264248214976533e-02 -2.6130826273692495109735034e-03 -7.2922883632940471709815711e-02 -2.8274428699786337271238068e-02 
1.9840599982760420529599473e-15 -1.3252326417289176113152269e-15 2.4084857292383064730159798e-15 8.0867639877483029985006214e-16 -3.0628883908376553640851014e-02 1.3156347086759814790646317e-01 -5.8610939550913537798848552e-02 5.9851520874800626104139667e-02 1.0157089705520541689232061e-01 2.3690174174805939122379073e-01 
2.3743125002633647113725601e-02 5.5377641247765591048235478e-02 -1.3203854156623880640599212e-14 -1.0138335867009521332534262e-16 -1.1666437027202961052019248e-01 2.9345383298289851037310427e-01 -4.0524149370355150301392655e-01 3.2998371763306950932292949e-02 -1.0005868158763729294705051e-15 -1.3241406069364674948928425e-15 
1.1268794981617197628609439e-02 3.3870804250527887513388947e-02 -1.2857358505014203353677971e-02 -1.6864273610666134783908632e-02 -3.0820161529984364118250895e-02 -7.1883989308528392636610249e-02 7.1719056042943026069968016e-17 -1.3996854800043644681073619e-15 -4.0024919373182172876741297e-16 -5.3266191375896176771635940e-16 
-1.1542841279850712954413439e-01 7.0166636765760292959726030e-02 -8.3770202256333484158723479e-02 0.0000000000000000000000000e+00 
12 (band)
6.5441468310888906145805777e-01 (Ry)
0.0000000000000000000000000e+00 (Occupations)
9.5021052825038518352407380e-02 -8.7064941553028740717223855e-02 -2.5230903404534471556885933e-01 2.3118197891778508035187656e-01 -1.1089810173054615176683303e-15 -1.6834250707560517098613775e-15 -4.7860175559582385229617785e-02 1.3611487142050265886084048e-02 -7.0892231956259932346142705e-03 -4.5807552284514274631987973e-02 
7.6345668143383909456414544e-16 -1.5563626626611290058861923e-15 -6.1077290540192397116925349e-03 1.7275827973871199505495611e-02 1.6956700188707457543912938e-02 4.6636947921548377316014466e-03 8.8067053156638805400113768e-02 -8.0692737737358410932131392e-02 -1.8721636901840102481594250e-16 2.0165689140898463532935792e-16 
2.0265418642220319331056937e-17 7.4408057955303619125277146e-16 -1.4521259059043223338392181e-02 -2.8860587610583368634031842e-02 -2.3349292108658790956265960e-02 -2.8803260629787635904719423e-03 1.2868826933268365242390985e-01 6.9737983746306630994382658e-03 -3.4170458956354216040196548e-01 -1.8518355986629653209263324e-02 
3.8873618753211578772528884e-16 -4.0599364804756461496144218e-15 -4.3211046003706572726787982e-02 -2.4671329313159282015099905e-02 2.7768175042504755767325264e-02 -3.7114921347427998199464128e-02 2.7380666526062399896450933e-15 7.6832454281174382707573174e-16 -1.6616461217635568325956541e-02 7.7234579679605619428883756e-03 
8.5318989841956793807042914e-03 1.5378115298294081636498731e-02 1.1927004515937453255070011e-01 6.4637530062049905477117306e-03 -3.0847741639481386580889271e-16 2.0158810457186145578656235e-17 1.4023009926374361328209249e-16 5.1079627559989481465404658e-16 1.0460108741769544304922590e-02 -3.0567738009189104886331734e-02 
-1.4278729436424364082625083e-02 -1.8697689854254601060645768e-02 1.3078308793512194441177598e-01 7.0880003619547826687607994e-03 -3.4148285518088722367835430e-01 -1.8506304012021385085873248e-02 7.8509187798135677178584714e-16 2.0691917239148311934447761e-15 4.4670481154182643812600162e-02 -1.9991831985555576223223540e-02 
-2.3032726282330405476184154e-02 -4.0011859685816969500748996e-02 2.9851050706573532614737045e-15 5.5871741920450655552024575e-16 1.5322185709785452953357598e-02 9.4743137662891968586720282e-03 -9.9368803153402768257862476e-03 1.4411757333232119715482611e-02 1.1910550441121134368493983e-01 6.4547692422937900241786124e-03 
4.2263492542446744309415386e-16 -5.6966161990247103139778154e-16 4.8097365565195975171302866e-16 -8.7436349796578719496421531e-16 7.3356511717563386426599337e-03 3.1447801075478981625010988e-02 -1.6622614502749582382490345e-02 1.6974455051022820789574652e-02 8.6439949583332162386106745e-02 9.8400157291550910398925112e-02 
-2.2570078658678066618747948e-01 -2.5692835305740424622911178e-01 1.6322695390431662321012419e-15 5.2601888197942526543975983e-15 4.5537915837598703927557864e-02 1.7928286417085926435222021e-02 1.2472226391442600007541941e-02 -4.4451085075110627342631631e-02 -1.0394379885488845979961285e-15 -1.8407941098474955654427565e-15 
3.9512332947864350213285078e-03 1.7576113100380715004167342e-02 -1.7249277755566307795964676e-02 2.9837487737150551747600247e-03 7.8721998820054053802586225e-02 8.9613794299734900183906916e-02 -1.2235300846107710682076537e-15 -3.1157566010525299603316394e-16 -2.6858827474109088798349383e-15 -1.6656072027190834090993414e-15 
-1.7336108497117880961058134e-02 2.7243995903186383339411591e-02 -2.3758018376668566667975213e-02 0.0000000000000000000000000e+00 
13 (band)
7.0749781287089197334694290e-01 (Ry)
0.0000000000000000000000000e+00 (Occupations)
-8.1582722128038437370278757e-02 -5.6064418331211185453355483e-01 -1.4434891656798787273885409e-03 -9.9209570221065745965205451e-03 1.6196398284703360463111777e-15 -9.1886569994525197341100605e-15 -6.3115571410258641815715919e-02 -4.2486739583716537360658094e-01 3.3574875445260221606957884e-02 2.4607417440924733709195493e-01 
2.9817695995216253862855546e-16 -1.7632737633012614708870990e-15 -6.9576580939489651722595909e-03 -2.3819500572199669985451465e-02 -3.8678094292748932403469553e-03 1.4920144793666323401737372e-02 7.9284268742155286635586720e-03 5.4485250534401910571524752e-02 -1.1561970070842747197539105e-15 1.4799571634877329465520201e-16 
-1.5790959821920654785147076e-15 5.7538125491335720233848544e-16 1.5987009853020355681918474e-02 -7.3085923102257158157080141e-02 3.2523221960064963020897721e-02 1.1817977859786449323920010e-01 3.4348451204339452980107694e-01 -4.5055080825345938944082036e-01 6.0782962958181446788685776e-03 -7.9726635038994131399192611e-03 
8.2094032369610370654053132e-15 -4.8245639882596873684885600e-15 2.5939649523385110985174151e-01 -3.4235849289934788819422806e-01 -1.5232216525164204989906125e-01 1.9615741012106971408179845e-01 1.3406409075305741408967897e-15 -2.0390465467433949283918104e-15 1.2150364095446009038425927e-02 -2.1636687963023898406689227e-02 
-1.3366200296384786461167948e-02 7.6756341811032857691543541e-03 -3.3380993314462023557886994e-02 4.3785976794360990937970968e-02 -4.1955752470844185080838052e-16 -1.4022219058089132436585169e-16 -3.0043955004956042209600186e-16 -1.0708829515711281364832695e-15 6.3403420037728114300179527e-02 -3.9713259338269954468181311e-02 
-6.1680916963962398313903179e-02 1.0592301222391650727949752e-01 -3.4279431470370053114393727e-01 4.4964477681926318108907026e-01 -6.4813664651263876159692501e-03 8.5019142186278234829543976e-03 -4.3869579954608345567026095e-15 2.5461547440697626985251035e-15 2.6232389722181004287904216e-01 -3.4147729799235598813211823e-01 
-1.4876111053549398444140195e-01 1.9965310725652940515573164e-01 4.4921017888572581019303254e-16 1.5125553652094570808924938e-15 1.6682497340319124567997733e-02 -1.6703138495304161587062808e-02 -3.8825092398751190336803063e-03 1.4050899576254494149907259e-02 3.3690574536423559259823435e-02 -4.4192155115524114905589670e-02 
9.9976437676096404218490544e-16 2.4897043027085588703141535e-16 3.3951371096867370349976162e-16 1.5652942890345019528626011e-15 -2.1621676281690333648599633e-02 7.1710624057395394581604364e-02 8.5895391189874242821034045e-02 -8.7713485541116353871871070e-02 -5.6109952390596806726108525e-01 6.9682794049159765825685042e-02 
-1.0609159945760018861626861e-02 1.3177184377820261827751747e-03 -1.0705807552123267996591507e-14 -1.7931333801843329241013015e-15 4.2751461435297488655749021e-01 -5.1495889277050482801811881e-02 -2.4672938607164299207319402e-01 3.3404210717152521548101163e-02 6.8886735208489122832667499e-15 2.0346341687394437879048489e-15 
2.3606067936275350327424150e-02 2.3261489915139127448995282e-04 -1.2755433255284692739550678e-02 7.0569525554491606411655624e-03 5.5146147407559457931380820e-02 -6.8486358095908462378931247e-03 -7.1674821707055456242765808e-16 2.0303667499677455379550603e-15 -1.7695227512354223486745795e-15 9.6717905277051070196001802e-16 
-6.6363175980412844601197264e-02 3.4725197792441396538176690e-02 1.2276674538910603562413826e-01 0.0000000000000000000000000e+00 
14 (band)
8.3422854777355925914861245e-01 (Ry)
0.0000000000000000000000000e+00 (Occupations)
-1.4435137674140674501899184e-02 -6.4547961936253717141198649e-01 -1.9168238397201126793634174e-03 -8.5714553181284736105283173e-02 1.3634558844161084525440633e-15 -5.6056007614501843750831346e-15 -1.7030078629038600257494807e-01 2.7573325308533774835595409e-01 -3.0857344200178943305346024e-01 -1.5032032434145170540773506e-01 
5.6935830732711832762241881e-16 5.0296536088772451707988092e-16 -5.1289572925831139471597453e-02 -4.8108025111993912847907495e-05 -8.8647093599089399340584805e-02 2.6735353834918818005661478e-03 2.2847220308229530122412498e-03 1.0216411409186985925767743e-01 -7.9383714426239870330132033e-16 -1.5659611886524643424195769e-15 
-3.1493648628659094566384197e-15 7.0185620706961427535612395e-17 1.1468518534867230829199514e-03 6.5861470062175991868613778e-02 -2.7458750894831795985595591e-03 -1.1438717813261391198498274e-01 -4.5107781661164736419777910e-01 4.6193193824728684404590240e-01 -5.9899575119182257854077989e-02 6.1340848879347487088153912e-02 
6.2823425024270273927798234e-15 -2.7407711105284933796462743e-15 3.1615709321805263165572342e-01 -7.1245189845005829631929828e-02 1.0849776031507188389646501e-01 3.2564091423767027588809242e-01 -4.0689736522187317062353493e-15 1.2346326304823036676484226e-15 3.5851062060096972050615705e-02 3.6678658024240307078400747e-02 
6.3933289628762823841867657e-02 6.1465351802916734502701956e-02 7.1394932103477554141690575e-02 -7.3112856823372332493171655e-02 3.2070289803378557705371723e-17 -4.6344737811162254194363027e-16 8.5672893215584110366781094e-16 4.9877006644209808779441990e-16 4.6253810797261707410399367e-02 -4.6900250475405774741588516e-02 
-7.9805325531774898295545029e-02 8.1994367903627671245736508e-02 -4.5050384365093532057500170e-01 4.6134490019326523935205842e-01 -5.9705070283408073761322044e-02 6.1141898297738320189331773e-02 -3.7234704367760142824244647e-15 2.8421827127889501574928467e-15 -6.3760690359253080483625808e-02 3.1825946310702674102444121e-01 
3.2867136297883092765914625e-01 1.0093835989392305196865607e-01 -1.3350223095691949006313540e-15 2.1595211247136512112936451e-15 3.7334488924684411381704763e-02 3.5086635841015331727099635e-02 6.2991451010963497858519133e-02 6.2303770006188106955757888e-02 7.1304647360132644706709470e-02 -7.3020567959743112873560733e-02 
1.4583116417670258719585957e-15 9.4694378198294375231393267e-16 4.1260694774970166326723160e-16 1.3710729926235552063677738e-15 4.5838624916564395250784258e-02 -4.7344627389958676699777129e-02 -8.0089408215204452301527738e-02 8.1784610933921489395181936e-02 6.4481935123879829951931697e-01 -9.1342569122137423631713204e-04 
8.5457664834670168940711221e-02 -1.2110326207930358077824451e-04 -5.9674218492521826462803114e-15 -1.5106967210207300746107853e-15 2.7199870902065670374980755e-01 -1.7711920783287965486252347e-01 -1.5784160330599758537140076e-01 -3.0544957948281598048012597e-01 4.0635514384041675894461371e-15 1.3626056703542116205988024e-15 
-1.0531305128592821640509669e-03 -5.1223305184550468882598295e-02 4.4153246237703001539354197e-04 -8.8597334646895009591105463e-02 -1.0206044862460873778875481e-01 1.4459204335091587530909285e-04 -2.8038534395098481455506704e-15 -9.0019897661992360224346528e-16 3.7075714787789799337388603e-15 -2.0648879547431361275190675e-15 
-6.5898048231155179066398375e-02 3.7485498543765420620399453e-04 1.1446849301826911293744615e-01 0.0000000000000000000000000e+00 
15 (band)
1.0059899165723680258821560e+00 (Ry)
0.0000000000000000000000000e+00 (Occupations)
-3.4343247706391305529294300e-01 4.5643310885225008011190084e-01 -1.6153541004572202766098599e-01 2.1468618051969115545496436e-01 -2.9357444974581046152606223e-15 -7.2909842258405612980536630e-15 -3.2951595323731114328680292e-01 1.2782801470585072878272115e-01 -1.5330356081973922632855079e-01 -3.3260902152992671831910343e-01 
-7.4334724120469213207143012e-15 -2.2657356603885509984216340e-14 -8.6098518611891716734163538e-02 4.9430308106975628934520728e-02 -2.2282991614708841376923942e-02 -8.2801853997966301523803168e-02 9.4267483815626273990773143e-02 -1.2528465580640535392831225e-01 6.8871537962627517480472969e-15 4.9511582877776258751938986e-16 
7.6286357646174178635698369e-16 -7.7652605267795362835051963e-15 3.2758048613742374310930927e-02 5.6635112991832811668579950e-02 5.4399432604878505959078439e-02 -1.4630952662581429846166969e-02 5.6639610049217747889116481e-01 -7.3976391544702965741286960e-02 2.6640781527704732178918334e-01 -3.4795412974700540287287254e-02 
2.3206162244977229119596091e-15 -6.9221340188258053881751151e-15 3.2187985680513281350201282e-01 1.4599357028530404734034676e-01 -1.3037917737954740626804551e-01 3.4224554499505477345167037e-01 6.3449707182187237796178486e-15 -2.4380656374960202272965478e-14 9.5556581835655907131155118e-02 2.6930464804715989468597570e-02 
-4.3569070148827077071373992e-02 7.3854010501586048187405709e-02 -1.5546796637748555580671450e-01 2.0305539044954259986219824e-02 -3.9682016844479604273766229e-15 -4.1412861475157206103368699e-16 -1.1663651990235291717609543e-16 2.5286775452773117744457396e-15 1.7544635213776388349415924e-02 -6.3030243120223650166167317e-02 
-4.8514704695049121196959163e-02 -2.8630167165055016298413904e-02 -5.6404978106343761634633438e-01 7.3670147755987541726696577e-02 -2.6481974143527531317943158e-01 3.4587751361421864570999674e-02 5.6376192490581864852358818e-15 -1.3528320445245208357512766e-14 2.7385662477242683765510378e-01 -2.2385401243868605081210887e-01 
-2.1407882938593075783373365e-01 -2.9734583295692162963064220e-01 8.0354401354792561192468821e-15 -2.3085989437328896817276948e-14 8.4875423277759098894534873e-02 -5.0265590398972131991328638e-02 -6.0684356407080086714955769e-02 -5.9838134474359261361087192e-02 1.5575183440734924333881395e-01 -2.0342606071734332939815459e-02 
1.3964043709938225218847367e-15 4.3241692941803154828458292e-15 -4.8089217090439626475153274e-15 1.4357691125272928319210698e-15 -3.2987330952377165449451724e-02 -5.6427184244438446936165121e-02 3.9261744093083528195364806e-02 -4.0092773024522541935876774e-02 4.4728026193888686945498989e-01 3.5145385681201568583986727e-01 
2.0999666833730698534132841e-01 1.6500668860783412883463939e-01 1.3790046947493536340819869e-14 -3.3221676838729115561007084e-15 -3.5154501702668200513457464e-01 -3.9040630378218012241919865e-02 -6.2662365120322166545108189e-02 3.6099545366335450413686203e-01 1.9415016224314594626528712e-14 -7.9612643356415114744705595e-15 
-9.5297613245720100283442378e-02 -2.5472180205230940397420625e-02 -2.9409275466098228069000697e-04 8.5223863790402587525818490e-02 -1.2350808503104092339608400e-01 -9.7047454758010853748118052e-02 9.5744168321038909118403509e-15 -2.5324020994792282546049054e-15 8.4473645624452897680864517e-15 6.8386460258380952215659138e-15 
-1.7235655357482844440841774e-02 6.3048578965084228764581553e-02 -5.6115194003283762336220519e-02 0.0000000000000000000000000e+00 
16 (band)
1.0126000253785856219934658e+00 (Ry)
0.0000000000000000000000000e+00 (Occupations)
4.2159732692215351328193036e-14 -4.3692722421782970884812335e-14 1.6046360133546102396449159e-14 -1.0171349405043491489589541e-14 -1.0545764103822713453340043e-02 -1.8098095581598105940912546e-01 1.4631790046984665423383439e-14 9.8583159357043703164174576e-15 -8.5833794393985254672911973e-15 1.1279885344975372960628770e-14 
-2.1417142347155249115786546e-02 -3.6754771189595591973642286e-01 3.0992403231010802471628944e-15 -8.3390745462066424354493787e-16 -5.0222415979502733686458735e-15 2.0502706070263134545529360e-15 -1.2003526454347010399769888e-14 1.1402023242967402105442975e-14 1.4479618250366366183357059e-02 3.5478655968870578818474826e-02 
2.0175571505240103009626296e-02 -2.2176521103034075449444984e-02 -1.9300079105213490607725897e-15 -1.7111660365844985989111149e-15 -3.1724105791911782570129244e-15 -5.2320928947515187308361685e-15 2.4069708375484967910923468e-15 -2.4705987291866723612162612e-14 -1.1560837254807336526748406e-14 -9.3535353297529967877680215e-15 
1.2192746391252468063370884e-01 -1.3416040046325058976428579e-01 -3.2811390247641092933262611e-14 -1.7643420892302485092812936e-14 1.7480361764264127273395479e-14 -3.3142296677251136444951628e-14 2.4761800923065938051514934e-01 -2.7246162300571985515063034e-01 -3.8470250710130660376762144e-15 -3.9303098975627509065847359e-15 
1.1584608628787168724629926e-15 -6.2691666437895835406103289e-15 7.2860692132958709475512639e-15 2.9498888801888399898147968e-15 -1.5217672322646940211154920e-02 3.5168406604723347064211936e-02 2.9960626213461585831687728e-02 -1.1012042018201662063603408e-03 -4.9601655354063465031528681e-15 2.2359187893439766390776694e-15 
4.1198711577556720056945449e-15 -2.2566610646920717710577468e-16 7.7573064526629408695757515e-15 2.0812704422272589092118080e-14 1.1825984014181196890005689e-14 4.8883408259484284541670160e-15 1.2194538580514105441388040e-01 -1.3418033215798624846470943e-01 -2.5789260691111992900429389e-14 1.9097710625834002629674672e-14 
1.9701755240968330068963216e-14 3.0685271075249504041359431e-14 2.4758251253187996132609783e-01 -2.7242260918824889870393235e-01 -8.2727695819440252302904156e-15 5.1441563435616125425282519e-15 5.2450246909741589314465177e-15 8.2247706462870632632921491e-15 -4.3980514210224610444142248e-15 -3.4809055999232390993724900e-15 
3.3569124808088046663101522e-02 -1.8503555741043262866662999e-02 1.7641414534047559006801897e-03 2.9940917499092056797138639e-02 3.6773307524380132847849802e-15 1.9580789392948911282031717e-15 -7.1225147586494391431534865e-15 3.1421014733156037328450524e-15 -4.9406592003387093475974500e-14 -4.8167340447222107352012103e-14 
-6.8691485991173437904983687e-15 -1.4758734721165563135251757e-14 1.8118889746301583554277670e-01 -6.7544128782133948038501892e-03 2.6646514640500002060209292e-15 1.7217400150737368063619394e-14 1.3829459129997746082191336e-14 -2.9185172660278404405099256e-15 3.6786291934894743693718056e-01 -1.3713171646419891266943658e-02 
4.5247949490371098762434655e-15 6.2550170762965009414464769e-15 -2.5088131186793822236637818e-16 -5.2627000091797496302594826e-15 6.2818729817990658380832138e-15 9.5209217341351865655420924e-15 3.6707371055246330870946991e-02 1.1037962930478159920277825e-02 -2.0157662452038767331163882e-02 2.2208993228510387485385991e-02 
4.7869432885806000472437669e-15 -4.8957374542301591392265798e-15 0.0000000000000000000000000e+00 0.0000000000000000000000000e+00 
17 (band)
1.0481444447828529575872381e+00 (Ry)
0.0000000000000000000000000e+00 (Occupations)
-1.1714313006510512771285448e-01 -7.0702935315411119532313933e-01 4.4496747044107110014010686e-03 2.6856440935591710528207443e-02 2.2452622522964089157968692e-15 8.2441534925140364249869530e-15 -1.4878424251215535689674141e-01 2.9919480925545299809797939e-01 -3.5950061478435713091528214e-01 -9.9172588471925560149600187e-02 
9.8102095333712663013305274e-15 1.4974785095424406188999979e-14 -4.4863348809823705432009433e-02 1.3302998089440049023224333e-02 -7.9778493116821724839837771e-02 9.8241197406447877682467151e-03 1.7668682498588154927698923e-02 1.0664091142286286073570523e-01 1.7999223678451986653468720e-15 -1.1333589464285702353437716e-15 
1.9630073185280545874065723e-15 -1.1358424764922675470635494e-15 -1.1844017554306293660282279e-02 4.7137145897540616568122118e-02 -2.3666130264922743964284280e-02 -7.4549156890668072383832055e-02 4.2319240278149505840588063e-01 -5.7837808514069832810378102e-01 -1.6074919051019459503848452e-02 2.1969638190119822329648969e-02 
-2.1930172651900133065797045e-15 1.1521406280004925915953590e-14 -3.1786539722455114942434307e-01 1.0303336329843740259981644e-01 -1.8067329605097837141869377e-01 -3.2624079209786682742588937e-01 -3.0485089466848689438878247e-15 1.1481830833034543288892170e-14 -4.0893869188808829040482351e-02 -2.2746016956096862249303570e-02 
-6.2837152155367892447657141e-02 -5.0125977313899394705032364e-02 -6.3829888316414021276479218e-02 8.7236527256947582475987701e-02 -7.0743045050213447749825916e-17 -6.1747726949525668377806870e-15 -5.6345671738855226402378832e-15 2.2063970353536682940528975e-15 -4.1965027824848052939721299e-02 2.4517906004628386984478539e-02 
3.6705012124368954773423468e-02 -6.9068115652426501083205324e-02 -4.2321895177737167692555431e-01 5.7841407806309452777071556e-01 1.6043995101815172743542348e-02 -2.1927349023366363156561931e-02 2.1251977697945059821197351e-17 4.8877139898214176378065017e-15 -2.0459122632137116681860789e-03 3.3413603282783105319353467e-01 
3.6558038036389123304203963e-01 7.3434381036931173358794922e-02 -2.4492434294601620809192804e-15 1.5900420601900265358989656e-14 3.4045429315045949714146900e-02 3.2141360256505567549734081e-02 6.6835900337345155453050438e-02 4.4722389907126694486017016e-02 6.3843500464885072354093154e-02 -8.7254958541468002897190104e-02 
-5.4785930106899724546544657e-15 5.9401650992823934880787930e-15 -3.8516428952616792412951943e-15 -3.0962765647565335848516524e-15 1.0660305876195640475967430e-02 -4.7405037592283816305638311e-02 -5.4706864633908357242741971e-02 5.5864810830882412340248067e-02 -7.0937184185203694397614527e-01 1.0231674756633199474542550e-01 
2.6891887021795152223901937e-02 -3.8787660959865542797952997e-03 -8.0082221278588534227855206e-15 5.5579004998131454324633446e-15 -2.4016251652638986868737447e-01 2.3232098451632451907578059e-01 2.0331633117979869274094540e-01 3.1257653830842291320379900e-01 -1.1634826312112740335758461e-14 6.6710326455411011614266470e-15 
8.5621501798394117344059850e-04 4.6812660597622707259191088e-02 1.4809703546005411473052149e-02 7.9043041526692808806942026e-02 1.0701024084446518480628896e-01 -1.5434658923721618697944002e-02 5.2020919086075600620294378e-15 6.1287123879093581778464953e-15 3.0966648146619889129652878e-15 9.0288147734216739281607877e-15 
4.1328229454860795910597915e-02 -2.5551069657191189526956876e-02 -7.8190268750304825484676030e-02 0.0000000000000000000000000e+00 
18 (band)
1.0952646880772831661232658e+00 (Ry)
0.0000000000000000000000000e+00 (Occupations)
-7.2482051587824487872965666e-16 5.3636017918832211124830829e-15 7.6658482018104121537403376e-15 1.8476558574406589713951466e-14 -1.9021687276151902357135270e-02 -5.4480774480548103955168671e-02 -1.2552694984716402087820972e-14 -7.2619840608818721216290451e-15 4.0842790271408749714551477e-15 -6.3140704561078640114196186e-15 
-2.3730911599725554306239417e-02 -6.7968933031967840308062989e-02 -8.9686250164682603236594445e-15 -8.8073823149730725528793559e-15 -3.5758495918067225999180857e-15 8.6951106233905936750047205e-16 1.8942555589180068131599830e-15 -1.8287975923674915785432954e-15 -1.8322786929345338813313049e-01 -1.4403531500086794170378823e-01 
-1.6751538459452097740154386e-01 1.7875338233333720738826855e-01 -4.5383297862224131074412757e-15 6.2443602165021129679249935e-15 -7.7705047333590421961526043e-16 -2.4900196191236877989978878e-15 3.0583576791608060275617611e-14 -8.4902136559539194938435721e-15 1.1093850507632214380168481e-14 -1.4264933626403933967337399e-16 
-2.5616247665639496622347338e-02 5.1708676548196920441657909e-02 -1.2703547601425841579723704e-14 1.5367716956056925430988942e-14 -1.7686746652147618907888759e-14 -8.6130408692723395842192869e-15 -3.1958296826708587623500080e-02 6.4510458739619969126266597e-02 -3.3830811144758511706840803e-17 1.2207094699242138238074741e-14 
1.1762140216799501990532365e-15 -7.8077740297552751571824689e-15 -5.9669601153599724278256914e-15 3.0140179371956397055257270e-15 2.5288525653018402439276002e-02 2.3168753640088945999764292e-01 2.4491878164148003782507601e-01 -5.3820229199293412314375473e-03 3.4874155941710320069048015e-15 4.0788603201237739723781141e-16 
1.4063387334866024222721317e-15 -2.8453439671665905804969555e-17 -8.8389955530608870733724992e-15 -2.1686335552931137819914928e-14 5.0558492559813930985792256e-15 -1.7332365766667768338177308e-14 -2.5614097417420586544345440e-02 5.1704225917660558142774363e-02 1.2750459346545944359218363e-14 7.5800463338773085911069679e-16 
6.3629667078079448047699774e-15 -6.9002983692851555728600387e-17 -3.1963439146744633545527137e-02 6.4521115047055307978318694e-02 5.0231496443763664554220259e-15 -6.1958712787822370030771231e-15 5.0681797830274283477181795e-15 4.0840434488690284278476183e-15 2.9066908233642315895623147e-15 6.5134665430176394262096225e-15 
1.9964082084586173837514878e-01 -1.2025990634224194286705512e-01 1.4410970207854598146290925e-01 1.9810606518082410354431033e-01 -1.0449717908238095841230571e-16 -6.6827374717689415572860400e-15 -2.9661938848993238712041365e-15 1.2310807517747577107038293e-15 -2.8458798013991402332749400e-14 1.2693431000353335406341195e-14 
-9.7112626655106496491014368e-15 3.8192156212195897707003756e-15 5.4862501801609495077904910e-02 -1.7874978610372210807710758e-02 -1.9655789556404582551056760e-14 -8.0513084994242141169744187e-16 -2.2663231504578488928833247e-15 6.5383102249180857647739609e-15 6.8462220566483364403431722e-02 -2.2306054875452004798708217e-02 
-1.0625004533400389330026958e-14 -6.0561678173259291193394361e-16 5.3566982633934973575110308e-15 2.8560108127736829545401150e-16 2.6777717522822639421555440e-15 -2.7483279474689439325256503e-15 -2.2560378115723755954036278e-01 -5.8496464414638037199178910e-02 4.0713095665370326037280080e-02 -2.4156999634875542248835245e-01 
6.2168094656890905478423941e-16 3.3182220523115523054757930e-15 0.0000000000000000000000000e+00 0.0000000000000000000000000e+00 