132 (index of k points)
0.04194045186399507352259519 0.07253872198636429624585276 0
18 (number of bands)
52 (number of orbitals)
1 (band)
-1.4965513229543321305214931e+00 (Ry)
0.0000000000000000000000000e+00 (Occupations)
3.3926912342817050483034791e-01 -1.5169163212113839778183433e-03 -2.6458038759426441566269261e-02 1.1828132659558177053327199e-04 -5.2660123340802376117824661e-16 7.7706167855134336952012118e-16 -2.7596164977601034262733037e-03 -1.9504185423323786019444981e-02 1.3941928523112101512282379e-03 -3.3761329304519714644694517e-02 
3.7007890586216747170594385e-16 -4.5162205330873650757601099e-16 2.2462728343731336311250857e-03 -1.4482663549656809437449212e-02 -1.4480619030986796591520260e-03 -2.5024856832553253604967125e-02 1.0289729805776248738879985e-02 -4.6006697400097218420000900e-05 3.7943934237993668048934336e-16 -5.9810797789271580368844702e-17 
-7.0676795383140888577657596e-16 2.3081416062576099223509905e-16 -7.1374664784644437087735014e-04 6.2822397976219097187611240e-03 1.3047374402133105064649499e-03 3.6089638888014696771477929e-03 2.7115513335074914458289186e-01 2.0391354247422383005883262e-01 -2.1146132230524507245039700e-02 -1.5902292198189282856901627e-02 
-7.6862106355247895176135936e-17 2.1487055955635537173507534e-15 9.5940961391950754788560118e-03 -1.7204128908899662953047027e-02 2.1522586130768989187700413e-02 -2.6048981100257880688664258e-02 7.2524457522985946573650376e-16 -8.4003018927921436921312749e-16 1.0545429078936609246230915e-02 -1.0177780243258521819527118e-02 
1.3976581660194581369083267e-02 -2.0808544107189151650683101e-02 8.2238932476137449611996999e-03 6.1845158213033810112868593e-03 -2.7915772286564043158831964e-16 3.4186847096552024152471214e-16 6.8350482690433061952206460e-16 7.9296810632270939933132515e-17 -4.3667571795961840352973127e-03 4.5724613597689731797624191e-03 
-1.1427139662060692079648128e-03 3.6634908120529476038829131e-03 2.7208373004750502355264530e-01 2.0461193262416310645335216e-01 -2.0531121772105559442067602e-02 -1.5439758386468955403403314e-02 5.4007138637985317541050457e-16 8.3802293405679749397799830e-17 1.4927599675095363021548600e-02 -1.3404432118089039394082107e-02 
1.8672971738210059067242241e-02 -2.8557217157992701578317352e-02 -2.5207649017465359422860623e-16 2.0246834669618763278422468e-16 6.1268168163762185690623951e-03 -1.3384599194585587722539088e-02 1.6402658076149823074274536e-02 -1.8783362606244420611734114e-02 8.2259158645090584005554746e-03 6.1860388313675681443148946e-03 
-1.3371720344242416063899834e-16 1.2567096716442996230866006e-16 2.9028902191331172822200495e-16 2.4506613671928015084712574e-16 3.3202025790499030410973802e-03 -5.4040458419542230367182967e-03 3.0101285218904825884134180e-03 -2.2848119054023185298119003e-03 9.3014637856877885324635713e-02 3.2748110826900328484967417e-01 
-7.0187884895358569267709292e-03 -2.4711327531992580142095051e-02 2.0930418952407475695129863e-15 4.2602835266492675824920318e-15 1.9994587539226713057693985e-02 -1.6518176668950512037126188e-03 3.2139248863819733226243613e-02 -1.1457015659171020799389495e-02 -9.2618997592785422585824507e-16 1.2795226888878457932443487e-15 
1.2972509721878650729154359e-02 -6.9569656759878462787272113e-03 2.4421612298321567630088325e-02 -5.0444777243278992109876135e-03 2.8121144879267850197335221e-03 9.9007464536770683344313326e-03 3.5252719253063935151958996e-16 1.8794056787509321312743192e-15 3.2651365647435478956295832e-16 1.2120283044566361625804444e-15 
5.9119220206858124483373373e-03 -2.2970926514191696184152836e-03 3.7790526804177566183584602e-03 0.0000000000000000000000000e+00 
2 (band)
-1.1192108611133637641188443e+00 (Ry)
0.0000000000000000000000000e+00 (Occupations)
-1.6919138662256794081173439e-01 3.4993285606748225635698191e-01 8.2211394323603581568704612e-03 -1.7003512787174782094901104e-02 1.8083527274104459378066662e-16 5.1891769410616002962338501e-16 8.1020603814638478268328470e-02 -7.0282376075634964140981253e-02 4.1141388217848601227544236e-02 8.3176874466466044211188091e-02 
-6.5312180363769847278999494e-16 -5.1736036894236030230898920e-17 2.5291831067807205024600137e-02 -3.0070405665689969865184139e-02 5.4897702157121475163847890e-03 2.7110719223997284399452212e-02 -4.4873989702674237783908140e-03 9.2811417676254906461430494e-03 -9.9848804470286739197366462e-16 7.3536511281999930455563696e-16 
1.3357250927557289437769616e-16 -5.2854647216644951692071721e-16 3.2096233817530822607366758e-04 6.7984118643119872960056682e-03 6.2057134309354659851276637e-03 -8.5391008850447258637927916e-03 3.4633509634505971197526719e-01 -1.7643902658553722861967117e-01 -1.6828692298255093495740198e-02 8.5733130236262528045543263e-03 
-1.5212695530722555256055272e-17 6.3698670950581505229290586e-16 -1.0702799728002976298313342e-01 6.9970299090700901339934248e-03 1.7518318088956437439396296e-02 -9.1126915902139393743652818e-02 9.2751170989126740252426988e-16 -7.8143839054906605086483582e-16 -3.8326240775595793452978910e-02 8.6605590854954006552191004e-03 
1.2018350624607376797570168e-02 -2.4913609175066298018208499e-02 9.1857176312437650855802218e-03 -4.6796296464765296807541972e-03 9.1906052965775870368141402e-16 1.7620058354264793766885892e-16 3.9132017342690908364275648e-16 -7.9021440346552647444255423e-17 3.8546576903530568869449269e-03 -5.6091919907901993669341323e-03 
-1.0105769247043941416741575e-02 3.0496804811869955564862522e-03 -3.4572227116574483218869318e-01 1.7612643995029184096345887e-01 1.7157476789780985032551897e-02 -8.7407846706327868568919826e-03 -4.5739958099879076883157170e-16 -7.4426797775480989389651859e-16 -6.8450790260665528297323590e-02 8.2341048468073357868846074e-02 
8.3885260037202258320832016e-02 3.9365654471681651993542062e-02 -3.3834348189947737343852608e-16 4.1076514933683782093516115e-16 -2.9622127784256872817802986e-02 2.6000096432352369502094547e-02 2.7309779204627411541839166e-02 4.9553284841599987142757300e-03 -9.1568638520499959915222021e-03 4.6649148283143607174316969e-03 
5.8061276094477569139968492e-16 -1.4200737556851873589290252e-16 -4.3383488961311642994939626e-16 -1.8070074527054129864877289e-16 -6.7854747811424915085454224e-03 -1.7885791777152298953623699e-04 8.3856944538985914161521862e-03 -6.3650885282840663145775828e-03 3.8186402201307489967518904e-01 6.8733400334725441860328488e-02 
-1.8951114256145228098571209e-02 -3.4110987819773661011701904e-03 -3.3607031784492783145248802e-15 -1.7882415120237108001047520e-15 1.0430642737409469289477926e-01 -2.4201821389846021881364635e-02 -4.3016679456649942192569824e-02 -8.2072875495006442081447062e-02 -2.3065795064931592662272279e-15 -4.9854277016583109095246270e-16 
3.9314546304841539725583033e-02 -2.8003424437324196671905696e-03 -1.8757068977075425780798312e-02 -2.0458535724254003906885657e-02 1.0114119389656641562202921e-02 1.8204875534202267194083813e-03 -1.4011910145895927579394976e-15 -2.6558591523961984123930318e-16 2.2202928640256127268002976e-15 2.5486650946274605879866552e-15 
5.2966963326881704582360655e-03 4.2449577288376175859818673e-03 -1.0527783406164260837645230e-02 0.0000000000000000000000000e+00 
3 (band)
-1.0518923134488884496562378e+00 (Ry)
0.0000000000000000000000000e+00 (Occupations)
1.9162200386083855230268114e-01 2.2864560221580515486650143e-01 -9.5579807523906434862936976e-03 -1.1404694878986963019196210e-02 -8.1842692575934412650075513e-16 5.4233222971881217884399924e-16 1.3903262845584785090125024e-01 1.5992524259187973489915180e-01 -7.3602951384438897175499505e-02 -9.8150320587806663685803699e-02 
3.0717680833250633761432730e-16 -1.1059340994494418039070533e-16 2.6460443682727263770004811e-02 3.5706980593501191911798287e-02 -1.9995537383244416096417240e-02 -1.6708960942722859976949934e-02 7.1482848212168458024162732e-03 8.5294212710350300610251395e-03 3.3741959708756038714725284e-16 -7.0074410351433734394365368e-16 
-8.2556609443593007361091212e-17 2.3127815984110804980505279e-16 -3.9773433156919044129118390e-03 5.2300696347052869766836025e-03 -4.4493108112767382200658517e-03 4.3407722748885213537306527e-04 -1.4393730329407522505746897e-02 -2.9797755671102560404150950e-01 7.1794919702890258594862871e-04 1.4862927379772929853407604e-02 
5.4971633428946633246744290e-16 -1.4164546557076000687260635e-15 -1.4052988045148498419401051e-02 -2.1144424447219087315197328e-01 -7.1464411029277877251963957e-04 1.2267994607018699315670318e-01 2.3435140618917112793188808e-16 7.4605730809242313070480522e-16 5.1187382086363350519597759e-04 -4.4439639154511344221187841e-02 
5.8248207581312900354975071e-03 2.5398471492706874153011398e-02 -5.3694217262217468905616258e-04 -1.1115785901467944984943870e-02 4.6365458319454125764331785e-16 -2.0843633444409756926684447e-16 -1.9986787416106284014838335e-16 -7.5920954294284812029716089e-16 6.3301684168983775313765960e-03 -1.7612086896330453322789822e-03 
3.8064518834454615092699470e-03 2.3442938795710521748816291e-03 -1.4325971212562099710297048e-02 -2.9658381451891657754060816e-01 7.3663186414829606718512878e-04 1.5250119122291357076637297e-02 -1.8360727427614038259557914e-15 1.9549901359309349684720098e-16 7.1462361061752615459807814e-03 2.1002121869516721108794854e-01 
-1.1035899049831987550618351e-02 -1.2109669262236232023521865e-01 -4.1228800766406280821116068e-16 -1.5900269215159783439843461e-16 4.3543559166697373696841566e-03 4.5382823693984934709799717e-02 2.4604981514496082617426964e-03 -2.6479923840913036081623488e-02 -5.3633005598038505090663364e-04 -1.1103324302554465341508205e-02 
-1.9784761432600444541447418e-17 -9.1172121183738083150870249e-16 -1.1667007443179479719400256e-16 -9.6679782534550672792099085e-16 -6.5873883265379663820571210e-03 -1.1658079427714768128154788e-03 -3.6269174497305812360226085e-03 2.7529801830034330775709428e-03 -1.6790324704917330977949064e-01 2.4489935099161738718542836e-01 
8.6334592037060602781606278e-03 -1.2592543107941731386767437e-02 2.4725149613953224888380925e-15 3.7191187329978818749209887e-15 1.2128645205444628374369387e-01 -1.7160879214287225180690655e-01 -6.4424529400063365591755371e-02 1.0312943344891567498677887e-01 -3.9124196570204307900570475e-16 -7.2728101231672746799396999e-16 
2.3970040271466815789969118e-02 -3.8781416571246250801774380e-02 -1.7969598905437266650464423e-02 1.9604436562970745799860950e-02 -6.2858571092340616293103750e-03 9.1683946740390188934188842e-03 6.8066325432987440138749154e-16 -1.2413255954880972345843664e-15 1.5150233660410062413214970e-16 -1.8003622835343653791918009e-15 
4.5422054337497840340032162e-03 4.9113300562712413482868712e-03 4.5533976407919124138046207e-03 0.0000000000000000000000000e+00 
4 (band)
-7.8225968156500591543789369e-01 (Ry)
0.0000000000000000000000000e+00 (Occupations)
8.6557725775457020067626956e-02 -1.6658753465785167136026246e-01 -9.4101308964347069041522786e-04 1.8110537920933977851234431e-03 -5.6182130216349628238185411e-16 3.3883506060723410450128119e-15 1.1485922573761678244785855e-01 1.5471482072840536670099709e-01 2.8838642842225792328747502e-01 9.4896530149056079750380377e-02 
9.9940630483729514835945521e-16 6.6065276078216534257116414e-16 2.0580446215371556162310185e-02 2.1179653393925912396866806e-02 4.5496070472326566314080765e-02 1.7576554525411972051962550e-02 1.0579273034576758272251595e-03 -2.0360681775323293679624825e-03 4.3100121239540402635445720e-16 5.0518538274850092166597539e-17 
-3.5024678559799187626844983e-16 3.3089709560544999853506224e-16 7.5107351712030631651906276e-04 8.8461748058243083736584822e-03 8.4335663273206531997949753e-03 -1.0306242807296108615622288e-02 -1.6966449421232940308890136e-01 8.0359230947540549738761229e-02 1.8445065987576225730038004e-03 -8.7362284760447717069098417e-04 
2.3607454423503960638730414e-15 2.9803307495498490646933919e-15 2.0516339948759981792747453e-03 -1.9267876968679678584273063e-01 -1.7233406007506618662361575e-01 -2.4994610473164899366871339e-01 -3.0253803503274204684988802e-15 2.1180601547972512287980685e-15 -3.5877414436756710491849276e-03 -2.9313147146697533795833834e-02 
-2.5612211978050636318471334e-02 -4.1507135470889341966049813e-02 -2.0736757661704921518186495e-03 9.8216730741738055010525699e-04 9.1188359460126205357335186e-16 -3.3504445992749737462038918e-17 -1.4900332054123855093181962e-16 -2.1945938655784876018129013e-16 4.7501369300078782886842532e-03 -7.5003412768707145019675409e-03 
-1.2948733173995637807385251e-02 3.1103040026435983811392560e-03 -1.6965562447589299654993056e-01 8.0354890663773881342990535e-02 1.8366961670974596421146430e-03 -8.6992597994040021802675255e-04 -2.1195824799058714082478129e-16 4.5310110836634274871960518e-15 -1.5044361462933811268705142e-01 -1.2048960098377108074441111e-01 
-8.4198289157842443053425541e-02 -2.9175610838777865652104992e-01 -4.1577828667900236703704207e-17 -4.9035721750892236451302112e-16 -2.0377144305749994579457507e-02 -2.1336247586973722256686870e-02 -1.5882734392581344951000943e-02 -4.6072400994010109798182384e-02 -2.0747100520933209853724488e-03 9.8265612091036629201223906e-04 
1.3487571868069160910669552e-16 5.7010338646885271092442197e-16 -9.2071991959837771449322831e-17 -2.4185555012744300562454495e-16 8.8140356980079895277135904e-03 1.0834035894682157025181723e-03 -1.0606022820717882215735273e-02 8.0504094870155144120227320e-03 1.8371827642881657927098615e-01 3.8568565904373380837100171e-02 
-1.9889399249075068176750847e-03 -4.1754280727004239315292011e-04 -1.1734569552412024428680559e-14 6.2132096236168143542300835e-15 4.6984933935198779086928056e-02 1.8693164823291671949867521e-01 -1.0932902850788499271583731e-01 2.8329868020202780831695577e-01 1.7526369214159479152884981e-16 1.0240714906090532963960724e-15 
3.3311286797613123833450288e-03 2.9314962951857391482146653e-02 -1.5204259733828056830318154e-02 4.6300732943281915077182731e-02 2.2466816486690212133214839e-03 4.7165286151185098354257641e-04 3.1331057394667388255530510e-15 -9.9596600796442669146468132e-16 1.4680053995086992080279857e-15 -4.5123318518348141057963684e-15 
-6.3656182811697315654386742e-03 -6.1919215532732089016243471e-03 1.3315284938079787607767557e-02 0.0000000000000000000000000e+00 
5 (band)
-6.1384864614231882118389194e-01 (Ry)
0.0000000000000000000000000e+00 (Occupations)
1.3906583732546091736837593e-14 7.7122943538453684914876924e-15 7.0071895888876827052771753e-15 2.8816696936081032506249234e-15 3.4275090068706204338155885e-01 1.0309569325327397337765944e-01 -7.1518168066099121718660935e-15 6.3290960735130935851937217e-15 -4.4730204775024302544700588e-15 5.2399178927256080464533115e-15 
2.1717388769096901413035994e-02 6.5323518382557760331152963e-03 -1.9481603030872501776173663e-15 2.3154227559380348577126972e-15 -3.1419906556025495930531615e-16 7.5217934126635175270267380e-16 -7.5152294665545093235769196e-17 -1.2988723298101694154105213e-16 -5.1681518519181984805399566e-03 8.7290193832593333117531031e-03 
-3.5578973939179581176261991e-03 1.6715876601564788606069101e-02 3.4426900315443245280379093e-16 -6.9296106909931325709067478e-17 4.4300169015178659197939068e-16 1.5241943311752714352292343e-15 6.9874076678631155382643501e-15 1.7522757799280965492303965e-14 2.8385721560550390428706081e-15 9.0924620844250433205649931e-15 
2.1067978195871764346414068e-01 2.8934569525567682690692095e-01 -5.6205691695701061967376440e-15 2.6585727158550361118631114e-15 4.5666516736430320955005526e-15 1.2963974111561032627996761e-15 1.3349095757759402158804107e-02 1.8333527700281827821360281e-02 -1.6137874467214674586923768e-15 1.5735214646677981597426393e-15 
2.5869679404070118810891177e-16 1.2025184199945023815836111e-15 -2.3580518376409281196230332e-16 -3.0696866561880239331530243e-16 -9.3941449634310763422417878e-03 3.8282650592446794413081790e-03 -1.2940375916246499299333550e-02 1.1163594204852307634201480e-02 5.7637132329958477347265322e-16 -1.0234737085803459628726531e-16 
-6.7216921716842773699719956e-16 4.2857749890732973970069210e-16 -1.2778205880478508604576637e-14 -1.9470858357111104314177306e-14 -2.8315748942864535042888885e-15 -6.0643660571879864722274924e-15 2.1070084995047211329222137e-01 2.8937466323568072912308935e-01 7.5417199076951612528018064e-15 -7.2879209893684002156755094e-15 
7.4063344112728765560721177e-15 -5.9617720980366713999940882e-15 1.3327795093158061046079155e-02 1.8304273604913337547550611e-02 1.4474026690914343077726080e-15 -1.6682440530814600318216897e-15 -2.0832187130681066533078860e-16 2.3099174292407658921295637e-15 -5.2262272358932461640978318e-16 -1.0607302399780398259428565e-15 
-6.5296120181783066926950454e-03 7.7656178168453802307391598e-03 -1.4600135450449778368176013e-02 8.8896801461639963354288696e-03 -1.3144558980771239465259958e-16 8.9981577677842110736867861e-16 -1.1006983345851061229878511e-15 5.8409757602096025893022978e-16 -5.9366417497090158806879202e-16 -2.2839606442832981178829547e-14 
2.0810685296490401022210500e-15 -7.9659009875282693710983342e-15 -7.1261344939761699784908089e-03 3.5788512416666873328097154e-01 6.8356355453321735426459370e-15 -5.1678603342212280962136858e-15 2.2472390317720963337678566e-15 -8.4881642604001760035795048e-15 -4.5076008526296457677717822e-04 2.2637874670434762064408218e-02 
5.5681161001385049989336430e-16 -9.4751694136266508536722353e-17 -1.0605918371389523243056785e-16 5.6077522217274715262181326e-16 -1.7472558578258570155741621e-16 -1.1557232455904061618896203e-15 -9.8961169838483169919340909e-03 2.2377492771156093538664766e-03 -1.7004137441382339429596371e-02 -1.7463327710231324550044230e-03 
-3.6850216144996004596379643e-16 3.9227268186713941767073365e-17 -1.3365927017795810593455205e-15 0.0000000000000000000000000e+00 
6 (band)
-5.2096541063607848531802347e-01 (Ry)
0.0000000000000000000000000e+00 (Occupations)
2.2749103798874242832184223e-01 -5.1272615264237764165500266e-02 -1.0107794772961531393207224e-02 2.2781206852321156386409484e-03 -2.1938730310962658568166505e-14 7.6722147110217965647231924e-15 -7.2211282942307400412040863e-02 2.0514954488698913803723656e-01 1.3524046393080049743851134e-01 2.9618888110834756810518797e-01 
-9.4706633714592263569749515e-16 6.0248536126667947902015014e-16 -1.6753452266531076997324590e-03 3.5566622325462426967845886e-02 1.8386600876895198286575805e-02 5.6717574885864166511773021e-02 3.3185420759618226155263088e-03 -7.4794889390617739360900273e-04 -2.4898606823942639136107253e-16 -8.5343055527164449348373558e-16 
-6.0444723518258096456384949e-17 -1.0173140124281766062425305e-15 1.7371521666612182999145375e-03 3.8156639805945191668001826e-02 1.6104452315366571402144302e-02 1.8562231231139276338426569e-02 2.1220279565212626926573591e-01 9.6700708160050607986590876e-02 -9.4285106920345418402007454e-03 -4.2965724896602414117907642e-03 
7.1413732827076235753157001e-15 -3.4082773811679250521881136e-15 -1.8155168052777473364223226e-01 1.1974887243332044128862890e-01 -7.1352459681209456920925049e-02 3.1768956997967112698688652e-01 1.0805009036557450652742975e-15 7.6604458324196616421504050e-16 -2.2838010970894002948927692e-02 2.7316966525657945807914473e-02 
-1.9645917880258642607138597e-02 5.6293767891142654224978514e-02 3.0955272870345357238974771e-03 1.4106239304114351340579958e-03 7.7102462450201617970336978e-16 1.5404528994763094473498145e-16 6.2602275834001534061573673e-16 -1.0215753616490263299895607e-15 -2.1685776977848760654898896e-02 3.1443185840459228486132304e-02 
1.6049695119585462299571788e-03 2.4522110135992598867193948e-02 -2.1221856184713713822098669e-01 -9.6707806335930887597918115e-02 9.4390744335082557570082429e-03 4.3013728788856564477782740e-03 -1.1056815597851735796632673e-14 -3.0047180759872310176409088e-15 -2.8473663210116198496457685e-02 -2.1550472447626817240617925e-01 
1.9282603342463819351415566e-01 -2.6241621952866128753001362e-01 -1.9906591611849700943294825e-15 -4.6483776937964065500495331e-16 5.6737881424571146027346913e-03 -3.5154291424574019009341441e-02 2.9583516235383758297139423e-02 -5.1792195504583068976778293e-02 -3.0933016959119839783820538e-03 -1.4096213376933461672302350e-03 
1.8088283343668004352596738e-15 -6.3785799767757933530750553e-16 -7.7620391058540791606748091e-16 -2.0902744447442453105865033e-15 -9.4827498611082319812659591e-03 3.6986035660609942188337129e-02 -1.9576467737056391787975329e-02 1.4859347774052004964584484e-02 -1.1056897957365338647228725e-01 -2.0533781569603737349183348e-01 
4.9178989500753000907451451e-03 9.1330282339050494755383625e-03 3.8268983837451457620018833e-15 -4.2614794443228385719469507e-17 1.0761384103215124175001449e-01 -1.8887111210162907393161902e-01 3.1224831864321228591663271e-01 -9.2439920718698331825180503e-02 4.9693933778504765615789599e-16 1.4004276056897202160547820e-15 
2.5773595481312513988392254e-02 -2.4571077579434493637355885e-02 5.4877671319169527008874354e-02 -2.3367865512689940665769228e-02 -1.6116515334056945828178353e-03 -2.9930130358089522546460870e-03 -2.3158149085038649052467773e-15 -2.1021975048211366141796558e-15 1.4523327439979300818879333e-15 3.7562687123506903557805360e-15 
-2.9915018390643078466384353e-02 2.3727221782243144987400996e-02 -2.4577190753424588837150466e-02 0.0000000000000000000000000e+00 
7 (band)
-4.5678357404938618735457112e-01 (Ry)
0.0000000000000000000000000e+00 (Occupations)
-6.9798857229905197918640170e-04 -6.2989551048116293463507986e-02 4.0798949986625698826969710e-06 3.6810592247865647763660490e-04 -4.0436700246043417724366572e-15 7.1930577653959480090747951e-15 7.4259134934897774726891839e-02 -3.5935105863412980520266160e-01 1.3760542972161005081943586e-01 2.0576895575514639324943289e-01 
1.1758578112619774135636866e-15 -9.7841689680213814218885424e-16 4.8581834412312896454011479e-03 -6.0466459907257144590353448e-02 9.9476017779009176522642122e-03 3.4819185383681006129563684e-02 4.2970408978850599401866361e-05 3.8768153150379484547793929e-03 8.4639222686505959026180054e-16 -1.3651435398933850399574157e-16 
-5.3151948392325150660628390e-16 9.3789330406822287824795257e-17 -1.8071755458079673262172804e-02 2.1288975325873291805089949e-02 -1.0944265770421623962249669e-02 -3.6510504643646538025514303e-02 3.7527458025710683231501719e-02 -5.0595065208178691129603521e-02 -2.1930675645744079904631008e-04 2.9567408117592286487251840e-04 
1.7546396501725475795923063e-14 5.2278214407130248993330131e-15 2.7641295462162196461264330e-01 -2.4133686204162468902367777e-01 -1.4800886843837346429353374e-02 2.4709725047047925716725558e-01 -4.4167275885952942442349010e-16 -1.1243513978420640540844016e-15 4.0427656594048302918231741e-02 -4.5226090947351971216505717e-02 
-1.3128086232321145576662502e-02 3.3748834110104986017120154e-02 -2.3096918914127751928933030e-03 3.1139792564652130080204984e-03 -1.4160257164748752915235467e-15 9.2740172631326460071609186e-16 -8.9327487555447704578861057e-16 8.2180729703581603042028483e-16 -2.7265989531536201362360572e-02 6.0311384189448702386471268e-03 
1.3356783671458920259578207e-02 -3.5698602669308444890194920e-02 3.8695715256581227070586948e-02 -5.2170671211142355394585479e-02 6.1957304108501559669619496e-04 -8.3532161351970724005866487e-04 7.2146933680736323168405561e-15 5.6989994100950575620000814e-15 -1.4983084001853028133233181e-01 3.3263915067419136395443502e-01 
2.3087765009820093720094292e-01 -8.5334149193291908286340686e-02 -8.7905667668634217567379780e-16 4.0059137831307471039959082e-16 -3.2403779048652242567030157e-02 5.3120752008662716625586597e-02 2.9151644980562690934178249e-02 -2.2987401371810156636144029e-02 -2.3155510719046865260317691e-03 3.1218738878033987747817601e-03 
1.1611997419185515929103830e-15 -7.2558171367012865749609101e-16 -5.8682140610455227307848410e-16 -7.5741101694937748375982645e-16 2.2890051101536073620279499e-03 2.7618546072203261493305249e-02 3.0001682603148626532485466e-02 -2.2772516553795276589289287e-02 6.2364636536062875715735743e-02 -1.8160105274033753325335638e-02 
9.9854317175879225843004861e-04 -2.9076534416986460351850496e-04 3.4592456710247101455811001e-15 -6.0445020541530599313683550e-15 -3.2045808277233311933684945e-01 1.7436944218467173572939544e-01 2.3549390678077819494262712e-01 7.1617220013983018400693936e-02 -2.4003234290838182227671299e-15 -7.0858765926506638549927246e-16 
-5.7927339113078964161207551e-02 2.2720972115589280204694944e-02 3.7118319908984252764039269e-02 -6.8509418065272695980150175e-04 -3.7318878946916052286031373e-03 1.0866858236892405070728174e-03 -9.4354006755266527313937791e-16 2.9247094559038569550058307e-15 -2.1105842754502294354656095e-15 -8.5043133600244938563522099e-16 
-1.4874887454779456980036301e-02 2.3382928703317231583502789e-02 3.7665481136084630331417600e-02 0.0000000000000000000000000e+00 
8 (band)
-2.1847028610154453631686522e-01 (Ry)
0.0000000000000000000000000e+00 (Occupations)
-1.8347223056472671777771200e-14 6.6998901578379729234404078e-15 -5.7435290463322699514177294e-15 4.3641198435963107973412611e-16 -4.1337162195655952068307215e-01 2.3402723708421033221860341e-01 1.5161657164649627475910013e-15 -3.8482170391990606309926277e-15 -4.7550207748452368929204007e-15 -8.9744946267462473197285791e-15 
-1.7419023993666196692409187e-04 9.8618567940855772491204334e-05 -1.1791451836176085511774561e-15 -4.4897535172288947300582126e-16 9.3125577792309335960892193e-16 -3.6350211380763416206555431e-15 -1.1976250543991402288746028e-15 -2.9343471355217099723506735e-17 -3.5873571920802385659676759e-02 6.0401377601760897206872869e-03 
6.6233404010819299512213831e-03 -2.8429586772639792169314887e-02 -5.1289637224005827625831692e-17 1.5646124051258859871985244e-15 8.3877644907609522137869286e-16 8.1374247497666039992694423e-16 6.2751473884761517623424686e-17 3.3803286601774480389356092e-15 5.4656968953834654981461318e-15 1.9987208176283205672238763e-15 
4.7075552454950697622848566e-01 6.3514420743480473618980398e-02 1.1261071034179544424668234e-15 -6.5126753742032481167943873e-15 3.8774737251131119982101079e-15 -1.6155540312567408324980779e-14 1.9837243642389923437008292e-04 2.6762625032303311023440529e-05 4.2261281972849504357788451e-16 9.3240938950728241921145031e-16 
2.9569528234378885055967188e-15 -1.8230017557979930750214491e-15 -6.8612713843236218942738350e-16 -1.4983248850504661601842933e-16 3.2226235245855952560312119e-02 1.6877979393208834835160559e-02 -2.2464191784151710251649092e-02 1.8640550679004705414421039e-02 1.9474433665179140577150294e-16 -1.0031348580620280002423562e-15 
-1.3696854940003018177608206e-15 -6.0397895518145930317260246e-16 1.3060551663361814454751303e-14 7.4682583094239026714596295e-15 1.9407805512832375232924475e-15 2.8051565761963294881966455e-15 -4.7073054248941037513986885e-01 -6.3511218967835125770449167e-02 5.5361264544685792541624408e-15 5.1052555034879726258569907e-16 
-4.9010895350154232315605535e-15 -2.5443557782709994800858622e-16 -2.1873264846983264675372993e-04 -2.9513412021411888908062338e-05 -7.8186080234883403757012654e-16 -1.3784155934642822983635427e-15 2.1119802651116465042660181e-16 2.6274057164100918390719872e-15 3.0182562630860537828895391e-16 5.4885811410250225189163061e-16 
3.5541593378408523062894631e-02 -7.7334525210388267019157027e-03 -1.6718228585643903072455174e-02 -2.3924865573728863049618454e-02 9.9970548108707739843969827e-16 -2.5184492565689661121711675e-15 1.0696774298221259946527572e-15 -8.7412303779621010888117821e-16 -3.7745344313696268244576314e-15 -3.9426217316297217875826770e-15 
-2.3664780581291218014949152e-15 -4.4444034206395764474039842e-15 3.3655213367055786255477301e-01 3.3519185534400069981231240e-01 -5.4101999921457997131189744e-15 1.9544134133681985370336647e-15 -6.9177258599373648916099032e-15 -1.4517249942101519720288951e-15 1.5638331578179823569407780e-04 1.5575388130590738650083082e-04 
1.6756633440915076345706230e-15 2.1573661818101317567445208e-15 -1.7457248432475180967434504e-15 -9.8407279813181518965335542e-17 -3.6216725738806584093804655e-16 2.0808408069661829119287216e-17 -3.2985581010198855578252619e-02 -1.5328489592616151293569260e-02 -1.1483833023509793219013586e-03 2.9164697419203917949648286e-02 
1.7944925778765907837387918e-15 -9.6206870544792873932052821e-16 6.2710268242519989744265454e-16 0.0000000000000000000000000e+00 
9 (band)
-1.2954582565648964376237018e-02 (Ry)
0.0000000000000000000000000e+00 (Occupations)
7.7086790987392983389623170e-15 2.1850063308565588284674816e-15 5.4391206058789825520154008e-15 -2.6413275167117708946803632e-15 -4.5546249995003723620712321e-01 2.6388450645243544112616974e-01 -1.8693069848897031923662689e-15 4.2537285368466532354467716e-15 3.7398424329194085498344962e-16 -1.1365159103506872114360076e-14 
1.2707957616461089400683449e-02 -7.3626988835600037930362305e-03 4.0578807883057123913640060e-15 -1.0536815888852000161563727e-15 -1.9420493820214483642923393e-15 4.6086824773997094755405953e-16 1.3165404398244500601132989e-15 -5.9094586079688157357664141e-16 5.4105313805191498910396319e-02 -1.7294776366618580532019678e-02 
-1.7215575955024119136904659e-02 3.4279139433869509900887351e-02 9.1420160414932716084201205e-16 5.0549351312980062726899646e-16 -5.9331791453727778574623401e-16 1.2027936901610965324124186e-15 -8.2013304924727044267768205e-15 -4.9882360517626638376394327e-15 -2.3694932918679579090220309e-15 -1.6827038004835106130343965e-15 
5.2233384677958261121943906e-01 6.5180319996472099730588923e-02 1.7929242719384560433975843e-15 7.1827538516669801500002488e-15 7.7423793930345742627876411e-16 -6.4634072925790303905392078e-15 -1.4573749666618104892101826e-02 -1.8186099875179828622151490e-03 -3.8946876793675447808105493e-15 -1.0180680577692578984243854e-15 
-6.9877518195694082300061035e-16 -3.1700190328122271652836416e-15 -1.8201704474551040232658235e-15 6.7545086435999892516651401e-16 -5.3552907654152194505403628e-02 -1.8936218030942562201568435e-02 3.4437858663058484864905040e-02 -1.6895838141182506486615011e-02 -3.2761115947348494620656949e-16 1.9981806548607091931000939e-15 
3.0090032987154981648985582e-15 5.0836466718539022997836129e-16 -7.4216809752325019156881380e-15 -8.2120160768949823284814866e-15 -5.5592249213374035585338795e-15 -1.1753177844441638141360697e-15 5.2235150784995976191993350e-01 6.5182726099563659261093562e-02 8.5784671070905956549774507e-16 -5.1959853854073286166573570e-15 
-4.8477829566612522387598634e-15 7.2078334867572629849498706e-15 -1.4599174463862843453831886e-02 -1.8217888329887313436650231e-03 -2.0231059462469678085772477e-16 -1.4113462921507438882905467e-15 -1.1348343864521418024668227e-15 -1.7871133276944658053358792e-15 -2.2624492765164388008052093e-15 8.2121073197120578110367490e-16 
5.6568048895405974307859509e-02 -5.1962285923605727039342739e-03 -2.9231453494281592342396436e-02 -2.4843810854049179492886168e-02 -1.2173454122070702961503926e-15 -2.8097925661081253180547200e-15 -7.2792352988133092307913260e-17 -7.0797431957331317854363580e-16 1.2240235801623095755894441e-14 7.8196024185493217295620066e-15 
2.6884741707273559047544726e-15 1.7905851147748088715660607e-15 -3.7665918524731534233751518e-01 -3.6773325074534607415088772e-01 3.8551824554931950614169215e-15 -9.9024610649486674307592008e-16 -7.2873541567485228361117585e-16 4.4193545956407927749453967e-15 1.0527227323699719918614903e-02 1.0277757267691037951218291e-02 
-2.2455276071503516648639232e-15 -8.0114644888747386342830013e-16 -2.6980625229589248056084220e-15 -3.0579569009148461939760777e-15 2.7450848252044028798518432e-15 1.8481905418849603185402412e-15 -4.8199778558962021179912227e-02 -3.0062040753816760690897425e-02 8.2631812057946379262984848e-03 3.7462149531232030730265592e-02 
1.6774023846934444772654803e-15 -7.8189367439432472532961775e-16 -7.0810458923729680591899920e-16 0.0000000000000000000000000e+00 
10 (band)
5.5463938934448064888016461e-01 (Ry)
0.0000000000000000000000000e+00 (Occupations)
2.1136878125121202898206718e-01 -1.8079918553885687693139062e-02 5.6012161011283714828756786e-02 -4.7910178901182098876176951e-03 1.6824972330539101732608709e-14 -3.3970554990524858005827211e-15 -1.7372599701318569564989502e-01 2.5012326177520655123842630e-01 1.4654708598329660440562350e-01 3.9436867912748729825267446e-01 
-1.6335142195863016412625562e-15 8.2999323427207121654482096e-16 -2.6604361158709004253619668e-02 9.0998209526970685878666245e-03 1.6719354232640412649679718e-02 1.0372843177234900013949925e-02 -7.2123532337161871952346814e-02 6.1691491314656288214024471e-03 9.6515769969620385605339562e-16 -2.7166609507508532691426707e-15 
-1.0370948101637592189685298e-15 -1.9735460682195975468508984e-15 5.2096825421041881298833687e-03 -1.3411771074482606302957777e-01 -3.5300442643478507909193809e-02 -7.3934496835813157122885286e-02 1.7929266076469030366524748e-01 1.1339218199877441894951602e-01 4.7512007196265554354042138e-02 3.0048713878595811888061462e-02 
2.7193128014810065698195280e-14 9.6545702866185960088506908e-15 -2.8960225682925250234589498e-01 9.4196077193803046112563493e-02 -1.2170581591881962646439774e-01 4.0272869013580092634185803e-01 -2.0225082641254795677582653e-15 1.9839715784834518707727920e-15 -2.6692913306812310336724181e-02 -8.8366935688140579863159019e-03 
7.0460540539757782196872427e-03 1.8370786695306617897216483e-02 -6.1178413406985682199135113e-02 -3.8691911955858707128363960e-02 1.7347267595541731687790277e-15 -9.3687877648841543369054957e-16 1.7626473066952297897726486e-16 -3.0835695337725555218714222e-15 8.5237117205152992949201973e-02 -1.0367899969703314733138200e-01 
1.6582872654490501962420979e-02 -8.0233655081364346761674256e-02 1.7833428235291887142821565e-01 1.1278704081898428823738101e-01 4.7101464845330245911902978e-02 2.9789050635944336331561999e-02 -2.5154733202321174538492697e-14 -7.9558726667130689977917386e-15 3.8575680637885127743924585e-02 3.0188824624575288924077654e-01 
-3.1159526961063888084169093e-01 2.8287249289531812834752600e-01 -3.5038802880932506156920380e-15 4.5118721524271125016798147e-16 1.9928511198441453688978697e-02 2.0574307389125467970814043e-02 -1.9831837409538723843160923e-02 1.2432133068083590574093300e-03 -6.1145227316241730630697049e-02 -3.8671005864167086463201173e-02 
1.5662134184832287768281474e-15 9.3782542898521932118701672e-17 -1.3202225714597976703306825e-15 1.0875219698779719046401546e-15 -5.7265247442117389597981969e-02 1.2141140243840609080905324e-01 -6.5214771263530396661067812e-02 4.9500705603587984160451896e-02 7.3857646269217661072481462e-02 1.9765900163315097692873223e-01 
1.9507292288384561751435342e-02 5.2205374014016897588064126e-02 -1.3347177903431539870236955e-14 -1.9328339733624679064302018e-14 -1.5179468271417756453089964e-01 2.6378584241334174231852217e-01 -4.1921941338072432614580975e-01 3.6926179402522817107890063e-02 -3.1127082132245963260395869e-15 -3.4988184941451278050400174e-15 
3.4344473567100991528988629e-03 2.8436811608941400114636266e-02 -1.6548297491678895521083348e-02 -1.1000054749470295281654764e-02 -2.5323546989863006395626854e-02 -6.7770963442712800484102331e-02 -1.7364479471280554549469585e-16 -1.6754530484519382576839290e-15 9.6125620466050055253816904e-16 -5.1701995062577857059494431e-17 
-1.1901870929512833874319711e-01 6.2085296523318227179810691e-02 -8.1873599201495866894973119e-02 0.0000000000000000000000000e+00 
11 (band)
5.8184518771774573764332672e-01 (Ry)
0.0000000000000000000000000e+00 (Occupations)
1.2438824726257546422810708e-15 3.0334508270894107045456409e-14 8.0303830676099948035287574e-15 1.6475436654071919307295180e-14 7.4539036373687556080724903e-02 -6.9920166566140939945483979e-01 -4.0525263751673010929399337e-16 -2.2891861097640883254849371e-15 -1.5415431654420709665343296e-14 -1.0821507061379473113560642e-14 
8.8952306360562394260682595e-04 -8.3437333135455149513148854e-03 -6.7677758054622264040702443e-16 -3.3183086261575298495269276e-15 2.7015724171568251883699625e-15 -1.6100240580065172712779682e-16 -3.3217740463087174790148637e-15 -6.0124459718311347419531187e-15 -3.2472210096776352172831537e-02 -2.0463492611189570968832641e-02 
-6.0298520972491373437485151e-02 3.4018856250701036414429979e-03 3.4611451409971942710215164e-15 5.8474255554705622867834609e-15 3.2615862378913445274243349e-15 1.3546129931878101799542306e-15 -1.7760534348630545258567630e-14 5.3965140342533856188714702e-15 1.0626281131686736248284367e-16 1.2333442584604038195163453e-14 
4.8210928066828873106430819e-01 -5.1186881004874273948246355e-01 1.3347378321181261093716778e-15 4.0378988924108983599115244e-15 -2.0083977027360446122434675e-14 -8.0428998966900767216775094e-15 5.7531455085518814693279488e-03 -6.1082283557181149546977394e-03 1.3769015097753407701649547e-15 5.1940193882168099503640869e-16 
2.4372584625949334617829103e-15 -1.3044615087099943238236400e-15 -3.9621992104576841959342210e-17 -2.9178597721686485302390442e-15 -1.3492877329064231067823343e-02 -3.5932453573339739882896993e-02 -5.0086353007171222073701244e-02 -3.3746728726157693145637495e-02 1.4250713103134801717105895e-15 7.1229396778306528158718105e-15 
2.0657357496924186887122964e-15 -1.2096416211275253739355017e-15 -3.9481114101908940017145319e-15 -2.1646745399096249592129526e-14 4.7846407547765262006428421e-15 8.7526073501881588372465655e-15 -4.8211640196459093488101644e-01 5.1187640789092747617416990e-01 -1.5992688766406593594891190e-14 -3.2989227416157960538157467e-15 
-6.4802116784894600823337314e-15 -1.1592952428340654282576019e-14 -5.7667596236923163166565587e-03 6.1227753349258895454454432e-03 -2.7935863919062732662658754e-15 8.6275823918546893239694827e-16 -4.1135992707124468685992997e-16 -1.3971191115062907250320503e-15 2.2064855232473401027208282e-15 -4.8552774840293894277489030e-15 
3.6670806509534227546343033e-02 1.1320616475650274734832124e-02 3.6681691459184054271425168e-02 4.7973321620018744004809719e-02 -2.3947633783520925146349309e-15 -3.6935021622298283234256404e-15 -1.1993929671568399927759585e-15 -2.5576178554284196351883478e-15 1.5454399361536388404837672e-14 -9.9618022179006769231048350e-16 
2.2673561709291429816141648e-15 1.4561380225568642420989301e-14 -6.9350016125720859161418730e-01 1.1623772337248160224643101e-01 -1.6683551540069680886176755e-14 -4.5271589249981820527416676e-16 7.6571530891511119335993764e-15 -1.6669531189324401277000038e-14 -8.2952211182316104576273119e-03 1.3903959720413939897543099e-03 
3.0818529818588103365781814e-15 -1.4685295194890870455050978e-15 1.9903909441770889124069400e-15 1.8036765349291729491071651e-16 5.1797433632816323932570320e-15 -6.2849694280702570479645166e-15 2.2364959804073689803027847e-02 3.1188346868831873237581931e-02 2.1343690642273426840390405e-04 6.0389904125205631779671478e-02 
2.9417035235481833601781557e-15 -4.7880919053497025522102290e-15 0.0000000000000000000000000e+00 0.0000000000000000000000000e+00 
12 (band)
6.1970417897620855285367725e-01 (Ry)
0.0000000000000000000000000e+00 (Occupations)
1.4579779678636475837016917e-01 -4.5051643444638855839912139e-02 -3.0636685708318334153688056e-01 9.4667075763917529762636605e-02 -1.6267352101066678756778417e-14 -1.9674758189791926666347516e-14 -4.1426487074454426684511077e-02 5.8966216360084588998802246e-04 1.6003422437919939680384118e-02 -2.6064353895608238786962829e-02 
5.2088760572409789692722776e-16 -1.5279377890943961000537451e-15 -7.5260791234863233523100234e-03 1.7945634960157580417572376e-02 1.4519159066392478552032230e-02 2.2529552268531649605876055e-02 1.1541454823272613572360257e-01 -3.5662969022075885483502589e-02 -1.4397176716375972192005621e-15 3.4844524473908468969195962e-16 
-1.6217554360463669779804567e-15 2.5222290552309943862189116e-15 -3.3178276693911941397363563e-03 -3.4229827984404548324448569e-02 -1.7235231291531635799962885e-02 -1.4970298650072121071641362e-02 1.4337049087545844505697801e-01 5.2264237016830278337309323e-02 -3.0126599777840201710432666e-01 -1.0982397249826734986211108e-01 
6.5939654177880744261930450e-16 -2.5745000524540653346238922e-14 -3.3353945577224111684877528e-02 -2.4576733860072037807231737e-02 2.8505690056614185756700408e-02 -1.1085382632929741131277979e-02 1.5175496561347997233928867e-15 5.5337929116526634040695552e-16 -1.6844662199193172202882351e-02 9.7439743683555291031694878e-03 
-2.0564027771328985405574485e-03 2.6723733141794575596250638e-02 1.1349294014940985997341727e-01 4.1372911904724675447031501e-02 -1.6175440089690279395114244e-15 -8.7280951646052781139975543e-17 -1.7400947268068040372901759e-15 5.3023904097635133926318612e-16 1.8052574697844270268376476e-02 -2.9271037751751979860692643e-02 
-4.6773480561657495777061477e-03 -2.2344696339544039415114796e-02 1.4499250974739619213238484e-01 5.2856055812808583338480162e-02 -3.0104391406161978839151061e-01 -1.0974299448174372473285842e-01 3.4523877454984769550145206e-15 2.5220709278235151402212914e-14 4.0554039483939166577108892e-02 2.3642949034010547759709908e-03 
-1.4225273774605251553282415e-02 -2.6665201211164488159788277e-02 2.1293911106947910893220322e-15 1.3316726780711598619480062e-15 6.2526619002294114846307593e-03 1.8190966302719130398557468e-02 -1.5430912887390041410284880e-02 2.1894963635253297806748662e-02 1.1338255808367113386392333e-01 4.1332623511789429171514598e-02 
1.3115504066911557771898028e-15 -2.9537575982996152852952851e-16 1.8611379971384718224487991e-15 4.3836522234828724111082437e-16 -4.7746786791387461901248201e-03 3.4036350863546560585604084e-02 -1.8331013622077011598898721e-02 1.3913996647401158379686592e-02 8.3534147352113341522539258e-02 1.2976377285316303966666851e-01 
-1.7343996688066437572572909e-01 -2.6942446236338535303644903e-01 -1.2882104859981228989903616e-14 2.4777859729107648356460760e-14 3.0873055141548838564702351e-02 2.6402167999664612196841773e-02 4.7909008943901260427211675e-03 -2.9840218467939331331573172e-02 1.4016650727023284802281595e-15 -7.6300646686428173956565861e-16 
-6.0178098531089210115885280e-03 1.8270002748689593424780142e-02 -2.5528859410519293138275287e-02 8.1104773179519681902682748e-03 6.5322932112179821206865427e-02 1.0147366547154709759404057e-01 1.7325640016427501433362963e-15 -1.5473300863630043487310537e-15 2.9464592360245775705290380e-15 2.1285970873849850646688442e-16 
-2.4381522020558127339384669e-02 2.4224205261608604961010016e-02 -2.3013590834908465715402670e-02 0.0000000000000000000000000e+00 
13 (band)
6.6810569092238236699188292e-01 (Ry)
0.0000000000000000000000000e+00 (Occupations)
7.2987207064154097091446260e-02 -4.3786425454057009698516367e-01 8.5116556145214961048850455e-04 -5.1054873058365354832055516e-03 2.0076013551106159254601653e-15 -4.6835671769518511381090935e-15 1.0261838637260323192634814e-01 -4.4014807157952279270674012e-01 6.3453773230954246820090248e-03 2.6543246639885736959385554e-01 
1.4189571628937743223276934e-15 -6.1660122618615647812212623e-16 5.6566092418843666456140795e-03 -2.4761792598753107341735813e-02 1.6276381504093384577913639e-04 1.4889047344654862681245788e-02 -6.5450172903131547882948915e-03 3.9264474227093254521392396e-02 1.6994615497927157787991019e-16 -1.2702686342546936631150703e-16 
-1.4261775330339863407216536e-15 -1.0536879201353338700926002e-16 3.6356242513550351969087160e-02 -6.9836219890790834918803398e-02 -7.5376777322779947576592008e-03 1.3057879518014303688033806e-01 3.2286883476493238864790669e-01 -3.0464397800860087972552037e-01 3.7647519407038587679892316e-03 -3.5520594403850025422286762e-03 
1.3462480669926093273684272e-14 -2.3079957327740510794157581e-15 3.4785174935179252742045719e-01 -2.8854812182687961108484842e-01 -1.5542595134749054297529369e-01 2.1526131022473687925966601e-01 1.1303513756709724130999811e-15 1.4896607786937915795137896e-15 1.9476616382284844819494651e-02 -1.6303527689309205150891557e-02 
-8.8722585966916484023769840e-03 1.1957978519984285847854721e-02 -2.8952568447181581401395079e-02 2.7318216778758720036934804e-02 -9.0133836326842099455893463e-16 -5.3746305615921019827245337e-16 -4.6342788218265743479517732e-16 -1.5312209487788349244665624e-15 7.1181751598107356748812435e-02 -3.3645686465943437648551395e-02 
-8.4951809805433792233131385e-02 9.9452643741004750910228438e-02 -3.2222395176486268164595117e-01 3.0403514775935697178610440e-01 -4.2273632883800095830229004e-03 3.9889244265209899964474971e-03 -7.8104484691268351235508749e-15 3.6194763063594645787002203e-15 3.0917058124505569782769498e-01 -3.3104301880839814842261148e-01 
-2.2405471053001546621885609e-01 1.4339398053526442033955846e-01 -1.4950721993059073744437568e-15 7.3952663062221307645988477e-16 1.6417342406784357633497962e-02 -1.7899822980733930827268452e-02 -1.2267354764519532162037052e-02 7.4080931020672480258326686e-03 2.9279686671924414625989286e-02 -2.7626992448827870224592473e-02 
2.7713895867186174276326728e-16 -2.1731691559309098297202658e-16 -7.8036805994601317171417582e-17 -4.3527412459731620610296962e-16 -3.7846527436881986783401288e-02 6.9154681486968072601229096e-02 1.0434991761975979940313408e-01 -7.9205898476292113663532746e-02 -4.4048039910395359042283303e-01 4.7356775325293101741586099e-02 
-5.7789215110386621399030105e-03 6.2143754447249992950430553e-04 -1.0459359039510280471900882e-14 -4.3584958809926442614827798e-15 4.4641193388257083274339720e-01 -7.6761408900701391666565598e-02 -2.6516215392100006553732783e-01 -2.1245684089079137218947224e-02 3.2482238261131984596061828e-16 1.5123948648466886499871123e-15 
2.3899121531511260951852194e-02 -4.3318338455062728453714982e-03 -1.4250241617401203375603558e-02 -1.5160640400978791370034671e-03 4.0025401605154574402600787e-02 -4.3032533878152260525817852e-03 3.7960081486723746726044981e-16 3.9499665631975423632895651e-15 -5.5585684878194158870327045e-15 5.4035849678388286069154717e-16 
-7.1956750610330189044105964e-02 3.2201795791523393774902218e-02 1.3100564743814957502365814e-01 0.0000000000000000000000000e+00 
14 (band)
7.2983174621283586347431083e-01 (Ry)
0.0000000000000000000000000e+00 (Occupations)
1.4570236712207459972567847e-01 -6.2376233695421201552733237e-01 1.0330445341221461408309779e-02 -4.4225318155255988195051486e-02 5.5734708393747733689947115e-15 2.7214423373555578675524249e-15 -2.0967645966471426532962141e-01 2.0994744880504015438482668e-01 -2.3029517734532944928105280e-01 -2.0349894013652736202146798e-01 
2.1094977053141256756849942e-15 1.7777344266528456151757718e-15 -3.7227791268816423642107338e-02 -2.3430750447561959903808315e-02 -7.1919918105902758131975361e-02 -8.2800832828027748355737003e-03 -1.9427733409821207333223470e-02 8.3171474758507002444929412e-02 1.7916883925463325860458397e-15 -1.1111889199907624528720613e-15 
-1.8869734754132153395157056e-15 -8.3933434727724912863630356e-16 -2.4519270376432835550906120e-02 6.5478610509996176824998315e-02 2.2361228397621162045094678e-02 -1.1846433430260322472449275e-01 -4.9318245132016952370079821e-01 4.0875384095735306511087970e-01 -3.4967096990077467522084476e-02 2.8981010937628809420729681e-02 
1.1793150082405448642498026e-14 3.2411978968599027554337853e-15 2.9394761494081966812785822e-01 -4.0459222284401796798647410e-02 6.0401719669865225337268555e-02 3.0132925448109060262424919e-01 -2.1245817945356756574740162e-15 5.8738625922604224350893931e-15 1.5486838549090636840688262e-02 4.1171183381650294785814026e-02 
5.2280235452672289830911012e-02 5.0078052882890744523791682e-02 6.5760170917577895344230399e-02 -5.4502577552255460080488092e-02 -1.1218696276957705193478905e-15 -9.2339643131642191873412233e-16 1.3481428091304174616728621e-15 -1.9215532472291616100215958e-17 5.9118642377285063327363446e-02 -3.7331343099043068356479580e-02 
-8.9434819079332414371030779e-02 8.0840807600212810646311823e-02 -4.9277372122409845989210453e-01 4.0841530587820445985514084e-01 -3.4869361953488858807403972e-02 2.8900060717582935765346264e-02 -7.3436774465558434568545325e-15 -1.3179482517987166252975012e-15 -9.4538717516586712186210661e-02 2.8166358774548067023246745e-01 
2.8517754001500561500392905e-01 1.1527853768914811394274977e-01 -2.7014954855460619844204520e-15 4.3723148643384724429246445e-15 3.7550088302774869974953731e-02 2.2861108276001781969277715e-02 3.9496620589488440344894116e-02 6.0631958675181396589692895e-02 6.5729996258604192482799533e-02 -5.4477628555447882297002593e-02 
7.4842477792781915684671378e-16 4.5408288161810660658260344e-16 -1.6576386345521710608099311e-15 5.2267329374332137498349404e-16 4.7673556424520785457232819e-02 -5.1150649941152329103211116e-02 -9.6035298022502213477480382e-02 7.2894758700517259253359725e-02 6.3943654419954032430695179e-01 -2.7384454472968978999691814e-02 
4.5247441147554245954864882e-02 -1.9377776243118993888814305e-03 -6.7833060743753468932814478e-15 -7.0563245431613397830189090e-15 2.4559647274260582028304611e-01 -1.6719544954253015567324780e-01 -1.5745514073814115274529968e-01 -2.6424089243695092488195542e-01 -4.2850212701740179116450076e-16 1.5389777218860027641821791e-15 
-1.6087962931830953466905143e-02 -4.0912306850842551642077893e-02 5.1977885823215191907209487e-03 -7.2174790921982590052863316e-02 -8.5293034535787168315401630e-02 3.6527634550978433682077995e-03 -3.4926490187037144184866110e-16 1.0044962251955948490206306e-15 -3.7614373225845673966463333e-15 -8.2856180221050763970645071e-16 
-6.8899051669029112709985441e-02 1.1919632992373344407277536e-02 1.2056709464972689693773589e-01 0.0000000000000000000000000e+00 
15 (band)
9.6937609703710503339380011e-01 (Ry)
0.0000000000000000000000000e+00 (Occupations)
1.0513522061961344533642659e-01 -8.1909603827380639273769702e-01 -3.9909510925678626236390301e-03 3.1093119400880553371280257e-02 4.9331184901669318970675997e-15 1.1896115572289705588275436e-14 -1.9286127256977414479166555e-01 1.7387555079025956983329593e-01 -2.7568320723486972045890298e-01 -1.5022970645755051588565721e-01 
6.2389638849121209003387529e-15 2.4706808832932197410837359e-14 -3.6746408077803244252024228e-02 4.9066270047201654413981942e-04 -6.2037854745870646411276539e-02 -1.0973638957121278902917538e-02 -1.3967007592932118367756722e-02 1.0881556314987009259631634e-01 -7.4114826648667872260654964e-18 -3.7179028708759647594984801e-15 
-3.2675364595223661074073201e-15 5.9597152581018699108040024e-16 -1.8958803602709677071924688e-02 3.1558101223514350985865917e-02 -9.8755443947501353463280793e-04 -5.9171266028736381470398698e-02 5.7896808835094426548550928e-01 -5.8886983893028910230782458e-01 -2.1977784413245160521910293e-02 2.2353674350898189437941710e-02 
-3.9252259479973677535033954e-15 1.5043807370956432985157678e-14 -2.5874477773261417290484587e-01 2.1893323547241938520357962e-02 -1.2876117492776834039247547e-01 -2.8634027883771273614854636e-01 -8.4214882037710097621077893e-15 2.3344474122723956145893384e-14 -2.9566267649711458487260529e-02 -2.1826018275697758874720478e-02 
-4.2780354957831626117048529e-02 -4.6248863803479367540205658e-02 -7.6914932571625765911349504e-02 7.8230411172554040200033398e-02 -1.3544687497303568174882359e-15 -1.8489648678443376706668666e-15 -1.9670472129037859421856549e-15 1.4512412523126530903368461e-15 -3.4181254345088139812158801e-02 1.3674495905734107559226231e-02 
3.4988278406446096657766986e-02 -4.7728758221513623016818428e-02 -5.7891381950847120574366045e-01 5.8881436926266284004327645e-01 2.1962944434248107827833962e-02 -2.2338536655033089384225775e-02 -8.1743578359874804646269969e-15 1.4486104643852475601017297e-14 -1.7345458618063636091477520e-02 2.5896991355840082160710836e-01 
2.8845047847197746726521927e-01 1.2400857954701821617149449e-01 -1.0882376262704860297230909e-14 2.4313582850535222827001257e-14 2.2112673057769760553981087e-02 2.9367203135508560679634016e-02 4.7043885881074956611946902e-02 4.1843435471995558960767170e-02 7.6950162165503585565140554e-02 -7.8266110929901946957620851e-02 
-2.6423390868389675212234327e-16 1.5648603639426882342117356e-15 -2.7886094616661695514173120e-15 -1.1994239786790860850815498e-15 1.3056959669696934986382608e-02 -3.4385368669213364767323071e-02 -4.7082038334277778734993092e-02 3.5737212193606392174327624e-02 -8.1711882366286370249497395e-01 1.1899747847689579050012298e-01 
3.1000001818463573943773781e-02 -4.5145360078930156511045624e-03 -1.3480203407304720436606920e-14 7.0167496893490662316159393e-15 -1.7038915723181272121600216e-01 1.9579023510110232786374240e-01 1.5478395855959997673423345e-01 2.7317344765659073990704542e-01 -2.2717746363697654814393949e-14 1.4227630762706585194935728e-14 
-1.4197936132805469289230871e-04 3.6761158464110217647391465e-02 1.2173358519230398702704044e-02 6.1772239988964326717901798e-02 1.0861272775254929290333905e-01 -1.5817298996343528982855275e-02 -3.0274378360106122101932691e-15 -1.1709347364652543184256254e-15 2.2150686455220229523485381e-15 -2.3277083723404166032200683e-15 
3.1189622475715640670390627e-02 -1.9494748630252876908652837e-02 -5.9108938994717342974016816e-02 0.0000000000000000000000000e+00 
16 (band)
9.7568640034257425597274960e-01 (Ry)
0.0000000000000000000000000e+00 (Occupations)
6.3089995955667746287982291e-14 -6.7553132865953306784043021e-14 1.7147300326815879635229604e-14 -1.1165070008437396514706451e-14 3.4417251044989549679797847e-02 -1.9699437534494232404647107e-01 -3.0967311944031848309819680e-15 6.8342610840987798081773680e-15 -8.9996571003570744543567048e-15 -2.2939936382190701482821977e-15 
6.0936624595422206329686787e-02 -3.4878437622188279698676183e-01 2.6459583515897535243792471e-15 -4.3091324949779704831135507e-15 -6.4762930832516227308157654e-15 1.5007677580434140707196467e-15 -1.5187156332807046673370866e-14 1.3381860126052013127685619e-14 9.4915635921657224433056754e-03 2.4857843235104440382521318e-02 
2.5493025195081418787790284e-02 -8.9595947644176814755878624e-03 -5.4982548675735605554853610e-15 1.2531305090556867751421106e-15 7.0356040781814076308321024e-16 -7.2292879800335975315829311e-15 4.3029024002505952038298873e-14 -2.9925650158759846581436966e-14 -1.2458876731320941291148696e-14 -6.2051692380859086396566209e-15 
1.4651699511106630602341738e-01 -1.3610327413645259553298672e-01 -3.1668086321058206111683260e-14 -1.4493532478509385596359733e-14 5.2526518399411797022773213e-15 -3.0879844735079971971615504e-14 2.5941256971958637222996913e-01 -2.4097496132388379619371221e-01 -8.8135301789462832125713176e-15 -2.5711459440404784252308686e-16 
4.2152072969735586142010966e-15 -7.5047433047207715810470076e-15 -6.4729882827964217887185949e-16 4.1459063710155497660646809e-15 -7.4687156456899814194194676e-03 2.5538606781286141839126813e-02 2.5722920333459475122905857e-02 8.2764751832126240427278674e-03 -2.3585397121331697339106217e-15 4.7695965083076818198391358e-16 
2.7156342393449720474003974e-15 -7.1924879596879950813640327e-17 -4.2659121474524912651399384e-14 2.6635873384826413965361671e-14 1.4475720480953492214967134e-14 2.0321339208567363053208181e-15 1.4652835563361232829038272e-01 -1.3611405512019283947644510e-01 -1.7041271745071312827745828e-14 2.2167914823253712077648928e-14 
2.1146980939637320565055059e-14 3.5504152429025257070422910e-14 2.5937472942809086662308005e-01 -2.4093984271236407179728189e-01 -5.5330214938713820795614657e-15 5.4565632120128668293087819e-15 9.1172284059588536601483638e-15 1.4023703530847947010309757e-14 -3.5713145546872931836479657e-15 -3.2611620678486689731943071e-15 
2.6029200142218735652965833e-02 -5.5704693504128356684734769e-03 6.3643005515554434969871522e-03 2.6273021525715034574233187e-02 3.3844127958116065209089421e-15 -1.4703410127122102499479240e-15 -5.7259545111523670867369506e-15 1.8947813492151383722782233e-15 -8.1041069520036386372387927e-14 -3.2193102961543487912809087e-14 
-1.6036073930234650182428550e-14 -1.0988807506530577936556056e-14 1.9900865634576922480469818e-01 -1.9828003061424993858086196e-02 -5.7313830288960332457277236e-15 1.7310188925240199422299464e-14 2.8705597106136106236892927e-15 5.8821301127498957242960765e-15 3.5227174760560503452566650e-01 -3.5098061357422452588572526e-02 
5.2353939250184484414660977e-15 4.9693549667004520726178699e-15 4.2252175174988586245988046e-16 -7.5148465930749727564700871e-15 1.4277569330215719455295632e-14 7.5200055602254182909217039e-15 2.4100937494875497579815971e-02 1.1300185869950756314961104e-02 -1.0815289760981368696879379e-02 2.4775098163011967378199785e-02 
1.1735519375857114678599266e-15 -1.1266098600822829302594390e-15 0.0000000000000000000000000e+00 0.0000000000000000000000000e+00 
17 (band)
1.0270459572107344392577488e+00 (Ry)
0.0000000000000000000000000e+00 (Occupations)
-4.3608134888642396953528646e-01 2.7701679802259326912405868e-01 -2.6323652679271308807429364e-01 1.6721882329311194004262120e-01 3.1486843958470067736597365e-15 -5.6317676288423364014506885e-15 -3.3482863284241343171387939e-01 1.9734901128020121419126554e-03 -2.6506941032840236616152652e-02 -3.4762090105440446308193714e-01 
5.9161300926454159922133918e-15 -2.0913158019231865990411500e-14 -1.0648368094944044015548457e-01 2.8400380369940109170912024e-02 2.0578623889597386087402242e-02 -8.0944131809136232735824024e-02 1.4101449552656100672187733e-01 -8.9578226720680192984858081e-02 7.1380352637193012679511072e-15 4.9308014421657088616969370e-16 
2.8891198409364819516125471e-15 -5.8945621939241156817151393e-15 1.2687104473988075614698801e-02 5.9309757516784335218407165e-02 4.8480159350484539060310851e-02 7.9871517842862449487739696e-03 5.1483595196963349849283986e-01 4.3002230091047165261297636e-02 3.1077612166019386030768601e-01 2.5957775468384403083632606e-02 
4.0628556785145432662005949e-15 -6.6018615057911502584143943e-15 2.6789419385857077271495541e-01 2.0086515111193437022052422e-01 -1.8905771749818794935649180e-01 2.9291652091880138186752447e-01 1.3879486521995336173866400e-14 -1.4597198851017800995561272e-14 1.0198828249369389087330973e-01 4.1758186594772622735050049e-02 
-6.5330240041553078178537817e-02 5.2032604889981320939185139e-02 -1.6648118114916171661477051e-01 -1.3905501580736716327191260e-02 -5.3665371331155063090722432e-15 -1.7958103508221826096483279e-15 -1.3417419972263741499511249e-15 3.3794372765100446865930279e-15 2.5752968607153176039403775e-02 -5.4912608429694420575373215e-02 
-3.3786872456505995243603024e-02 -3.5673066785479677631709450e-02 -5.1200447623389788720515980e-01 -4.2765964629364813798240164e-02 -3.0902904911523365605319214e-01 -2.5812262804849106512250501e-02 9.0838946484841155450227099e-15 -1.0509185603672821879669352e-14 2.9801067557707011657086582e-01 -1.5370291367261756931839045e-01 
-1.3811690028764647686365663e-01 -3.2042704922602049943947122e-01 1.4182866818867352561046753e-14 -1.5908990989568643369106838e-14 1.0705109736472524784023364e-01 -2.4143203274840513428145528e-02 -5.5561612100253510160285941e-02 -6.1862697131369520642252269e-02 1.6663150345945895725030539e-01 1.3918171050448856912451490e-02 
5.5319042054483175916561196e-16 4.0801496614407439122045166e-15 -5.6415437071630478115946818e-15 -9.0324027059790490663099115e-16 -1.6154113338603465904741441e-02 -5.8449204228310291941994592e-02 3.9013893037090713322712077e-02 -2.9613156594157103579378898e-02 3.8197061914377317126678690e-01 3.4362182341223768133886551e-01 
2.3054481192791984045520337e-01 2.0739892912282781312072188e-01 1.6052604779232797758919201e-14 1.3018933042848815520226916e-15 -3.3030306454970631557799265e-01 -5.7748021424250610411643692e-02 -8.3715667054153924953041610e-02 3.3873508691960080296823321e-01 1.2627431737298737374601356e-14 -4.3367873290839428652222353e-16 
-9.9866361141195833517336666e-02 -4.5492214979932069085499791e-02 6.8543544082626216285003551e-03 8.2867990570513000436747575e-02 -1.2431206390046481424782598e-01 -1.1183149913756675053466694e-01 5.5053196133223067930574785e-15 -3.3801773000142134258959163e-15 5.4540841177476227645802286e-15 5.1219167016113848852951006e-15 
-2.2471102563840127108729661e-02 5.6323302479922204843987288e-02 -4.8979821287747304925375147e-02 0.0000000000000000000000000e+00 
18 (band)
1.1533612661211272154559992e+00 (Ry)
0.0000000000000000000000000e+00 (Occupations)
-8.2294577007934345586279683e-15 -9.1324032210331120252197635e-16 -1.5678238434312907299230684e-15 -7.2489080821581720127805136e-15 9.2080113825875192778980249e-02 1.0789683993118914795417140e-02 1.0054176384266653083488884e-14 -9.5580816073266914047949666e-16 2.0745424207985342529886616e-15 7.3382720961317405217809191e-15 
1.1204712366234291509581311e-01 1.3129457678229820155602070e-02 8.2990569410672555997316293e-15 5.8440249443666619844737915e-15 2.8112739367162533840002670e-15 -3.3085456098433374430153784e-15 -1.8092338377391642019064300e-15 6.8706506399237120359168925e-15 2.0460843999108280222287704e-01 -1.0443309963396942008362345e-01 
-8.4047197944124865665038726e-02 -2.3193939849012246146031657e-01 1.8592849382484597974644742e-15 -1.8829716855428392485857849e-15 9.9825601425561103140404578e-16 2.5168054526607994331052946e-15 -1.7276409277504094149115813e-14 1.5180451874850826051084810e-14 -1.2444342109377643372989781e-14 1.6024327026450904873445147e-14 
-6.6821132129681784506125553e-02 -6.4265861417756559026415175e-02 -9.2669548421328506787935443e-16 -6.7427541713566563618018020e-15 -6.7777275248888000396062587e-15 -5.3632773639168856285576113e-15 -8.1310827739818861137344186e-02 -7.8201597631992414427770655e-02 -1.7797536092140136240676163e-15 -7.3745229511261423617365693e-15 
1.7604697271297909674985390e-15 4.2187983311494556795432980e-15 6.8547441003023947265712864e-15 -6.1291675894820424093038905e-15 -2.2611690353681707099653408e-01 -4.0521993406838721640816914e-02 -7.3284247324947052182331220e-02 2.3556153155435716195498230e-01 -1.2592304366929070132472983e-15 3.4572441676495845801590497e-16 
-1.4658272381443663393846426e-15 -7.2514186678898570768833913e-16 1.9660694837965719721287365e-14 -3.7362979296823406699726471e-15 9.1811187844031839331480789e-15 3.8316394660218322130078192e-15 -6.6819951210411399067368166e-02 -6.4264801636314011767936449e-02 1.1230474960030370688380976e-16 9.5787343209941187254781266e-15 
3.0457304316301288118893015e-15 -1.3910464073837004542014013e-15 -8.1315257857088429904734994e-02 -7.8205686662741330517079064e-02 -7.1786813660031714167149531e-15 8.7133767816883289702225540e-15 2.8702515590966495061986264e-15 -3.9641492685599680108958768e-15 -3.0625378330930670669758362e-15 -2.4355854084028479929296878e-15 
4.9302890038630434177413520e-02 2.2436517714080972396573088e-01 -2.3252585552691684700477026e-01 8.2408260987450632217843349e-02 3.9316818568118775023215218e-15 4.5224211755987947481562113e-15 4.0938435003719010175902986e-15 5.0966967202213776082570898e-16 3.4610958342448511989246603e-16 -6.5513749390830214719044677e-15 
2.8428414900801936181539310e-15 -9.3157807288932746450561112e-15 1.4369648079834932558052074e-02 9.1588120535239458952503355e-02 1.1840167975658088710954834e-14 -6.2706272661444190473612768e-15 1.1555365645589506930877910e-15 -8.0104087390876107404785464e-15 1.7486946748755973629618765e-02 1.1145630211056072045305854e-01 
1.0541374919990174193944518e-14 -3.0360205390185693514033707e-15 -9.9896718206091593213728531e-15 3.2939986690287443205853669e-15 -2.4465444368016250908993979e-15 4.5405418202096988380731955e-15 9.6379760530902955362186901e-02 -2.0852205983922467158464542e-01 2.3503776229658476792927502e-01 7.4944281050081495987313929e-02 
1.0033869066357832409252887e-15 -3.2390033477365633751920806e-15 0.0000000000000000000000000e+00 0.0000000000000000000000000e+00 