200 (index of k points)
0.1339388624043713338362949 0.2316559186016149962661359 0
18 (number of bands)
52 (number of orbitals)
1 (band)
-1.4041629360452636543499239e+00 (Ry)
0.0000000000000000000000000e+00 (Occupations)
8.3997895513262643696350551e-02 3.3700274826162923691441620e-01 -5.5701791267449007882817114e-03 -2.2347714420624914533064498e-02 6.3028440001751769660448491e-16 1.2251248138244513093608645e-15 -4.1752590143217409301978904e-02 6.1989686528749754490519308e-03 -6.9935004502736847209476423e-02 1.9864209625137713155496044e-02 
-3.7473439758298819108310049e-16 -1.2799425127682998661939690e-15 -1.5743095893156963671621895e-02 1.0230023366068319301547263e-02 -3.0643807248140593479934779e-02 3.9919491779131788256052005e-03 2.6308367499300044922705410e-03 1.0555019083113820199670840e-02 1.7570074124610434845601342e-16 -5.0824233656589178099255467e-16 
1.5580742950336816084472055e-16 -5.1880833959934577647953069e-16 4.6268860816787143325212739e-03 -2.9906127611743580502201567e-03 3.6608547027620619296328641e-03 2.2791065502917595697596198e-03 3.3578405429354796218888168e-01 8.8744395139885329237827705e-02 -2.2266905691433955261082644e-02 -5.8849083474890179212835051e-03 
4.5100713705995493635080904e-15 -2.3970028942780569535904087e-15 -1.4682266056651280261569070e-02 3.9574449578847682718052425e-02 -1.6284305764510703662395485e-02 7.0854167588067451521993689e-02 -2.6098426714609977458235727e-15 1.5256468585501109537421295e-15 1.3803435283082053641745546e-03 1.8724131438206982613881024e-02 
-1.1264594993295781732989269e-02 2.8776509179140201399871302e-02 1.0516849001341165015244172e-02 2.7794994032559524471670542e-03 1.1266840070677812035832373e-15 -1.2137509335867539926707173e-15 2.8437551094102790219766395e-16 -2.9730583557559359581031636e-16 -3.9167457168168967607257969e-04 -5.4953098666059227439539825e-03 
3.7608264975206571502364117e-03 -2.1100634772084764234634235e-03 3.3679117391220303456833562e-01 8.9010494675080278903500641e-02 -2.1579860268978033610576261e-02 -5.7033524629937215610908652e-03 -5.4880491426588433191184361e-16 5.8890057995466047434197280e-16 -5.7229269147669424577795638e-03 4.2281041826542145600775768e-02 
-2.1657536110655146305292718e-02 7.0019930220353868155491739e-02 7.0285059995724794216179011e-16 -6.4448453432543443394972134e-16 -1.1178163820396179450877838e-02 1.5205572656684341117938608e-02 -3.8898302776710635964008134e-03 3.0380588101217995827818541e-02 1.0529309755255476799273850e-02 2.7827894343915413229162414e-03 
4.2082545784038890142324070e-17 9.1148542083255855590682047e-17 3.2776594652113138406946027e-16 9.0149157021213322186425947e-17 -2.9447361235739257130650248e-03 4.6540244263301427246615205e-03 2.0115249108369481767510933e-03 3.6589502313469739191997832e-03 2.4025087646271497954231222e-01 -2.5225122268554051041533626e-01 
-1.5394062829786708118673388e-02 1.6162964707582442441813342e-02 -1.3335384676644142428932074e-15 3.2846300789354849379998600e-15 3.4294118329277450962777607e-02 2.5384086322488619291704026e-02 5.0925335005935670751320288e-02 5.2711002200489888436241159e-02 2.3387344539852377581860729e-15 -2.0545790821699706888859610e-15 
7.9396234063068664432716304e-03 1.7120840118966366288910663e-02 2.4748772272601630983768217e-02 1.8044644190564472496784987e-02 7.5111106292249651961157042e-03 -7.8862854420698059315641970e-03 1.8889911042690408467759810e-15 -1.9982457769195021580002781e-15 3.3487054546957658981789146e-15 -1.4821206616784932602400218e-15 
2.6597152480902119982275611e-03 4.8225853022469001435412750e-03 4.1754220460206246251511075e-03 0.0000000000000000000000000e+00 
2 (band)
-1.0513972784851148833951129e+00 (Ry)
0.0000000000000000000000000e+00 (Occupations)
-3.1253116614645415349826862e-02 3.7331825484450931185165246e-01 1.5324924068439715885148189e-03 -1.8305581219530020486985222e-02 -1.7859850398704356731013300e-15 -1.6326577863504838127890262e-16 6.0098446319936854598253717e-02 1.0987950159970882868520903e-01 1.2406204523477415424537185e-01 -5.0233478771898404380280567e-02 
2.2215374337917131629829193e-16 5.2139362181741829787199423e-16 1.5985910231731847996883289e-02 2.9090214902009081665568146e-02 3.2973575100517571456748556e-02 -1.3284724476615467070317322e-02 -8.9130093681939748240239396e-04 1.0646599345574148803850179e-02 -6.2722146565843458385685337e-16 1.0299129403594821088934487e-16 
4.1286785470954134887201060e-16 -2.1627895026994157311451278e-16 6.5386685051602166929285431e-03 -3.5516250916146907545822842e-03 2.9760466236413291030160622e-03 7.3694611989730150411470611e-03 -3.1208497678929786323109852e-01 -2.0723475567747204340030009e-01 1.5303019259337954927069347e-02 1.0161714339141994511983569e-02 
2.9485911964190470118365683e-15 -1.5089414681301357344327392e-15 -1.2524078857420531396549279e-01 -2.7018360773441163491526140e-04 -1.5747413071217679358948516e-02 1.3291656194367437726633341e-01 -1.9705260494047141374056062e-15 -3.6752975744609942473568681e-16 -3.3193220630542107085769743e-02 -5.7579799240502216317594275e-06 
-4.2436481442242948713960971e-03 3.5294928952430540403106818e-02 -8.9002986264598363264077818e-03 -5.9100913144365602516772107e-03 9.7227361583108573022237813e-16 -1.4115246599972508762674746e-17 -1.8399003368980567455229177e-16 -1.0989526101931673471399561e-15 -3.7714781758493333418957860e-05 7.4408873265901440130498656e-03 
-7.8916294724154546769145924e-03 -9.4233547070035617032601749e-04 -3.1249905613716227881226928e-01 -2.0751429432086027082604573e-01 1.5225232780504853458136694e-02 1.0110280910200504511653463e-02 1.1760930675401512318070055e-15 1.8992271672466021160034389e-15 4.6679822154973918402198763e-02 1.1489726108756476152805703e-01 
-1.1621626868909623597758696e-01 6.7939756657471914169654781e-02 -2.0838494614630422685880972e-16 -6.3253118613854561813767923e-17 1.4148594638370308451680302e-02 3.0731527821766316255214235e-02 -3.0871376417286683357943389e-02 1.6403051487903635985432516e-02 -8.9326670380578416380545903e-03 -5.9317186774355407097303328e-03 
-3.9561406060575434960096119e-16 -1.4049171664374588675708706e-15 1.0174304587459977775704794e-16 -1.0511858222626907121908563e-15 6.8223135883972319676304963e-03 -3.0457416547934688250132140e-03 -3.7762678252558218305878768e-03 -6.8690056774398256661529061e-03 3.3239373072929290220400844e-01 -1.7387423675162130831672869e-01 
-1.6194518528042180921522331e-02 8.4713082194487580867114929e-03 -3.3169991448298279276721930e-15 4.6365517005902238206377781e-16 -1.2317341324234061528120066e-01 -1.4446337669952010601681636e-02 -3.5484481960362350416726684e-03 -1.3457131996861076972393789e-01 2.1575720607914180925560767e-15 -3.5627586058505212206813982e-15 
-3.3746380569077791267140753e-02 -2.4065184370634703364677520e-03 4.9829541440316559020029530e-04 -3.4955023697501454160718737e-02 9.5013498652573545599775429e-03 -4.9701285314364424677835430e-03 1.8965739616643379964756194e-15 6.1863891084593975393145306e-16 1.0107781876863920146280153e-15 1.9055856444226436124218381e-15 
-6.1767087775810010450566745e-04 7.4457362035553432619283676e-03 7.8385864596086859967805083e-03 0.0000000000000000000000000e+00 
3 (band)
-1.0392242640323017255354898e+00 (Ry)
0.0000000000000000000000000e+00 (Occupations)
5.8496273913461096366495084e-03 -3.7483531804269265563789304e-01 -2.7893641505398469870868894e-04 1.7873979610186815913941416e-02 -2.3286057248998400735063059e-15 -7.1099422099135713301088472e-16 6.5045824529977869232766352e-02 1.1543856523742535014065425e-01 1.1662337161385741279850947e-01 -6.4335762775044380568090219e-02 
2.2227391651045982786304805e-16 1.1812506482825436058838945e-15 1.7118833858782427082001476e-02 2.9497125581701755248076324e-02 3.0661228291394074241260626e-02 -1.6421276803927208065569943e-02 1.6719066666360301448568393e-04 -1.0713240885864918489067676e-02 -1.6806566680647064613278680e-16 5.4088556339189068469565799e-16 
-2.8194597451666276494615892e-16 3.4434109506252342953425880e-16 7.0113434555999394615088960e-03 -3.6533718290349681545592375e-03 3.9005024596494193567242093e-03 6.5971457769204155940911960e-03 3.2565261366773989859524363e-01 1.8570435914142813249583241e-01 -1.5528709090435410811181782e-02 -8.8552891886272341870345315e-03 
-3.4082156132006480061836414e-16 -8.4082977491795949034368495e-16 -1.3249565080422265328508047e-01 1.3871376358985179622074213e-03 1.9412095199956846958144752e-04 1.3319182968743514816623019e-01 2.2647116517710445726556548e-15 5.4273160439468430082836367e-16 -3.4095589296983787319650361e-02 7.9099984765431535782553851e-04 
-3.8108481650478420732497398e-04 3.4779649603911860777927245e-02 9.3075398363607134144537270e-03 5.3076534544111222957418761e-03 -3.3731382099885021039462005e-17 3.2842644916492756605913425e-16 3.3013550218752765700811171e-16 -6.2461441095474129608078407e-16 -1.7626633001943670109312734e-04 7.9041124077586233376280234e-03 
-7.6602043042666417144159752e-03 2.3983714589192670074702107e-04 -3.2464272350330675154239657e-01 -1.8513288913219569375989693e-01 1.5727772886198802815282960e-02 8.9690226433740971589969604e-03 1.8079394065508363040262024e-15 3.4105956111580101842874722e-15 -6.6260353468840918478299784e-02 -1.1480082994667120677156902e-01 
1.1479187003339672012991457e-01 -6.7742978901723149842695193e-02 -4.4267691172513727432508848e-16 -3.2924061988848488524712372e-16 -1.6766023790610859456329251e-02 -2.9893446623451655486114475e-02 2.9885343667191380245817811e-02 -1.8124272214976443196032818e-02 -9.2680844429071772977435373e-03 -5.2852774648397566475965803e-03 
7.2419971535225535127824018e-16 -4.9208777276602862976419811e-17 -2.4299624943566556228140029e-17 3.3034177213338846686668743e-16 -6.7105329429331950219506098e-03 4.1778534067468927129529455e-03 3.6902408975612362856955073e-03 6.7125232768015328371769002e-03 3.1863101221997697232168889e-01 -1.9529813776317245244129595e-01 
-1.5436526827250288129711464e-02 9.4614928340325844813296641e-03 -1.9120154258388205422758778e-15 1.2472532054415498224883343e-16 1.3252190288717541344354345e-01 -2.7586687775573823407093688e-03 4.0622198196802817085626636e-03 1.3322831150466640792728867e-01 -6.6708257054747470965190846e-16 1.8571956148230082929528398e-15 
3.4272920526801052554244365e-02 -2.9090091018045473748171448e-04 1.4850467066938009830234790e-03 3.4920161020637316418024909e-02 9.0964576794233167195136147e-03 -5.5754824730832085524778741e-03 -1.9247507211109494957762810e-15 -3.1385211044415100121031318e-16 -1.1046170114769059160209831e-15 -1.0689062558347532158898930e-15 
-4.2825694977452314921723131e-04 -7.8931810730182381391495383e-03 -7.6600160981333429918715971e-03 0.0000000000000000000000000e+00 
4 (band)
-8.9961144868588804879294685e-01 (Ry)
0.0000000000000000000000000e+00 (Occupations)
1.5486751223607680971738887e-02 -6.4573429340601361248186407e-03 -2.8294010447879602843102020e-04 1.1797285160865603192981155e-04 -1.8297674947404613185977765e-16 -2.8616834842503010617567282e-16 2.5161142101234629242512142e-01 2.6406930952098145448658784e-02 -3.7831419028208260191270540e-02 2.4289882305491589109536221e-01 
-2.7622267354449097766933695e-16 5.6244336241176739712107500e-16 4.2038325707638796169263173e-02 3.9274638578640531927366197e-03 -6.7179024591677571898173937e-03 3.9910273734024642733331234e-02 2.3601036236048540672971541e-04 -9.8406750654769781228026204e-05 -6.7582583566535540156734564e-17 1.3189260491113722875947837e-15 
-4.0319739773049421049533768e-16 -5.7323975725232318218299810e-16 3.8941198764350787309140856e-04 -8.6046822582163534631760626e-03 -7.6117527512612678797232491e-03 -1.6863748158411767663622527e-03 -1.8021865499736888782678079e-03 1.6681992233205378273197539e-02 3.2927036886981619900893747e-05 -3.0477615832380511307064808e-04 
-4.4249128326491136773251329e-17 -2.3199682962430669178534831e-15 -1.4435529646835557060491340e-01 2.0776713303045732383900202e-01 -1.9462843613563901579155413e-01 -1.5016932561129681111822265e-01 6.5972232167023111050567691e-16 1.3329726321858045536717679e-15 -2.3693780669773900626751129e-02 3.4946395496948820524885093e-02 
-3.1737265288751786984633441e-02 -2.5113863800040887863662675e-02 -2.7464366179903720865951300e-05 2.5422527078666420918828805e-04 1.6479879096102443021096278e-16 -1.0806624389498402070243255e-15 4.3218799518570051363104906e-16 1.3145444937121956530918526e-16 7.3527398876707256158979931e-03 4.4865816169100247029488671e-03 
5.1447713692382417843829145e-03 -5.8578125203955638822250762e-03 -1.7854699988244654429436764e-03 1.6527664835335298398888426e-02 2.2949954945047923438039561e-05 -2.1245760188759454933915549e-04 1.1513978974819192267752164e-15 8.1478053960110735568277125e-17 -9.6087382268738100177252193e-02 -2.3239578692907811308110411e-01 
-2.2090087914061856677605533e-01 1.0450085153731386578002116e-01 -3.4931169287670281653237092e-16 1.1689318678132738267299784e-16 -1.5989204992528191495715362e-02 -4.0134540913025186503748643e-02 -3.7119109277107806277307134e-02 1.8196295079899699187464535e-02 -2.8928415072256193074640152e-05 2.6778121915275402559197815e-04 
1.5142385156110844935180293e-16 1.4088164308664697663256926e-15 4.6084961865315179699738024e-16 1.6129851898078881953016860e-15 -8.2235297875248979798668003e-03 2.8623602449729295196800827e-03 -3.8079216229543709493210457e-03 -6.9265837217287982985336470e-03 -1.3623146370765018553505854e-02 -9.5268825429140543969985799e-03 
1.7512179067724620296075955e-04 1.2246342908159291162917270e-04 5.3527774866971082551186358e-16 7.7760990369852203918096777e-16 2.4994042994855003581022856e-01 2.7755509196994477411069013e-02 1.4845015815295153904784797e-02 -2.4392058519642731417853554e-01 -1.9092010506616986469856943e-15 4.3262905052311320503380261e-16 
4.2873024554797065088784791e-02 5.3235153908021727586774574e-03 1.9367323345058481878083745e-03 -4.1293855426995207391627218e-02 -2.2072210091971891676200512e-04 -1.5435474950876041451593157e-04 9.5594911170667615853601949e-16 -1.7755644367382881302500780e-15 6.8100174979401481230419831e-16 -8.7641822553854732757159954e-16 
1.4534102840812780643720004e-03 -8.5852866512660126058209542e-03 7.9042918177840409271750488e-03 0.0000000000000000000000000e+00 
5 (band)
-7.0095750112720378588448966e-01 (Ry)
0.0000000000000000000000000e+00 (Occupations)
1.6556666027907257499052207e-01 2.5886587083231349382117514e-01 -5.4882089116415899709977566e-03 -8.5808988827342919103458030e-03 8.3192473415966912793827794e-16 4.0058022610354897062721618e-15 5.1374325113232963135878606e-02 -1.8879666667972824778409802e-01 2.5220020179524826886563460e-01 -7.1142968466626266277330615e-02 
-2.0911482507222354774231845e-16 -1.4419952590009110436875418e-15 1.7144840204365185964974216e-02 -2.7681677956981398658342641e-02 4.7163156890455415481966384e-02 -2.0499905065686788163681342e-02 3.6964319342896942433007723e-03 5.7794329381975874729282516e-03 -5.3880944778279191617292986e-16 -2.6678270743107147770319083e-16 
7.4629316484087646678610517e-16 3.9424626083058571056434816e-16 2.0499501307865264365659641e-02 -1.8057401901942715660709382e-02 1.6993800744566796984136303e-02 -2.2771317063405988045943218e-03 3.0660823873968995334493570e-01 -2.0377586085676080429607282e-02 -1.0163463818999907140039340e-02 6.7547456899425678544801599e-04 
6.3173043615261077512181856e-15 3.0646993209050269910513930e-15 -1.4069401033184486538019087e-01 -1.3597315208140503539624433e-01 5.9155315265651348122233344e-02 -2.5527810799913219774737172e-01 -1.9495753967751090671367325e-15 -2.0944526672021291366101072e-15 -1.5998049554068957678332197e-02 -2.8359888057130768629354733e-02 
4.7568203542779777595606028e-03 -5.1205294020181535419311558e-02 6.8453253559250838711225384e-03 -4.5494494556545111985101926e-04 1.6736008915241589994775313e-15 7.3216955823538363404697857e-16 -6.6228774555646127112080252e-16 -2.3784011070188723050547102e-16 -5.9481118441216430936524517e-03 -2.6663069643408601749889897e-02 
6.1913602167268620701801041e-03 -1.5988797679023041692358831e-02 -3.0657671653069373807198872e-01 2.0375393037004321805660823e-02 1.0199855022366519086141068e-02 -6.7789480122429357500379865e-04 1.7369274317289832007441864e-15 -2.5513207709930233042213327e-15 -1.2124331344545186128769387e-01 1.5340085345157880580835297e-01 
9.2294316724499170234707890e-02 2.4524553238627516682512919e-01 -2.4060559448364299214171451e-17 8.9899988934860287472617925e-16 -1.2112165811601752207771199e-02 3.0253545335966608442745951e-02 1.1499829151228822474162250e-02 5.0168825112973942925709281e-02 -6.8411650932431273750000678e-03 4.5467517807457231981960177e-04 
2.6066978385772945142918358e-16 -9.4647770633611892705524311e-16 -7.4887612285409191277615379e-16 -6.4002677477700603955914875e-16 2.3711911428862652434501612e-03 -2.7201597747595781390250735e-02 -8.2574438339116703472475578e-03 -1.5020234581058933970298952e-02 -1.2983936649812560792938143e-01 2.7847114512551329745804196e-01 
4.3197738877156846570848359e-03 -9.2647794036231218006705035e-03 7.3158233627150703139113734e-16 -3.0976300738434325808614178e-16 7.6016780928789648430488057e-02 1.8014775022778839463910572e-01 2.5937342446946992646772401e-01 3.7269809954589269707092569e-02 4.5295215176918561115742373e-15 -4.5620657010633754091684792e-15 
2.0676303497072973103243498e-02 2.5188728426414272454358922e-02 4.9503361524515190894568661e-02 1.4091638708687405714958807e-02 -2.8973215217198760793038126e-03 6.2140001086562748552899471e-03 1.1531888792245762691091070e-15 3.4988264000622880190905281e-15 1.1636014150023716672979855e-15 2.9455293189501398149024801e-15 
-2.2694611772149739931103696e-02 -1.5182360289808018508073140e-02 -1.7140385804882619924516263e-02 0.0000000000000000000000000e+00 
6 (band)
-6.0244803007493930024907058e-01 (Ry)
0.0000000000000000000000000e+00 (Occupations)
-1.0191360872790361513651192e-01 5.9833499298970860280633133e-02 -8.2616778133583548826557319e-04 4.8503822458861867161772352e-04 1.3027058104146814844427791e-15 -3.2291214769504160199628007e-15 -2.2537223536768488663106780e-01 2.4099090174338527736708215e-01 2.3980471596853286664341454e-01 4.7172152300825276327600477e-02 
5.5032449011405569562487543e-16 1.6676510635373156024724304e-15 -4.1850568553325695475564316e-02 3.2978157984571015992614207e-02 3.2668689134566650245083963e-02 -4.6379323130314453749178938e-03 3.8061703248468258670156317e-03 -2.2345928829023663231279073e-03 -2.6739106781067511554682752e-16 2.9617829391455724688140876e-16 
-5.0275355254744395466838855e-16 1.7323220552240721332334566e-16 1.1677048402701784013402175e-03 -2.3720552027201115274923637e-02 -2.5287996307696514186602599e-02 1.5854752961858981086251674e-03 3.3352397049441345755482757e-03 1.1813258423658562490388135e-01 2.7032872400058194362060249e-05 9.5764529238645534903184853e-04 
-4.0683129181848684310813732e-15 -1.3779825631339296998266322e-15 1.0260803466363405123118469e-01 3.1359344766781466207206108e-01 1.5686407511916264367890506e-01 -1.8741711685557441158245240e-01 2.7827241209745698375715946e-15 -4.5523706496445906870871651e-16 8.7373149845157704884712757e-03 5.2561281559271394447918624e-02 
1.1674009944761309931493543e-02 -3.0862131451350097166574926e-02 -1.2455213312924286878091706e-04 -4.4118958124836973877513913e-03 -1.2972400905926882932304073e-15 -4.4408912227643050294115273e-16 -1.2338265655604323276393430e-16 -1.7975090791619162083605575e-16 -2.0223932101278319084514123e-02 -1.2450730638480761447439704e-02 
-1.0793222534058476147489358e-02 2.2923848640732255588225996e-02 3.3828847617823482041288230e-03 1.1983275020635904273280659e-01 6.3765225516623086354783823e-05 2.2585388231297215400061873e-03 1.3673814949912019051468052e-15 -1.5252433103232394100930309e-15 8.4182591005339452161493341e-02 -3.1689868443011437459944091e-01 
1.6607453218906309544422584e-01 1.7716212277694132204430844e-01 -1.2872088981252488529407422e-15 6.1819260472383638031977487e-17 5.9877602934989559990697217e-03 -5.4419867903656438112847127e-02 1.3887928102985128142599081e-02 3.0974721422173473461825211e-02 -1.2427232929271194578069171e-04 -4.4018192685710468697868336e-03 
-3.6303343413128162275545388e-17 -3.6571584603244967804389755e-16 -7.3463300853403346958740451e-17 -6.0607753595408430107523534e-16 1.9459094319516180571216779e-02 -1.3350551203304451830522481e-02 1.2037591757824733784687510e-02 2.1896298131761735006328706e-02 1.0663995666827419395161769e-01 5.4765423152956148322711982e-02 
2.0098917897371088026048369e-03 1.0321814826561928613024577e-03 -1.4841615766858089221340600e-15 -2.6595456421255730797149587e-15 -2.3714516159795479000038654e-01 -2.2643687233442064132837857e-01 2.3525536768450303060085105e-01 -6.0183718431759708478168136e-02 -2.0896932464009452297519597e-15 1.7183130692552501743145241e-15 
-4.4803868256564897964988603e-02 -3.1464085641117855995929631e-02 3.3833915684595108896992599e-02 2.7521016737756349643251319e-03 -3.9172122810385186231219024e-03 -2.0116919322528447125475459e-03 -1.7595076843728239187255070e-15 -9.4754363869373917580200690e-16 -3.9787661287177875257956605e-15 -3.4868197420037827248341046e-17 
-2.3246870234769636230642842e-03 -2.3483811432790799994529962e-02 2.4987026377761963058521388e-02 0.0000000000000000000000000e+00 
7 (band)
-5.0449725851914062335623612e-01 (Ry)
0.0000000000000000000000000e+00 (Occupations)
-4.7441070919973621104720630e-15 6.4571755242430135675736329e-15 -4.6595313936972758414356222e-15 3.7442083316635179862538350e-15 -3.6319827204144927712547997e-01 1.2343151902151006105157194e-01 -6.4135233676615515350314067e-15 -3.6221005829272801210346503e-16 1.3831444181452501795551580e-15 -2.1097628151005912791818127e-15 
-1.5753255810803556968835437e-02 5.3536817095189218052020408e-03 1.3509574042967910875203338e-15 6.1603508057406053549740664e-16 -9.5492929878249736770305962e-17 8.9826463497667622290686299e-17 1.5531633492338168406797196e-16 1.9615881248763621586866504e-16 1.0742300204770835470036161e-02 1.2401229033810808044524521e-02 
5.0747671266521271471461318e-03 2.6038261965150216736830657e-02 -3.5227485837360302192974681e-16 -1.0988792398736153706443184e-15 -3.3135279127418188084574050e-16 -2.6052118257842177207419257e-16 5.3282789614906339977368506e-15 1.1716815462362274131040320e-14 2.9161736849938708861995674e-15 8.4891473123556167525055650e-15 
-6.6808237258529648561200531e-02 3.7773665977272430360756061e-01 -2.3850604565922223201397163e-15 3.0177195597889538102884757e-15 -3.7568674789787638516246105e-15 -2.4186422692909976317173577e-15 -2.8977218176409677563576395e-03 1.6383839133578784186262567e-02 9.9587573654371668082951174e-16 1.0978357981076974939752521e-15 
1.2346366633320886001725008e-15 4.3438775909026110327667230e-17 6.3923546432407817860998012e-16 -2.8775014763223869102835290e-16 1.6042422434321322588512970e-02 -3.4392117813882095225808122e-03 2.5262290606946791182707557e-02 8.0969760309430455214041444e-03 -1.7655522723663496562591330e-15 -1.5951101707569826105133621e-16 
-4.5730156882657134516656892e-16 7.4257281504410471099430860e-17 -4.4910935790879603578297270e-15 -1.1925538401684206600823336e-14 -1.6613889546118212252143537e-15 -6.7188908139542682903392467e-15 -6.6814107191116231532213021e-02 3.7777005332842894524958410e-01 2.0912016942661801200652120e-15 -5.9680155952699611174944783e-17 
-3.5357092506412534485920566e-16 -8.8275709287877097366207097e-16 -2.8914336638608574558961806e-03 1.6348305312359125152088524e-02 2.8518662439206791477094180e-16 -3.8411594654299571775941450e-16 2.9063840426610106202954575e-15 1.2101550009706991014797098e-15 6.4193171657833628093070362e-17 -1.3947921271341538651201352e-15 
1.3892528419384349638865395e-02 8.7336436947724610524446121e-03 2.6512146369848828969528753e-02 1.0600847177156926329222308e-03 -1.1507895853108249873394697e-17 1.5653996537421276800746892e-16 1.5722658182124708404000625e-16 3.5954331721815914329954976e-16 -1.6644380485636097993784618e-14 -7.7145041054660419402362335e-15 
-8.2905496140714174895683058e-15 -3.8894331031088519271130401e-15 2.9885447968096423565498299e-01 2.4054175954735368403447637e-01 -1.2291268138495361994161251e-15 -2.0257204065793760867598144e-15 6.6386122408619593218347290e-16 -2.6881781177138319636953889e-15 1.2933170363789135010046394e-02 1.0409638781428351417268630e-02 
1.0550438444681205726753571e-15 -1.3506843673277353517079846e-15 1.9012044144830501830391146e-15 -9.1496199062702886938006501e-16 -1.2470905722521079665664342e-15 -6.2666772133827531105311088e-16 1.4346126917800667774360868e-02 -7.9666505213275388974647484e-03 1.3701283236832194345478086e-02 -2.2722071261420801607799902e-02 
-2.8653899362174472759310929e-16 7.1835597058762144061715730e-17 6.1224685713298543481011343e-16 0.0000000000000000000000000e+00 
8 (band)
-1.1778811107354525411494706e-01 (Ry)
0.0000000000000000000000000e+00 (Occupations)
-8.3162089177986586887343139e-16 -9.5917164351514938727432330e-15 -6.7447052953248276356090312e-16 -4.0704542388543977853570552e-15 4.2185792567768803928984767e-02 5.0192143606852868131795731e-01 1.3624712564420170278669668e-15 7.4671505037214092823762769e-15 -9.4115523082988045361411483e-16 -1.2822932511882864085245853e-15 
-4.9393744247974713523774426e-04 -5.8768450935827720726933876e-03 -1.2994104363955478613766871e-15 -2.8992096518286944496769629e-15 -1.0132722917908266452060109e-16 1.2772910246429614626527421e-15 1.8530806863081697188789927e-16 -9.3158781544754427634774580e-16 -2.2711857297530141375219159e-02 -3.1270806380183618911061671e-02 
-3.2891652510208084503329218e-02 2.1948057643071255951028320e-02 -1.0487386359859004198652760e-16 -4.5755578846758646763287187e-16 -1.0820825235712319532490226e-16 6.4028160049898995316908642e-16 5.8797216744181422241115602e-15 -3.6196909597207212292250819e-15 1.8420477419551499808584657e-15 -2.9826832617321894410972770e-15 
-4.6016026789096031723858005e-01 -2.0483480401093945300061705e-01 -4.7507709768398022162478714e-15 6.1164354279419538814461778e-16 -2.7282685672045695381555715e-15 4.7408987921292393236084932e-15 5.3878747912828872657087231e-03 2.3983510344774139344536934e-03 4.0409061182968930201403557e-15 -1.3288302088748479878743830e-15 
1.8579490610189301356322380e-15 -1.0389185580897403742666636e-15 1.4768900937378148662019397e-15 7.9607303806118103598549507e-16 3.8344337219069185573872005e-02 -4.8377264082017281537906328e-03 -3.3875550907103285647181679e-03 -3.9396732220618735365036400e-02 -2.8924767643830513188900282e-16 1.7608656142110994107938545e-15 
-1.4752345431460278590571563e-15 -6.9790317665094386078490962e-16 5.7996679750815005721352181e-15 6.5536653799409670714678075e-15 3.1137130103261400603768633e-15 3.5484338225336662739973322e-15 -4.6010990170288862399772256e-01 -2.0481586199171386564188424e-01 -1.5713790297446611901709397e-15 3.0251114910334711827854075e-16 
-1.4525727173074027244561645e-15 5.6867288158685061056100751e-15 5.4129526352855381055029227e-03 2.4095479212057901996502096e-03 -5.4383884523410816895567382e-17 -8.7171779929168494330664577e-16 1.4802835504666005926487889e-15 -3.7484368255004308811653894e-15 9.6850265002841198500284268e-16 1.3152814552808176012077352e-16 
-2.2071665569150265839848402e-02 -3.1737592459363986319154094e-02 3.1548822360041715862077893e-02 -2.3855783196960533149022510e-02 8.3686772763818342719139751e-16 -3.3509796281369619318151675e-16 5.8724991110031457347993449e-16 -1.5680405183395173527916854e-16 -1.4822283336214615561544467e-14 6.7867734659056160694300584e-15 
-7.4342727803649368152187036e-15 3.6109049705233021778366973e-15 4.0114114361509040085351785e-01 -3.0452658647092489818675176e-01 -3.0807956664923247375127025e-15 9.3631887726642972679649869e-16 -6.4661447946241136110627926e-16 2.6918146562100698347581911e-15 -4.7192127582854808201529018e-03 3.5825979900770367134188454e-03 
1.7918165568098901066645614e-15 -5.2693171389113712825047669e-16 7.2628098113824213577178176e-16 -2.2880041947647452476312446e-15 -1.3299744385590001928621069e-15 1.0429835668107183752178187e-15 3.8444970261292697732979917e-02 -4.0518462114709635768505791e-03 5.7062210957578062345274539e-03 3.9139054984148304028312992e-02 
2.8326222718634174032074615e-16 4.9670539168780565459828329e-16 2.1847738696199361281657625e-16 0.0000000000000000000000000e+00 
9 (band)
-1.0201524575157194796304339e-01 (Ry)
0.0000000000000000000000000e+00 (Occupations)
4.8954244218869917421412395e-15 -5.0877623756042595949218144e-15 4.0155597477727902326489362e-15 -4.1014019703542391594408213e-15 4.2693998585768483389202288e-01 -2.7594970972843879675195922e-01 -1.8473189877702913508246601e-16 2.6533789436774091470792901e-15 3.9637691549650726612610986e-15 -1.2199627747441705356916808e-15 
-5.7599397671331820092177622e-03 3.7229009874203966568018132e-03 6.0918079761126964414160782e-17 -6.3494968860348589949747063e-16 -2.3356499877869548605756201e-15 1.1328367473787312506713445e-16 2.6873543843612904590962852e-16 -5.7551931684794557803704103e-17 1.7793471320348933084609655e-02 -3.5505693217960224150608894e-02 
-3.5543010720097245602744351e-02 -1.8545805807910108881086941e-02 4.2585814812173536795681866e-16 -7.5080992956583297608773904e-17 3.1467543864878096178195804e-16 2.4074825578236989725040520e-16 5.1659903933406264347527232e-15 4.1190422453633078812104027e-15 2.9394070923431510848173448e-15 3.6419469808978638279877400e-15 
3.6136667288461404856647619e-02 5.0707014810639827739890961e-01 -4.2168349865923577638819937e-15 -1.1137143998135532212837613e-15 -3.4644768688576367318576974e-15 -1.3115566333096412485827795e-15 -4.8753086041691123808661246e-04 -6.8409949234951306085150691e-03 2.4534321070644558197597065e-15 1.5541425404022137315782731e-15 
9.9765000462749766105950885e-16 1.7009902425736113839142211e-15 6.1484904069765280466932496e-17 -1.1004436701830444444023363e-15 2.2541805969664544667674377e-02 3.2697535933796713358834296e-02 3.3374789514705578696851518e-02 -2.2212067642674818146453219e-02 -1.2539494347494754240640110e-15 7.2944781441776962192291331e-16 
-8.4589866029489074515803805e-16 -7.2425906987075246598300763e-16 1.1599655820783656785595965e-15 5.7464386774733690339457468e-15 1.6445918520539863554668487e-15 3.7868139391110474140881664e-15 -3.6137490731072682836888532e-02 -5.0712692992753982679232649e-01 1.8046419408745080465534921e-15 1.4526864882463126923343045e-15 
-2.6957039518076799714894905e-15 -9.3547884942915202507848779e-16 4.8626878643232354648695548e-04 6.8239856563815648460291641e-03 -7.9362345094463750088325378e-16 -1.2335715556313918063501807e-15 5.1175314340732218433540783e-16 6.1143484514920142722085120e-17 6.3059628767573317259324023e-16 1.3819773227151106485925333e-15 
-1.7673066856443687966393696e-02 3.5553470994542799021864710e-02 -3.6178283047311993181338607e-02 -1.7249835683614725412304836e-02 -8.7354447956756742847559493e-17 6.6765464907393721427289499e-16 6.9841279444316451704168054e-16 -1.2313460649630793864319993e-16 -5.5530107769178452436967231e-15 -7.1450938462998648900739721e-15 
-2.4101671445357470702854464e-15 -2.4628001577791968812100650e-15 4.6180808530224692898258354e-01 2.1264273710510384063354650e-01 -2.1620524061371690853479711e-15 -2.9412112133884199834662396e-15 -1.6214222749561371758222162e-15 -8.7774276682687567351685224e-16 -6.2141659902684096006275638e-03 -2.8613595748439571084253963e-03 
8.5316259330095135201415017e-16 -2.3110661482083838844671468e-18 1.4697365206750781039574154e-15 -1.4915451165694674074544043e-15 -1.3885729122178118996748746e-15 5.1325711050420072818622025e-17 -2.2641679247289860088532265e-02 -3.2615041817157568171392512e-02 3.2545167015095168017158045e-02 -2.3393099395391449280001694e-02 
-1.0776255523444630140204793e-16 7.7604528813647089415196637e-17 5.5862346769595074171521730e-16 0.0000000000000000000000000e+00 
10 (band)
3.6727340432186228458277810e-01 (Ry)
0.0000000000000000000000000e+00 (Occupations)
4.3483704287861016431122151e-16 -7.6267168834831510120358393e-16 -8.8148620501664964383833355e-16 -2.6034587351195701489529501e-16 5.7858726909008439953652214e-01 2.6695286623580410934053475e-01 -1.4725031407447996628454234e-15 -3.6129608113927008880718399e-15 2.3475552402331303850928192e-15 1.3511776962227768227896405e-15 
-2.3846300430490907640290743e-03 -1.1002605720476510420269278e-03 6.1678956755703423809924256e-16 2.5917760165129299121838024e-15 -1.3182098317004527975326449e-15 -1.8401615078920047372647770e-15 -4.5523269349342596045177059e-16 3.0666422165055636839697089e-16 1.0491414430314538464017460e-02 4.6232941715577666186298700e-02 
-4.2403498087408314498603090e-02 5.2026253700152499948039519e-02 7.9531816013323555979331567e-16 -7.1410208197333528594052336e-16 -3.4793975276210508516320970e-16 -3.1113000544205673477399323e-16 -6.8894800520438014158622002e-15 5.4748181161196551621201481e-15 -2.7078572010925328096370667e-15 2.8651177134820686386567282e-15 
5.1266912253346119676677972e-01 -3.7841436487719581904798360e-01 -1.7722410017058196058699164e-15 1.4827715599032901371457869e-15 -6.2689861505464684376512409e-15 1.6686292930300705376796098e-15 -2.1129699733685169960040184e-03 1.5596126635446794228556655e-03 8.1371291782069308985902517e-16 1.5508042413486538610548110e-15 
1.1755420017188740750120458e-15 -1.3262559867540668461101977e-15 -1.8056871891110619073890850e-15 1.4119595066655461503794043e-15 4.5568513114478646774951898e-02 1.3079192978166136532292008e-02 2.5162912669625281392171701e-02 6.2222307495801452981165625e-02 -9.2268539462416127489323814e-16 -1.2784860401780063814337196e-15 
-5.7512638885618895970734507e-16 6.5649763122550621483664295e-17 3.1966693305562716350264617e-15 -1.9235392238692758037434623e-15 2.1830422651599617200358953e-15 -5.1470918271533544518025845e-16 -5.1267094037549620910709791e-01 3.7841572900391096112571176e-01 -5.5671845560312792821265511e-16 -4.0766683072071590011833954e-16 
-2.5620382206789619712898508e-15 -3.9631966597794447447307673e-15 2.1018188614511656986394428e-03 -1.5514324465287689797099446e-03 5.3552908940584772842045664e-18 -9.4998199121219299601403954e-17 2.1248734467095449290216434e-16 2.3040490397897466909491720e-15 2.1771437751333879218997994e-15 -1.6297589004384734260126585e-15 
9.2567781215951647211248599e-04 -4.7394839028340234043934487e-02 -5.2041682992242557781459311e-02 -4.2377335921336543866910773e-02 -4.6617461738398744976060275e-16 2.1175806270137056818934559e-16 1.6887219834259250872664562e-16 9.9666585911730432461552112e-16 -9.2933286993646270928534061e-15 -1.1265634927946220262045771e-14 
-5.0727535689182867022076227e-15 -5.3541523515661334545022858e-15 8.4627122159667819700779035e-02 6.3156013748337525015585925e-01 -3.5765914316305602491417748e-15 3.6086839854386131429375000e-15 3.0757225371542992100310234e-15 2.1177353030458984827975431e-15 -3.4697165826712500838469033e-04 -2.5892461896970565826681110e-03 
2.3744587979671347843493937e-15 -1.9321746991011907577979789e-15 -5.0462815255427325066082971e-16 1.5500340591766890690341635e-16 4.9126905703911744856044124e-16 -1.6760368438246040464521432e-15 -4.1086465357997405123402501e-02 -2.3643815477208701691935744e-02 -6.2206814533055362903546381e-02 2.5189037180979333141461751e-02 
-1.3924920292692812022263408e-15 7.3437958718915171605206035e-17 4.5513332691519981388952175e-16 0.0000000000000000000000000e+00 
11 (band)
6.5406383242764043473016500e-01 (Ry)
0.0000000000000000000000000e+00 (Occupations)
-1.7546137009295414976861593e-01 -2.9369757770824700404688201e-01 -3.6380258104514499872816913e-02 -6.0895175336343643213155019e-02 -3.2458727534174704008762940e-15 1.4530318990481433916606233e-15 -3.6292524938408163293068753e-02 3.3310140546548411277782975e-01 -3.7919062657351165768204737e-01 4.6481759800820407479982066e-02 
1.1033008716920579711656593e-15 6.4623809767570059584486989e-16 3.0669491689557126790077746e-02 4.2420785808643834968734154e-02 -8.6740268834120948238108895e-03 -2.9938546584976966080660077e-02 4.3635540369819772466009056e-02 7.3039504221699275143819818e-02 5.8757056970059770061257862e-16 -8.9766152355879313095545247e-16 
8.6683486633587065296990316e-18 -1.0395809198149867805554885e-16 1.0450587994365040378497156e-01 -8.8941451308073238291029838e-02 8.7153908021290305008221821e-02 -6.0242429718096422719408878e-03 -3.4189830896105755098091095e-01 1.2268083637245602579568526e-02 -7.0889171935750838748901970e-02 2.5437887600380237884678536e-03 
3.2901739327759704231611503e-15 3.1994331490211701767586320e-15 2.7441492954976731688532254e-01 1.9227620791374550046626268e-01 -1.4194420084952169558434321e-01 3.5468003766857642000687179e-01 -3.6196371471427890936764176e-16 4.6033300171913536311067173e-16 5.1948758279762655143407812e-02 -6.4395110302872746177449415e-03 
-3.0414092684977449970729069e-02 -6.8218971074543721666572083e-03 8.5026587350509746920934617e-02 -3.0510660176559373235605221e-03 -8.1396173415304649054955013e-16 -2.2627597626106563343625978e-17 -2.4750007726788553209753751e-16 -1.0874008180456366778909101e-15 -2.7593896313849036738830023e-02 -1.3442707164036726830147472e-01 
3.6707631026739823143500985e-02 -7.9275752983950661945122818e-02 -3.4025670944121083616451529e-01 1.2210793076809139945382299e-02 -7.0190928270155050761047733e-02 2.5188083036285224824979423e-03 2.9845946464093089808341028e-16 -1.7074248639625646413903279e-15 -2.5932678485794558032040413e-01 2.1175146687153362234923293e-01 
1.6668090310850908197792819e-01 3.4416229847198892555226735e-01 1.0442335168716182198956030e-15 -6.5948127085586476609113013e-16 -5.3006307911286174028298035e-02 -2.7965743449578361889962252e-03 3.0258532954846199813925267e-02 -9.2124348724575005897818869e-03 8.4952579120090784825514163e-02 -3.0485700001698194661070573e-03 
-5.9627073935018982046638834e-16 -1.1460703965276459375536177e-15 -1.1532134485370077802530520e-15 -5.6627529566964475714912952e-16 -1.7740363692558363400975097e-02 1.3610130427544606113166026e-01 4.2043639482105460425387378e-02 7.6477096346631648349223553e-02 -1.5321952030615701434435039e-01 3.0405182187331913912231585e-01 
-3.1607489027522500668609950e-02 6.2722224482819805002620228e-02 -4.8466608334537099566105574e-15 2.2561703846139459354533279e-16 6.0627593598574114341914765e-02 3.2926184103455469198706851e-01 3.8189085864945043757856524e-01 1.9737862867258326032837701e-02 4.1013049671215874642416326e-15 -2.4533950953360433906287014e-15 
-2.7986640357192130168506594e-02 4.5102521747334575752397257e-02 6.5042411993062217157035576e-03 -3.0953878905234447072025716e-02 3.8254734844049127773235597e-02 -7.5913172376164753107907757e-02 -8.0945730584089026073178191e-17 -1.5032289667314816106349544e-15 2.7883536212038401763636466e-16 -4.6615201182921453698182626e-16 
1.1071999672727889096890408e-01 8.1113302571973300292285103e-02 8.7272068192024446209309474e-02 0.0000000000000000000000000e+00 
12 (band)
7.4100697993506037253297336e-01 (Ry)
0.0000000000000000000000000e+00 (Occupations)
9.3741115247350514927404674e-04 6.9424221965995569494367601e-02 -5.1927819291735233253604065e-03 -3.8416603254924758248378680e-01 3.6601208576393026258618754e-16 1.0447198974717431625625602e-15 -4.0732064997249059490336265e-02 -4.7617380542114867703062941e-02 -6.8945137621610474987221551e-02 2.8781460838803840651678456e-02 
-5.8300550376234153386354003e-16 2.3554500271836368397100000e-15 -1.0631791912832394553234394e-02 -2.1511962689744049126439052e-02 -1.7712881899658736162272987e-02 1.2760270876874424406111075e-02 1.6482373921273135719545166e-03 1.2193122614292409289227237e-01 -1.7551761368014762512450224e-16 1.1523344559992711294289272e-16 
7.3403040419818416854728368e-16 -4.1211040521589755400029935e-16 -2.4837494945336359430942963e-02 1.2356996306493284176752923e-02 -1.4674278552276948800470180e-02 -2.0682970171148513938153002e-02 6.1288510739282570094488278e-02 3.2623914336193590712831281e-02 -3.3914890237946193618512325e-01 -1.8052292808281444891349565e-01 
-1.4527679642740372520631100e-16 5.1906567998835597957258746e-15 -6.1350250618777912858803347e-02 1.2753932634533844681090642e-02 -7.9931869507843186783979661e-03 7.4282659161136604941688688e-02 3.3544378827866769042303364e-15 -4.3182779059737908206118980e-16 -2.3972981422384732203001434e-02 -1.0467567839032715371061499e-03 
2.6486646789750864505741390e-03 2.1669224108411919149652647e-02 1.0764319240630945695436083e-01 5.7296454722739628695471481e-02 -6.1983560409001535285210950e-16 -3.8583261463821716984412863e-16 8.2861790922143868389991809e-16 -3.7257223573684598036989926e-16 -1.1370360309921057062609862e-03 2.7718291107903650360988479e-02 
-2.5194012530878891198415914e-02 2.8950714541209196170590268e-03 6.6574420100772496722285609e-02 3.5435263386487114711798085e-02 -3.3883292630081240925932207e-01 -1.8035487104130909497001767e-01 1.4129576911532992701679145e-15 -2.4433660739066191806440535e-16 2.0764224773040490523712265e-02 5.7098983143777662374596105e-02 
-5.6079470959033275723193412e-02 4.9788858425623805370463515e-02 2.7148693405751679486908933e-15 1.2400013082854829978819678e-15 1.3805743591790625712789620e-02 1.9130906668486241661852887e-02 -1.9259964189212514656945885e-02 1.0126500003506226643690269e-02 1.0709127404439472419639401e-01 5.7002927132296307699554916e-02 
8.7618088052048274345940104e-16 3.4949465683616584186840301e-16 -1.5431857360811909788516965e-16 -5.3839624050011308184020432e-16 2.2702368270622292484306470e-02 -1.5950461247933575559265762e-02 -1.2542859437065302305458481e-02 -2.2815376628817257004255836e-02 6.3124629490861214331509643e-02 -4.1268540738208077389703732e-02 
-3.2128018538046204666258632e-01 2.1003493503655262797380487e-01 1.9679973898645238944896532e-15 -2.2268072026698146357412053e-15 6.0039461928819093383680183e-02 9.3118160300023240794065060e-03 1.6613818069097407298384539e-02 7.3128780487147271305303775e-02 6.8115194035184348141765616e-16 -1.4358103792764669195715109e-16 
2.3415509007337676622428901e-02 -2.8816807608772858351198209e-03 -4.0463890817038061092913992e-04 2.1756113858978881614447687e-02 1.0154366054944125030701230e-01 -6.6383429260026272089589838e-02 -1.6620792950528624664004599e-15 3.1580506311479819396265897e-15 -2.5738648811112370858741354e-15 2.1464427009080449037177829e-15 
-3.0405464218818197170979278e-03 -2.7578430277542489990061370e-02 -2.6035835565098079669166253e-02 0.0000000000000000000000000e+00 
13 (band)
7.6585315330308811887505271e-01 (Ry)
0.0000000000000000000000000e+00 (Occupations)
4.6093105050500166042226624e-01 -5.1824228463759636209573500e-01 1.6978694274441152867183291e-02 -1.9090545798918775316499463e-02 2.8267018804438324895019957e-15 1.6381839228016101311808373e-15 3.0286651633701955343980217e-01 -2.5135364304322432849048141e-01 -7.2921028804552159852114812e-02 2.3621650082797199243778152e-01 
-6.2887917763545040066602126e-16 7.6117811296330936919526087e-16 2.8478603795067888165837289e-02 -1.2272756762415570896962436e-02 6.1641303930078800155101248e-03 2.7223196840936075835415409e-02 -5.1048948358246470924370897e-02 5.7396474125446184100240998e-02 -7.9841192838230615237154276e-16 2.4471196544353707132528444e-15 
-8.7641452941941765064252841e-16 3.3232711357720622643743261e-16 1.8235314683568100424526648e-02 -6.5803136006063772667218359e-02 -8.3702050894735938180168944e-02 6.8030247462162268812235766e-02 -2.3208394895624112619358925e-01 -6.5358208324801836397455190e-01 -8.5496244660904115175714679e-03 -2.4075483788564611131732818e-02 
2.8067019784181347662250279e-15 6.4537051025088780354919401e-15 -7.4355819524525482155929978e-02 -3.8649449244727362984264118e-01 1.7186812410311724796940780e-01 1.7769935177877199672380470e-01 2.9424915748229949238134358e-16 -3.6409831730771236092571886e-15 2.9649732717063753684172411e-03 -3.0868436406201210653321709e-02 
2.6825461709921935571365736e-02 7.7132064532958524716299564e-03 2.5703895271481709550176475e-02 7.2385496740623125888625111e-02 -1.2035653995990292902376831e-15 7.5169968934397106726077971e-16 1.2077992814649109090968089e-15 -1.7504641556270829780854432e-15 -4.8878797812620590479415483e-02 -4.7680630598112519469289339e-02 
1.9291589769742135962449225e-02 1.0612248799337548055277125e-01 2.3143954495485435929325035e-01 6.5176461523988937774021224e-01 9.4009774097432857731249101e-03 2.6475913713783494340958669e-02 -2.6097601316434323520259148e-17 -2.5471620062780294032062333e-15 -1.8661484111134896135553163e-01 -3.4797401973140673625550789e-01 
-2.1315920043882594092643501e-02 2.4707432104782217630045693e-01 6.9663441880822743548844971e-16 1.4420754878476774077142852e-17 -2.0932641444760924365198207e-02 -2.1240844187943162812981512e-02 -1.5338171197226906083965758e-02 2.2025273996706673518275466e-02 -2.6115486598491950698264219e-02 -7.3545096839664481080944824e-02 
2.2638855049701043537892944e-15 -1.2331733564632567782579129e-15 -3.8601381679496891542782073e-16 -2.1878910839596549138760434e-15 -7.8753924121489123771899798e-03 6.7854299698524467299165508e-02 -5.1979661407924149241210898e-02 -9.4550653143399429612081519e-02 6.8264253728840318391490882e-01 1.1117797862949736764637265e-01 
2.7729975455855655763759415e-02 4.5167293979666844894182987e-03 -4.5892537657217275483740068e-16 2.2980082956875616530617891e-15 -3.9483434332052491644304837e-01 -4.1059305545086272060117949e-03 2.0624385523206575920873718e-01 1.3770824502390069388191307e-01 -9.1130409085540259497575612e-16 -4.0701340724010573076244885e-15 
-2.8697870574655625491855560e-02 8.1105588063975081469791917e-03 1.1911674409840932592485885e-02 2.4051698548333503430152192e-02 -7.7029291267448424251895744e-02 -1.2545445239833707268273244e-02 -6.2672497904039719866860497e-16 8.3944216012204121404135085e-15 1.8017054167778659601118947e-15 3.6196974699729386100783176e-15 
5.5667176874181517609585512e-02 3.9590317150550835556543916e-02 -1.0789676181390757403466552e-01 0.0000000000000000000000000e+00 
14 (band)
9.5951071936158771613634144e-01 (Ry)
0.0000000000000000000000000e+00 (Occupations)
-3.4900470418620266332965230e-02 6.7062093362495600601391743e-01 -1.0110837953985429837899801e-02 1.9427127152658876796387233e-01 1.9276584159834884103159068e-15 1.1836129406361849447748856e-15 1.6153687403306549175141527e-01 3.1873339209296197571674725e-01 3.1649067069496217285973216e-01 -1.6299351681281076809071351e-01 
1.3578075281101617437105302e-15 2.1196772624560855546658340e-15 3.6690570459164684180564109e-02 6.9948959613704064786077197e-02 7.1592533609488723245206643e-02 -3.5621804945757479243795274e-02 7.4467776028192614323764076e-03 -1.4308807500180972804848523e-01 -5.4022643843164202208719876e-16 2.3876897110840777074372424e-16 
1.1735191862990337546214023e-15 -2.2338873330250967663902148e-15 -5.7123671307202292246607556e-02 3.0179862867767592166101664e-02 -2.8913630780035143308381862e-02 -5.9078962277690390270112886e-02 -5.7085617413406963827071650e-01 -3.5365761394947781148800914e-01 -1.6537027966802042566740738e-01 -1.0245109363595800155977145e-01 
-9.8590812271178255208710637e-16 7.9234448563957051119864391e-16 -3.5712918321494824258621748e-01 -1.1995140837088830165768627e-02 -9.6382357655123984674361282e-03 3.5586561448291187392811707e-01 5.2927974703473685896566099e-15 8.9809179517855120890354132e-16 -7.8972557695511008679645215e-02 -1.5459762891322365030433161e-03 
-3.2743404588714275504912621e-03 7.9897950854686122790226932e-02 1.2180152350397303873119625e-01 7.5458866785164252499740201e-02 6.4520663037002211169934779e-16 4.5822964496433640498552417e-16 1.9649006594563615545890935e-15 -1.6214155489900429185112633e-15 1.0727230831961004353658495e-03 -6.4597114575791814150562686e-02 
6.5700537154551957863546363e-02 3.1242993289081685825969714e-03 5.3029820493242552092993947e-01 3.2846077742298684931654407e-01 1.5222923792933179543140909e-01 9.4288340554528504711129244e-02 1.0114404726333275874924471e-15 -2.6446618363983309256648772e-16 -1.8247017235560530901139487e-01 -3.3798321819611482075274012e-01 
3.3789902314663111670967055e-01 -1.7970994130494066798320318e-01 2.3083885128482240069075698e-15 -3.8562810707419779387328753e-16 -3.9090421366899844035636136e-02 -7.4564160906377879856066215e-02 7.4616795942865937751875549e-02 -4.0849924741855087040320882e-02 -1.1361692073542888070658563e-01 -7.0372865814792226468732395e-02 
2.1378931686892464072088657e-15 3.5445139625694909147095085e-16 1.2334086143733110607455250e-15 8.0996378366076746654093632e-16 6.1417178304842286185039058e-02 -3.2352995462950694116610606e-02 -3.3789372960018236591306362e-02 -6.1462641274321827555837672e-02 -5.4330548192035199583926897e-01 3.0646667318837589322200188e-01 
-1.5596249733812037052693711e-01 8.7975743640703249481838100e-02 5.0629044723527958669683424e-16 -6.1296014960815620007090349e-16 3.8408262779483404170122185e-01 2.9248261270778883047505303e-03 -5.3030737611000945685990615e-03 3.8267909566103047724894282e-01 3.9493478737486746730306148e-15 -4.8918373348257689404742025e-15 
8.4173026410161916333052545e-02 1.6663610859667943309148086e-03 -1.4985364695917213762044184e-04 8.5066798059418857747004949e-02 1.1640358139812778670574289e-01 -6.5660879967265189938174785e-02 -2.1176647796101265086601410e-15 -1.5063722797751890829820806e-15 -2.7454558731853195582657444e-15 -1.1035212373486381093189393e-15 
-1.2368052433135233014044330e-03 6.9406458050707872664553122e-02 7.0138277690901959515734632e-02 0.0000000000000000000000000e+00 
15 (band)
9.6263322788250504924434381e-01 (Ry)
0.0000000000000000000000000e+00 (Occupations)
3.7075288142003143265768017e-02 6.1260043066447378290462211e-01 1.1501266306072115142011825e-02 1.9002658872542654844295384e-01 1.6398562327289720791073094e-15 8.5642821835694662259419609e-16 -2.1009057269588557459449873e-01 -3.2146389795725938132164856e-01 -3.1678333546973125312007369e-01 2.1243103727017767501372703e-01 
1.2252686656736258127915091e-15 7.6626220018266463697706881e-16 -4.5116600888852942397022616e-02 -7.7070485628296603319853375e-02 -6.6909151035128566764598190e-02 5.0198283969638157753223595e-02 -8.1795205881111943124750496e-03 -1.3514802839299050463139906e-01 1.6275418994754239349327934e-15 2.2680791361396303967447280e-15 
-6.5603300844091481447762370e-16 2.5347791539775241464496526e-15 6.4067852177767795063267897e-02 -3.4696111715183691748265460e-02 4.1187898355994262411527984e-02 5.1026063810011561272528269e-02 -5.5468700592428843432202257e-01 -2.6263318545046060448200365e-01 -1.7206234640270209879098218e-01 -8.1467370766825669692323686e-02 
5.1527916323689914631896240e-17 -3.3035563926990724428984476e-15 3.8291286645716388070681546e-01 -2.9237358415069997219504216e-02 -3.3543201330541977389643193e-02 -3.7993878568989564170621520e-01 2.2650021246522617673212580e-15 2.0797471937162381674522103e-15 8.9272469630988574018637394e-02 -2.4069891420509526014370749e-03 
-1.1755362244309924824037239e-02 -8.2816143741680309231512069e-02 1.2237163418326835184757329e-01 5.7940290669636414222498644e-02 -2.2022416563638807135159824e-15 1.0773805502027684772468323e-15 1.2115327388697448319861139e-15 -3.9044172771671130685685490e-15 -4.6048869577572371092344383e-04 7.2858066135369187188430828e-02 
-6.4556901932186730452833956e-02 1.1511236764294885404069646e-02 -5.9558810002672823991076712e-01 -2.8192667660666270723623938e-01 -1.8366761486621263621543676e-01 -8.6941303114645027139140154e-02 4.6583928453978941744344335e-16 1.1662432643704089263817492e-15 -2.0432185754021034429506187e-01 -2.9343482351091232374074025e-01 
2.9369685618541702121220283e-01 -2.0113351432909934435322441e-01 1.8759811969363020332291555e-15 3.4178624448293753419266578e-16 -5.2241024142741232516584660e-02 -6.5845304504737300899108732e-02 6.6899236326433880739372739e-02 -3.9428539384616753671330969e-02 1.3117051472673893486309282e-01 6.2090842202112937753266664e-02 
1.3235990906274451901214085e-15 -1.9189314516775165990300802e-15 -1.9535412820036676055761743e-15 1.4672512302268443527577913e-15 5.2166110308095557657193098e-02 -4.3825425362622100200482578e-02 -2.9319542555315245696556659e-02 -5.3332049947671371359358972e-02 5.3398098535204630010753135e-01 -3.8609861843626397392981175e-01 
1.6466979294167374825441641e-01 -1.1906486564246701598257516e-01 2.1560572135896846122660114e-16 -1.0080203719964362528623970e-15 3.5557170156156314710926836e-01 -3.7685304379408722519340103e-02 3.4765102721301836818934561e-02 3.5426532648897246513541859e-01 3.4975716153501519452890074e-15 -1.7316462943090741270866405e-15 
8.2867985503704111316380931e-02 -1.4057941078288123393225106e-02 2.3225395683511493305495321e-03 7.7619091395213460349289392e-02 -1.1760249717704981953225740e-01 8.5033106945280087507477162e-02 2.4670241632670162044175768e-15 -2.6810170068520660133980691e-15 1.2654835665463582338881166e-15 -5.6707115931524348168449599e-15 
1.3273297710365646387420391e-02 6.6826570619652428395518484e-02 6.0860028978579290559469683e-02 0.0000000000000000000000000e+00 
16 (band)
1.0582140299387949866627423e+00 (Ry)
0.0000000000000000000000000e+00 (Occupations)
7.5753335440231702324833769e-15 -1.5331815645762774767203022e-15 7.9715811789146226874770792e-15 -9.8055511005034770156593244e-15 -1.8518551109858293751697644e-03 -3.5517921306046085216934216e-03 -7.4916483359755169003639767e-15 3.4739858015532724866800456e-15 3.1588820220500654886360784e-15 9.9216909863078248094228254e-16 
-3.4170933584360147633463001e-03 -6.5540705865622106429668747e-03 -1.4987437334884213084496652e-15 1.3007530569654721169332963e-15 -2.4219531301895779378353670e-15 4.8039999288018898673335853e-15 3.7628311269673964607905884e-16 -2.5796682997441091795242191e-15 -9.3614997625185367158273664e-03 2.4024012138334377430837208e-01 
-2.3885131246248353376060436e-01 -1.1547626713903346232226177e-02 -1.2486618317867180100412056e-15 2.5988309665777435942576471e-16 3.0053669784379756482055430e-15 -9.4117209929826077869703389e-16 9.2699926663333043994014770e-15 1.0400595194477069930432732e-14 5.3294762050715353547938228e-15 2.5540266582296667744137211e-15 
4.0045971738131430628371277e-03 8.8295903499374661649312657e-05 -6.3000310172125092604625618e-17 8.3010033995006161100778682e-16 -6.0442808219027951436611348e-15 5.5037647109477146731455240e-15 7.3895731166984252036300518e-03 1.6302584752857229855038668e-04 -4.4380239509614261609973912e-15 -9.5688963661160685833914735e-16 
-4.2339318449017404867399923e-15 1.4095933031497002123995232e-15 -3.5965356965213930483063660e-15 -3.6352310189108113862382386e-15 -2.0601408630277545652731419e-01 -1.2394010587747443519202051e-01 1.2518675972862033929366987e-01 -2.0374388907749768629074083e-01 6.3191836772164321078703844e-16 -5.7418236353832925478020888e-16 
1.6978699020828003934430957e-15 1.4289718502681453468784416e-15 -7.2865447012019607483842176e-16 1.4851723868064987663317657e-15 5.3702573761015506742702503e-15 -6.3944016634177002601731541e-16 4.0180084114975131437397238e-03 8.8625522181480509420481440e-05 -1.3580225721408906532614516e-15 -2.5653785067185935925870340e-15 
-4.6329682791612581751578985e-15 -4.8858536648135776074883120e-15 7.3659179130576846183942052e-03 1.6237729321554039696451355e-04 9.8575624235946596229644034e-16 1.5350935878543642145576799e-15 -5.6632365751933205458265781e-16 -1.9433007422747093202673860e-15 -5.7704890427415476231635222e-16 -1.1468337219276292110998256e-15 
2.1128231117010828898905572e-01 -1.1473506464034673169027911e-01 -1.1608593106196729571877313e-01 -2.0906048914149852335775392e-01 6.9666899243527329440398350e-17 -2.4410823663580400092280543e-15 2.3816621378421030808591407e-15 3.0315222639012161459047901e-15 -8.2702231214365882260855877e-15 4.7551824768981220450571560e-15 
3.1935809651276234379549528e-16 3.1147997525817256874143345e-15 -2.0133534511998507632313249e-03 3.4783119409499407836960927e-03 1.0103668715617318554587278e-15 -1.2570241341742132131602413e-15 1.5869587354022258638296586e-15 -5.7586126754665167796449180e-15 -3.6908503231610524653039107e-03 6.3765772150296343157016565e-03 
5.5074137477133369846270494e-15 -7.4126245015276694907070939e-16 -1.2051727637579407854399292e-15 -4.2960129230009282855712731e-15 2.4449298267979915987326919e-15 1.6099695325058967290894290e-16 -1.2429260494539525350871090e-03 2.4042213959251126920158015e-01 2.3912592696834428229735181e-01 -1.0112181448791656649538462e-03 
9.1036698992387392610181308e-16 5.6228549377651029651633409e-16 0.0000000000000000000000000e+00 0.0000000000000000000000000e+00 
17 (band)
1.0992070486494418535272644e+00 (Ry)
0.0000000000000000000000000e+00 (Occupations)
-5.7875620427301357163106806e-15 -9.6878951958442929602917955e-15 8.1902862646301874252548639e-16 -6.2454901776890308060379524e-15 6.6328665931931637955720760e-02 1.2276206082148476139703774e-01 -1.2045883646531706122217860e-15 -2.5628513104175314391034606e-15 -3.5826316246435635564913850e-15 -5.2894108045755446633335148e-15 
1.8698083326465153586326551e-01 3.4606707703861322444893744e-01 -6.0438406565693266458515784e-15 -3.7952420808455272859520777e-15 -3.0935770540355633172685984e-15 -7.9102978615130610149249508e-16 1.3633190634095398654084925e-15 -7.1628964438037481950056323e-16 -3.8816218189037535180041516e-02 -6.8128957671963544240334443e-02 
1.8859499941472693262944915e-02 4.1326866616653072650233725e-02 -1.0012654056678617086798761e-15 -1.9905527529630418954115827e-15 -2.0186835637871362648553395e-15 6.3874987996197976176573130e-16 2.4049689425652723058074273e-14 8.2251543568680423011782631e-15 1.4940511577671929461141241e-14 5.8036844707779458841092638e-15 
1.3953129246500656224228010e-01 1.0168207775700446870992266e-03 1.3562480496216665060181220e-15 -1.4830291158532399641404580e-16 2.8373923425356140279125558e-15 -6.8133122952375593973984650e-16 3.9333959476462576621003109e-01 2.8665325374525041368656275e-03 -3.4719986114699940463932401e-15 -2.9534745522366614827518586e-15 
-8.1726829436733224937085369e-19 2.7871035904245302417307236e-15 -3.3918352897629697503728555e-15 -4.4797915717531138712424476e-15 -7.8401716439422258764224694e-02 1.1935356381658282498570145e-03 4.5300642670676308232380336e-02 3.3826640412922374945292603e-03 9.7092222244409027398538394e-16 3.6802049535535217875219538e-17 
1.5951870362265192928135889e-15 -1.0646122313826475036618676e-15 -1.6092500571914175898222013e-15 -1.2795799419571580967815040e-14 -1.4703122651590394953542328e-15 -5.2654357238331909093327378e-15 1.3957252201678424508024534e-01 1.0172162043906897432865577e-03 3.2359117812008630697452407e-15 -9.9745069186677024849968477e-16 
-3.0084349626231752574713853e-15 4.7055084925147076118732671e-15 3.9328366223189148431771400e-01 2.8661739302825606917624057e-03 2.0711793046777120500720371e-15 5.0561538228655972230298450e-15 9.4880453424716334217915542e-16 -2.1942189590005934760213701e-15 -1.7683445023758333270877465e-15 1.9440150624718582595168351e-15 
7.8388876280572200583307563e-02 2.3285521171287478989220254e-03 -4.5352453762332115005939670e-02 2.7088058881965075552766820e-03 -3.0532556851082488994769835e-15 1.8570195212440289509576069e-15 -4.1642805380823824759985825e-16 3.4678710065490383357271659e-16 2.6288770460007690330307290e-15 1.9167479911078756663464217e-15 
3.3164030999819014051421736e-15 -7.9004184619151718327302459e-16 6.8130968614927164828110051e-02 -1.2181828576417962073374923e-01 -1.0493408686646847022189146e-14 1.1434297068171515261063030e-15 -3.0612217782289679709110138e-15 -6.8501922831902353180522754e-15 1.9197749653449075468714113e-01 -3.4325631058419958652194737e-01 
3.4223556319338335992700746e-15 -2.4041452649737951175693821e-15 2.4798260313880076963166114e-15 -4.1452349847886489781636131e-16 8.9988069750951545085764758e-16 4.5949570519326821618940962e-15 3.9804654917935222702141118e-02 -6.7570907396288154567187689e-02 -1.9474966526255486909402492e-02 4.1047635381414031285896016e-02 
-5.3168492268663225758770516e-16 -1.5300285544939056935207461e-15 0.0000000000000000000000000e+00 0.0000000000000000000000000e+00 
18 (band)
1.1603664772736967947253106e+00 (Ry)
0.0000000000000000000000000e+00 (Occupations)
1.6094161533122930407557760e-02 -8.5872022264417702253069820e-03 2.5463046955189083675463735e-02 -1.3585581162259663390301512e-02 -9.9860323485509365228585087e-16 1.7633641187827611666412251e-15 1.0613532265497380158159046e-01 9.8514762697266694546627264e-03 2.3501112158044318301008957e-03 1.1372546056985435858344147e-01 
1.0982996254037494510159573e-15 4.6892522384242604138375001e-15 2.1169765096947024130003001e-01 1.3739611486114244875977874e-02 -9.7695798569912700726192156e-04 2.1963660834633810803317999e-01 -9.2042948485810318487443382e-03 4.9109513019794191063249755e-03 1.6718965726132848009286475e-17 -2.5081125121812702036811058e-15 
3.4736388760330093941558545e-15 9.9517954551600951235704858e-16 -6.1042392854928576723105849e-03 1.5325777323928116424589518e-01 1.5468042638744489147839545e-01 3.8267213852079956515339632e-03 -2.2839877248856388369802062e-04 1.8240337484077925878089843e-02 -3.6178089375486777168333674e-04 2.8858341780892755867871102e-02 
1.5884696487842018713692111e-15 1.0196619643950652964919210e-16 -5.9763996086162451959467035e-02 8.8261107355298462628923062e-02 -1.0079055551212234842495263e-01 -5.2728240290285485758481343e-02 3.5705291544275569845969141e-15 1.4036354581454689639778570e-15 -1.1402623444264362029265669e-01 1.7889295740361360609327335e-01 
-1.9199837399914193580841015e-01 -1.0666685780726384291661191e-01 1.3070342735680556822686071e-04 -1.0431653893993192774858336e-02 1.3270937768362087956907626e-15 2.1330355250195196363679305e-15 -1.6446280284678108694762489e-15 1.2751916841883238686781088e-15 -1.3136007077126704567504589e-01 -7.9181680977896670703408688e-02 
-7.7871245208577369312230587e-02 1.3370395384441316477541761e-01 -2.3559378727665281072489734e-04 1.8761360495895738897953464e-02 -3.7190322696121352885612055e-04 2.9649889438376521300089195e-02 8.9634446872200812934470719e-16 -7.2945611410423723434507828e-16 -5.6813259692326201211187708e-02 -8.8556145840218092324391819e-02 
-1.0080424141995104891922352e-01 4.9525624536173699918872870e-02 2.8263943210819576117471045e-15 1.2563566020424713124021833e-15 -1.0968949694302052022543137e-01 -1.8252537964217815935619171e-01 -1.9495669316624147926475530e-01 1.0229265906575395195243772e-01 1.3447030606292785515076815e-04 -1.0714883336807382030464453e-02 
-1.4882633221099479641514400e-15 4.0392800631439486588111038e-16 1.2462486783739045759286245e-15 3.0756829762484380279054971e-15 1.3328491292182226279905422e-01 -7.5790034328400521235202802e-02 7.4484963799946693474574033e-02 1.3548764624262035760615674e-01 -1.6327207358560025252103287e-02 -9.2448067562397422125552993e-03 
-2.5803230434434491769035702e-02 -1.4609844450421330744327442e-02 1.3178829897753725308857826e-15 -2.8739708707750766246188384e-15 1.0497233875172154449195716e-01 -7.1235903823975849080696321e-03 5.1631780314399453035711929e-03 -1.1219458171661168821575671e-01 6.0612503902119337545537166e-16 -9.0232216245540297374181212e-16 
2.1279152761894915002471862e-01 -8.1893666865168329715984896e-03 4.2813627191430614349343386e-03 -2.2012171688028908667078554e-01 9.3247422810227992284737297e-03 5.2797716406117979268119988e-03 -1.0601150170247575192618315e-15 -2.5057262498981482734052799e-15 9.0085270838893298005594737e-16 1.3625367584348412339371418e-15 
2.2048168921044121112973180e-03 1.5331058704000805059664003e-01 -1.5461213444178800724415623e-01 0.0000000000000000000000000e+00 