163 (index of k points)
0.08388090372799014704519038 0.1450774439727285924917055 0
18 (number of bands)
52 (number of orbitals)
1 (band)
-1.3353118396233161213615404e+00 (Ry)
0.0000000000000000000000000e+00 (Occupations)
-1.8188195464180559324240960e-01 -2.9850929362400074884575929e-01 1.1466949879986837457224169e-02 1.8819872216350175264665268e-02 -3.9399426654776870247422294e-17 -9.3021825646384251627850013e-16 -4.6191319165349693787181451e-02 3.0311344775869802914414208e-02 -8.2112937437340133284280341e-02 4.8778571154676424181939609e-02 
1.3718143441257308072710193e-16 1.0930852208834102742923702e-15 -2.0668200460105964899604203e-02 2.9576438669895871447224067e-03 -2.5866514125668111506728408e-02 2.1331519435976956100553537e-02 -5.7522418906371455826764816e-03 -9.4407245708089809754781641e-03 2.3984043888560892502905048e-16 4.6945405628273025840432123e-16 
5.4519822791896184543674113e-16 -6.2088601726860076300292487e-17 4.4708190007006019112134609e-03 2.0136312830547732979913356e-04 -4.3248335715767843162593564e-04 -4.8180905845296162492985559e-03 2.3860131481122501262426283e-01 -2.5545695601130996577055043e-01 -1.5042906323888903530328065e-02 1.6105573542126314090516814e-02 
3.1729751460024112965070621e-15 3.1186936852320933558252815e-16 -4.1616513906062697902843439e-02 -3.6338428125939105373110038e-02 -6.9063490212468034434856179e-02 -6.5970582975700270411678616e-02 -1.6364341955300783220277190e-15 -5.3956865842718377447285929e-16 -8.4067806212580805519385407e-03 -1.9111467946994330213694724e-02 
-2.7501739354760211531125691e-02 -1.9177189755635926093901844e-02 7.5460606516335147764262814e-03 -8.0791420232674392848393197e-03 7.3401895100213145808911826e-16 1.0832545964908543819364260e-15 1.5996437528424654346243546e-16 8.1635814383105886545273428e-16 1.0083464167213278261936438e-03 4.3602760406123916570031440e-03 
4.5243011474091323134705256e-03 -1.7122318366656814371540296e-03 2.3923570489078210821176640e-01 -2.5613603847066956920031089e-01 -1.4611800153633308640976907e-02 1.5644038985939020397486487e-02 -2.8217026775749840781800730e-16 -7.2942221786535414709557379e-17 -3.8569008724969273960159200e-02 -4.0241280444275356886763007e-02 
-7.1562340463797391443279139e-02 -6.4402234489018578278418659e-02 6.0553287330353270825522089e-16 6.9865726453764972928127700e-17 -2.0003459106281255841519595e-02 -6.3118824880650185177310973e-03 -2.0355107144849338141057160e-02 -2.6165085999484818946037024e-02 7.5597659175585790042317669e-03 -8.0938098290480129520796382e-03 
1.5504676188574639698100900e-16 2.9685001028620478096889576e-16 1.6126810027838418409059568e-16 3.4269126203211118731633257e-16 -4.3623159924435434345313389e-03 -8.0876173544320532210472052e-04 1.2562384741648512792577819e-03 -4.4993406209712216020646380e-03 3.1103586712777525624673558e-01 1.6154281803319961441367525e-01 
-1.8997155422237742977698005e-02 -9.8665467812607352687814810e-03 -9.0882448274771733807165603e-16 -5.9658669415467872286904684e-15 2.8386924050081301096337683e-02 -4.7969903364479107854556617e-02 4.2785289706418323796288661e-02 -8.6245204878718964569550565e-02 1.5910993671736120297723863e-15 6.4462879132296076440055129e-16 
7.0004230126122831551205294e-04 -2.0963973324161919858932279e-02 1.9727339626286789775466701e-02 -2.6641587480998721315650357e-02 9.8286255452225274042987735e-03 5.1046976569443991075814004e-03 1.1697718783826104482647368e-15 1.4332853115000792814536759e-15 1.4112737953670104966900236e-15 6.5388373597169165248748552e-16 
-3.9414420569294187236125682e-04 -4.4191115292296564986962437e-03 4.6714238865155910396254058e-03 0.0000000000000000000000000e+00 
2 (band)
-1.1326942673103430614389708e+00 (Ry)
0.0000000000000000000000000e+00 (Occupations)
2.7679938913902085717566592e-01 2.3206510792967238732131818e-01 -1.5237074598021482785270564e-02 -1.2774564231875173980768068e-02 -1.8538813940450797396311079e-15 -1.7902270192552124054153060e-15 -2.6465268660221856478198532e-02 8.4376533911623752270969590e-02 -1.0577438262632908594351733e-01 9.5630782318984572376585618e-02 
9.5168942886737007124744060e-16 9.1772777719543838710271214e-16 -2.0105676139629408138986832e-03 2.6579191959435699565972300e-02 -3.0951281351291090593313982e-02 2.2936709678270529588761661e-02 8.2031955473424386648950701e-03 6.8774566698645359097419316e-03 -4.4007816605554201887284783e-17 8.3227817141581927311752703e-16 
6.2209043299318493029636120e-17 -1.2568441480363271727391090e-15 -4.6080397567583742529651047e-03 -1.3203812595124955059366911e-03 5.1088873988697561245864165e-03 5.7471704729632963615237884e-03 1.4907958290132819478834847e-01 -3.2900971734602868501440298e-01 -8.2064307053405470548934630e-03 1.8111113403063733295894622e-02 
-4.0462399525006331218781671e-15 -2.0575857288675656687831786e-15 8.8385354280817923777746614e-02 2.7998337186421508315792295e-03 1.2055281777467916071167053e-01 7.6160913029636539972599962e-02 2.9361190988218798581824067e-15 3.9031749330951817252188829e-16 2.6140764232458764404487539e-02 -5.2111680734399680459123516e-03 
3.0415193199485546227123223e-02 2.3642979735852939077167534e-02 4.4181069428577759983234330e-03 -9.7504952938430207443065711e-03 -1.6173156373742051004045011e-15 -7.2634741109744636265430709e-16 1.3400763259205739496950078e-16 -7.2934355074463508156590748e-16 -3.2548577664621297644842457e-05 4.7933680914811552242760229e-03 
4.1615783808765915291472126e-03 -6.4662171537502519114148924e-03 1.4924045096387794639980484e-01 -3.2936540284157206359694214e-01 -8.0795128872847357670572421e-03 1.7831025108153368552432738e-02 6.0856344304005944510434831e-16 5.0239683950052583101917810e-16 6.1658130232368608958370970e-02 6.3535480583907774643215305e-02 
1.3752433157144006159455785e-01 4.1732859492972236570285105e-02 -4.0258252661106781387436365e-16 -4.4981450828388159875429070e-16 1.2534099124743569575457514e-02 2.3774995528204986849907243e-02 3.7377446801751479377173837e-02 6.4738197510396840173019228e-03 4.4287828992987015100379899e-03 -9.7740803668539960602501537e-03 
-4.0093157988327659094872998e-16 1.6883613363680526816226374e-16 -9.4292853288285509057936119e-16 1.2167097621827894130936599e-15 -3.5944425940903964450390262e-03 3.0859636667700165307826055e-03 2.0297748082510839312542217e-03 -7.2698364474827088799191444e-03 -3.5736614212411699220695027e-01 -5.5169930724992065351752757e-02 
1.9346917068507479137151606e-02 2.9867682950033076945406396e-03 2.5503753456214313796537257e-15 2.7250834256358294554813045e-16 4.4613903230428450519262640e-02 -7.6472753025679421345905951e-02 3.2125094739746274524749836e-03 -1.4368108128251241839556940e-01 2.5542995718401937706459708e-15 1.4988340575792785489122997e-16 
1.9528518027950872437692453e-02 -1.8465942620593579076571089e-02 -3.8161954454873571636330798e-03 -3.7741496047573104555272749e-02 -1.0605015837261073594066652e-02 -1.6371939647698778141221565e-03 -5.0231764917176621347262161e-15 -2.2397766379599170453057885e-15 -2.9881008628828436861485856e-15 2.2237475474062883953793744e-15 
3.9389015442897442123570961e-03 2.6321557589275056468491876e-03 -7.5478810102806437321021349e-03 0.0000000000000000000000000e+00 
3 (band)
-9.7908893067933921994239199e-01 (Ry)
0.0000000000000000000000000e+00 (Occupations)
-1.1859476040544318642400157e-02 -3.6675743165485008567827663e-01 5.0048243150216734087543102e-04 1.5477656658585954227436154e-02 -1.9951558764300693491011916e-15 -1.6488968690003935267795813e-15 -7.8009000979771134232088059e-02 1.2481447337533288499678008e-01 -1.4403784355983767495601455e-01 -6.6049004907908437367325405e-02 
1.8954658304469251763535210e-15 1.2296965142917883685935249e-15 -2.0408181192645327706181035e-02 2.5466687362641404757113150e-02 -3.7146490935124579224613228e-02 -1.3141579176266066433798052e-02 -3.4394175308660908385594013e-04 -1.0636479335465357648482509e-02 -2.2086702935936551154470896e-16 -4.8928191598042126604336260e-16 
1.6751750167386693510242520e-16 2.5694294364984099581698273e-16 -1.0392517360655332409047347e-02 -1.8942090100245168038384236e-03 -5.8162672714135721374617560e-03 4.0621323982500956439878337e-03 -3.5005778108106350154926645e-01 1.1005094615948750325085115e-01 1.4772909869003383875885049e-02 -4.6442945974525216834560837e-03 
-1.7483938409989295315982908e-15 -6.1848890351264192808251542e-18 1.4119479510492149998412970e-01 4.1570263808379151471150692e-02 -2.4881298029281961881054031e-02 1.5649374567398255386763140e-01 -1.0709948025608103760653499e-16 3.7465262581330238430168510e-16 3.0016724395115521734078712e-02 1.2807899180057645202590599e-02 
-2.6680494473259874776971401e-03 3.9312140671632557487047421e-02 -1.0152165983478921018612340e-02 3.1916319379217466742360010e-03 -3.9368718439172149212831609e-16 2.8610078733488037913509029e-16 1.2142710140653955855068107e-15 2.7932744708829562454310064e-16 9.7032269358700989902999368e-04 1.0519074043635888091041686e-02 
5.4766034192350876441679475e-03 4.5096229977536483879418938e-03 3.4964324597747914458167884e-01 -1.0992084870303037158478787e-01 -1.4963846313311733593476305e-02 4.7043371140193385171457408e-03 -5.8503843101309276707423288e-16 1.6472537995410022692511539e-15 9.1846394971003539331455556e-02 -1.1479471571155691611565430e-01 
-1.0983253318858632319177104e-01 -1.1407506163625891204560503e-01 4.2446930204077907014875365e-16 1.1858585863868775864336722e-17 1.7350318754406214571961442e-02 -2.7761021454229047045192402e-02 -2.4759460032027148790323423e-02 -3.0796523598318324699274484e-02 1.0130717263163668828696018e-02 -3.1848948550892569597792203e-03 
-1.6272974448244955101276258e-15 -5.7704765680421571500261890e-16 -9.6000887826822706373611241e-16 -2.6798270937644191280116911e-17 5.2146484124267703658128781e-03 9.1712797325195268699493667e-03 -1.9048637739514529682027799e-03 6.8224553950778808394939112e-03 -1.9989764580887919853680046e-01 -3.0720339131809626387337175e-01 
8.5551162778196299107946743e-03 1.3147527130367632486329654e-02 -2.9331399085527808168630252e-15 -8.1247357634738597681281427e-16 -1.3526528910680088446660818e-01 -5.7592435157091385888872281e-02 -8.0336684032665209298507136e-02 1.3646362970615211196445671e-01 3.0294275898880413532579500e-15 -2.0807040010998394755914508e-16 
-3.1404221289025084640211816e-02 -9.2456886326047447999254558e-03 -2.3003749162876042932968090e-02 3.2129180681589486479055040e-02 -5.7919221738769559315596069e-03 -8.9010462888286564359097142e-03 4.0854509966188708873703570e-17 1.2675388374268346260083390e-15 -1.0937371914094331398651489e-15 1.5627123257486790237647960e-16 
7.4311110113787440939470130e-03 -7.4888930513089821752736874e-03 7.0833892745740378166230400e-03 0.0000000000000000000000000e+00 
4 (band)
-8.6142399775759781466177856e-01 (Ry)
0.0000000000000000000000000e+00 (Occupations)
5.6523203954220724298806999e-02 -1.0197699556462325176653394e-01 -9.0732641352786469468583164e-04 1.6369687688312165030346534e-03 -1.3940960290523631256597430e-15 -2.9424707918909480279859439e-16 3.8684813764446074335623393e-02 -2.7011983719878607246300817e-01 -2.1838775752908026750453985e-01 4.7528454066432100633132762e-02 
3.4322991545828891401084075e-16 -4.6539006077167699440805363e-16 1.0117617893269467699290942e-02 -4.5540422905727739877335125e-02 -3.2550028405745529136439131e-02 1.1531317111149325116414843e-02 3.1832088847191103431200077e-04 -5.7430559522141794159821870e-04 -6.5969553474716876474842997e-17 8.4207339049753070291644158e-17 
4.5607874228347556622721847e-16 -3.3541493138651505269401355e-16 1.0964410202277445616214635e-02 6.3893077785805788004758199e-03 6.6180815597171281650101804e-03 3.1262862511272568322162613e-03 -1.1342063467382390573590101e-01 -2.7017398835311515897794621e-02 1.8206650975766680566891864e-03 4.3368948947221754638275959e-04 
-1.0018822899957922195470218e-15 -6.0569912200787811870010819e-16 -2.7057242891282351493487113e-01 3.5380813677794803462361983e-02 1.0450642441949001271161990e-01 1.9756156974365338130361636e-01 5.9703235776490563512781046e-16 8.2438299175976334739762487e-16 -4.6583658607518035887906649e-02 2.5018115446438053683930747e-03 
1.9859880790891883128868045e-02 2.8249969177047567353566748e-02 -6.3875244746630817360699695e-04 -1.5215260627777019153406002e-04 7.3451455116661084181763084e-16 -2.0986305098258287337060622e-16 3.8241907412334403193743277e-16 8.2040017100669335460682101e-17 3.2053948537324053816299774e-03 -1.2278720975936859016730551e-02 
1.2313885833881571540970867e-03 -7.2150087603388103271728760e-03 -1.1377178028006043608577613e-01 -2.7101275489595441636758721e-02 1.4021695388894209188812567e-03 3.3401041005090906232943837e-04 8.2305082050404601144431366e-16 2.1394112987468468754179761e-16 2.2394536584510799093195033e-01 1.5216873687353052457815750e-01 
-1.8088906669720264397405174e-01 1.2783282747402041623629998e-01 1.2104893382509022441300909e-16 -3.4107309746494190993870834e-16 4.1567097669534466830576491e-02 2.4062269749133700230681043e-02 -3.1399731521022850033730833e-02 1.7012294035959017735049059e-02 -6.6716959481229187733930530e-04 -1.5892616592198295644156048e-04 
-9.7408462056014074386302964e-16 -6.3632735401096032600631258e-16 -4.4432338722641916413113081e-16 8.4455415781441069805076006e-16 -2.7985125894339586347103754e-03 1.2449833661132385376202336e-02 -1.9768145274555778273528617e-03 7.0801540363823762397332828e-03 4.4925526951284152493704127e-03 1.1686879006620559673379489e-01 
-5.5364857172081598929436197e-05 -1.4403392317114543930145487e-03 -4.6052253579651884539747500e-16 -1.3001738360075062115430972e-15 8.6339883549466617251866296e-02 -2.5661698282430739359583072e-01 1.7176844961650966636668159e-01 1.3984879673035827130078701e-01 1.9577908693419575249160729e-15 -5.1960717357210278665291950e-16 
1.1997661039726378179315347e-02 -4.6506693751807798298258945e-02 2.4829614962126968225053503e-02 2.5668102944918627650316978e-02 2.6343393946183479950888182e-05 6.8533117545546988393784238e-04 -7.3175984526789668105327114e-16 -3.6121610648677915602734143e-16 -9.7160772834882660069689228e-16 8.9097900157863582104057519e-16 
1.2743789248712536835150821e-02 -6.5258446764380367063201893e-04 7.3509439431190173180885594e-03 0.0000000000000000000000000e+00 
5 (band)
-7.9438441941232262877292669e-01 (Ry)
0.0000000000000000000000000e+00 (Occupations)
7.9846189455225591302678367e-02 -3.2341958310264451448290401e-01 -2.5201367600121149514791341e-03 1.0207913109095294312833602e-02 3.5527132192612041624707862e-16 -1.9470483431712139937873151e-15 8.9593750146968353931242746e-02 1.5778030925014158158958821e-01 2.2780899074020577455002012e-01 -2.2194858208482964867513942e-02 
-1.1876484690395318321331066e-15 1.9083920478551316309848751e-16 2.2206779045252436621815662e-02 2.2954280931987536273908290e-02 4.7790516881977843088868951e-02 1.6966963612442403919189360e-03 2.0485143609456947511038294e-03 -8.2975867295638685433578630e-03 1.8361109109502368047727512e-17 -4.5302926268035245872795739e-16 
6.1781735813987257341846606e-17 2.6720696662333725983469435e-16 2.0337725285385424567330404e-02 7.3085659566909100259834986e-03 1.2939374461976533431384340e-02 -7.7913009464700838657691406e-04 3.3297785875758578733041304e-01 -1.0069075529954660264131405e-02 -1.0509594517188747264668791e-02 3.1780877307236582440808093e-04 
4.7164938845860739730317325e-16 -5.6148495646515540199843327e-16 -1.2787455241301479147431053e-01 1.2872359883734244001551872e-01 8.2639609553889339932375435e-02 2.1344845496217523805881910e-01 9.7912493500733317374107497e-16 4.9326620851256245092506552e-16 -1.6136861100580469907672665e-02 2.7561599418213456047510590e-02 
1.1217622810683509915197220e-02 4.6486312188282086221846612e-02 8.5428110471125768415889823e-03 -2.5833318595242307780246449e-04 4.8233742400501667683498393e-16 4.3615446190143934629945969e-17 -3.8582867917875491596088800e-16 -2.8983962112162596439537842e-16 -1.5701197081893943086061682e-03 2.1553953934929079294668952e-02 
4.2300832026101638227988389e-03 1.2253197593714288196609097e-02 -3.3286328973045092860516547e-01 1.0065689181395283402498109e-02 1.0582226982066360657097626e-02 -3.1999963279212562117237439e-04 1.4680469879652763857545976e-16 1.7084630200347102801499309e-15 -1.3520921802353255691819811e-01 -1.2076393918555212991794434e-01 
6.9470272215735484611087713e-02 -2.1804108336281202706885551e-01 -2.6238260578157011476137576e-16 4.6861205284721782890690701e-17 -1.7808962530561762288572325e-02 -2.6572998576172318641042125e-02 8.4065299870960431827260351e-03 -4.7145301832475547398892957e-02 -8.5353307048432955350669715e-03 2.5810267488218449627446205e-04 
4.7827690003439346721837376e-16 -5.0244637544367417918494450e-16 -5.2392560474061081799768178e-16 -1.2572309071534095771478514e-15 2.8701430077271447918740854e-03 2.1404859216295361867832270e-02 -3.4839013680946460949083843e-03 1.2477932548082645847209449e-02 -9.9208431233545640859361470e-02 -3.1789459718756424289054507e-01 
3.1539822507219740510553407e-03 1.0106350658227923611232058e-02 1.8441365687384617769586012e-15 -1.4300657324774848872202791e-15 7.9954866965016926916298701e-02 -1.6270427435921955283681939e-01 2.2869094266249903601995186e-01 8.2755966490563950821446326e-03 -8.1752372851677518531625601e-16 -6.4124565652735201647709703e-17 
2.0804934503923216276843888e-02 -2.4298932075948243003438165e-02 4.7669272460945946723320787e-02 -4.5814511175963582717551859e-03 -2.5439144379325721347095968e-03 -8.1515021047817212002106757e-03 -1.1043358869334137351994754e-15 -6.9265187908517120268852043e-16 -1.0313154658451230476882778e-16 6.2444879904842828877913372e-16 
-1.9844520800826256912152701e-02 8.5206052097167358366780476e-03 -1.2955167672288063832053417e-02 0.0000000000000000000000000e+00 
6 (band)
-6.8724976111709612514033552e-01 (Ry)
0.0000000000000000000000000e+00 (Occupations)
-1.3583405829270647768858282e-01 1.0036133780577216612073244e-02 -1.0337569121787321124728010e-03 7.6384430021086968665144923e-05 2.4727336744169292180566794e-15 6.0880764401907784824849049e-16 -3.0144198937353439138320255e-01 -7.2216036658513782509061230e-02 1.5826407289666227784508123e-01 -1.7511775608430521500302746e-01 
-1.0315867119794725629704061e-15 -1.8221799068960019191643242e-15 -5.0533459667187363706375436e-02 -4.6332796637118811577948918e-03 2.7798555594174222810321950e-02 -1.6525268040168072936069166e-02 3.2278711831703163666340561e-03 -2.3849911327190193022218523e-04 6.1564461380995326965923054e-16 -8.7631845560374216156805562e-16 
5.1647177026363353354843056e-17 6.7836642713812827157483936e-16 1.0208678267235036726812147e-02 1.7927944614180998939012568e-02 -1.4557766863699084236571935e-02 1.1830834354743739733617502e-02 -4.6194898978991122406867476e-02 -1.2813136494179344637700524e-01 -3.5156834719721197224373554e-04 -9.7513467370491380137309534e-04 
1.5793905445294183517859722e-15 -2.9408828726671245705238312e-16 -1.1507942516510105690485943e-02 -3.0975796384786358217411362e-01 2.1122721354889950617916838e-01 1.0534139510283856144834402e-01 -9.6006462425652780459203460e-16 5.8748591014011723131040610e-16 -9.1268473816524808839290017e-03 -4.9917917457054414298589506e-02 
2.3392102169233468939024689e-02 2.2330556039329048367836350e-02 1.0977519580597071974237267e-03 3.0448275551740178190840425e-03 5.4571010839988166579118408e-16 7.0554420875260901348283748e-16 -1.3397945436231990843378520e-15 1.5444961646465136487363100e-16 -1.4522209221754543012616878e-02 1.4653796415012951270817609e-02 
-1.5309888839425822917861275e-02 -1.0839950244886487062956348e-02 -4.6688811667075752476208095e-02 -1.2950029765314208241022698e-01 -7.3737169497456803157753313e-04 -2.0452609061268681167611305e-03 -1.6593587726676596969588907e-16 8.6497185444418841938678481e-16 1.8739208217715369597655695e-01 2.4424043302763914775610488e-01 
9.4526798242267756622325692e-02 -2.1435685972120321896028372e-01 -3.0851592151906869754134072e-16 -9.1508156820385994482089028e-17 2.5674238687645380141422180e-02 4.5455337213518576255921744e-02 4.1208847834766637596715100e-03 -3.3118930170662017054006299e-02 1.0894144942470238707210584e-03 3.0217182194911956782945595e-03 
5.0442356198430000139430221e-16 2.0322552565017937309539920e-16 5.0563022410659220022734068e-16 -6.9261926679755529187120533e-16 2.0444464566604727412402198e-02 1.8446639600126994024131832e-03 4.9696668274854718244659679e-03 -1.7799346453298694331612850e-02 1.1217429222005279032536862e-01 -7.9794112515069043345405930e-02 
1.7716248800163786336625549e-03 -1.2602200106356133135765418e-03 1.9937551588735807432736736e-15 7.5320656877137321246558324e-15 -1.8484979723490616021486233e-01 2.4617013232809947798074290e-01 2.3188063285073615138465186e-01 3.3399865332189707101129272e-02 -2.2764446105154116670647826e-15 1.1681780130028622881184679e-15 
-3.6876567598111906209901178e-02 3.6952306769222162396992815e-02 3.3007101388880299985828515e-02 -4.9372547992117821191726534e-03 -2.6174407258152221182612163e-03 1.8618831824628375316149631e-03 2.0426975376950023638477987e-15 1.4185206489376158787620602e-15 1.4981214135434420150296819e-15 -3.1360253106897991609539367e-15 
3.7212104718396150915271647e-03 2.0187409669516744037398581e-02 1.8480106129044326923605013e-02 0.0000000000000000000000000e+00 
7 (band)
-4.2489381768579648213091104e-01 (Ry)
0.0000000000000000000000000e+00 (Occupations)
-1.1465759185789788324418313e-14 3.8893958845741014953804402e-15 -6.9998991272489992208031659e-15 1.9136859716758510555130756e-15 -3.2086733442837811480785604e-01 2.4787227230107100606204540e-01 -3.5556527686785234801091128e-15 4.8781722350544682189206424e-15 -3.3740459081264884004834543e-16 -1.3546612802464036358114811e-15 
-9.1813156724174782574721121e-03 7.0926340099094903335341655e-03 5.6938947743354602628423100e-16 -3.0081508840568714471636913e-15 7.3558318877977381075964921e-16 2.9909125593213911362145895e-16 -1.4265244875507376953759213e-16 2.3052620166968939861158783e-16 -3.6232020705148151873409290e-03 -1.9603799496188557133224961e-02 
-2.2917222860359808683794469e-02 -2.1043291828319099501243272e-02 -1.1744426890576604550845410e-16 5.8641685723050257827094055e-16 -7.9287782732375405179462955e-17 7.1244117693087529528046569e-16 -2.1486466751673285645892325e-15 -1.5292329425680427089046882e-14 -2.0465545465582587037064092e-15 -9.7496566592252389545405310e-15 
-3.2502888007471469888898241e-01 -2.4238963838464477884571124e-01 2.5138966165302769586388455e-16 -4.6712638144266647729273314e-16 -2.1304344210964584619335801e-15 4.9255197855571153181185176e-15 -9.3003973428793587641116858e-03 -6.9357497027814248025112676e-03 2.4906218156647349227430692e-16 -1.2885360692209781103048282e-15 
1.8323322425730046662183185e-15 -1.8979085073021181682736049e-15 1.8583207074868873190620015e-16 -2.6379707937705375042397070e-16 1.7907294989742188195958050e-02 -8.7615828524820211359314115e-03 1.4105215507027653309979343e-02 -2.7731969459515028869622810e-02 -1.0073250748854369264261580e-15 1.4575669998559235139253177e-15 
-3.1521035888471528822388473e-16 2.0501198800722110881930923e-17 -8.5116697805133413341624774e-16 1.6558733902003358079901989e-14 -7.2238404722712086141921758e-16 8.2084743671368867793596427e-15 -3.2505340507547092476769990e-01 -2.4240799221979633659707076e-01 -5.8060513679105718257401963e-16 1.1601343439280472734596831e-15 
1.7412202976873791828638728e-15 1.1400631818614066938755396e-15 -9.2724950698575975271964467e-03 -6.9149496700418242034480443e-03 3.7836993832999441481004377e-16 -6.5855011715061202661611333e-16 5.6988461259943686449897942e-16 -1.9383086741287397894875208e-15 -3.8075818178474534450288956e-17 7.2381576800747300594799376e-16 
3.2914702601237865592365139e-03 -1.9665519014425238142340646e-02 2.2560449940415124026049654e-02 -2.1433780234320579799467410e-02 8.3203555462961759600232499e-17 -4.6403572229916520753161096e-16 2.1723095765247429658331729e-16 -2.2608560013394867544290669e-16 -8.4755158570578707481129774e-15 2.0584190771205771101274866e-14 
-5.1083064025170455384880957e-15 9.9301518310804281485932500e-15 1.4606500056629470596369913e-01 -3.7826758578124142218257475e-01 -1.3010486924212065498258272e-15 2.2829934000842706836393588e-15 3.2572782165805264811309817e-15 3.6595709499482012727786351e-15 4.1666629612314570740849717e-03 -1.0790487177474744617811098e-02 
9.6276425641988525069516087e-16 2.8921195791518613483820175e-16 1.4340733283606496558009469e-15 -7.2899113738780004838682004e-16 5.2621034118387024687262350e-16 1.3381715231995803213915791e-15 1.9826233362980290320098931e-02 -2.1182269039620284581393328e-03 2.6711166939713155976665604e-02 1.5965412533529357852479791e-02 
1.9433525980088488497219795e-16 -9.5472425157138221326087451e-16 5.7209626855753918787133903e-16 0.0000000000000000000000000e+00 
8 (band)
-2.0528707246035557409946648e-01 (Ry)
0.0000000000000000000000000e+00 (Occupations)
-3.6823778050016235684184079e-15 -3.9516354674903325903222358e-15 -1.5253145858356548444662407e-15 -1.5209065526489124114772040e-15 1.4918505910247784052025111e-01 -4.5181929327052339218084853e-01 5.3320043973123807361615304e-15 -4.8150058550471984121645635e-15 1.8912088295766968758744956e-15 2.5160948033060452059364750e-15 
-5.4339586232936276655181018e-04 1.6457341552555404540214568e-03 -1.9832751440844033055025800e-15 3.0140537181256347954501606e-15 -1.3552119832168748077500634e-15 -9.8436853080245310447750119e-16 -4.6727735224721529699402492e-16 4.4960544365364010294735001e-16 -2.7189455701374515284030053e-02 1.4688518957629098649064758e-02 
-3.0765423047184631277772837e-02 -2.3841622324592470771875696e-02 1.0192417883907723126981083e-15 5.5880166939316581354439398e-16 -8.4699738351622652889591030e-17 -7.8709575479672709653760043e-16 -9.0653116915268129390399605e-17 8.6925175075571832898991329e-15 -1.0921294754405292700238532e-15 6.1709055122067176304388245e-15 
-4.7529424957035310006503437e-01 -2.2186301094457780425095450e-02 -5.3030316918167121530638035e-15 4.1264603409404002381155269e-16 -2.3924502278353905377321461e-15 -7.4500174102778612539703487e-15 1.7312394510769629762947375e-03 8.0808019512317030841330734e-05 2.0094540691295420839681295e-15 2.1781085736361656625604721e-15 
1.3323529696301231421015868e-15 3.6730086674584435412516320e-15 1.4655985681313840075182775e-15 7.7081101757703050256224353e-17 2.1459215174414077165199188e-02 2.2237832057190588114226060e-02 -1.4689926103092894316137773e-02 3.6043588631354976647980237e-02 1.5537848894693061850969022e-16 -2.2435643479338562626418627e-15 
-1.4279015093072195075950535e-15 -4.1227854285159923200844665e-16 1.3097205879592474882922398e-14 -1.0250809625719866226754684e-14 6.2803131652814228818855568e-15 -5.9930054423224585344985915e-15 -4.7531037067497283743477965e-01 -2.2186807546914856514863601e-02 3.0109596348312149141188745e-16 -6.0010030332231173711017747e-16 
1.4699982249524961254448787e-15 -9.9484335899746783190339520e-16 1.7611786976324192433018823e-03 8.2214069520396976242793130e-05 -6.2869671370240559607572923e-16 3.8074814240693715550442938e-16 -1.1629574853734468781437939e-15 2.2689816293625342667163762e-15 2.6679682844169364927806894e-15 -9.4820577461847149152385397e-17 
-2.3440159970318015514312293e-02 2.0145420612496356405074494e-02 1.1269611791529743349826731e-02 3.7261296774174050561168059e-02 8.8957430195134397796900599e-17 1.1240338283124053915978201e-15 2.7980357489927439691512838e-17 2.5926330648569511443509235e-16 -1.4295092440713161503584654e-14 -1.8346884809939604383493787e-14 
-5.9377704406044364323387168e-15 -8.6637487739536223961103861e-15 1.0645087717277609828947504e-01 4.6376762893657080821796512e-01 -5.0539170151524126951210059e-16 -2.5198640591310321897307282e-15 -7.9694331938777469768825274e-16 -2.1067628117594744043639656e-15 -3.9443034543582607825973341e-04 -1.7184103877789817446664067e-03 
2.0508168938797995975629921e-15 3.9872330541344278434665100e-16 -9.4329222843401563433016414e-16 1.1653780173193535920621891e-15 -8.9400848426346264396796334e-16 -1.2164885278665839004512789e-15 2.5706838642989327664567512e-02 1.7159181742489076211155563e-02 3.2858064259130792539309596e-02 -2.0874769468612650036298817e-02 
-3.7147538048544746576150102e-16 8.1751024667240651776170378e-16 1.8431332448946954676541053e-17 0.0000000000000000000000000e+00 
9 (band)
-1.5080165098275338797506606e-02 (Ry)
0.0000000000000000000000000e+00 (Occupations)
-7.9876537615389229198022559e-16 2.7058112206032950440434028e-15 2.3549241614620259463131214e-15 1.5948838474098289497507400e-15 4.7896095002418093145024613e-01 2.3504138851617084604583852e-01 -9.8946789280283252737418769e-16 -3.0626494220957741473879770e-15 4.1278153237870704902148563e-15 -1.5472617049390962991876322e-15 
-9.1845262448030876717419702e-03 -4.5071458918429438411656918e-03 6.3111797185789035480996144e-16 7.3977203175398569759584204e-16 -2.6063398654671000135269496e-15 8.9192122300361203875238025e-16 1.1947824839066167039870832e-16 3.1667516771223546614829701e-16 2.0057664021256235709067539e-02 3.7190516027428011103239669e-02 
-3.6556830314496163714110821e-02 2.9359833327917476269997010e-02 7.1051458314244471775954689e-16 -8.3828046901381747089505640e-16 -2.7093394677657878084232499e-16 -1.6037064375842031428642461e-16 9.2366434427727943293029775e-15 -4.4665940947755618961728608e-15 6.7153023408614460213845851e-15 -4.0277884470006090427328440e-15 
9.7580974236587805781262261e-02 -5.2452454607073184522647580e-01 -1.6679827158677091724254832e-15 5.4100857880168844305797564e-15 -4.6008107352042390225703593e-15 2.7139955920889229337743811e-15 -1.8712130546259878038917179e-03 1.0058252737731407377985704e-02 2.0394554530482447628483838e-15 -1.9964049018296017089490949e-15 
2.1420579882906590249404614e-15 -1.2338797500254517002814414e-15 -2.8196830110208807213788109e-16 1.1201343111629092958007256e-15 3.0426609463142635647603385e-02 -2.9320058065312560452442270e-02 3.8109148682852686529365371e-02 2.7314729402911477884607905e-02 -1.4324868594615979998062459e-15 -8.5324049552845628943242716e-16 
-8.4942153455523334391199586e-16 7.8921573579145311410615544e-16 -2.6536174043031916586594504e-15 -9.5645671515234722907343479e-15 -2.5796813854412385884158931e-15 -4.3191865371226918850350956e-15 -9.7579742608764855060776711e-02 5.2451944207760670124685021e-01 3.6839344060733910869041968e-16 -1.6410744399229297195653537e-15 
-1.1275429360253987183448560e-15 1.0891034048780714549708383e-16 1.8683047250041984882473756e-03 -1.0042712577405098206551060e-02 -1.9422497044467825064706017e-16 5.0132860172358471512216944e-16 7.0727058315435799747221878e-16 1.0424833605032259256313032e-15 5.4796227643092871774556656e-16 -2.9282591054169722926360094e-15 
-1.7845059589181568038274150e-02 -3.8295204755872565283159048e-02 -4.5377684428749391620794285e-02 1.1780129162965656888784061e-02 4.9260428629776885567959308e-16 -6.3371064870114444226575546e-16 7.4613920924866143702369928e-16 5.2854428833488987691784089e-16 -1.1751750185563874689610833e-14 9.8097039818268623320714942e-15 
-5.4354398218494952967228845e-15 3.9362359251726802564113624e-15 5.3143861903866906892801580e-01 -4.7068518983226198537650475e-02 -2.2705493192666972963961953e-15 4.2888249585760019729254072e-15 -1.5875002963620833354912172e-15 2.8657215186140594205930955e-15 -1.0175188995047922471681723e-02 9.0120329163391986460052152e-04 
4.3810323105144959642929667e-16 -1.1892061124387486588985035e-15 1.4973100634664810795341037e-15 1.7843462761142180797607644e-15 -7.3016793585621058772618723e-17 5.2173127315747954032850651e-16 -3.2085617481547826224108633e-02 2.7486032996114177773261389e-02 2.3549138203591019752325408e-02 4.0538176785339830043852771e-02 
1.5019005125267947610472616e-15 -4.4120646123860576283010052e-16 5.6750456213461877700161806e-16 0.0000000000000000000000000e+00 
10 (band)
2.4392121070447525532642885e-01 (Ry)
0.0000000000000000000000000e+00 (Occupations)
4.4688858703898446878373679e-15 5.4802947957811581509395167e-15 1.9492047368489185186473563e-15 7.7806885923010178036021223e-16 4.5002926086932493188186299e-01 -4.0313036173357053026933272e-01 -2.1031461677569577996277086e-15 2.1925607204320446651708397e-15 1.1693565844342076173027108e-15 -3.8794383710887669697178903e-15 
-6.1593393978422172896358688e-03 5.5174762115731846440214170e-03 1.5794242729835217949390828e-16 -2.8015248401553469563720461e-15 -1.1834712910312585783175626e-15 1.8818823240793386785665921e-15 -4.0437186517600981786998225e-17 8.0163100495432868924455433e-16 8.9142052610342858987024783e-04 -4.7582430772850972666709879e-02 
-5.4172769295182228443952255e-02 -3.2388503612773344997322056e-02 1.6660724213201683696847813e-17 -2.3542441588446708143787975e-16 1.5285171993478397631140833e-16 4.9080272970170300613373443e-16 -3.5854734450707020858501476e-15 -6.5506363589970100470615242e-15 1.1042583105637565167265122e-15 -4.2205590934998921028468345e-15 
5.0930186210818906289432562e-01 3.2504159340485772045070689e-01 -2.6125746258970787429643755e-16 -3.6991186954161470866498286e-16 -3.4882174397441252514193074e-15 1.1180563754262571741747229e-15 -6.9705949967419356116948848e-03 -4.4486864302332382314908443e-03 1.5654716306026263046674648e-15 -1.9978925504731052696624774e-16 
2.0512321218079575874526918e-15 -8.8339897021649272421334863e-16 -2.2632227078232306567280890e-15 -1.3068249149755809146417342e-15 4.6069336804072789914865638e-02 -1.1937275871837682572618178e-02 1.6627262865413786063761847e-02 -6.0887094108586919949388516e-02 -2.5120718913254237490410270e-16 1.6513841647615905206334688e-15 
-2.4923779325054276203243194e-16 1.2493783989882869662634120e-16 -3.3114655827622747087953373e-15 2.3666446908788719846346974e-15 -3.2648529969703138660816691e-15 2.6024578337953175789704892e-15 -5.0930116503936284644282750e-01 -3.2504120807124997627468588e-01 -3.5597722863993511316213832e-15 1.1359906769977768540345129e-15 
-1.4000405847022815871205393e-15 2.0396134708930822406848215e-15 6.9594673490826070016979088e-03 4.4416210690942769384603750e-03 1.0570535232617541119264160e-15 -7.4806158918415875101374683e-16 1.0974671296135675980794634e-15 -1.1952210495725672872318220e-15 -1.8328607652298189734022995e-16 -1.3173518686617193227019908e-16 
8.5726077000850900433626123e-03 4.6807472365391018798153056e-02 -4.8217145738997137238701640e-02 4.0721184611794830621178676e-02 3.4764061335636131981299173e-16 -2.8889491602454641185850221e-16 5.2777766385327007272780052e-16 -4.1347935087525491465747362e-16 -4.0454299428990850833307692e-15 1.2471213767359534516796733e-14 
-2.1339402539306166801922332e-15 7.0854185921998207986874471e-15 1.7610634626433629978947693e-01 -5.7794984078229716395469495e-01 -4.1321806007417705593453103e-15 -1.7334812635537167013634407e-15 5.1767056692165479694405673e-15 6.3474265816839913381636848e-16 -2.4064644375321967567638026e-03 7.8975383769399037231506711e-03 
1.0856789308953732182859917e-15 5.5248437588103324493073421e-16 -1.2072575412363843269677295e-15 -3.4090829245381255248725737e-16 4.9563026233777694883984212e-16 1.1142218819023075496977685e-15 -4.2777861101141297084371473e-02 2.0844271914072572127185623e-02 -5.2187666881056582468545457e-02 -3.5490216185810420645996288e-02 
3.5492103980269402192311002e-16 -1.5650997501923035580395504e-15 6.9623104239209544877068354e-16 0.0000000000000000000000000e+00 
11 (band)
7.3024912774209060906116520e-01 (Ry)
0.0000000000000000000000000e+00 (Occupations)
2.1744893756265343265354772e-02 -4.0560377841663108888781153e-01 4.6718847345279266095041670e-03 -8.7140379251530064586006574e-02 4.3765198224394730695399673e-15 1.8679064835891572340190863e-15 1.7000688224081936250620117e-01 3.0260612021498489720983116e-01 3.3024853316614377618520848e-01 -1.5198423088822229920502593e-01 
-1.3317840672230522112440428e-15 -1.7984962421172240040493146e-15 -1.4058470383401161507563870e-02 6.9274200857229739636267141e-02 -1.5675263209126724661679475e-02 -4.1329092663115310490873355e-02 -4.8466642134507229022766239e-03 9.0401196810325962216481344e-02 -8.3449246216649162616751917e-16 -7.6772577942898877643992115e-16 
2.2173645382897165974016218e-17 1.7759026399865284671970805e-16 -1.3484571320653740422734757e-01 -3.1600786211382389523372183e-02 -8.0642637207112816133403044e-02 3.8009808380878633282673462e-02 3.9651000923931528641119826e-01 -8.8131027699172609368716280e-02 8.5186713753892140399415212e-02 -1.8933990675052622676410863e-02 
2.8600823951597546727161505e-15 -1.5718719964030605870667371e-16 -2.4574066716755110784120575e-01 2.4512104866955189419464034e-01 2.3519589826855830105856171e-01 2.7721145274810288228195532e-01 7.3947726722150373760846919e-17 1.4629333224410755245883131e-15 -7.0502918443473130971632656e-02 5.0886132572179002681034277e-03 
3.5591245999119433540691659e-02 -2.6212038937504289481950082e-02 -8.8374412829723747453414262e-02 1.9642548096886380121217641e-02 3.6720488403590832646615585e-16 -3.1183306873824002675105519e-16 3.9250529865621637034953243e-16 -5.0770490007873507456872327e-16 -5.8259906640278774636598769e-03 -1.3837642101218583512434179e-01 
-5.8296028144050320018987321e-02 -6.7450378586762074761828956e-02 3.9451807095156660176726859e-01 -8.7685455028081615846957675e-02 8.4414808965859150502453190e-02 -1.8762206542656298391413827e-02 1.1672891357381555289579611e-15 -1.0295502639806363910062651e-15 3.2600372701708379974405716e-01 1.1857704250937728396309012e-01 
-9.5113576908616784266747857e-02 3.5155029662041770155411768e-01 -7.1253694094098562760491502e-16 -1.5678331352177499714058063e-17 6.6789862963989282684806881e-02 -2.5606336730459880457466681e-02 -4.3876418011142365172005952e-02 -8.8602949709805367550785604e-03 -8.8252184926052940072693787e-02 1.9615057353708463538932705e-02 
2.6061563988405326238048733e-15 1.8608470071351119948072616e-15 -4.8465674242547262766640314e-16 3.7563172801413930268495166e-15 5.3188613630097282547470883e-02 1.2790839749695853688749025e-01 -2.3945630563735272738901116e-02 8.5763611373174106211614287e-02 1.9054907685170474618274739e-01 3.5640468100429023579067689e-01 
4.0771870306669899530760404e-02 7.6259654856189476590522247e-02 2.9187668995904353119054154e-15 -4.9435370573904122288231575e-15 -2.6540104792334255623398320e-02 3.4588230350357168640940131e-01 -3.6417801209132882878094506e-01 2.9290058790893969131730046e-03 -2.1544325442666556934986672e-15 6.0533657000815153396604111e-15 
4.2624182986239579629117458e-02 5.7443444362760436028292332e-02 -3.2653340197662406724221640e-03 -4.4642832327269926784296672e-02 -4.2625250738248306181521485e-02 -7.9726323248429945000914643e-02 4.1120558918670798916343228e-15 -2.8748812934361144648415010e-15 1.2375785590141476572259333e-15 -2.4377083168763082586130472e-15 
-1.0889310800083552843720014e-01 8.5626384952582762499773139e-02 -8.9043754743739766954746528e-02 0.0000000000000000000000000e+00 
12 (band)
8.0966530704916628291556435e-01 (Ry)
0.0000000000000000000000000e+00 (Occupations)
6.9008489792084282132833550e-01 2.4514736757843574865844971e-01 4.7528049506512945465708242e-02 1.6883298309339815623797421e-02 1.0510957282848760147455469e-15 -2.0678035166837880571937416e-16 3.7672482934808199095400028e-01 2.6229247006548161991190682e-02 -1.3948675545346783666289525e-01 -2.3565372162368669606280491e-01 
-1.0359864166402311016706700e-15 1.1639575753819265412748821e-15 4.0549094268891618109140751e-02 -6.9491503270577015261011411e-03 -7.9000308233573811322880687e-03 -3.9739711532239374580655067e-02 -8.6916548057267575821960293e-02 -3.0876177476667578114533086e-02 2.6461753756187943095417687e-17 -5.8089356703702286644431457e-16 
-5.2273081228891479211023563e-16 -1.8828343074854527958138745e-16 4.0365422364211811512291206e-02 5.1420535108577469785018366e-02 -9.7168169349711813742587196e-02 -1.3171058777110930537723732e-02 -5.0539260747385482408500224e-02 7.3058892770970706997957222e-01 -3.4801263815904814880042295e-03 5.0317491710749701061544670e-02 
-2.0584890593375306050420233e-15 -2.4422243807547675923158028e-15 7.6045744705646789451947143e-02 3.6990081800132568190520033e-01 1.8946209011407405542470883e-01 -1.9772037798778116512998793e-01 1.0104223260307074498849327e-16 2.0525786101628814061836840e-15 1.7597616627807007722017474e-02 3.7186605455671289943708757e-02 
3.6151327688940956828211881e-02 -1.8295810066844726826662537e-02 6.3651958273125714554696586e-03 -9.2017981633157011622792254e-02 1.5374397567973524561648954e-16 -2.1271783653944847695329307e-16 5.3822961183052564154832274e-16 6.8554203328931757855164985e-16 -3.8671272433191399009455580e-02 5.2706464896541870002177887e-02 
-1.3444575904452169684555329e-02 -9.7130702163799598203297592e-02 5.0431988620485299068540996e-02 -7.2901723886759117743139313e-01 3.1818435280261542219548687e-03 -4.5985708358819314678367363e-02 1.9539297703554548295446583e-16 1.7461319236958873810501100e-15 -1.2716994044562887622440428e-01 3.5612569967951951399598443e-01 
-1.6196989161105537768925444e-01 -2.2219488280532995183591538e-01 2.3403816012133005008487295e-16 -8.5988119365599081861644089e-16 -2.2287815348878622923045612e-02 3.2966634792444909907160877e-02 -3.3065660014098351149325339e-02 -2.2239426133798478879555205e-02 -6.3138850189142043875523136e-03 9.1266504462834338595733641e-02 
-3.1728074677394880541795556e-16 -5.2389715841184354355201776e-16 9.6609712230453031141921107e-16 -1.2635034141447193706220859e-16 -3.0583458758391211806948462e-02 -5.7731691531920835414037896e-02 -2.6462271147376356661418129e-02 9.4777205081096854710764887e-02 7.1572427634140767249704140e-01 -1.4747298158620442132260564e-01 
4.5147373688449371487152462e-02 -9.3018358689827256718940518e-03 2.2880680257433334578951453e-15 3.4227206371299124281544342e-16 -3.7720546058175946635415698e-01 -2.6716066935818481853370798e-02 1.7045287942693576610508899e-01 -2.1575594459574351513531099e-01 -3.4554959058547854097433899e-15 -1.1777918259691408866696815e-15 
-3.7745863892541933748425720e-02 -1.2601407920173834931176771e-02 1.2528171394721031306485060e-02 -3.7828228460161025803465407e-02 -8.9602409525350812380395382e-02 1.8462074318677856865633657e-02 -1.7756892522665429296614370e-15 -3.3105987807321934937574882e-15 -2.6054285452929425919613540e-16 9.6332365840647668844575569e-16 
4.7380505952517006085233930e-02 -4.4982038776008731462141554e-02 -9.8402085329849647843403204e-02 0.0000000000000000000000000e+00 
13 (band)
8.3825027465366519496825504e-01 (Ry)
0.0000000000000000000000000e+00 (Occupations)
9.1541541990037833542714907e-03 1.4586777962120101026499697e-02 -2.2102448292562915099779275e-01 -3.5215066426171437452552482e-01 -1.3379140787637793651892167e-15 1.8088936859445873939441210e-15 1.7985097835580381164799491e-02 -6.6841309397671813674612906e-02 8.8832652756649796432775190e-02 -2.3635014325633030285445102e-02 
3.4032464121736656837489777e-15 2.4658996824068763043486652e-15 1.5453683711293200730985120e-02 -3.9243023969710924547804609e-02 5.7427067729244121729870187e-02 -1.8961973670228074451138411e-02 6.7349432665438663248025364e-02 1.0730531635801136836061431e-01 -1.0019211105557260471386630e-16 1.5394821540474421022377119e-16 
8.6097773301715556896474964e-17 -2.4491042136674430723352520e-16 2.9437968700486177864306114e-02 1.1988950467022342627476661e-03 -3.5415843114458174512027000e-03 -3.1954207988941545071082118e-02 -1.1587704996601796633703962e-02 1.2739612369603081631908026e-02 2.7974047334990997937254065e-01 -3.0758280179890301608836012e-01 
-1.5468369485942864137873160e-15 2.2064788190011448420599621e-15 6.9215596411214275196499557e-02 -6.5237994648146419018885922e-04 4.6653222118563555942394316e-02 7.9204362025828173310415536e-02 -2.0743886577115500266232221e-15 3.2553689816996079879233018e-15 4.1953213547618550816054039e-02 4.3311826980659846181298533e-03 
3.3706739990492680381084512e-02 5.0212351395475980642135738e-02 -8.5240866571315507260742095e-02 9.3724978875540515543818287e-02 2.2419260737064123221320858e-16 -6.0804899999095923249781484e-16 -2.5829962661173531832161144e-16 7.4274852953676466341850650e-16 6.7617224354290447752013904e-03 2.8675956134882961412468916e-02 
2.9824694767325025251958337e-02 -1.2004241320106212934093470e-02 -7.5595308597488225510474535e-03 8.3133205833152701291766107e-03 2.7996240563224700226285790e-01 -3.0782670658105065752963014e-01 -2.1749045146535353229889576e-16 7.8962779911798781146961367e-16 3.1725482279745670366466470e-03 7.0773675142428549289519424e-02 
8.3471246116403774450986930e-02 3.6663381234906693151298640e-02 -2.0193233163651175237700762e-15 1.9157914069912806208507716e-15 8.0574582335166851365659824e-03 4.1270699426065149406639421e-02 5.2925806194458524522872267e-02 2.8509937988119727486635568e-02 -8.5778219739742950222805007e-02 9.4315454129100362301585392e-02 
-1.0864950965061728163859137e-15 1.0690194623488639755464095e-15 -9.1321124400690061546947186e-18 -3.9474063458468382866880573e-16 -2.9094822540953649281370019e-02 -4.5490229263974845536067093e-03 8.4751163159514000117189525e-03 -3.0354455696165176525891383e-02 -1.0039986874975044550684089e-02 -5.0454404653415638876134963e-03 
3.7177460076540341793460698e-01 1.8686860645297970195954917e-01 -1.8255162090716870470309708e-15 7.9897535366162338677802142e-16 -6.7313393508646901519654193e-02 2.2088123726882572667173932e-02 -1.2865723833805966028198675e-02 9.0255889569772873581854356e-02 -4.0370129791025879441424897e-16 -6.7796293416579817048829629e-16 
-3.7583582567521131578835991e-02 1.8859151245262922164114272e-02 -1.3226906736531695088499028e-02 5.8643042755329631565697213e-02 -1.1390857836022003080067577e-01 -5.7255075279434582136151022e-02 -1.4816356452644906123541484e-15 1.5912442262953954209444758e-15 1.1615868931097703251977652e-15 -2.9816100154540692685163733e-16 
-3.4427258641325942517541492e-03 -2.9246366387963563387986099e-02 3.1515402221442320729316577e-02 0.0000000000000000000000000e+00 
14 (band)
9.1541253593302296387435035e-01 (Ry)
0.0000000000000000000000000e+00 (Occupations)
-4.1607268641705846823342085e-01 -5.6293400593736830916924418e-01 -7.8660257153520291018011790e-02 -1.0642379960460959797963199e-01 -3.4318266707510620457199023e-16 1.3903927835997249456227920e-15 -5.8915802003458056512741337e-02 -3.6614706612952130360127967e-01 3.5001933348939673340538548e-01 -2.1819144773574439266639047e-02 
8.6653574918658407497116997e-16 8.4208285216781298777368404e-17 -5.1189482042064277100834602e-03 -6.8772202821932193472775907e-02 7.1178747131933034486550582e-02 -1.0658111973572997888126679e-02 7.3937326229686545220332050e-02 1.0003458417524853374391824e-01 9.6521115278571748104862077e-16 1.6749831378991413631013223e-16 
2.7046860789240805904802886e-15 1.6543545403786586803856088e-15 -6.4969669827702372644218087e-02 -3.3777471461790640333555658e-03 1.9413286611169762452266951e-02 7.4926500932712331026763763e-02 -4.3030676983043519845395508e-01 5.5212974857467356226692345e-01 -8.1350117738694813218636170e-02 1.0438208429435807955698579e-01 
-2.6302915924246011669927998e-15 2.4137391376883667796443401e-15 -3.3681552111241186420187432e-01 1.5520969846872631481282667e-01 -1.1514251990230231492695623e-01 -3.3125791915903368689555464e-01 2.8864255949108278053974307e-16 -7.8041312726435336680650501e-16 -6.4862224758436073934753097e-02 2.3424587746277265865035844e-02 
-2.9406870404549846631514498e-02 -6.5690527225177819392598622e-02 7.6466354343564024720336647e-02 -9.8114947355210910262535151e-02 2.0934342460560889214661490e-15 5.6504813500229531097259591e-17 7.3545908651910174448577025e-16 -8.4079444898925597962516781e-17 1.4218312352437714740638341e-02 6.3484697110039553513693988e-02 
6.6945783401448299976266298e-02 -3.8847372161249206501398845e-02 4.2527469445819165994038258e-01 -5.4565428296193685397952322e-01 7.9176981644726737719075516e-02 -1.0158789147931782115286126e-01 -5.8065115169835340287734915e-16 3.4367758633325513368062906e-16 -6.8829162304099675284696502e-02 3.6879657654475850314668151e-01 
3.5363255120815018095470350e-01 3.1359474946626525460047219e-02 -8.9161407927339319866325893e-16 -2.5425370576083663464197893e-16 -7.0482067916515789285369920e-03 6.8518582338299563461170294e-02 7.0621440333206983441804994e-02 1.2248216410116086194648233e-02 -7.5822496471386210958876006e-02 9.7284644339216380659607353e-02 
-3.1179253364305222523896213e-16 -4.0141430742659127867238453e-16 1.5355605590501688183211028e-15 9.5115517241668301523215221e-16 6.5752054449854185902424319e-02 -1.1087708989393515839061433e-03 -2.0852555552156738782887402e-02 7.4685461539743203118746351e-02 -6.3991857434175636321072034e-01 -2.6287141433328792272661190e-01 
-1.1913791401988998996941405e-01 -4.8941307303448707000104179e-02 -6.7701348993932268590884120e-16 -1.0326598335430955219370181e-15 3.7372058326663137872714060e-01 -3.2883036621103187147063807e-02 -6.4894529896897548693068813e-02 -3.4903882009366643535130947e-01 -8.5458900833287296365617410e-17 1.2872610255573366877016559e-15 
6.7889936142846038502618455e-02 -1.1637435935281860432954915e-02 -7.1944815190009107908064578e-03 -7.1313715901226815141455972e-02 1.1409109990751949148535260e-01 4.6867621203252315953413643e-02 -4.3229986509869222680241696e-15 2.8004531171575375431933360e-15 -1.6501047453521968763012444e-15 3.3582158321750480065452860e-15 
-1.8749957320937513799430363e-02 -6.3031747062470250275723060e-02 7.7541906337532148785207653e-02 0.0000000000000000000000000e+00 
15 (band)
9.3223028584386458117450047e-01 (Ry)
0.0000000000000000000000000e+00 (Occupations)
3.7345278243372448390147156e-01 -3.9665152624217181465127169e-01 1.2311864985888631984778385e-01 -1.3076520474789321557551602e-01 -3.8393219874028307489949666e-15 -9.3764605055187237955537484e-16 -3.4503460438160382661720860e-01 1.2340706560942502068023430e-01 -8.0440678490156833357893618e-02 -3.3492503461857126012546360e-01 
-5.7944524876295422624713991e-16 2.0280251217991282773277639e-15 -7.8548611151346300895959018e-02 7.9074908872334162546202663e-02 4.0405765150814045016947063e-02 -5.0437450245516692037828221e-02 -8.5660139487598166430082358e-02 9.0980797731883472634351051e-02 7.6364865382582880076226683e-16 -8.0461064767514167030191733e-16 
9.4070841532653609865929347e-17 -7.5676596737940348562287204e-17 9.1115980513632718884586836e-02 7.4810363896702092301183029e-02 3.9781985988252305252999008e-02 5.6528844865606761582732531e-02 -4.8246875743282513493426222e-01 -2.5302828316013781240201297e-01 -1.5905719549807606494340462e-01 -8.3417919394580722358689684e-02 
-1.4021967459230344906533086e-15 3.1579097502458904273155213e-15 2.1164771002852769687940793e-01 2.9913780921636201615143591e-01 -3.0095516317652548643479804e-01 1.6754543063777393996360843e-01 -7.2537067380744767939498935e-17 -1.1373619278307049418239235e-15 9.7285270626227424162202340e-02 5.4390271613170559916738966e-02 
-5.9445375160669042258199113e-02 -2.5353690396043290083971655e-02 1.1066500802517834078919634e-01 5.8038100001255935045385570e-02 -6.3278980687229155344881507e-16 7.9992139208124584522019522e-16 -3.3596800353775803729397929e-16 1.4785347265869681710867052e-15 4.7551648964896220395104365e-02 -1.0787749131323348672495399e-01 
4.3748302776248582102169848e-02 -5.3518246563283258798726649e-02 -4.8755803702674110899906168e-01 -2.5571414165519279482197135e-01 -1.5960764212689140806311627e-01 -8.3709746125116779591479599e-02 -1.4159507622626462725454440e-17 -4.3799686414202491036523221e-16 -3.6221029099527279893067089e-01 -2.8873854022950506958977712e-03 
3.1850190980493020553865335e-02 3.4025882883489694252787672e-01 -1.8283977660156411570856678e-16 -5.6441270673609455219323596e-16 -1.0006752430817136834129144e-01 -4.9897284072578658442598254e-02 5.5405412374829390853570033e-02 3.3526199550152895045851409e-02 1.1166016886461924140228064e-01 5.8563070945959479207676424e-02 
-1.2215178961332043716525726e-15 9.8334893207973306033146695e-16 -2.4756175252826877483984804e-15 2.1709483467542387138380424e-15 -6.1739046338620116871620525e-02 9.9844816217006290837154836e-02 -1.8538896236594416822018871e-02 6.6398865040971560835814103e-02 -1.1518026911642526011192444e-01 5.3836425152313094333322852e-01 
-3.7704435431383756527345952e-02 1.7623931618803212462154306e-01 -1.5536037660965966823198361e-15 -1.2174014537586831456770812e-15 9.4624504989434504720335894e-02 3.4964386874765313040214210e-01 3.1915941929530711185236669e-01 -1.2217925495223379284137621e-01 1.4235329564844768150866772e-15 9.1211066780000303568605342e-16 
-2.1149055502954480084687461e-02 1.0979966225046867978054621e-01 1.7391566848647618120926595e-02 -6.2380278768625806173897530e-02 2.6378125134912014382315704e-02 -1.2329566538959088606297598e-01 -3.9747624791970952707956709e-15 -1.6347515333960326969728138e-15 8.6847618176431419732045135e-16 4.1341170635034858476612493e-15 
1.1276964273959493023635758e-01 3.2614488262061591683504957e-02 6.8938377935664194029463658e-02 0.0000000000000000000000000e+00 
16 (band)
1.0880808663202676811465608e+00 (Ry)
0.0000000000000000000000000e+00 (Occupations)
-1.6560244108135072391841275e-14 9.0682753892637710543434021e-15 -4.1555523739310677317626073e-14 -9.1774882989945552333406981e-17 3.1809834860337699025123470e-02 3.1563342230245844399760813e-02 -1.1197224733370824816143103e-14 2.7580015133783184934986539e-15 9.4551350761421516153596200e-15 1.4967326946200159514824715e-14 
6.0856966203565010520293299e-02 6.0385274419447326765819639e-02 -1.5821063908134809428722158e-14 1.1769261427487809739013433e-14 -1.4069941382829878910721172e-16 2.2068499748998753686824958e-14 1.3261389998411823334953735e-14 8.2397501693229165437014520e-16 -2.3278012946884962808269393e-01 -7.3707436317342001075303415e-02 
-4.6873767000566148033247060e-02 2.2549603997911038533175088e-01 5.6775065881336064286142235e-15 1.0680285430562925500424695e-14 -1.0804992379743084613374377e-14 3.7830899109742658219939525e-15 7.6698872721719598589114477e-15 1.5242935470500715229034526e-14 9.6556081463986609020346315e-15 4.0479524778309397153265639e-14 
2.1846334629671317062449276e-02 -3.9126050526905473136984881e-02 9.3567887744371719605379693e-15 -4.9368133725837735087841117e-16 1.1649081872415488160753853e-14 -5.2009549966057186056736681e-15 4.1795191462240512125791980e-02 -7.4853948946246931517300993e-02 1.4987268277773254500012294e-14 1.2423403128977137816462421e-14 
2.3287599431505802245076415e-14 -7.3154992151366646238953833e-15 -2.5177985093142087836584676e-15 -1.5536679184076401658763034e-14 -8.3930528642352647539226496e-03 2.4402649755226729633150740e-01 2.2979462968032896008629962e-01 -1.5493296910730449539306264e-02 1.1258203520713183071533712e-14 -8.1703345517783144939305834e-15 
8.5333766809979994072103961e-15 1.1798433497272520191540822e-14 1.3188420685535637848673334e-14 1.0445915952473268938682442e-14 1.2293309339128959799424830e-14 3.6810927880459186436155589e-14 2.1857837815666233960421039e-02 -3.9146684448911200915333097e-02 9.8932790698317334753381120e-15 -1.4317678311387135262800164e-14 
1.0159484300737285951292554e-14 -7.3427788838109349453431410e-17 4.1778119751269500448120908e-02 -7.4823107048167580845898783e-02 1.1612147927238434966602934e-14 -1.2142339154763611678121965e-14 2.4043891399937538826661326e-14 3.8608462625098038593888600e-15 -3.4919995520388843993852957e-16 -1.2122221160814665113286420e-14 
2.0333838857268338173867051e-01 -1.3518581437270682510387587e-01 1.0736756432632406366156630e-01 2.0375527182764399669601119e-01 -1.2535649307156696223119419e-14 -5.8832825018777784318174172e-15 -5.1091232223934433232471446e-15 1.1778670280137303710925753e-14 8.6728643610572955652084306e-15 -1.2618261929611769703636058e-14 
3.6484945753043040935052059e-14 -2.2527606059915173748816950e-14 -4.3582626901227480842315742e-02 -1.0525331809841713404107821e-02 -1.0542795726336312262445396e-14 -1.0555917311249681347371899e-14 -2.3225850703854593682681555e-15 -1.4882661485511050976100021e-14 -8.3301780312058704147659682e-02 -2.0117704519528191442478970e-02 
-1.5961268834994520703623869e-14 -1.0090125260829946951229317e-14 -4.6320184565393249527451389e-15 -2.8066953681451387282463053e-14 -1.3680053207863942669948768e-14 4.0727082216718465167745213e-15 -1.8488763896572837919229926e-01 -1.5949377929132130260470035e-01 1.6737618445299298763906393e-01 -1.5820625001838961587452559e-01 
-1.5639344547123873687441310e-15 1.1745477504895904832739098e-14 1.4079882996050555831920699e-14 0.0000000000000000000000000e+00 
17 (band)
1.1202638331041392394382683e+00 (Ry)
0.0000000000000000000000000e+00 (Occupations)
1.1284093599541245023232250e-01 8.2661733724062602668425370e-03 3.3188840950443776467437829e-01 2.4311948445480069391777533e-02 2.9883179823533282557556981e-15 1.7972621122544244003729988e-15 6.2767913756700544070099568e-02 -6.1807727810248479227706042e-02 -2.5125304105940660104323570e-02 -1.1669360295650529901756443e-01 
2.7600083978972888390712923e-15 8.7431450252489583830817042e-15 9.2333371440838224453173666e-02 -1.1134164601474411115944463e-01 -3.3526266646061217424623635e-02 -2.0672681156241345945545618e-01 -1.1264710181882679751463883e-01 -8.2518274729606183592878210e-03 -2.9688904694856496774742378e-14 -8.5724745738092383332393103e-15 
-3.7595198546908691035597114e-15 2.9784007464587000394417806e-14 -4.9287624594168889802237032e-02 -8.9295061029557254439481540e-02 1.0005338431092421214163579e-01 -4.1998715339640488308781130e-02 -2.2383495517364949273231289e-02 -1.1090710341076356892919819e-01 -6.5835012921974869759544902e-02 -3.2620045719490098345971774e-01 
2.8704637465966775680114504e-15 -4.1483327463938158512143364e-15 -7.6410425879195859044656913e-02 -4.3834381841160841020155203e-02 -1.0563821787216387537711171e-01 5.5580975181982170130190468e-02 1.7677714369696200853432773e-15 -1.0193937649011377197684775e-14 -1.3207037925936643274482662e-01 -5.8990071547594384593349304e-02 
-1.9009564882658003259763291e-01 8.7884182144372685607791595e-02 2.2345187098700949185348108e-02 1.1071655169101157767386212e-01 1.7720572507455957771364123e-15 3.1964202440987102603488733e-14 2.6681543729118392121374135e-14 -3.2348710423239166360915193e-15 -7.2751241009874595411233145e-02 7.1485206818826113606135664e-02 
-6.7357928640621178573155703e-02 -8.5073387445748799295941467e-02 -2.2594950184171846974123810e-02 -1.1195282180562177165583648e-01 -6.5930200416244699734846790e-02 -3.2667188288320525568764197e-01 1.5198166061353358453796193e-15 -5.5125830216977386957076638e-15 -5.3003714411177793586205098e-02 6.9776426417254011624891064e-02 
-1.1811310203948616193159182e-01 -1.0320389855686881719343262e-02 1.3763887924988836511111262e-15 -1.0435713683191787478264265e-14 -9.8786090273722260146627150e-02 1.0587128535038689558511749e-01 -2.0931487186727526506047070e-01 -7.4406261869186252067009946e-03 2.2397183309433708886526659e-02 1.1097364941792961512412319e-01 
2.1781140106082233881854364e-14 -1.9058163842782166215624177e-14 1.4410062425151681446904613e-14 2.2229258672520037932735844e-14 9.4823535256347929456310908e-02 3.7581463769694234411389289e-02 2.9150882700751334919431201e-02 -1.0440672959011562670461615e-01 -1.0175253725347398192635495e-01 5.1868942986596562605416949e-02 
-2.9690819152969338823311318e-01 1.5135004524593953512123790e-01 -4.8811804204689258333794430e-15 -2.4778625139168268618005988e-15 8.1459791345592072464576461e-02 3.2286929536194428069784124e-02 2.1822741044144125521775379e-02 1.1653747591862531618467358e-01 -8.8839143913340991086328285e-15 -5.0497695431175405269227998e-15 
1.2853679663259606757996778e-01 6.6676177190523447380066102e-02 4.9122385204323680552018772e-02 2.0360518110967773530717295e-01 1.0086261849574136573171046e-01 -5.1415142472937075401873130e-02 -2.2974822838376039844184706e-14 -1.8862580989099649722230002e-14 1.9280171235167774194437888e-14 -1.9884087256596007343126623e-14 
1.0697131004024380135364325e-02 -1.0143688010713294844755694e-01 -1.0839990380962793992125626e-01 0.0000000000000000000000000e+00 
18 (band)
1.1671273155692072354128186e+00 (Ry)
0.0000000000000000000000000e+00 (Occupations)
-1.0973742541699790389819518e-15 -6.1970679216180688095084637e-15 -3.5702715635854312362272367e-15 2.7249584675945381636213678e-15 -1.0506106025012767329895880e-02 1.0530622238059421380551584e-01 -1.2336598425231152436565977e-15 1.9986277619472683419832559e-15 5.0642644484862496463149637e-16 1.2081310914495902609669425e-15 
-3.6837885436258613336413248e-02 3.6923908737117117073722738e-01 1.3879358057174376296948581e-15 9.7434712353172526534229542e-17 2.6745237375600962505661525e-15 -4.8072837381042469507194124e-16 2.9629862913003259037573842e-15 -2.7734433367558443842232190e-15 5.2156555510110738649309781e-02 -1.3993258802649438665710591e-01 
5.7121819071083379526498902e-02 8.9613691875343431947342765e-02 -1.2509320667676010432911060e-15 -1.0963650023202726537568890e-15 3.6485021763512739882203579e-17 4.3883224137123003783091916e-16 -4.7779814926945059968101686e-15 -8.3273801135984647667408307e-16 -3.8440326418704639360499756e-15 7.7062674841033025459299262e-16 
-1.0425231159310988093835704e-01 1.8199842399695891764777045e-02 3.4553246341357242498637942e-15 -2.4856776548547961690064763e-15 -5.1297161278484982047049490e-16 3.3558465133197189026299852e-15 -3.6554370468951657979772563e-01 6.3814836895282903150850018e-02 1.7327562202492193707894202e-15 -2.6912505124590758733232717e-16 
1.4950181705510474634796357e-15 -1.5195127009292375404549812e-15 -3.2269235253733048957878607e-15 1.9954420669913306169138596e-15 1.4880376221556565474735123e-01 1.2604595390800008361531503e-02 -7.0951364138785430468736593e-02 7.9116495829655381077927245e-02 1.6632874002354735304249061e-15 -1.1358046753954946092537873e-15 
-9.9284848792063979129972062e-16 5.0655950404872030792119986e-16 2.0834540593713319166841432e-15 9.3986037442100609525639510e-15 2.5655233888367793400168691e-15 7.0833085034391091201657489e-15 -1.0429942556780193163579185e-01 1.8208127045325282755694474e-02 2.5355920082142369147503586e-15 -5.9030673652454343241231565e-16 
-1.4178504392333832704705281e-15 7.4875514819376160170646586e-17 -3.6548590316124929255892084e-01 6.3804828301543173307841528e-02 4.6439834895738568873899381e-15 -5.5842577021750482402873739e-15 4.3891921058803958382703112e-16 -2.0454343283755438978485385e-15 -2.0456023997443364035848129e-15 -5.1225803593090016685008785e-16 
-1.3574689088482019827530678e-01 6.2271844544274868038513659e-02 9.3566990645560871309172057e-02 5.0381398946151345619171025e-02 1.3543061717960625204750373e-17 -6.7216259763932140104876560e-16 1.0409327942442428784172433e-15 1.4769828781684978054636866e-16 -1.0705860370376740953036778e-15 -2.0999681198533234692932886e-16 
-4.3677100186177462121973652e-15 -7.5078752780694334217759366e-15 -4.5585569207930484725288522e-02 -9.5560776180714013250394601e-02 3.0532843429269423623627277e-15 2.6251853863772048153089179e-15 8.4990323816881015369899439e-16 -4.4242936785481986137972855e-15 -1.5974082576001152888878210e-01 -3.3486395761516779545630129e-01 
-2.3145131807679636186793875e-15 -1.2450235448442605332343870e-15 -1.0673663951052743606695959e-15 9.4402713303022911236886741e-16 4.0415854167489420028181150e-16 1.2824820235812371290068205e-15 -9.6482939191115640875651138e-02 -1.1400019058266439020421501e-01 -2.3363459174462298389984838e-02 1.0366877964768861364319719e-01 
-3.0227121951387842634292835e-16 1.0881763902499623348345421e-15 0.0000000000000000000000000e+00 0.0000000000000000000000000e+00 