184 (index of k points)
0.1122921775713416336905937 0.1942165782215559965973029 0
18 (number of bands)
52 (number of orbitals)
1 (band)
-1.3001318195610056527300458e+00 (Ry)
0.0000000000000000000000000e+00 (Occupations)
-2.7421986687261556969730236e-01 2.1839561076125885152876549e-01 1.6959334416012467050549617e-02 -1.3506854736754725365699414e-02 -4.2922273335919712612974854e-16 2.4314796378621832841788528e-15 -3.8545713353821259294917922e-02 -4.7547861208695973989080130e-02 -6.5710809188133142977328305e-02 -8.2998918417869285701904403e-02 
7.6464727213069931156544536e-16 -2.0193987606751728981691967e-15 -1.9504207640743384533088545e-02 -9.8193746684225591270234190e-03 -1.7235387827982992514641580e-02 -3.0122982794533015304949686e-02 -8.6589486791668612841732511e-03 6.8962040018973047583727976e-03 4.2980793399596678490552995e-17 -2.8604019339117904835790711e-16 
-2.7679600825448383623957787e-17 7.8856115934671877137024348e-16 4.0285317417906568032703873e-03 4.8403727787038283193743471e-04 -2.8361599700140981139551144e-03 4.3845107485054601870189117e-03 1.6960590325451310733662069e-01 3.0680126428788839776373720e-01 -1.0489418301335798680562483e-02 -1.8974357760236395392672293e-02 
3.5573567164831788867427403e-17 2.8026632436132226382516959e-15 -5.3310223025022009102347198e-02 3.0076423399387392648707262e-02 -9.2795113926309791274604777e-02 5.0948971865003495063106698e-02 5.2864343056753771602080801e-16 -1.5472108749782234852525842e-15 -1.2934556770450425511320702e-02 1.7593506635235164892172577e-02 
-3.2575465685305463048315744e-02 1.1970452013421884612798252e-02 5.3555877992794891431782567e-03 9.6877603804205632276325133e-03 2.6753532470404099162937372e-16 2.4649243529160459634534330e-16 1.6144511729100361133115797e-15 -8.0362231054175970179452952e-16 1.1490920267800651399792145e-03 -3.8913940426210415213237326e-03 
3.8501273794458498039849914e-03 3.5276418527541912421863213e-03 1.7002200827483085476821145e-01 3.0755376442257442715089155e-01 -1.0207374960270668498574231e-02 -1.8464199961796861487739463e-02 2.5897206138701041629710516e-16 -8.0504684461288930126108160e-16 -5.3639734494813365306420394e-02 3.0492271465484620945884942e-02 
-9.3593381551753215830125043e-02 5.1255135332736803666087155e-02 1.2741279928960893528162491e-16 6.5481489854327248187658688e-16 -2.1920123942567079633469973e-02 7.3189852373669954908874669e-04 -2.6786534765205129160481334e-02 2.1391271944965165041629973e-02 5.3665682471501609598907301e-03 9.7076141796649598192381347e-03 
-1.2771700305948357818848620e-16 5.7126458014966496034173496e-16 2.8389943029657175679020577e-16 9.1972680684294832608745655e-16 -3.8698533914521097976102482e-03 -9.9591870802273737769971795e-04 8.4236870804368056686595168e-04 4.9803828661955538634198426e-03 3.3160115012066382345068405e-01 -1.1635067059079684526068377e-01 
-1.9907899118190363479952154e-02 6.9851797764555337635905552e-03 -4.4563411626671362941644622e-15 5.1771901226806416506772085e-15 2.1119827540439613938749730e-02 5.7973723534553149583370413e-02 3.4928909392819423862519557e-02 1.0083045798218207012020287e-01 2.1427586397129516430682265e-15 5.2887464250075652303187445e-16 
-2.9339425500411043905291120e-03 2.1735213139502593260310448e-02 1.6624552539181800675516243e-02 2.9978812735385138715793474e-02 1.0466644970663038435865211e-02 -3.6724883758298015358489952e-03 -2.8409627325611657312142058e-16 2.0827487622194775094419939e-15 -2.0640744294956414080595715e-15 3.1359706517769313129609411e-16 
-1.6273424987895482307642681e-03 3.6495719935315763457484017e-03 5.0511185428768383756659155e-03 0.0000000000000000000000000e+00 
2 (band)
-1.1742987854692128468769852e+00 (Ry)
0.0000000000000000000000000e+00 (Occupations)
3.3125190425458173049122479e-01 -1.3237993265344411009110104e-01 -1.8975795786131344211611349e-02 7.5833896196525404920230073e-03 2.8139876308588297415628277e-16 1.9215024074009183055523455e-16 -1.0599682315896478274064307e-02 -8.0297411213688635323038056e-02 -6.1096499075752971896768884e-02 -1.2178979110442984812312517e-01 
-6.0416549545312519125362626e-16 -1.1950914487849249382361265e-16 4.1686463769146381991292927e-03 -2.4860396695565535607475027e-02 -2.0855551031212359036626225e-02 -3.1781711186574419791828205e-02 1.0049707416448065006031598e-02 -4.0162181100798360899872819e-03 6.1504556181947209628010929e-16 1.0662457311057734480946994e-15 
-1.7170832923523434674084767e-16 -4.6880013063616999570964637e-16 -3.9545122165854148382768685e-03 1.0342285584333632368625455e-03 6.4338980866921816059722516e-03 -2.8856139400488083068818668e-03 7.5283624124728776294546151e-02 3.4868990031295798992516666e-01 -4.3126224348076312026245560e-03 -1.9974731827369869574528849e-02 
6.5973208439326912418197230e-16 -1.3170641306883963070898334e-15 8.0940624979641495606585977e-02 2.9398538608984975395443939e-03 1.3027323795728906752344756e-01 -3.9930175164915954200139936e-02 -7.6269284631608411510195561e-16 1.8939806427083022178732396e-15 2.3817052691484076609729215e-02 8.2562060032336914011663609e-03 
3.4814695386170588231600220e-02 -1.5263294530671243226516154e-02 2.2839980316847552713199754e-03 1.0578751346694535012682437e-02 -2.3797357170861237051985036e-16 -1.1773439708179836700936832e-15 -1.1245241177499320661681735e-15 1.9734036817307860768631294e-16 -3.6025621451057227018210938e-04 -4.0716103745451308337788277e-03 
1.7722307901741262900485729e-03 6.8250282363717714589901320e-03 7.5394893444105007263011942e-02 3.4920612605539552708577844e-01 -4.2322799237733375876668873e-03 -1.9602597212513249436138807e-02 -1.1514021729192000312962006e-15 4.5562147310073446806649491e-16 7.3464062869893945184607276e-02 -3.4823243190659679269227667e-02 
1.3608799493207807129735443e-01 -1.8418474962381768678110205e-02 6.3654942796985094317895809e-16 -5.2670136674900649855676215e-17 1.7713926979905238179302529e-02 -1.8143892946548646760707157e-02 3.7454263712933248686720589e-02 1.9263573764536495724897236e-04 2.2895029166056348260416264e-03 1.0604281931719198445174257e-02 
1.2053886974799149477807752e-16 1.0678657584420366992860264e-15 3.6510130119722290672373779e-16 1.5664859995740678368820601e-15 -1.3650368337024729702144921e-03 -3.7635123150037532238632032e-03 1.1502954193814782929417007e-03 6.8009549061397106886617259e-03 -3.5688936829700906860907139e-01 1.6102398225450783447731951e-02 
2.0033895186321561826536808e-02 -9.0391066657422383407577415e-04 2.0689518053457386978244782e-15 1.6511882869490378780329962e-15 2.2084070104039999621337031e-02 7.8242703476465905176873150e-02 -4.5346810122869792014643764e-03 1.3725384968259071727381126e-01 -1.0637628490495559593684506e-15 1.5565816022543529049224682e-15 
1.4935677144032998703293558e-02 2.0491696087797432734856073e-02 -6.4361386860830732681293398e-03 3.6897629972926497543550539e-02 -1.0837597492573850660457779e-02 4.8897799694034627983330044e-04 -3.2883875551129051955699579e-17 -3.7923023208969814797603720e-15 2.0749666428439036000756931e-15 -1.5637166080977077945795201e-15 
3.9384537099173468760460182e-03 -7.1828467714591358317388625e-04 -6.8975479111920258781798232e-03 0.0000000000000000000000000e+00 
3 (band)
-9.4807316277214148669827409e-01 (Ry)
0.0000000000000000000000000e+00 (Occupations)
-3.1083678277375181853159347e-03 3.6266098113672817770947177e-01 1.2215176572754476991278239e-04 -1.4252203949022086357234507e-02 1.4940210413589182002573681e-15 3.8400873793654727538584959e-16 -8.8439845209829573424720195e-02 -1.2579202766239228061806443e-01 -1.5543521669351945124759595e-01 7.0959816094557343069126887e-02 
-7.2669134222439954660321177e-16 -1.1836310336954594172769383e-16 -2.2387234966964247168119684e-02 -2.3239930295382238423229637e-02 -3.9175989996440514773201613e-02 1.2990129034538557342703946e-02 -8.9757513572322894512822700e-05 1.0472266417016894146652106e-02 3.2692614372497730595798500e-16 6.5927345020955659235755210e-16 
3.6269107788671532981226909e-16 -1.2392612043661114857117874e-16 -1.2194738988066992912973063e-02 1.3425431112258773280743185e-03 -6.9917286797731657138621486e-03 -2.5735305152466518563425524e-03 -3.5706391160497419345887238e-01 -6.3545355604862990839265535e-02 1.4032245516817420938338046e-02 2.4972633450056043805109773e-03 
-1.3234990643065424342258593e-15 1.5339371010863006758214651e-15 1.3877944290405233584984046e-01 -6.6223158120008451810178940e-02 -4.4044361205659063318584856e-02 -1.6509238727064715068770795e-01 -3.8166284157984237185917123e-16 -1.3120858992962113696718655e-15 2.6647970287762310498402840e-02 -1.8198030913896441618238242e-02 
-6.2748850031178228514594508e-03 -4.0793718422486226204970450e-02 -1.0310644438596246880157636e-02 -1.8349472965306558996934072e-03 -2.5069168561628553177949466e-16 5.7949409148076698763087303e-16 2.9477182365800217592169516e-16 4.9481009900328926381603482e-16 7.0995914817448615985462368e-04 -1.2247858547539042239904461e-02 
3.7034927174932688598296693e-03 -6.4646323125099117157255080e-03 3.5671040468172565685023301e-01 6.3482534372346091644523369e-02 -1.4204199904462956605133428e-02 -2.5278764634382652753963328e-03 -6.7022684996112150474772192e-16 -1.5806048814800872526680713e-15 1.0722775691989804014436771e-01 1.0996752936493106589388447e-01 
-9.8177314601695611639975425e-02 1.3971829686009942794733263e-01 5.9159874648604455530829252e-16 5.4107500140260950159693419e-16 1.8797382387042687462708201e-02 2.6343526616294361819559100e-02 -2.0023680367104324667737458e-02 3.6213332538166394247713953e-02 1.0291827595613966053744726e-02 1.8316019286992576628469998e-03 
5.7786407534191565419388338e-17 3.7712756340568674003389430e-17 1.0142149910904328208375765e-15 2.1326353539667401526520487e-16 3.5531583439002891594560296e-03 -1.1727768887775477657520184e-02 -1.2408673452851048599199224e-03 -7.3364482876281215950609038e-03 -1.2208167438437257656946855e-01 3.4112814272359370804110767e-01 
4.8612927889688274663004819e-03 -1.3583714026746514930144016e-02 -1.9643785401962682473057151e-15 -1.8255668268244435617524432e-15 -1.2630978677977289237333025e-01 8.7386996357285057213104551e-02 -1.2138877931910554974770378e-01 -1.2010308836706964918938922e-01 -9.5339545456626425768635633e-16 3.8047274816183708854886199e-16 
-2.9109428745891965939485146e-02 1.4140867628098165165173583e-02 -3.2366878296754525434764105e-02 -2.5782521565710290328832244e-02 -3.5223074310139130572994137e-03 9.8422472659686465606965200e-03 9.8527396480253826464708246e-16 7.9859067490474997860265331e-16 -1.7699846690925687317267572e-16 1.7174558974692090379033617e-15 
1.0970977884077033615017882e-02 5.4592253634549638835471441e-03 7.4406468297889705870717947e-03 0.0000000000000000000000000e+00 
4 (band)
-8.3419176585255316869194075e-01 (Ry)
0.0000000000000000000000000e+00 (Occupations)
4.4286940336692275088648074e-02 3.3937582579354552692052494e-01 -1.4301275530867463281481378e-03 -1.0959263146489281112727632e-02 -1.1042601817910890505736984e-15 1.3405910192193136373948158e-15 9.8047678318217798554279341e-02 -1.4475935488434210629549170e-01 2.0865514696854273180015582e-01 4.9070719294564787982260157e-02 
4.3000433505894752699877125e-16 -7.4117997675283379545149140e-16 2.3489517502482223920701188e-02 -2.1535528642089157846939429e-02 4.6095758876039963358728357e-02 4.6638593512534493035204264e-03 1.1880139734965124848065088e-03 9.1039039882142396009623297e-03 2.1509491202652964228723523e-16 -6.5067782974975473395353557e-16 
-3.8558060170331269321729051e-16 3.6497405678172701094361701e-17 1.8783320302982617344689231e-02 -3.7797703955130199093837007e-03 1.1207684314644221143519864e-02 8.4536393731737824452920904e-04 3.4200889684784174793463762e-01 1.2930533407563733760969882e-02 -1.1044290611393947632024037e-02 -4.1756247810606147985446057e-04 
1.7839638667331380542901581e-15 -1.2147575094948644529055256e-15 -1.2638086183445382260082113e-01 -1.2081595843412940016747825e-01 8.3180692082786708563268974e-02 -1.9754968568242431414816451e-01 7.2643008888797964761259885e-17 1.2197902214953385087314974e-15 -1.7316628507163551314862460e-02 -2.6752024288794369610844370e-02 
1.2285878766815951090851655e-02 -4.4672449600756891641140101e-02 9.1745368557517650853760927e-03 3.4686958689093307095507868e-04 4.9703091015400285208731039e-16 -4.4083483818400992451892297e-16 -4.7778467738844480414030476e-16 7.8924733390511139532452219e-16 -5.9436784828320599061157736e-04 -1.9150626953369637162083450e-02 
2.7026169568960013711578227e-03 -1.0909752035095929625918565e-02 -3.4184447556523844813369806e-01 -1.2924376306075841328024900e-02 1.1138589901337623416788247e-02 4.2112112269081930504555089e-04 6.4860821754636463683569410e-16 -1.1472735693488213076336114e-15 -1.3493495224459547965345507e-01 1.1092181176331711300875327e-01 
6.7907968155400066923021996e-02 2.0323709131741504729795622e-01 -3.8759330313237353210890140e-16 -6.1687775946697246615922845e-17 -1.9334616925461699243893321e-02 2.5410004736873652297912685e-02 8.9013296475554375825067766e-03 4.5549034789603967676718810e-02 -9.1647986802118677762685195e-03 -3.4649797369330943841436721e-04 
2.2087940551084971716757848e-16 -7.5445605465219680501170048e-16 -5.5241113575834286443422134e-16 -1.0168024340898513667940379e-15 2.0390345079387287366423642e-03 -1.9036080431697268572355242e-02 -1.8730475166495710783592932e-03 -1.1074121902324400232298096e-02 -6.9752358522615881541995009e-02 3.3490191617506676058368953e-01 
2.2727924342242533835289908e-03 -1.0912375659828207896673291e-02 -4.1499087042013657550228455e-16 1.0280957655041754555692926e-15 8.6865533974956915530540869e-02 1.5154361969220564443361354e-01 2.1171589336091628519298524e-01 -3.3063392517981515794645020e-02 1.1663620850687814760599689e-16 -1.4003130833116395662083711e-15 
2.1829754143527453635886815e-02 2.3301450307093470037944627e-02 4.6395631384259908291944896e-02 -1.1805203191913606324686681e-03 -1.8700476171596462030694008e-03 8.9786701467498911122255834e-03 -1.2986034412370143743275292e-15 -1.0114459016184004545316660e-15 1.5031254420601505493581152e-15 -2.4907290165998859679875006e-15 
-1.8429452638498131783473255e-02 -5.1851032170121920047978215e-03 -1.1231406096600411032015998e-02 0.0000000000000000000000000e+00 
5 (band)
-8.3331480219614384452597733e-01 (Ry)
0.0000000000000000000000000e+00 (Occupations)
2.1398062082700064490126124e-03 -1.3182726589257987015457729e-01 -2.2080304838661968247492950e-05 1.3601056893246801435259918e-03 -1.8835428496058709061795555e-16 1.0984916112668356560643926e-16 9.8181601206663526859586000e-02 -2.6103749938315923273535191e-01 1.5997679391039187901668583e-01 1.5444475189181022800610776e-01 
6.3141085487330697413289074e-17 1.1531544831055830210529405e-16 1.2499738433861290465287652e-02 -4.5856864284315401736336071e-02 1.9894336819876429212072821e-02 2.6953757334099451292708238e-02 9.3673820586535200272138013e-07 -5.7549576035490629388746697e-05 2.6471614866998366255065656e-16 -6.7085513951481830483695246e-16 
-1.5418498043020994246887296e-17 7.6096734888147562795004229e-17 -1.4204118883576683993186229e-02 1.6268838092207207890460552e-03 -8.1074973844687675539333327e-03 -3.3580045364672295171715177e-03 1.2962430895328994062687400e-01 2.4094508334033627738879346e-02 -1.3373765149768540583252729e-03 -2.4859421402102094278419031e-04 
5.0666474875315314222435611e-16 -1.2588725556942835983773987e-15 2.4100831735860991922315577e-01 1.4033956627919855209007949e-01 -1.7896104271311855105075495e-01 1.3197992713950626453289772e-01 -1.0766338609547165427786018e-16 9.1513077842239375751444835e-16 4.3130120747287135907210853e-02 1.9972184337722572594620019e-02 
-2.9894051531232822965788998e-02 1.5120692939720386388513518e-02 5.6587435271458937091626495e-05 1.0521090795872004020061752e-05 -4.8020016182913983117044665e-16 -5.2652906920945021101533101e-16 1.6346000945540350974736083e-16 4.4935191203195644529774005e-16 7.6470211322612934370934745e-04 -1.4276518303373592067018194e-02 
4.6630563419198731156534166e-03 -7.4339500844717212174606047e-03 1.3023962013352191613435593e-01 2.4208606510685352214418131e-02 -7.5665921884943143638224683e-04 -1.4064165426356037280619660e-04 -3.0404201891340606551485403e-17 6.0333318138356667768683792e-16 -2.7321104020092557007615142e-01 4.3744375698551260511770522e-02 
1.1877057787868509908246750e-01 1.8557001099244310737823582e-01 3.2262796427186329009597195e-16 -3.5071764222159337314353881e-16 -4.8845078147875115037734872e-02 3.4351915088340588544379983e-03 2.3052358820771737257793177e-02 2.5929496766581919264815781e-02 8.9049424331732844606346333e-05 1.6549817408016958414362918e-05 
5.4391071990848174720040857e-16 -8.8641296632547771776909102e-16 -3.1182979579908384541129545e-17 -1.5617576335923305601735328e-15 -4.2999880386818461683318127e-03 1.3674251302013908787591490e-02 1.4550479152114028681685998e-03 8.6027598572340838178895694e-03 -4.5589488282686795039833072e-02 1.2437851036249207570261177e-01 
2.6485922322533501926944410e-04 -7.2260835885663149413815631e-04 3.4481715661517152220014287e-16 -7.8890189498168739688106051e-16 2.4312816328720260328211111e-03 -2.7668019763347656558849508e-01 -2.0277851584190506595284376e-01 8.6160040982320371116820468e-02 2.5515132332194254961670135e-16 -1.1554525964721743873661590e-15 
4.7587472433116709616407469e-03 -4.8733936067694404170591582e-02 -2.9410794041181704400189645e-02 1.8405304768666613801642029e-02 -3.1168715236718305162944009e-05 8.5042387217186364697582568e-05 -8.7726254861153106271942581e-16 -1.5026556415281938116689060e-16 9.5306866797292148824232796e-16 -1.4771560177309966690790042e-15 
-1.2765653978767501144919727e-02 -6.5202089152567059213150280e-03 -8.7249436443566398546867191e-03 0.0000000000000000000000000e+00 
6 (band)
-7.2471876779079869024258187e-01 (Ry)
0.0000000000000000000000000e+00 (Occupations)
-1.3096688545444629125924507e-01 -5.0937012111344853737548988e-02 -6.7709162766749902973018038e-04 -2.6334678630147989597531932e-04 1.4134300111324380034228400e-15 -1.3226547531048198906797482e-15 -3.0113049358913834829820644e-01 -1.6613641369296577865455333e-02 9.5751272181676172490227827e-02 2.1107178576839696892974985e-01 
-9.8806698134174201014831690e-16 1.6850964657008630313186316e-15 -4.8985319790200612666275504e-02 -9.4430610436421202891210669e-03 2.0831048026229620484528482e-02 2.4721081888473606102962776e-02 2.3237759450368080695048523e-03 9.0379371046733769645697976e-04 -6.3464415460344202450697002e-16 4.3354863095073182463558919e-16 
1.8843652047118957361968601e-16 7.8457729373885548101509825e-18 1.3059144206214505501417733e-02 -1.4016623531123553747512744e-02 -7.7645678126671557883753394e-03 -1.4013155971290493576053571e-02 -7.2064875409578788012510131e-02 1.2063812838678808492254291e-01 -3.7257660971401485028309253e-04 6.2369164816405975315660726e-04 
-1.1225956836930741475513421e-15 2.4951033377373087336177552e-15 -6.6600139514181783129131986e-02 2.9414283718200945338949737e-01 2.2408426395296110467114659e-01 -5.9210197774831635486592063e-02 7.0520989056125086340640721e-16 -1.9584277207884445551557351e-15 -1.7480041147617100816269442e-02 4.6724523735394513090923851e-02 
2.7848856543390868717446907e-02 -1.6416626962719272492252642e-02 1.2786702184805188130256592e-03 -2.1405093286859747797601372e-03 4.5360549166162558623996975e-17 2.9891229679836244932294816e-16 -1.5232837121021394776109855e-17 -4.7190886445075087907142259e-16 -1.1642478144985613300321781e-02 -1.5213799172312377980254006e-02 
-1.5111803496529576176787835e-02 5.3188766366122821466211334e-03 -7.2735258653558260144578185e-02 1.2175969397566271945620997e-01 -9.0271039320473638479375156e-04 1.5111607751649193398524318e-03 8.4480169919763471402035067e-16 -9.0489572958525179510808057e-16 2.2567149398377447933050632e-01 -1.9679004805702998703864637e-01 
5.3406437701561969288999165e-02 2.2362701475766746939122243e-01 -7.0769843193621346484515737e-16 4.2122801099479517120649111e-16 3.3959075085033971208581249e-02 -3.8519903159078890120259331e-02 -1.0128951813358766376182984e-03 3.3395371015780585255416923e-02 1.2634172901703107083637434e-03 -2.1149869254082380096160243e-03 
-4.0689529332094868509787664e-16 -8.4131255073777120846505632e-16 -2.8822754752479439076789266e-16 -1.3282250664004201852170568e-15 1.8814591886186809999159664e-02 3.1862236493700370892900864e-03 2.6318573041386114641504435e-03 1.5560474764341202663642250e-02 1.0792460782318646916877469e-01 9.2022388333805285598465673e-02 
1.3394546549638196297760118e-03 1.1420832586554342108486892e-03 3.6454324179606566202486393e-15 -3.5227665670468503661736929e-15 -1.5639925534230911252642215e-01 -2.5532962840126466330659127e-01 2.2940187501235473344074478e-01 -1.5364538984671407412241351e-02 -8.0183102226909910008801622e-16 -2.6878745784241058763890167e-16 
-3.2317159478556095608681176e-02 -3.9907429424271431694926093e-02 3.2758784219261156966940263e-02 6.5680147994890579130067287e-03 -1.8746702091229276807698989e-03 -1.5984381598192467979074882e-03 1.9035651665710720772139516e-15 7.7877571363322678187295515e-16 -2.8592060039187648591574365e-15 3.9742293501071730759362305e-15 
6.2792897971954697577956495e-03 -1.8019750515207492297387049e-02 1.5781477996721703788152169e-02 0.0000000000000000000000000e+00 
7 (band)
-3.8501700401475652535410177e-01 (Ry)
0.0000000000000000000000000e+00 (Occupations)
-9.0785128282324218130235351e-15 -2.6536748104885343691986771e-15 -4.2120130894335259049317742e-15 -2.4718458199213293536304305e-15 -2.3099905414813495796444442e-01 -3.4757627676825997298237780e-01 -6.3279999090215567823600744e-16 -6.7744562570294952749539677e-15 2.6228816998785594227936790e-15 1.2719757192084348738419879e-15 
-4.9766391277990124075714107e-03 -7.4881822658147273452655668e-03 -3.4807315169837274002064071e-16 3.4508556767963709986279055e-15 -1.9617150688302031481970022e-16 1.0683666401162181015393610e-16 -7.3513761013416373030657113e-17 -2.1611751186923865662440976e-16 -9.6435082172363177643870102e-03 1.9367518120802427322724171e-02 
-3.0464749755798006813911627e-02 1.2754551915507908455005293e-02 3.2688633586436430291456165e-16 -3.9923216234527379431659127e-16 -1.9481986761427833759138859e-16 -5.7569847081208264924419325e-16 -2.0014178848448094403908076e-15 1.3015556853488877178918166e-14 -1.8192906654750708754211024e-15 8.0330829521588963754329508e-15 
-3.8123225419659073631706292e-01 1.6979929195846929501634293e-01 -1.1913360481901476532572264e-15 -1.9911021881963594221224435e-15 -1.8390561039253188742089229e-15 -4.6854843479932504363073940e-15 -8.2132659085186118796961807e-03 3.6581516877153413824785844e-03 9.2190445035577433486652749e-16 1.8128172646483067184809650e-15 
1.8337791078092273152772078e-15 2.1121798912681538174339977e-15 1.0085011462583320569411806e-15 6.8371268144536518100336024e-16 1.7488060337881566191908789e-02 1.2738357606620082790316317e-02 7.4953695130990823092265174e-03 3.2165183166132885195231950e-02 -6.2136998097254685252751647e-16 -1.3253982897334404618980836e-15 
-5.6599567897108784939533690e-16 -3.2162058835212955218999298e-16 5.2156534489539243186813701e-15 -1.2158151016448920917332685e-14 2.7213449740923962527977592e-15 -5.9536885648733501346042746e-15 -3.8125835218698467254938578e-01 1.6981098525345961203214529e-01 -2.0469975866288340047632252e-16 -2.6475740147772541914855431e-16 
1.9137864520836645866364487e-15 -3.4334438129099392005233981e-15 -8.1822499726733194380656755e-03 3.6443458351486379687145245e-03 2.5450839419211429515171352e-16 3.8145529259793170679099134e-16 -2.0328176613003259666421478e-16 2.8896326327329848411589188e-15 1.0935998171796663593644658e-15 -7.9077935026639401044163831e-16 
-2.2287200514552558613945443e-03 2.1523927187504197922063298e-02 1.8898469306659015226612652e-02 2.7092850092717828125454815e-02 5.1262347906745123631012981e-16 1.4762488055049182074771940e-16 -4.7786164009122746353273225e-16 -6.1772367638818302539168270e-18 -7.4793511416561047384477579e-15 -2.0489857071546617170226499e-14 
-3.3061687751200591702534283e-15 -1.0269252411838313071620497e-14 1.0385098101195540387653438e-01 4.0423838952770674293191178e-01 -1.1909935170968362752374633e-15 -2.4994922491175584028739868e-15 1.4678715196367106690118376e-15 -5.1107766170504810327918617e-15 2.2287669794197021051751495e-03 8.6754290345155866959192537e-03 
8.5539543254079248050543373e-16 -3.8321885060404790648494437e-16 1.3699146305463620683560805e-15 1.5993987166114110529772024e-15 -7.6163901498107509549897319e-16 -1.6745960864511036696078108e-15 2.0850826060316129950678032e-02 5.7870274963190432987447664e-03 2.9865116863034633920559457e-02 -1.4115575193325196126648002e-02 
9.3388842081777084683433973e-16 2.1712780992995288874662854e-16 4.8566287288313313873137683e-16 0.0000000000000000000000000e+00 
8 (band)
-2.4828973441077281658628806e-01 (Ry)
0.0000000000000000000000000e+00 (Occupations)
-2.0935035400205860668782646e-15 8.7959858569673486229493174e-16 -1.1356508188272664354908301e-15 1.3743956306877703586370300e-15 1.9953285040282803253219868e-01 4.1611350307417516170005456e-01 4.7648564499366384271922051e-15 5.1356320586455587753818302e-15 -6.2480646657948948557377973e-16 -2.4538332349028558101304903e-15 
2.3117615895513511647951788e-04 4.8209287860609406628498164e-04 -2.3042137995936527491079137e-15 -2.8033160720649849025169235e-15 -1.1772034228243323257756768e-15 1.6605220683019309833319864e-16 -4.6807200391996695042623214e-16 -3.9637843313759261616632079e-17 -2.7087075100980434472219827e-02 -7.8285746243486383638687798e-03 
-2.8119143844819439320703580e-02 2.5519664755693845237249917e-02 9.2020738924335784505615714e-16 -4.2115349365777181835770925e-16 9.0602246507623810934423294e-16 3.5981884210959254941234670e-16 -5.1102982474897418022803484e-15 -8.3790972093304161721154260e-15 -5.0507500872506661776339308e-15 -4.2752522333942576460145918e-15 
-4.4356210837091442078516934e-01 1.2734387244035200170699795e-01 -4.8068981944448237566615553e-15 4.0023684913203889420765349e-15 -8.0812305264271878967253557e-16 6.6686586783240484570908629e-15 -5.1389462607569907914850660e-04 1.4754075151753986289149267e-04 1.4783597593298451773156888e-15 -2.7720387509372300655621725e-15 
7.0611756920493910924197081e-16 -3.4589824132532375356707846e-15 8.8988996576406814757611050e-16 -1.1553290560342928414261329e-15 1.2236221117898392687917131e-02 -2.5402187128848195685204558e-02 -2.0472893944310316394208371e-02 -3.1981246901169491092531416e-02 4.3757905684704688638044791e-16 1.4334824997356137779837306e-15 
-5.7379625460878322798852261e-16 5.0106609869167861332240143e-16 1.2450367825211720014046551e-14 4.6396042529280149421084014e-15 5.2779174155572600739496672e-15 2.5455337803856199403944191e-15 -4.4358139173282373768358866e-01 1.2734924278129439167983605e-01 -6.6710267165124408611661987e-17 1.9605366773565143956186252e-15 
1.7108573169896133512635147e-15 3.3292213537365523299453829e-15 -4.8422689377839583935170253e-04 1.3901332378121375975277285e-04 -4.2352241660919103602905007e-16 -1.9519664844530031441721144e-16 -1.1889755458963769849245951e-15 -3.0400606964307674896694367e-15 1.5360145913921602759596092e-15 -6.1360218831316014034483957e-16 
-2.3850628028884213183147267e-02 -1.5045498266121073993595303e-02 3.8958342784828760112236790e-04 -3.7976972189523429401791788e-02 -5.3535748375609724942785095e-16 -5.1093460399342695544547141e-16 7.0223062050396582131521206e-16 3.5808793508536573870771384e-16 -5.7482753647446690388235377e-15 2.1528849651990202607101491e-14 
-4.6966056550650293561005506e-15 1.0437445581742765744539102e-14 -5.1590336020141923378812265e-02 -4.5860736797169171508059549e-01 -6.7461861337902017135476480e-16 2.9037417320547418684550348e-15 2.2048870842415070370303535e-15 4.3827872784598895646400788e-15 -5.6312674233496384616770580e-05 -5.0062887607930971547998134e-04 
2.0899756196139769232884839e-15 -9.0196975833023447619412207e-16 -1.2433680871898231228862006e-15 -1.7728552225880207555681601e-15 4.7783939237967366675457635e-16 2.4120024167352369272888879e-15 1.8812341007263099629254199e-02 -2.1007505831831706916146274e-02 3.7380173739971253588088018e-02 6.7174997655875066243646998e-03 
-5.4735384073179491298537676e-16 -1.2241653002100542410010513e-17 2.4967588968904522754780562e-16 0.0000000000000000000000000e+00 
9 (band)
2.9398624088145627886170530e-02 (Ry)
0.0000000000000000000000000e+00 (Occupations)
2.1020693788790775342621078e-15 1.0821872451800530072917494e-15 2.4272809688796042199706055e-15 -8.9423906792080609809474685e-16 5.1852741919042766305381065e-01 -1.7156152921316430992604296e-01 -1.2510755742910501288386637e-15 2.1102997790114851398781208e-15 4.9438281968463376655454073e-15 -1.7369145767621922205493101e-15 
-1.0609722231216933002739822e-02 3.5103718452973997621313629e-03 9.7755894080170242337523947e-16 -1.2429050825272439163422450e-15 -2.7027181923469359337236990e-15 -1.8138584973355624655195960e-18 -1.9171834590374305361307824e-16 -1.9217407319246588041854741e-16 2.4308080710066071183916847e-02 -3.6061881568265653774663093e-02 
-3.3337516126058036602941570e-02 -3.7430938178206599187269887e-02 7.0491718369596119235089636e-16 9.8760231345156474117094245e-16 -3.1750042963811499357058395e-16 4.6812954741543712721033086e-16 8.9594129397105279222902967e-15 -4.6454144719583639788919905e-17 6.0324500322672387324842351e-15 1.1507332453594104243939638e-15 
8.2684820175461234970093471e-02 5.3987708163134517924675038e-01 -4.2786797446199200968226803e-15 -3.8491388578017659930947843e-15 -2.8585266498749258459205317e-15 -1.4904080383967869895780634e-15 -1.6918426505234014645129292e-03 -1.1046564387253293704205248e-02 2.4722020185156393354251038e-15 1.7684308290793471326333155e-15 
2.2352929559730657852317276e-15 6.5993671802015420323278482e-16 5.2974407471591773938430769e-16 -1.5356685507659188862935771e-15 3.1503044165736134030186832e-02 2.9981666036802100128166870e-02 4.2466412485885299266108461e-02 -2.6628348145062534502169882e-02 -9.3535211056839944509654004e-16 -3.1253403490966952014633715e-17 
-8.0771644339321545664500982e-16 -6.6447331411849765874619111e-16 3.4618722532520451357670973e-15 5.5451779917607685790924953e-15 2.2674252044547278762371568e-17 1.5400423723558637144002127e-15 -8.2683829414003900959428961e-02 -5.3987184160528289833536064e-01 4.3097272202442404365284934e-16 -1.9130981016946968788132473e-16 
-4.8664469127407139898720576e-15 6.2362886695151117109051142e-17 1.6895576539096108723003731e-03 1.1031764908426427290732974e-02 -5.0227735983118221912282852e-16 -1.3207726177396532656080824e-16 1.2832624350960990611094377e-15 -6.0898014090449012678887245e-16 6.8381431855114963645518344e-16 1.2640105572699075179144590e-15 
-2.1084061024895375119347918e-02 3.8030744426655493928279839e-02 -4.8484682274120734224442941e-02 -1.2695932780268709069715349e-02 1.9721047607318936785651826e-16 1.9255760503142205987204990e-16 4.8814251985433670551534640e-17 4.0927523089786983416783312e-16 -1.2895860762366419750379397e-14 -4.6962789563819226406104268e-15 
-6.3663792571504759059314301e-15 -2.4619698775658474727501687e-15 5.4610057495531794113929891e-01 8.5078221848754638501066694e-03 -2.6727786360983451051497155e-15 -3.9347389310884275909402090e-15 -4.2886859356181236183744535e-15 -5.9620362181790110715234438e-16 -1.1159041894078933904177475e-02 -1.7385645474955001136586896e-04 
2.9768444121367919373597225e-16 1.4401318760220320677157943e-15 1.7618077333718945705230363e-15 -2.2554847331278670709999077e-15 -1.5318370077705171728913584e-15 1.4563499171463591821278775e-16 -3.3982000863433260706703010e-02 -2.7131140194704281981552541e-02 2.0603869098101794399280351e-02 -4.5688419786328267335751008e-02 
6.8465254543327635732004461e-16 -1.2094881890060516158836018e-15 4.0479567537621050728050278e-16 0.0000000000000000000000000e+00 
10 (band)
1.8952324173351048353097781e-01 (Ry)
0.0000000000000000000000000e+00 (Occupations)
-1.0279687056142410752302891e-15 1.0443034323205420347377501e-15 -3.1745642648624179034961438e-16 1.0689705800177183951989392e-15 4.1250249411774753127701842e-01 4.2159587120197938858723319e-01 2.9474754633702728804520620e-16 -3.8306422695885465659573965e-15 2.8284592651949227450740432e-15 3.9953096289473581084498592e-15 
-7.0281503083713670054777367e-03 -7.1831000472719411242827903e-03 -7.6235711783563068661792324e-16 1.9689530060057641544635168e-15 -4.8006041764620597994301350e-16 -1.5340860550629717745635426e-15 1.6181011736595220816955195e-16 -4.0178405499088693335412091e-16 -3.1869939774958888634159848e-04 4.6962128775999215091196959e-02 
-5.4366890269309700589595025e-02 2.6221999758770084265613320e-02 -5.0435362042388429040933003e-17 2.5383927789074048758438719e-16 -8.3932447049035828834731605e-16 -2.9660639841669498614938928e-16 5.1325361153683401437503912e-16 8.3315936630628418941035034e-15 3.2526140289580850171735933e-15 3.2165833508650468094030092e-15 
4.8448438215325406730471514e-01 -3.3641680950498614732779856e-01 -1.8637792188361527098737080e-15 -2.2371906517719088497351541e-15 -1.9071200781688251683683053e-15 -1.6405102947790422828446569e-15 -8.2545839981578578159471249e-03 5.7318117610056090738268608e-03 1.1813783011151162137226969e-15 1.0782351646193413103786079e-15 
1.5739833029310580398149463e-15 9.6672568756985562497619057e-16 -1.4125202136946662250832138e-15 1.5339964816333212409624376e-15 4.6251323767804330966413318e-02 8.1460516942496747488933195e-03 1.6788089703222174031704839e-02 5.7978548386627581923136177e-02 -3.6495669046771096898651471e-16 -7.0643865949645622188715920e-16 
-8.2273181019653989148630110e-16 -3.0456705937096677493321376e-16 2.1727613341647102767185294e-15 -2.0954755926201832426422124e-15 7.3021922678936865797916004e-16 -2.0523563283239119229925520e-15 -4.8448263682086217807309936e-01 3.3641568194352639009636619e-01 -8.8794206523455212255472571e-16 -5.0707986362078771249333037e-16 
-1.2838212657349641461871033e-16 -6.0467014101760319098387623e-15 8.2436518440854311684518052e-03 -5.7242533962476461334434319e-03 2.7999918235226248793806185e-16 1.2541672076758801232889744e-16 -4.8595152576523704490668817e-16 2.6516132277870297225603213e-15 1.9706234020091713760748030e-15 -8.4440267425203294033327707e-16 
8.5241664953031124479787550e-03 -4.6178168923444042059944792e-02 -4.8454974099621489491696025e-02 -3.5984549700104659364363613e-02 7.0860538264880897987246641e-16 -1.0836152402168307594163616e-16 -4.5091238194571075968494599e-16 -1.0648957159385838854925275e-16 -6.2433502833044349140900154e-15 -1.2630952601577713328427165e-14 
-1.2206605841148946053879842e-15 -7.3186836824740422979370352e-15 2.5090796714914909149030109e-01 5.3380158154457146846283422e-01 -3.2454380546975804020301387e-15 8.4982552744064774512440639e-16 -1.0417657255578384242520421e-16 -3.3481155469638539141421402e-15 -4.2693076790644608753400036e-03 -9.0828346132923697131555940e-03 
9.1194921721579698377411857e-16 -1.3903441350351491492896200e-15 9.3216358969197591243011435e-17 1.5637685388149254552531237e-15 -8.6434423339538975323724333e-16 -1.7000759846930488381535000e-15 -4.4109926997265860859620545e-02 -1.6105869733037667113073610e-02 -4.3561398695563267879915514e-02 4.1775314191524734463989432e-02 
1.2270299673922235037979342e-16 -1.5634716626969801344831240e-16 4.2460475940573167195138645e-16 0.0000000000000000000000000e+00 
11 (band)
7.6874159535164321432887391e-01 (Ry)
0.0000000000000000000000000e+00 (Occupations)
-6.6670265615996898711514973e-02 4.2775262406362213329913402e-01 -1.5192938455160325678106048e-02 9.7478712743106127325276589e-02 2.4821173938301514887158873e-15 1.7660185630933087084983404e-15 2.2362200266431050965643124e-01 -2.7065968608932061689742454e-01 2.7949039541569059563741462e-01 2.2020127993015731204806684e-01 
-3.0181418007931793691201587e-15 -2.7449141753484314846696802e-15 4.0185687992564528281391745e-04 -7.9805676564022681729326791e-02 -2.7350375748908969247841227e-02 4.1915377134334907971435769e-02 1.4489451225004805132168251e-02 -9.2964666091740796871611963e-02 -4.8264985531306466654883361e-16 -4.9764155230206301827823048e-16 
9.2859795811875815290703539e-16 -6.5462431608307869623946085e-16 -1.3837036081650361252215475e-01 2.9974374827148458910741624e-03 -7.1014385232253854352002520e-02 -5.3735593872737928700100696e-02 4.1064387555700299081706817e-01 1.3707238663608262152493467e-01 9.3579917163737036389647983e-02 3.1236579847665715825577593e-02 
-5.8072790495495029767642389e-15 -1.5232311116138184094696285e-15 -2.2957621680252315865544688e-01 -2.6562798502456380633773847e-01 2.6372785229014122920787599e-01 -2.3885373084573985336120927e-01 1.6103715707745654521954355e-15 1.7080677575055600636237541e-15 -7.8621063662012158346215074e-02 -1.3705321938818442600860337e-02 
3.6767207866809488436832254e-02 3.3957537007240128079654795e-02 -8.9246404737816226182545165e-02 -2.9790142324671080309439475e-02 8.6650882572681942824999010e-16 -4.8994519860825104374616750e-16 -5.2275730885887506168585549e-16 6.0050950264075236947721886e-16 -2.0120390152894285923368400e-02 1.3693250630894246433477690e-01 
-6.4826062621535091023972086e-02 6.1058484781068435298667652e-02 4.0838903302323842359200512e-01 1.3631567264401064920598117e-01 9.2783291476486173809945512e-02 3.0970302799834616841456736e-02 3.8858863560721495202774711e-16 1.4480761520175669435279577e-15 3.4287028088225229849328457e-01 -7.5244304588688748491875913e-02 
-6.6766027671431582568573049e-02 -3.5037321220033412760841429e-01 -1.1206495544492587885814108e-15 4.9210309792788367323791397e-17 7.1871579501946711299176229e-02 3.6734422974603053724251822e-02 -5.0387333527739559813074521e-02 5.2226176516519604020594159e-03 -8.9076713879642152593696380e-02 -2.9732999381048494380586078e-02 
6.8406890825080190668265869e-16 2.3400817631157529052175274e-15 3.5406856250325739907438494e-15 1.0612236529425450994420528e-15 6.6008297300904419935285716e-02 -1.2168888379240536123937488e-01 -1.4831658187118526570635879e-02 -8.7690028851952525612567513e-02 2.0251324016143687489766023e-01 -3.7993677429452843430368603e-01 
4.6009949048227589962767325e-02 -8.6319079126814107771892282e-02 -5.9560471128765784768626398e-16 -1.4591108925259665354802642e-15 -1.7010539168582018004771683e-02 -3.5061713655000292799712724e-01 -3.5660108548186086885323220e-01 7.3997372754080071449722666e-03 2.1911517903082684915776588e-15 1.9837247423512730474146166e-15 
4.8205928703818241853884530e-02 -6.4738938894478972874146905e-02 -3.2535521463387213556006650e-03 5.0552680577810586715070684e-02 -4.4171831480824111371141782e-02 8.2870751845382922828875394e-02 -1.3891648429716618990345730e-15 9.7787347613041994521459901e-16 -3.9211968053743062954087171e-15 -1.3521467755101459745213881e-15 
-1.0897663617594245677455689e-01 -8.5377822172864728522689859e-02 -8.8935477986210417777890314e-02 0.0000000000000000000000000e+00 
12 (band)
8.2952933594745614787058230e-01 (Ry)
0.0000000000000000000000000e+00 (Occupations)
7.3300120152844550069914931e-01 -7.8899563151617460587949893e-02 6.1198203960784930410810034e-02 -6.5868925460793089493582997e-03 -1.2963764862890429116823300e-15 1.6006302331478345609359087e-15 3.6526039399944737473546752e-01 7.9951256865353509395433207e-02 -1.8189731595975150435506862e-01 2.2586317843528247450990420e-01 
6.2180177507680856856347665e-16 -1.4283409837483574670701060e-15 4.2369539811268994156101542e-02 1.8838458874363028794363117e-02 -1.8751249478812154203311025e-02 4.2489161998221419702659318e-02 -9.7458993336052457401308402e-02 1.0490210600594584294809053e-02 -2.8943636863340831914994405e-16 9.6256923191373072382972716e-16 
-9.7099161340167485047931783e-16 6.3062665247170549719182337e-16 4.8475986250959321455233919e-02 -4.2909397349509104113707281e-02 -9.3481114816162405589672346e-02 -1.1636410360477945913348918e-02 4.4447034998392816185219800e-02 -7.3589426114582179305756426e-01 3.7112978181200323435362520e-03 -6.1439674396452773064147834e-02 
-2.7604405216982449161192859e-16 8.0431918336549575582433821e-16 1.3974564050009774529570450e-01 -3.4681193010075156424321108e-01 1.9236541148144561952371134e-01 2.1701695185357475215148781e-01 1.0621382025488283867222536e-16 -1.2667911463300131872708288e-15 2.5640560841188854424022026e-02 -3.8634532174318961250669702e-02 
3.8767022978196848115306494e-02 2.5574521964939870427580004e-02 -5.9098080776517347700860228e-03 9.7843620481888840534345775e-02 1.5180643445461040946225700e-16 4.1645202271202828216571848e-16 6.7550502934410210624661294e-16 -3.5114291812493559893912415e-16 -3.4224216276346620946302579e-02 -5.4953076748894852388005461e-02 
-2.7063182844998250053958344e-02 9.0231419182271149770357965e-02 -4.4339205553214952604257348e-02 7.3414604382928572157140934e-01 -3.5474178850915770444540698e-03 5.8743384159571671032651352e-02 3.9085884838295920734299069e-16 -1.0771586821421444668252599e-15 -9.7593382120092178610981648e-02 -3.6144076365777771941978358e-01 
-2.1817209329249459548449863e-01 1.9239177754744488102467415e-01 -3.7710948699688164466137035e-16 5.8233446865828616556267056e-16 -2.0645453968934853600236679e-02 -4.0053573698833944138897323e-02 -4.1097347483717426575022813e-02 1.9955079232593209148660662e-02 5.8991228298273801211593081e-03 -9.7677730362847728362574173e-02 
-4.7126070400497025882055405e-16 2.7546849843194931984545322e-16 -1.4574664220485492992267098e-16 1.1391876126865166103057879e-15 -4.0182810001884963768681303e-02 5.0629451805249421625365613e-02 -1.5748892634465553458378295e-02 -9.3113044548325155091994532e-02 7.1647069613509561936126602e-01 1.6615089647373498804583392e-01 
5.7329145552972783639322785e-02 1.3294300520728013006999113e-02 2.4467596707642680717661480e-16 3.7234247143571146544041731e-16 -3.7265468662008377487282473e-01 3.5949664912168527441949095e-02 1.5331324370287305325355476e-01 2.4720175497911089923519512e-01 -1.2821789675268564237098809e-15 1.1385189976551718908763453e-15 
-4.2935681418981824775116252e-02 1.3676651517110574585167626e-02 1.2821875917184567816864416e-02 4.3849705305062450233499760e-02 -9.5326065730606160397719862e-02 -2.2106104390512443247374108e-02 -1.7378511058404465175369704e-15 1.3184272529823605472477143e-15 1.7427541357219136461169059e-15 -1.4832907886777767714972076e-15 
4.3219201983840715985962788e-02 4.8063501637175966296755547e-02 -9.4435516011044731699008992e-02 0.0000000000000000000000000e+00 
13 (band)
8.8963033602488728046608912e-01 (Ry)
0.0000000000000000000000000e+00 (Occupations)
-8.2883254077843471208097981e-03 8.1509743594587735771028747e-03 -3.0382067654912647824971828e-01 2.9880979277745289834911091e-01 8.1787394747141897260085072e-16 6.8928780034805401651494866e-16 1.6192686364489769501595617e-03 7.2984846498651070878516123e-02 8.5105132069073691214455835e-02 4.5285587620088663118878003e-02 
1.6836374754495512617125954e-15 -3.1798314734639986491158776e-15 1.3490292005597398494742833e-02 5.2990081430896202041580523e-02 6.8642817741264128272860034e-02 4.7086633289202546592822074e-02 9.2490601667153421461264884e-02 -9.0965077288662599119817287e-02 -3.4913094507626987543828289e-16 -7.0903716979261773401859671e-16 
3.1974793039127332974637504e-16 -7.2935353045988526354472825e-16 3.3289147680956594765877554e-02 5.8797033908023436238332593e-03 -1.3172084258189529354377001e-02 3.5188073615826445661447508e-02 6.6545947771402321618827713e-03 9.5315837833388344924046010e-03 2.4395747812248785857391908e-01 3.4939811766310235885413249e-01 
1.0720211817302960865572154e-16 1.4293658753002236434553959e-15 7.2232812816823477319871927e-02 1.0574998908835066616096476e-02 5.8844286130848223737022096e-02 -7.6361102273023756525915928e-02 -3.7250344199418188448631348e-15 -3.1551656781123421750926323e-15 5.4497769384762168032310115e-02 -4.4642849972789735990552629e-03 
5.7874710497508141671119120e-02 -5.9828967455553577758919914e-02 -7.4266664013766872654009887e-02 -1.0636549863153377248892184e-01 1.8670138610582486561396547e-15 -2.2318229060920122775913073e-16 4.0670790327936611527701026e-17 -5.1522827466206895594077500e-16 1.1348953674908540678600843e-02 -3.1842416927267122583877779e-02 
3.2498609157291698246172729e-02 1.8855893809167158930995001e-02 8.3711570216839156777233200e-03 1.1988442232559043398865128e-02 2.4408131423002990545434443e-01 3.4957542676939523662582587e-01 -8.5646533648763176844688535e-16 -4.6075399469022567539875312e-16 1.3692046589564656894344452e-02 -7.2456905807396679297660569e-02 
9.1813419587252281806044607e-02 -2.7740255289888500478401312e-02 -2.7884832231898357030618578e-15 -1.0985315475317077137671778e-15 2.2850227565506142646256649e-02 -4.9527340301534279742856626e-02 7.5888046992702490323168263e-02 -3.3575510842700398428384290e-02 -7.4522094687639511834120754e-02 -1.0673109965633822970865197e-01 
-9.4873647253775049898971831e-16 1.1481678583248754324549384e-15 1.8388540597823378449046560e-15 7.4861218913571556162275224e-16 -3.3806953449431735581054426e-02 -4.9059869686828147181123505e-05 6.2154471285293024646056992e-03 3.6747930079942550674054758e-02 1.3216603896008764090774790e-02 -6.2546301650823650508659313e-03 
3.8538512029114802004414742e-01 -1.8236495281571862836500486e-01 -3.3850455234084246764474381e-15 4.8215863579577160151690391e-16 -6.9158816539017467506234027e-02 -2.5583851037369455955206021e-02 -1.2040172883171711137872961e-02 -9.5153875468899640210906909e-02 1.9235496340433510766082417e-15 6.3392053844980751787056512e-16 
-4.5023057456003996723570282e-02 -3.0789846288260654116886172e-02 -2.0449566159779358764936319e-02 -8.0424659455818836573115505e-02 -1.1766439761737682023756690e-01 5.5679078331339643126440819e-02 1.2235154481437779870479886e-16 1.8623654278138052812359365e-15 2.1784426696523920576461323e-16 2.3922816903949443810381507e-15 
-5.6863160882742571147763222e-03 3.3325340474603823426313909e-02 3.7269855757312370103662147e-02 0.0000000000000000000000000e+00 
14 (band)
8.9478622214660619160753185e-01 (Ry)
0.0000000000000000000000000e+00 (Occupations)
-5.5667892950576602917323044e-01 4.7134980332571996264334757e-01 -8.8238078020442783921950536e-02 7.4705073660106147137582866e-02 4.3547345288755782112182166e-16 1.4795693819724741308682181e-15 -1.4681649154733311668508122e-01 3.2957602582762002274563429e-01 3.1846690091450435833309029e-01 8.5233462542613630530397018e-02 
6.4627026242210383113634461e-16 -2.1966123921849076302345434e-15 -1.7134596841037637304783203e-02 5.8749762326735510686859243e-02 6.0242981565233791330093993e-02 2.5475498060699305891141364e-02 9.2245466378871793233784615e-02 -7.8102814712597293245188723e-02 5.7899149648101238802431680e-16 -1.4554320449502730606224431e-15 
2.4867699059312723811350642e-15 -7.5202158716453458330618662e-16 -6.2241663369028539520844134e-02 -4.1958603217256201442508790e-03 4.3198923551601139947386798e-02 -6.9336130330020950829350568e-02 -3.7191239086524613410844609e-01 -6.2748963431429327641808413e-01 -5.8943552911003629923847313e-02 -9.9460866744428250152409987e-02 
-4.4540295611362799804719401e-16 7.8797489842127689644045960e-16 -3.0047625312159131905076492e-01 -1.9972345956507453479389369e-01 -1.3715018217680730039376158e-01 2.9979282453718075762694184e-01 -1.6071688275181105269791088e-15 5.6191477460430482760778453e-16 -5.5069517596972539230648636e-02 -2.6692268805608800052997509e-02 
-3.5165386654766268847982502e-02 5.5150824207177866209672601e-02 6.1625404990462720467014890e-02 1.0397877280126520405101331e-01 2.5109909708187327277456540e-15 -1.8862225200266659643159643e-16 -2.6837103481328813266487812e-16 1.3253908841201692972559374e-15 1.4517065832339299050190995e-02 -6.0670295057818221517997870e-02 
6.1160919400433187698151727e-02 5.4157066974234648049080221e-02 3.5457778704843639916433062e-01 5.9808618294656323843838663e-01 5.3145302152316255261954581e-02 8.9631089069967390114967998e-02 -1.8011279410101262508803842e-15 2.6645226178883480176989728e-16 -3.2061018403339455740130859e-02 -3.8219952303258575287969734e-01 
3.5064344993944018824549858e-01 2.4151212283445633310918765e-02 -1.1333816100910696476312521e-15 4.0910580966989279294327332e-16 -2.7911414779024923404904257e-04 -6.5503430440646770449575342e-02 6.5974699703989642118884262e-02 -1.1410222735751679445925788e-03 -5.8128021621235460847376686e-02 -9.8043082463160319273143273e-02 
-2.2821610961477462629743083e-15 3.2583324168675530486247645e-15 1.9289403116850827090219099e-15 3.9281091623389717930679481e-15 6.6203468788009978140962630e-02 1.1754462572918898330409654e-02 -1.3613676529677704377108149e-02 -8.0488888876038180986149939e-02 -6.4884309932785677599298424e-01 2.4987020981757723792071602e-01 
-9.7238874048726969823164268e-02 3.7453392936869250862130798e-02 -2.5122618249769202864594567e-16 -6.2808552252300489354545369e-16 3.8219399094344508327480980e-01 3.2126898295074535205628763e-02 -8.2289368233148363351858734e-02 3.4170538467519828706997487e-01 1.8085279416727074678795351e-16 6.9736967578025087218412028e-16 
6.4632670347459314497129412e-02 1.0648719545375774989115492e-02 -9.8774745333479133796439342e-03 6.5241079311342792257377710e-02 1.0636402807862348207645908e-01 -4.0963476993178420115793159e-02 -2.0975532519116554488348283e-15 -3.9300799262468058711118695e-15 -2.5269934967967749051986493e-15 1.8344716470132492612234749e-15 
-2.2630523021807069650179756e-02 6.3316080877635280699244902e-02 8.1632061233012517820206710e-02 0.0000000000000000000000000e+00 
15 (band)
8.9703366618814328603548347e-01 (Ry)
0.0000000000000000000000000e+00 (Occupations)
3.2873923830849072214022044e-01 3.6816906205824700970552499e-01 1.0208978154709279217993156e-01 1.1432146604246126719850452e-01 7.3233918541580496709421956e-16 -5.0644596418046109527709968e-16 -3.4711865568710409402086725e-01 -1.3359985109218425192167956e-01 -9.1677104609530851719867428e-02 3.3840668312565219677523487e-01 
-2.6660343306650113843220369e-15 -2.3380749879992906127559995e-15 -6.9017033069768030095758604e-02 -8.4212564244971865878852668e-02 4.7867466791782407875555094e-02 4.1586321451920191250017922e-02 -7.4327574937949184019636562e-02 -8.3237408843332180707896839e-02 8.1996191903930701170146628e-16 -2.0786633310571208754523446e-15 
8.0038670117626672698661604e-16 -7.8008230484897950779666623e-16 1.0572787752523757354161660e-01 -7.4686570535990426389361119e-02 3.8185399216225393570489643e-02 -6.8404572647324968226456576e-02 -4.1783666688484921714064058e-01 2.6273649321527781097529441e-01 -1.2974589737706698766572799e-01 8.1594872438687349180952424e-02 
2.5394452967198666926012633e-16 9.5542076663485536965265162e-16 1.8961746684515690120065301e-01 -3.1997733920557303033405105e-01 -3.1837877266729402991884967e-01 -1.4682892020491991602604287e-01 -1.5909733233476173250067112e-15 2.6592954698380445577953175e-15 9.4543138714786520426791583e-02 -5.4006497316689404397660468e-02 
-4.8986745586277011255127434e-02 4.0261833860775739224457936e-02 9.4467271764130542055504236e-02 -5.9405295997585184919476120e-02 1.5883670626718479728793783e-15 -1.6252715119576896863822370e-15 -5.4828692830656259106738671e-16 1.0158185755213363481069088e-15 5.6008556963324920840996413e-02 1.1670265400285005641389802e-01 
6.1078506386143441297953416e-02 4.9058397140584034112897882e-02 -4.5344740800648314360543623e-01 2.8526799904107957850385446e-01 -1.3479760844035781897076731e-01 8.4792811910357479554534166e-02 -8.6606412517778022039583255e-16 1.2367806383069779205220176e-15 -3.4752152968093202867194691e-01 2.8663160043181271086076833e-02 
3.4675585166955985583214783e-03 -3.3057803168962546225273513e-01 6.0010889064380435413789416e-17 1.9615834098902327600167506e-15 -8.6402556629018203993020109e-02 6.2586244903172674747260373e-02 5.8539043144920005490305925e-02 -2.2551679139074493063432669e-02 1.0043994430624618441338924e-01 -6.3183986073145362305503170e-02 
-9.9255812029153029569439031e-16 2.8941504360314437417874618e-15 1.2483276277689500424190177e-15 -3.9170890075437650131660659e-16 -8.1590184124695874778865345e-02 -9.7201979619906314633581701e-02 -1.3072430158555678469944894e-02 -7.7288848172329935315438831e-02 -2.0565226070861952756274604e-01 -4.9467113395680567533574390e-01 
-6.1125348321398847994956327e-02 -1.4705069869078168931508799e-01 -2.7602710345812397902141472e-16 -9.8434409651162984972857478e-16 2.9693967688883597666471559e-02 -3.4743497034455744776337838e-01 3.2537034881077026016171772e-01 5.8549082935990898191036536e-02 2.3643007879808076028212794e-15 2.9971146413265638372222062e-16 
-4.7300543384159988991033430e-02 -9.5630008044904596387070228e-02 1.2473383411895064276642131e-02 6.1480179819011153419250348e-02 4.5548916261321910348147668e-02 1.0957050121152236976662664e-01 2.9500830004100838767802485e-16 -5.4990885476238479569989036e-17 -2.2002270963489162444631492e-15 2.9295545765936607550472512e-15 
1.0944745944027481354687836e-01 -6.4237345910309051610909137e-02 7.8386570801725480306387794e-02 0.0000000000000000000000000e+00 
16 (band)
1.0712115392817116443779923e+00 (Ry)
0.0000000000000000000000000e+00 (Occupations)
9.4924611123898550157917953e-02 1.2380193009870699150098972e-02 3.9254053291778012724222435e-01 5.1196480115789616549548668e-02 -9.8234806202122792332796503e-17 -2.1462491817887936421736042e-15 5.0543616252624656848269069e-02 6.7320965135851271177180877e-02 -4.7196152135708449582018886e-02 9.8879228438187000138626104e-02 
-5.1600886308097318457628247e-15 4.6514492433500110543851232e-15 4.3477661988278397398044461e-02 1.0782895860222412032225492e-01 -5.5371776757354447540127040e-02 1.6946787671712459921735672e-01 -1.2714312123995932801712172e-01 -1.6582398812189626247093344e-02 1.6853320074380741701373951e-15 -5.5194759838336662323468433e-15 
4.9513083253647194773357629e-15 -8.0814609258402447485738483e-16 -4.9894559983019809434878766e-02 5.7440777056842473591302678e-02 6.7702492947107006937557117e-02 4.5644491149714382094426668e-02 -2.8037279659632652339951164e-02 9.1530661121137932290103834e-02 -1.1594301915030624794411551e-01 3.7850543704144512524578658e-01 
2.4355701349398298598994376e-16 -2.9626357517640242630912346e-15 -7.4807300365958825927314990e-02 3.8608772353893552886638929e-02 -8.9623684258094651888804094e-02 -6.3025183958094921354842199e-02 -3.7997570936391034822102360e-15 3.6135324595932314862298230e-15 -1.1356964105883474158709134e-01 2.4886302155479562286943818e-02 
-1.5786037305497527261088919e-01 -8.2858297829611612939082477e-02 3.7553678475396562452814919e-02 -1.2259718782245064561120529e-01 5.4907383806134640457059790e-15 -7.8809684467033966521961817e-16 -4.2342402606767108219824214e-15 5.7588633015331977718385098e-15 -4.8315525318191630821385019e-02 -5.8775164806405988393578355e-02 
-5.6295947275781327290289369e-02 5.9142315171893854175433347e-02 -2.8394916143008736009178961e-02 9.2696837902479595205917917e-02 -1.1604689176528819316569496e-01 3.7884445937672339699275881e-01 -1.9371069497585326273828970e-15 1.7927846449112814157776746e-15 -3.9931946507971778637102744e-02 -7.3941803326057917167268840e-02 
-1.0894600810743740315622574e-01 2.3074474568008391389684064e-03 -2.7951430780057211097514579e-15 2.1713617097038079077637337e-15 -8.0052100588022284677336415e-02 -8.4333046965675034778442409e-02 -1.7710945099208608155549882e-01 -1.9669830496291066529446212e-02 3.7628922759459455804620376e-02 -1.2284251989356771705974580e-01 
-6.0436997142870401602637767e-15 2.6127985693075477945543480e-15 2.7545854920799288871642518e-15 -3.4346613925757237728034913e-16 7.2991109723014618859693314e-02 -2.1526485794876260015939806e-02 1.3597836750100324165746457e-02 8.0395238475538255418229028e-02 -8.6663330250081757610836064e-02 -4.3456210256435541527952893e-02 
-3.5418614094243611178924880e-01 -1.7760119102394003598455186e-01 3.9263036782615588723076060e-15 -2.0760010753471583708215858e-16 7.9565725721708530082665334e-02 -2.7041559152572433588623824e-02 1.5893655164899635201525285e-02 -1.0780514237183881631754190e-01 -1.0815777763561003335068134e-15 -2.8475690550413773470760585e-15 
9.6502238578017929260255414e-02 -6.4866937406521066322717672e-02 4.8930696062937387158520153e-02 -1.7134890383444562056425298e-01 1.1484690951994602770014353e-01 5.7588261786186985269342387e-02 -7.4799219242447352180384370e-16 -5.3374572440526303759692341e-15 -4.7054361664491667656295553e-15 2.2260130616892275925296953e-15 
9.0523938090166303216399513e-03 7.5558889983912053134318398e-02 -8.1537080729080751995141441e-02 0.0000000000000000000000000e+00 
17 (band)
1.1136524034001142879901636e+00 (Ry)
0.0000000000000000000000000e+00 (Occupations)
6.7915374424491981262560591e-16 6.3305094963874040737016231e-15 8.6346873219649266764807067e-15 -6.5316706421287141098449182e-15 -5.2472570323251636892347705e-02 -2.7847278571378961120608153e-02 1.2957357455802127228814813e-15 -2.5690121723236658346336320e-15 4.9233276258473209278492679e-16 -2.2284757863774144902587414e-15 
-1.1406920232791872837907476e-01 -6.0536792198863612068926443e-02 2.4358751789076269642417536e-15 2.5717853761829016314241500e-15 2.2905096643528582325305827e-15 1.5460600799465019251171141e-15 -1.5394118216456287018590679e-15 -1.9795781481474564552979772e-15 1.4314112458742450639803678e-01 1.9628828870590886435110178e-01 
-1.9774066845806984038524945e-01 1.0316518615220646171160013e-01 2.9131483404860131788520930e-16 1.5606862484078759648768639e-15 7.1142186388654954590287240e-16 -2.5713942451752973022783841e-15 -4.4827536099286331947847477e-15 1.7764004963805015971219764e-15 5.3421229465309356357275735e-15 1.1963560410080594580113521e-14 
3.6208091096169847666885744e-02 -4.7093690653122022293786131e-02 -4.8958516374087944351365719e-15 -7.1935273079464543051982858e-15 -4.7035439796743858067873698e-15 3.7191030972138658128812026e-15 7.8712215098377752431346721e-02 -1.0237613649558507944448138e-01 -4.4225053944107786804326733e-15 2.8038772896958442368129823e-15 
-4.2432667295220558203737749e-15 2.5973735748179182682956597e-15 -1.6236983439630129932854790e-15 -6.0541448416242647194911130e-15 -2.1741094071951097554951104e-01 1.0840182972027487262600687e-01 -6.8743501293043476896293953e-02 -2.1217624425471698357270611e-01 -2.0726573789659665659377055e-16 -5.9570453741355875976963450e-16 
1.5957359162168912292512034e-15 1.6605108016986730125394971e-15 4.2453481788532524072447118e-15 3.0614859897143983404235685e-15 4.0673428901516599025778993e-15 9.6481634905770102747580966e-15 3.6225941964081950774634322e-02 -4.7116900332714227450647826e-02 -5.0493291143192419411776722e-15 -1.3250394398332045452330010e-14 
3.5788703431344572104901161e-15 1.3350990195362147896529331e-15 7.8687106415976509898868585e-02 -1.0234369112570278204099594e-01 -7.8390617219769297114658327e-16 8.7546296067792575292588131e-16 1.0063884128701474009142813e-16 -5.6738130017647915398793710e-16 -2.5570322185148258259496537e-15 -2.8284352058110779309421170e-15 
4.8903921794747375051404248e-02 -2.3796990051715893876860264e-01 -2.2271260258911740326226436e-01 -1.1904074363834032945774766e-02 -6.5436167210308566273193166e-17 -2.7429008397347560778833947e-15 5.7554677827217989188944070e-16 -9.1799316194720313315887177e-16 -7.9460198706598921190416206e-15 -3.0370378046847303030613819e-15 
-9.7187160516674399493137444e-15 -4.4795439665720379586702329e-17 4.0415722074717469469717912e-02 4.3576261626339804489127516e-02 1.3033171532380822887285230e-15 -9.6343210135217170103945263e-15 2.3132797077381721405002676e-15 -1.7486824409877800736934648e-15 8.7787923765858116853522120e-02 9.4652904182769170837730144e-02 
2.0591316171042585578592054e-15 -4.0467592352167431323309643e-15 -1.0760395160877529228136602e-15 -2.8995065020036407243541001e-15 3.9543582528782254216122752e-15 -2.0611534283407545416354567e-16 2.2648173312004823976018031e-01 8.7905015112859224979402484e-02 4.8878871721570071873230745e-02 -2.1760851600455419219137809e-01 
2.0781070379515762265108580e-15 9.7881853236849603978703338e-17 0.0000000000000000000000000e+00 0.0000000000000000000000000e+00 
18 (band)
1.1779500864760812373077670e+00 (Ry)
0.0000000000000000000000000e+00 (Occupations)
9.0942316381081434869846594e-15 -6.9950449310602819751290808e-15 -3.2232316682385779373848670e-15 -4.7653595872443706755525858e-15 -8.9875100146732250783188078e-02 -2.9061075603880440892945458e-02 -5.4099015024075123050069301e-15 7.0285673488850991594881775e-15 -3.3099135516107813234262218e-16 2.7061351837146256126503944e-15 
-3.0722086234156331663314177e-01 -9.9339758371794706359736438e-02 5.2877916180131204795561030e-16 1.1347542215829024363355935e-15 1.9962404842710252565110094e-15 -1.0886655396270299287996531e-15 1.4041768527683411401352685e-15 2.3020211574648468505430834e-15 1.8871252149646727813703251e-01 -3.6591119370949637401579935e-03 
-6.5414215992943253175084806e-02 -1.3301865441034438353185010e-01 -6.3996723150159488882574496e-17 1.3696963164077826567305003e-15 1.6397369152575682725340207e-15 5.1374267521422085211220126e-16 2.6988083010339580927904624e-16 -5.6225514294532960836143975e-16 -3.1180067221014049075921228e-18 -2.9179669701738374476453343e-15 
-4.3642463176325405060929086e-02 8.3770013426896799968446317e-02 2.1496070709274246900124945e-15 3.3795832421457156564567520e-15 5.8377899016236198718234688e-15 1.3814307143357297309353171e-15 -1.4918344620609327866311844e-01 2.8635178579735204307255003e-01 8.7622756320098227987721943e-16 6.9349197422916189743365503e-16 
8.9597354878226381402300186e-16 6.6181065410834823137283256e-16 -1.2846627804214143727769544e-15 3.1975967477060421129002308e-15 2.7863480797977808328669269e-02 -1.8668002385778653673398253e-01 -1.4206491291625278350352346e-01 4.2314803475938106425147112e-02 1.1461461079695344559063336e-16 -1.3865808211922301295423913e-15 
-8.0285794238281418974841781e-16 -1.6261183566751129851500377e-15 -4.4649303181871508014555919e-15 3.3593850883816207335694183e-15 -2.1104537419211326098807212e-15 -5.6201455903681326191822458e-15 -4.3664175131276197761032165e-02 8.3811596195195944836164870e-02 -6.3614401138780112833556045e-15 7.1967841797113938603930188e-15 
-5.0442099715653997853714001e-15 8.4229248269769808083452343e-17 -1.4915693811019631320746726e-01 2.8630068980321360383456408e-01 2.4043838274083496809785282e-15 -5.5787947834154300920996420e-16 -8.4525854037192318547471916e-16 1.7577408793737618639664885e-15 1.5380598867744597861393178e-15 -2.4950891380035726519220040e-16 
-1.3702134163309259706764465e-01 1.2982659882050776034567718e-01 -4.6715889055828047071727838e-02 -1.4067482362993385947014247e-01 1.8762900567266567327929793e-15 -2.0523112216341063248828030e-16 2.9183550176397719181998369e-16 2.0315234432141065688200855e-15 9.8256404030581723161636240e-15 5.2013270076954598136466208e-15 
9.2149289816065438486703779e-15 4.3690754610537513431775047e-15 7.5356081955895146129442708e-02 5.7029858486039849974069682e-02 1.1069532633379400595270964e-15 4.1251677003678264694321286e-15 -4.2643053038349985025104877e-15 4.1009617066128947236240337e-16 2.5741662995773662014897809e-01 1.9481415705591220710601874e-01 
-1.1557333730396097820498833e-16 3.4132092173311370681680613e-15 -3.1829023234945813205045347e-15 1.6860538884992956104281547e-15 -4.4264360531623896591247767e-15 -3.8121604039738054891400107e-15 1.0515763455310067620018799e-01 1.5675351900174033792367823e-01 -1.4649556888034476198612310e-01 2.2601517471464761116495268e-02 
-2.2889294910770984466723878e-15 -1.8070495982187619575328359e-16 0.0000000000000000000000000e+00 0.0000000000000000000000000e+00 