19 (index of k points)
0.166408889670556808804136 0.09580029208168110155252606 0
18 (number of bands)
52 (number of orbitals)
1 (band)
-1.2701568157458889007926928e+00 (Ry)
0.0000000000000000000000000e+00 (Occupations)
1.9792831722351386658509398e-01 -3.0437130060908462736435354e-01 -1.0579253190860282707319584e-02 1.4732338562642027790516863e-02 4.0032317064950898229165038e-17 6.3059220994588754766933938e-17 -8.8069409720305968924947138e-02 -6.0308479751187166195691702e-02 -5.0724454752087325126730377e-02 -3.4938490724721604774316575e-02 
4.1443253310548412236666217e-17 6.4610839965020354713344617e-16 -2.1142740322847949907547616e-02 -3.4190755598104360934996748e-02 -1.2263140904310822903999778e-02 -1.9144870096781771429128582e-02 7.7337019154948907773139410e-03 -8.1044499763386346202764798e-03 2.4982157133271176796963552e-16 4.9808217354096093484795371e-16 
-4.9890120544094904895420586e-16 -2.3517171404794223302058494e-16 3.3887285239175696238689284e-03 -3.1132312004504558711204254e-03 5.7550442219947012256753283e-03 -5.2762355892877546570396419e-03 -4.0261069904773266747710636e-03 3.6304448467905703346048085e-01 1.0383771454316114649790714e-03 -1.8107572186927545221379887e-02 
2.1538796568302273789210629e-15 5.5588914974851055334520901e-16 1.0667436142446297397956556e-01 3.7301840523744130700967148e-03 6.1549053159488595343695749e-02 2.3200213769219157899925676e-03 -1.5424281645486382786813700e-15 1.3840845896065573609110313e-16 3.6171729066264556029519639e-02 1.7539362961232131399302858e-02 
2.0612446704113634998734028e-02 9.5936289656813056314632604e-03 -2.1871990388710894209767233e-03 1.0986738146559003881375105e-02 8.6808485769079371120155615e-16 -9.8307888050726437985181251e-16 -1.2394426964590118406426027e-15 -9.8574042078205781130368460e-16 -1.1930454285184865365065932e-03 4.4443595851116728112639720e-03 
-2.0319961437682025270912156e-03 7.5385799499953992999778940e-03 2.4850099214121729174209463e-01 2.6453547779264824368894438e-01 -1.2888162926886784220847915e-02 -1.2924019547432290602739791e-02 5.9898046197693496745458515e-17 4.5636466614297359649571133e-16 7.6360658104279791058566218e-02 -7.5338722981484293472753677e-02 
4.4202135119302390919848733e-02 -4.2357751517007644070922368e-02 1.9155327310578145399397355e-16 -1.6797393368386685940769811e-17 1.4641279490824702161355653e-02 -3.6967153093952209719219582e-02 8.5136612576421355491618215e-03 -2.1664716637816376632041937e-02 9.0472252016003014418732420e-03 6.6000736893856281478631942e-03 
2.3627373440002716403754377e-17 2.9157821155893708352003674e-16 2.3858737238773994332134979e-16 3.7281662665634849179277140e-16 3.8162391784526215193773524e-03 2.3958460707543850765066651e-03 6.6383037277269428544368424e-03 4.2127956485741475944895029e-03 -3.5156152440361132516244425e-01 -9.0201201018216811688965606e-02 
1.7806871839950784430772757e-02 4.0062875793605030178001769e-03 5.5844701536227567116384247e-16 1.2740296590701211149360695e-15 -2.4104929574184891238886053e-02 1.0452667437943702344327335e-01 -1.4624678810178697030419670e-02 5.9448520859489394074781643e-02 -2.6709156987587940309610011e-15 -7.0024085358961842410022195e-16 
7.4459500226497221664345716e-03 3.9057589547492846393517141e-02 4.4202137320776763509955209e-03 2.2853973080613664697890997e-02 -1.1175321217622534789026822e-02 -7.2488084309512302444433729e-04 2.6184106353188691803787038e-15 -2.7714758837900157328683930e-15 3.3042047324150139095886098e-15 -1.8482277007398817923728422e-15 
-4.5059158301159769194343951e-03 2.1963465121613810759892971e-05 -7.8622340055613474524287554e-03 0.0000000000000000000000000e+00 
2 (band)
-1.2006620642419991717986250e+00 (Ry)
0.0000000000000000000000000e+00 (Occupations)
-3.7020713284517581254107199e-01 4.3845541104907653773281595e-02 1.7165074455909465345193610e-02 -2.8915000129702828068900544e-03 -8.6743787033051283927834074e-16 -2.7318546402409932204361412e-16 9.6645468714184890046681176e-05 -3.2977860896539312740571859e-02 4.6718214717817320436044071e-02 1.2305597075116553318352430e-01 
3.8790073051242803887365698e-16 5.5272687082858871133705582e-16 1.2329999659446699844522755e-03 -6.4335123854722953140594655e-03 3.2576132902889173847960080e-02 3.5359111238363272189388908e-02 -1.0367825503257342700802468e-02 3.3548814944510813029765472e-03 1.1239633992082982634130335e-16 1.6462000910043518604308304e-16 
7.9635137751926241681083383e-17 -3.1603447270990288368190153e-16 1.0806546789281008813521368e-02 -1.4686969090833557061159809e-03 1.8892832060107434682949545e-03 -7.1487164870549443906888598e-04 -2.8908260471685320869283942e-01 2.3538691623442231648510869e-01 1.2943608521817695500288892e-02 -1.1638881038829393052558281e-02 
-1.3627707746295080377267275e-15 1.5157927152906406432467704e-15 -1.7588821041343228462894288e-02 -2.7895914110012749731470905e-02 1.0538217972647996589774522e-01 7.8866721245584914257165110e-02 -1.3234427659642658751818791e-17 -3.8598655229656225475977345e-16 -2.4061920185792871201835297e-03 -6.0926685860779664083430873e-03 
4.6451297962930203355735870e-02 1.2399520153317227649791832e-02 -6.9562092004256514260474020e-03 8.3879788428264656641175634e-03 3.7817020531743979995474727e-16 3.7973090032104878220380503e-16 -6.4181667293413722587725399e-16 -1.9231827455781361129856410e-16 8.3373020748448798539209648e-03 -7.0304991453277385082820672e-03 
1.2121271856717404785674930e-03 -1.6159146612361591222040147e-03 -3.5620644856683647549999705e-01 -1.0721901494599649085071036e-01 1.6756571283260680155224875e-02 6.2674896627869045723224772e-03 7.5995863050847831933877977e-16 -7.9660921426362022058906054e-16 7.0285327672549996469442135e-03 -3.2516699875093521554525466e-02 
-6.7523804456920938354969053e-02 1.1282622586990176394294849e-01 4.5864480149789699263705687e-16 -4.6314601179460653958790530e-17 -1.0282620953653634487956481e-03 -6.5568921241558331125531822e-03 -3.8291636098978787394742085e-02 2.9216600787750193757297268e-02 -9.5907508478736466089875634e-03 -5.0680679941915614261649381e-03 
6.6021221666808319337286760e-16 3.9586585712273818578707574e-18 -4.9277313227566723271149693e-16 -2.4464154785607680929712061e-16 1.0392847389457636475551539e-02 3.3393317637823508037264730e-03 1.5846539836760495725820341e-03 1.0056519979713234025364699e-03 -3.5820587290818461934094330e-01 1.0033695122267892452239124e-01 
1.7506329968707021876861418e-02 -3.6868033404593037599683569e-03 1.4468411612833311937055134e-15 -1.2459274387670256704346461e-17 -1.1488932586665948770709988e-02 -3.1220833935787097035419180e-02 3.4430812583315130448458063e-03 1.3144339695789916677703957e-01 1.2593885952233243487285904e-16 2.8095519638595831428742591e-16 
-4.3815488937620685611085136e-03 -4.9851967419735528086466303e-03 -1.6675660111246895511705191e-02 4.5186076578759198918433526e-02 -1.0813345397454210417009790e-02 8.5986995241848053830868714e-04 8.0116108344062787129505181e-16 1.8563118960766629400618853e-16 2.6228139037991520514396379e-16 1.8514180605390691067577937e-16 
1.0564274712757474802837798e-02 -2.7492750467216844900697481e-03 1.8768228976119192500521260e-03 0.0000000000000000000000000e+00 
3 (band)
-1.0397327936811298076946741e+00 (Ry)
0.0000000000000000000000000e+00 (Occupations)
1.4101294800317260014210774e-01 -2.7820180371963770804555338e-01 -8.5550049204135489300249162e-03 1.1367229566050518485553766e-02 4.4134743655437067099017016e-16 -8.7517030189112818689290152e-18 2.3021810276453100185811707e-02 -2.1758815216516569357452227e-03 2.3472097558357982172161371e-01 -2.0466865934604144827702044e-02 
-5.0027974859280769274888708e-16 4.3796612865862683501306550e-16 2.8382364755847322435045044e-03 -2.6406038679208099217987638e-03 5.2995612831176638901631293e-02 8.6919391343557583784473763e-03 8.1730483349288351319072987e-03 -7.9473517254459377645581242e-03 -5.0433344224885096912412033e-18 -1.8803010239912468468526261e-16 
-1.0739716838569922858624546e-15 2.5042253678857246965958756e-16 2.5851166148124424259968634e-04 1.3185529959363603835775791e-02 -4.2361011901679429536571320e-04 -2.7608294568353848597030975e-03 -3.0006810988036737575246349e-02 -3.1045206778461020835635509e-01 -1.1323633709438736538732684e-03 1.4181670225746428881663519e-02 
-6.5231936810522092288887632e-16 -1.1447371018641649649915135e-15 1.8272061690038584463868787e-02 -1.4172860346369289819001835e-02 1.8721477920929374683112201e-01 -1.4305053451739072056803082e-01 6.9189747840037992535766808e-16 2.1832883440341001459285146e-16 9.8149600815534499345660358e-04 -3.7503387399752466380142835e-03 
4.9403049730971738962015394e-02 -2.1057622433377512494168116e-02 2.6423289420414580730422927e-03 -1.1089509290093026855350544e-02 1.7990080172298179813427043e-16 -1.6455798430380611560538720e-16 -7.0445927625237096562895223e-16 1.9777128156225868056687681e-16 7.2834288730820456736481106e-03 1.0994393682196500552916696e-02 
-1.8369922523507073528620248e-03 -2.1040637555614118137103929e-03 -3.1135666854221832888782728e-01 2.2802730623408450083555721e-02 1.3704966205896604303227093e-02 -3.1465424249549128407621446e-03 6.0100944042073618323448660e-16 -3.9030153201130502951350593e-16 1.1324055935000028327852561e-02 -1.9798716604390337314711701e-02 
1.0996275908384726960331790e-01 -2.0851902836521510331557749e-01 -6.1350437126141532180191922e-16 6.1241812880083985839477647e-16 3.2676539082389655099802894e-03 -2.0150524511535483629387500e-03 1.2436383358388800046689937e-02 -5.2157568980668415903334534e-02 -1.0512366360415246677173506e-02 4.4885968554587750770079602e-03 
2.3750114135523168344156629e-16 4.3156688280110539618133408e-16 1.6994783326250109472502744e-16 9.2284121836986878604795080e-17 1.2061551464707333594650329e-02 5.3543753074583345930026468e-03 -2.4179563552244546370539879e-03 -1.5344817636442891622960971e-03 -2.5066881597476869947271894e-01 1.8608622804335842038092608e-01 
9.8854839428732278749922813e-03 -1.0000201755575605783166182e-02 7.1466432069170328939021888e-17 7.1665140296897885680692873e-16 -1.0474662069707113380701013e-03 -2.2784341916005489830920894e-02 -1.8885454401329541951337632e-02 -2.3497943141425417512557772e-01 -4.4059018915580443840254680e-16 6.6043599712840674524076692e-16 
1.6792523489829059429867542e-03 -3.4522615766108552884383620e-03 -1.7447037259077591286882125e-02 -5.0701839452730351753828586e-02 -6.4707740141941834724481630e-03 9.4226552459312860193785255e-03 -4.4340924943306578613522449e-17 -3.9628232929786293925205359e-16 -3.1771199350144366032315297e-16 -6.4617232055770186439021908e-16 
1.3052922486643945415574208e-02 -1.9420538681031653156783268e-03 -2.8637645187293697679464799e-03 0.0000000000000000000000000e+00 
4 (band)
-9.7238069729282350373011923e-01 (Ry)
0.0000000000000000000000000e+00 (Occupations)
3.1864102023129298180137425e-01 -7.6155843674556994438162860e-03 -1.2501650062315017297720487e-02 2.9748662013600150888503748e-03 -2.9571285368447847627627779e-17 -1.9179101380515423706406458e-15 -6.8530049490727384942090339e-02 2.0405766923102774956788608e-01 -3.9727161570379004862374472e-02 1.1786173283689478641367288e-01 
-2.4227425802279672221462228e-16 6.7466315919709187292190192e-16 -2.0261608702055455832891084e-03 4.8747283477658685801880978e-02 -1.4265244890554473755628351e-03 2.7612287921735659268485108e-02 9.6261863663598817852928846e-03 -4.9333720976210762576563695e-03 -9.4367600360995501480399980e-17 -4.1653601957888922314215847e-16 
3.5347748627454879512146376e-16 -1.2426703822294752058698883e-16 8.3798800046069044089591671e-03 4.7682825098449288514501632e-03 1.4405906050306296894980562e-02 8.1842134460552995456339431e-03 -2.6495687742819207244338031e-01 1.7716644716981841400915698e-01 8.9614792403107657037253375e-03 -9.2104816932837875465001076e-03 
-2.4723596767104447634859263e-15 4.2798542339592774457649000e-15 -5.1477732373891992023740016e-02 -2.0901182532296658234116649e-01 -2.9610722641856726533582389e-02 -1.2080083004011316072379145e-01 1.2905914310822900175389932e-15 -1.5903240970221439828536752e-15 -2.4409356465492311472065268e-02 -4.2244364017757399243357952e-02 
-1.3590949276612685620024834e-02 -2.4078195824246462902751276e-02 -5.4842250056956320242163017e-03 9.3233524174711444876262334e-03 -6.7882792845866637712996918e-16 1.7200883838639164511335433e-15 6.3176977622989188589296267e-16 -3.5748024344703993986291358e-17 -9.6303402350517673669028085e-03 4.6417016543316008680974960e-04 
-1.6548629630655616734591362e-02 8.0891050693225087508952953e-04 -1.4193359797348606421429906e-01 -2.8497693357037057193537066e-01 3.3875455027013862130402799e-03 1.2602858192728575922880729e-02 -8.6146585431623265406063793e-16 5.9990190512774300523816514e-16 1.4870913845028049804497527e-01 -1.5560767729555746718972387e-01 
8.4768408652720242391076511e-02 -9.0389599753549737526370222e-02 6.5071444553465249044205650e-17 1.5976186815801132973731237e-16 4.1924607880748990251795760e-02 -2.4830102382750275646916549e-02 2.4333537363072980236333720e-02 -1.3988056016900285438708806e-02 -1.2485926319446075116736949e-04 -1.0802634507607206462709293e-02 
-6.6534298292681184722082135e-16 1.0035997197013749828858962e-16 -3.0273146998406769404070732e-16 -3.0062889033163088140138447e-16 -8.0383441583762940685353726e-03 -5.1884155722450985698257497e-03 -1.4018751819546364234536640e-02 -8.8965704321678686777863376e-03 2.7253677729389763628731203e-01 1.6456215823542175158422651e-01 
-9.6131483798400606255452061e-03 -8.8258074637035249798699965e-03 -2.1549299209315099396304183e-15 -3.6190016155878288167565951e-16 -4.2180515371511496935941210e-02 2.1106624840306892343377854e-01 -2.3139165090466574936645117e-02 1.2173964797073703880680995e-01 -1.7066400378128074609830753e-15 -5.7063075308798578626248903e-16 
-2.2093483020684680229184238e-02 4.3429077106319546874857451e-02 -1.3050309898365336502834566e-02 2.4849067654308255870265754e-02 5.8937631882143128383977349e-03 9.0540630449456437761623917e-03 -1.0163485087416492274273578e-15 2.5234873280634478439339393e-15 -1.2546243828482541466862969e-15 3.3075730051085548278345961e-15 
9.5670905348061337225562539e-03 7.3563969438185123489448713e-05 1.6603444462898370864722963e-02 0.0000000000000000000000000e+00 
5 (band)
-6.3484135705256850013000758e-01 (Ry)
0.0000000000000000000000000e+00 (Occupations)
6.6816166571226784376413832e-02 -1.0019518563268382804753998e-01 9.0838734602739432122398000e-04 -2.1480628075287722111852418e-04 -6.9896992491223726188674112e-16 1.1444820887292470716028748e-15 -3.6059931911788356551085144e-01 -2.0997285340795260322188653e-01 -1.8812803571863601082014839e-02 3.9468037137929901092547880e-02 
1.3420858499021193613757963e-15 -2.8260750986308074138526455e-16 -5.0801102547340132309372507e-02 -2.3838652230574061685608456e-02 -1.7156594263583319071031497e-03 2.8411694150272392977996105e-03 -4.2460086491593121427179369e-04 -4.9345545080136526960856713e-04 9.3025468478668611843960026e-17 -7.7546417807914422535268318e-16 
-7.9270720019623272780140404e-16 3.3511529249178575891669763e-16 4.8068799001805689874444738e-03 -9.3819317324188716833432977e-03 -1.3194395865649480303893881e-02 -1.6565026418170827882114793e-03 2.7274901211603291145690875e-03 -1.2039948561717196684472952e-01 6.5187784245484539299986260e-04 -6.6810522162925878308925576e-04 
9.5628206819413000389383651e-16 -2.5681159743615523301115782e-15 -4.1697315612240515303454913e-01 1.5932833704858144485694282e-02 5.2638564310308376750779935e-03 4.3404370162786767850526815e-02 -4.9127173149952782473941454e-16 1.6371707336971713682779593e-15 -5.5666178148344201692676592e-02 7.0929521747377950041668626e-03 
7.3795537321552466536456194e-05 3.3181749698950741001013398e-03 -6.2290902011077225498836274e-04 -1.8912569651070854082064443e-04 1.0532737102052747985191173e-15 -9.2743171496019610195867331e-17 6.8331286453599096146205662e-16 3.6800387434793532303704408e-16 -9.6850747663655787494940697e-04 -1.0497082007597724126468641e-02 
-1.2027995390937884154225479e-02 5.6712794092183341221335979e-03 -1.1931799388302959108454360e-02 1.2126480706369435758062991e-01 8.9203296613218907573639171e-04 1.5347535893435182430266650e-03 -8.4671828074602447121392702e-16 2.5737440115549000210602994e-15 4.1318140213957671447175812e-01 6.8756940286313600330103668e-02 
-1.0472108921888705068692360e-02 4.2012131577838257578960679e-02 -6.0284897705113312672649713e-16 -2.6238024451792107685596980e-16 5.3240783395070032102402990e-02 1.3636285466616961808972164e-02 -5.6565204576971075955960089e-04 3.5542971956506602682068774e-03 -6.2523498019699530470205673e-04 1.9671471113088395687995558e-04 
-1.7528407464005134423712467e-15 -5.7057335634733331437770231e-17 -3.3895795398439824745840354e-16 -4.3053851236953129316597249e-17 -2.2651929454144525272196731e-03 1.0298750954050167605302590e-02 -1.1377898582652324829811441e-02 -7.2206340060527599358786155e-03 5.4902581487656990089085696e-02 1.0878064080905419652722799e-01 
1.5755304406417612594903943e-03 8.1786014898843628628810620e-04 -1.7886014553333241512551985e-15 -6.4699815323695858994367744e-15 3.8570240707070579944115707e-01 -1.6334026169758122937203382e-01 1.3669331811957122907452700e-02 4.1083252461323001292203827e-02 2.6348982781031569290337753e-15 1.4858891419771482460830339e-15 
5.2259367333052322845965421e-02 -1.7014341709166012905907195e-02 1.4268918563840164454720183e-03 3.3040839005827448565666415e-03 -4.2249834059406005505946102e-04 5.0110937951010044513755481e-04 6.2699985639120507499252271e-16 -1.7638399469089925998386179e-15 -8.2199528531437340304938030e-16 -7.8183150346400119156898862e-16 
3.6057810555348347204829285e-03 9.9092741042448775207196476e-03 -1.3475686684043714641534351e-02 0.0000000000000000000000000e+00 
6 (band)
-5.7981639599001588702975596e-01 (Ry)
0.0000000000000000000000000e+00 (Occupations)
-1.5122304472761638471922652e-04 -9.9400302480887048339752710e-04 9.6768967746546641350846585e-06 -4.0216280303109752658485831e-05 2.9175428288587276701707665e-16 -3.1185345418928289293256392e-15 6.3623225929999686900639944e-04 2.2222140362065564977989141e-01 -1.1369077186604709117645484e-03 -3.8491546091120409922581302e-01 
1.9253901458351373472851245e-16 9.4516306266855472627107562e-16 -5.1944480148343255554443942e-03 2.8135769826187470576961402e-02 9.3431273166989237122237455e-03 -4.9224432310161013448546186e-02 4.3886525385988112146762319e-06 1.6381337372473048219490011e-05 1.5132885950033554590441540e-17 -4.6005236194141076790163405e-16 
-1.2435621515920155202215830e-16 5.0105818019094854798316866e-16 9.2119061426717135931951930e-03 -1.3297689262875792004514608e-02 -5.2697895773149150411285291e-03 7.7150680837064361528021550e-03 6.6029529464148306594495352e-04 7.5823515252809725595284362e-04 1.3378486410364764935820858e-05 3.9140869122322730078167297e-05 
-2.4022528028705313440131538e-15 2.8484240086970900288188425e-15 -1.1960937114141803605527059e-01 -1.8728682642881264164280708e-01 2.0720794069350373378668451e-01 3.2438568698573533310991479e-01 1.1477692652945585380746967e-15 -3.2537144580215807862233999e-16 -1.0690081853735527300797159e-02 -2.6539140601221269943899017e-02 
1.8487106494403125755976447e-02 4.6567860781636709333053403e-02 -1.2483021393519533326355031e-05 -1.1479662976196514101445700e-05 -3.8312550886639020989956058e-16 8.2073938395459513182518105e-16 -3.5565087228061695531687861e-16 -9.7334613453251672366700584e-16 -6.5261138500641996396112177e-04 1.6163596533369184449213662e-02 
3.1549029730853356268127641e-04 -9.3377418896486014121549601e-03 1.3033989975698434538031734e-04 1.7782537085975352875166777e-03 2.7117478897234481571842934e-05 5.1718380180874184981476560e-04 -1.5771365415365367701056867e-16 4.1686067818063939457080907e-15 8.6844530466827232761950484e-02 2.0530236883337138475980055e-01 
-1.5139119613511359263569034e-01 -3.5572119198752616409109351e-01 -2.6561747076679471742436471e-16 3.9075527312841894910334137e-16 1.5961366776801613753811182e-02 2.3132955477819149014973021e-02 -2.7511739151987957274769769e-02 -4.0486374739996326688196149e-02 -8.8687037480114552095988856e-06 1.9887389518572461122314365e-05 
-9.8021115217001573256845651e-16 2.6964197458171791266680682e-17 -3.0234832603212586536554933e-16 -3.0004748691665774594389126e-16 1.3827827906047009121071056e-02 8.6984143836632121099539106e-03 -7.9677642225939558640046556e-03 -5.0564969339411715287813109e-03 -1.0628856025096597437418211e-03 -1.4315896540637723655109426e-03 
-3.0001698364233442273274477e-04 -4.2214245468494282498284065e-04 -6.5164093896911812963945149e-15 -2.6492912999219685079061898e-15 -1.8333177254384883103632831e-01 -1.2680889675623047141428401e-01 3.1842876078079890289629361e-01 2.1922587667480475381864835e-01 -2.3592199417177971948284962e-15 -4.9664781294526671379073632e-16 
-2.5871885090903153775476753e-02 -1.0979272305817274271722006e-02 4.4922614062407009716260120e-02 1.9442249781217460502524830e-02 -3.1681019491997074748375080e-06 -2.1543567440302258965932614e-05 -9.4797426556734059900676817e-16 6.8594129874388408203791490e-16 -1.2384007916907336520799820e-15 1.4706213098225281703261977e-15 
-1.6336064750708988863037163e-02 6.5006536703300285811452097e-05 9.4368123828843346323491659e-03 0.0000000000000000000000000e+00 
7 (band)
-3.6047896147988539583550960e-01 (Ry)
0.0000000000000000000000000e+00 (Occupations)
-3.8194463699846464324867187e-15 3.0734654351675373507580941e-15 -1.9741172606159571092581101e-15 4.1186859343083889001116763e-15 1.8388232980123647708481371e-01 3.8629320806841038749013251e-01 1.0420356961417960254437283e-14 9.0907753657549026357363657e-15 -3.0512277484452798879613992e-15 -2.2831094022690190085254139e-15 
4.2702146519645279784671565e-03 7.0280880724565841788376019e-03 -3.7998085866063787296568885e-15 -2.2790539292995064142574175e-15 2.1025146856438107485276179e-16 -5.5095497817537488254208613e-17 -5.0318825599917488738074864e-16 -4.8121195329684164067449054e-17 -3.3459592205609595128024125e-02 -5.4340067380264436835979325e-03 
-1.9237897414670541290648842e-02 -3.0930745698115307690256870e-03 1.0871351980885310860849627e-15 -6.7906836226668394201409149e-16 3.1557150141436828500123196e-16 4.6904961529431657826621882e-16 -1.0364465319649011946401610e-15 -6.7543417594427254818782064e-15 -2.3685689436660539012748607e-15 -5.4070308804138100658722237e-15 
-3.6224323765897126214952095e-01 -2.2762906357324086403792762e-01 -9.4938965155687455836648594e-15 2.4779458043397134921359879e-15 -1.1393746854127676802012712e-15 4.1273385771281297754821339e-16 -7.3712993852336552991211249e-03 -3.6459155916281765774655810e-03 4.9499464739642869090318850e-15 2.4579406276925681900259379e-16 
3.6749041077187939917652100e-15 -4.9983549485384308117922945e-16 1.3635203384786946176023783e-15 -6.4627017332512574453625937e-16 3.1162554489437343380187073e-02 -1.3340462416554873040230866e-02 1.7900446248525082870717284e-02 -7.6966116788835386985923037e-03 -1.2908808798579407680527146e-15 -2.3361491267954973815217047e-16 
-6.7483081242571298240110133e-16 4.3325397754125758628575783e-16 1.4624663910680174575371975e-14 4.4506439872829565075009708e-15 5.0796920962542777269102010e-15 2.5280047900297944715923308e-15 -4.2766237568375831124001252e-01 -1.1125803279543808321783160e-02 2.5966481765653110886903642e-15 -2.2938226252762411307134687e-15 
3.0089249161520866769108865e-15 1.5328058411282370633269544e-15 -8.1685901129178208057712851e-03 -1.0569017370177409553821946e-03 -1.1261970057603011676939586e-15 -4.1351664901267527320770789e-16 -5.2459651456592033439921336e-15 -1.5495335926362985001968060e-15 1.3013914319819439697072864e-15 -4.8445338455774613208823741e-16 
-1.8552840045219572140400288e-02 -2.8369186582740145430303613e-02 -1.0637532987758081814977373e-02 -1.6322604178619588843890398e-02 4.6889910907741262613919385e-16 4.8586175755451280255237305e-17 -1.9271181943856615284069231e-15 -7.3711573642200265328837828e-16 -2.4634573424913945570731635e-14 8.5065311478913507296913624e-15 
-1.0123525242475035228850249e-14 3.6913744396175111824550608e-15 3.6704878998921663946219951e-01 -2.1975913369316385503893230e-01 -3.9793510212753451921760091e-15 2.1863020281530384607742888e-15 -7.4975691854491227883494254e-16 -8.0776947016193776682441667e-16 7.4632850146696613768959594e-03 -3.4845778086254877367600180e-03 
1.9148117392239925282077308e-15 2.7984952294672432677326954e-17 2.5286273785059474486072188e-15 1.6733574696552302158106888e-16 -2.5745428512108866007246189e-15 1.5566255360174939258185517e-15 3.0865651270341423750842580e-02 1.4011787636395399425648378e-02 1.7727654842749910463206575e-02 8.0817553176117003232992175e-03 
3.0937254179543674333173011e-16 -6.6129523879714828039895806e-17 5.5547389073622497111603644e-16 0.0000000000000000000000000e+00 
8 (band)
-2.9791900977889107515750311e-01 (Ry)
0.0000000000000000000000000e+00 (Occupations)
-1.0099421595141622663120222e-15 -3.3031802703491105071559184e-15 5.5056447795086270121430129e-16 -1.8164010243330681035755951e-15 1.7463816852340388607878197e-01 -4.1474806857146556682280902e-01 5.8844456462857071909312646e-15 -2.9989554160185162222830151e-15 -5.0245655935167958756227736e-15 6.2197219420304866212302266e-16 
3.1274306858809965831147437e-03 -4.1393441329957425534047388e-03 -1.1263526357228775910923195e-15 1.9599177724279455551995307e-15 2.5840942430358134311622303e-15 -1.1255235713969270624962805e-15 -2.4739333927615587942192597e-16 3.2500921435740364223887564e-16 -8.2905948053978995027080146e-03 -6.4739934814052740863488111e-03 
3.4241109731666413695805318e-02 -2.0756605653247876819289530e-02 -1.2914503403919394758694817e-15 -5.3869359473524519160363857e-16 4.3491341689365683348351236e-16 -1.3997144335085237703307620e-16 3.4850798178174611513703235e-15 -1.0870832842862271612148363e-14 5.1819046600714656710760143e-16 -5.9485237549454400002807403e-15 
-7.4781245763527043335372468e-02 -4.4375918646384870935861500e-01 2.4032011919167555557443629e-15 3.9748654153225935011043105e-15 1.7408117005152260311105851e-15 2.4343883754774513561183576e-15 4.2260556306152052830071852e-04 -5.1707250056833809967460347e-03 -1.5616093319242891825265203e-15 -2.7735390747294671236275782e-15 
2.3092684945882945060609925e-16 -2.3114072673270898958773088e-15 -1.4508584897527122696327583e-16 1.1254334032407497148299112e-16 -1.0468919891072746980453800e-02 -1.0238506428187216235059509e-03 1.7788779664803876234824287e-02 -3.5872685875710345893008224e-02 -1.5814188183899820104713640e-15 1.0361142847176355274211280e-15 
6.3718216616410353576292533e-16 -4.9998761787427515532812577e-16 -8.8959313164040129984566197e-15 5.0484356919854757640027624e-15 -4.2022498783184948796867023e-15 2.3665427916892050972377054e-15 2.1175333902607060276856998e-01 -3.9704548390316335426675209e-01 1.6547779580448548022818639e-15 -4.0643520669825812887878386e-15 
5.8750813828724777886292887e-16 -1.2130482467263796701259899e-15 1.2529812074130626531331956e-03 -5.0601030310278320364925086e-03 -9.8370249826142978007582070e-16 2.0285128796337632148423487e-15 -1.9653736420428720263763213e-15 2.6654271668329298727746172e-15 -1.1809308013454260345870631e-15 1.0428899464849238439099993e-15 
-1.0250673026457147313239560e-02 -2.3535703348706248604071956e-03 5.4815104255740189354018099e-03 3.9658670262395272210209640e-02 -1.9944078239709240432614269e-17 1.1989374768178518333315933e-17 -1.5487001781338135171053302e-15 1.3846029420679185173116824e-15 4.6802392037945020557372623e-15 1.5707777896090212280838416e-14 
3.4507657882351353673053093e-15 5.7263130035129632805959682e-15 -3.3958351642680212334468592e-02 -4.4869970273032688812264723e-01 1.3308653682482670252607528e-15 3.1708220652008721313322966e-15 3.2251444622229814032718813e-16 4.5516131950739801997835748e-15 -1.6534117658287914714998479e-03 -4.9437671995481583323006625e-03 
-3.6456795322764865115827316e-16 -5.6519457447510288366397130e-16 8.7859384917654442923290735e-16 -2.3625901472562411635427776e-15 1.2422762226009986337893019e-16 2.8277320365963211074838508e-15 -9.9160355407196341254172367e-03 3.5054001157828439116936892e-03 2.5878370506070662304676233e-02 3.0547782627839397545654876e-02 
-3.6579647376970918857446585e-16 1.7280436940365583560248259e-16 3.2280710153063489333636389e-16 0.0000000000000000000000000e+00 
9 (band)
4.6304431322000391690885124e-02 (Ry)
0.0000000000000000000000000e+00 (Occupations)
-2.1303270543986684748797162e-15 -6.0367376729209728405576785e-15 -9.1766823224480083753538354e-16 -1.2732215788766714590600042e-15 -3.6297348830957798515584045e-01 3.9136094842135393800930387e-01 4.0707722925817303885114000e-15 1.0120898625930266876373607e-15 -5.5280480678565346776375892e-15 -1.9312044550925802133856550e-16 
1.9651529315159843580573806e-02 -1.1376316492779911526689318e-02 -4.6015388194451992917245303e-16 1.0527477440178563497353294e-16 3.8851984039599283064026310e-15 -1.2202868264068665040310394e-15 2.2360472693167805278958521e-17 -6.6403265500129144385273706e-17 -2.3841216985000801553695737e-03 -1.0024974042590284462050931e-02 
7.3813158546854995556429913e-02 -2.5651395273607074942745498e-02 -1.3335579017190936747313904e-15 -4.6899697205856712548655536e-16 1.1998233779166146243738916e-15 2.9636818109050071045369163e-16 5.9502497036544549983875747e-15 -5.8956047643793034556719333e-15 7.3779768268395339098595999e-16 -1.3131424637649702381831512e-15 
-9.6766969724076862258144160e-02 5.2492789860636923648939955e-01 1.0165320992739300461661310e-15 6.1564452352942665657252554e-18 5.9473042610386748588170514e-16 8.5138917387044196832058964e-16 1.0496599774616477418476279e-02 -2.0135157673583425896879362e-02 3.9870552859733302168184514e-16 -1.9265403448126288999856597e-16 
1.5991500679191193828136926e-15 -7.9704936890260506291878333e-16 -2.4958197908587685107305407e-16 -2.3379210761831755312040917e-15 -7.3846302388268277722138677e-03 -7.1868892480460994098834249e-03 4.8577806114422195093993651e-02 -6.1209257529035956957308429e-02 -2.2266226465102002444742831e-15 4.2210094786776564519982772e-16 
5.9319392806436732631719737e-16 -1.4957642585116712116885530e-16 -9.6864190406599045349751106e-15 6.8401626108436770993419013e-15 -4.2380336188472179350111082e-15 3.0109528518632744958937843e-15 4.1921171557881325986372190e-01 -3.3044210966409170993074440e-01 3.2723152831998611773676286e-15 -1.3039232450175080800592963e-15 
2.7984015292675035958866100e-15 -5.0466539067997230560140943e-17 -1.2924929641479003528115044e-02 1.8693152197347552567752160e-02 -1.1592140402430017178146443e-15 5.2986642546325829281611436e-16 -3.0215629850098138149002716e-15 -5.8899083698776744852819819e-16 -1.7678159626050975094385790e-15 1.0914449909587664873482536e-15 
9.8007145994969315644373964e-03 3.1820285913413096264001911e-03 3.1490884804796441531760109e-02 -7.1522635542252743778846025e-02 6.9574577851656578900787517e-16 4.6799523643023487882719369e-17 -2.0554934555221584392937513e-15 1.2731984238801107227269853e-15 4.3073113549024263132212184e-16 9.3653485434558719154308334e-15 
1.1405691145324891524720024e-15 5.3368631434472621390320150e-15 1.7689242161339502334982399e-01 -5.0362637092745277112015856e-01 -7.8969461655225634654305374e-17 -9.2476657618385269394689981e-16 -1.6605030318194853036510043e-15 1.7398527332474610527526503e-15 -8.9658720149185175407602344e-04 2.2708674041003368976321397e-02 
8.9063272041216221352078532e-16 5.1157973404030374259448059e-16 2.0219832016142929952931684e-15 -6.5293205000409938196656784e-16 -8.7940826062795758074474501e-16 2.6848886552782749987422015e-15 9.9800332078587312284456701e-03 -2.5648098929351658380182410e-03 -1.1735111131600452216705577e-02 -7.7262218369833560172033060e-02 
-2.9160664264815994287065178e-16 -9.6255060231921726075181431e-16 4.5317786162463821881980179e-17 0.0000000000000000000000000e+00 
10 (band)
1.1895492760022768896632783e-01 (Ry)
0.0000000000000000000000000e+00 (Occupations)
-5.0863703524980027924562222e-15 4.1148109786804496073789555e-16 -2.5217281650767470864188874e-15 1.2537458233266574725820866e-15 -3.5577290283697604600376962e-01 -4.2654488562476144952739787e-01 4.4032848340601550125112872e-15 -1.8355483305880515522902102e-15 -4.8486383113737083231934674e-15 -1.4024814559865023111967727e-15 
2.2431891468923187415995812e-02 7.8630602566344409698473328e-03 -2.8508141418394874696778720e-15 1.5985024230231510549534677e-15 1.7559895487336238836301257e-15 7.7924987386016877811008192e-16 1.0909736967566389951147315e-16 6.0323387871562305330680118e-18 -7.1722113063622805473329436e-02 -7.0448195084663600695762398e-03 
-4.1301876108604036741400733e-02 -4.0574847543516437409216735e-03 1.3328377079181631339342244e-15 -3.6036608569345457963138518e-16 6.1047692839608521938507009e-16 -2.4410975116224837711016814e-16 1.1368734044512805526416860e-14 1.6550328324107217297901389e-15 4.0943326450538870181506936e-15 1.5757157968648135982838196e-15 
5.2894317598118534284878933e-01 1.6951110414552827965195547e-01 7.3118254783564307445808539e-16 6.9865685306955999119344417e-15 -1.7944287741705984242366008e-15 2.5824227246169332520721339e-15 -2.3153110765084111699607661e-02 5.3806071565271618162284994e-03 9.3605655040845807490897651e-16 -2.6024020884963935085020254e-15 
2.1681464330805268716954179e-15 -1.7600390910611380861858267e-15 -1.0675004571645901556500415e-15 -1.3786487307731496165437500e-15 6.4331785994056492339332465e-02 -3.2482492130882403835734351e-02 3.7046436425714604490089243e-02 -1.8704804216493651353170335e-02 -2.5431732081219226345239634e-15 -5.9540934921473882912466464e-16 
1.0749749393815082408835712e-16 3.7442920909094617294883102e-16 -8.7323951902413635682407470e-15 -7.2450180288761539429214730e-15 -3.3482217541507351102677157e-15 -3.0446355713807930558847908e-15 -5.2552691742065216207180356e-01 1.7984673092899819413226226e-01 4.9590546850198129652196797e-15 -2.6929682846207953202178837e-15 
3.2543337492955016399059532e-16 -2.6343483926229078762064812e-15 2.3270985313746182787664196e-02 4.9528225394508433240825518e-03 -2.8914740571163864920673590e-15 5.0049963384788266429060077e-16 -1.2927580267736526604960312e-15 1.7638036965968352304397060e-15 1.4627477798146480186829648e-15 -1.3276092811325234479797949e-15 
6.4962831469244725068890034e-02 3.1209257370753154536835439e-02 3.7408412054075509955985979e-02 1.7969271163001777208423348e-02 1.2912670186081611535312862e-15 6.3176332885527311987056696e-17 -2.7523066137560067488683780e-15 -6.3707165362829258139577244e-16 -4.2995567396861877701949613e-15 1.1710162044649726608515140e-14 
1.9409784718433006264133176e-15 6.1522771165859705157239077e-15 3.4735035456009888399364627e-01 -4.3344102107028376069663977e-01 -3.9511387823040386368959527e-15 3.5439468244920060285618510e-15 -2.3876037180256765014142671e-15 -2.2266436718948399088968357e-16 -2.2302197781756332578551039e-02 8.2874110965542834017494300e-03 
1.7966434816491887697447961e-15 -1.8675337894182252435854235e-15 3.5049012759636624078289254e-16 9.4302017694428442617917809e-16 -2.5012770768101289344100030e-15 1.5515366119873674004855127e-15 -7.1572689079810750123478158e-02 8.4579782466199984053423222e-03 -4.1213383921322038760948203e-02 4.8724720923513627560130779e-03 
-1.7724408803682932258188926e-15 -3.4206830178688513910077868e-16 3.4028198784473168953186978e-16 0.0000000000000000000000000e+00 
11 (band)
4.5367582274868639702347650e-01 (Ry)
0.0000000000000000000000000e+00 (Occupations)
3.3969279905025029364651346e-01 5.5023512157454812498968977e-01 -1.9444631553973967807991130e-03 3.5677827975098969082168310e-03 1.1771229109903507264041174e-15 -1.5025976060068951946937644e-15 5.3878147667584599944667900e-02 2.3497864375814037085632435e-01 3.0917885447455578651343444e-02 1.3605533603580347024042396e-01 
-1.3846975335122144940195241e-15 -9.1194089358748737677098015e-16 -1.5410714860758319491584878e-02 -8.9659093287256658166839429e-03 -8.2940871899673251910201088e-03 -5.0999671777984395548699581e-03 -4.0102951778974729735161020e-02 -4.6746436975211747011371699e-02 -5.1189068364188759555722512e-16 -8.9838131819962493563406220e-16 
7.0126527900143749790603446e-16 -3.6292483044475376981583203e-16 -3.0430592068193349636340272e-02 -6.1996791484558597118414980e-02 -5.2567100268125402373620148e-02 -1.0718668605141423721960336e-01 -5.8164283800810867575137308e-01 -2.8256237494483504857356593e-01 -2.6994907932414297091483490e-04 -4.0542741085826811131553882e-03 
-3.1014513765676418317120197e-15 1.0745358304080213668807590e-14 -1.7139867822352458648360596e-01 -1.6952967563745055534774053e-01 -9.9006928728665469230385554e-02 -9.8308688161766549784559288e-02 1.5469141643830432897646128e-15 -4.2974256587572365081713056e-15 1.7815871368580569328310403e-02 -6.8730632841075903205485531e-04 
9.7356284984232085988331562e-03 -1.3814944891521463432582095e-04 5.8908035583158220582777886e-02 1.7981086034960777619851058e-02 2.5145424440386471500577543e-16 1.6581378432554169046539969e-15 7.2271887963981404075337271e-16 -2.2497102660709119866575591e-16 5.8912940752903840413434722e-02 3.6040095724732233717357843e-02 
1.0181736917039188594635846e-01 6.2333851417219789114998463e-02 5.1142892351645397042148034e-01 3.9871601334970280250402652e-01 4.3234370620686725372738834e-03 -7.0664476400869591365960787e-04 1.4086340834769234016062507e-15 -2.3326884688150953479484566e-15 -2.2717868986198494485329036e-01 -7.7793244267955669046799017e-02 
-1.3118234344804813318319248e-01 -4.5868169307802991729872133e-02 6.6699811227872686885108193e-17 7.8808235026581915542714757e-16 6.8055261360340027487758618e-03 1.5406670149234434619156531e-02 3.8881038162623567100428801e-03 9.1967090341125989905179949e-03 -4.2069240062114175715546338e-02 -4.4885955439771335617749060e-02 
5.7162370697002611640534394e-16 6.2924183744446686416853628e-16 6.9053926757081496766722716e-16 7.0275473554041652511239043e-16 -5.8366663070343959007768575e-02 -3.6880196300266260278633013e-02 -1.0080069900102317514978267e-01 -6.3970068791987730327797124e-02 -6.4545644557449133316140433e-01 -6.2609743468605080773947691e-02 
-3.2717594465986907063814737e-03 2.9132533319254465264958043e-03 8.7537885557785722478149472e-16 -1.4223268689790772709453420e-15 2.3349701667652647540940336e-01 -5.6045420725468961253845634e-02 1.3533831005769836330898670e-01 -3.1563238409364827163905431e-02 1.0165280237973730044573001e-15 8.9497945820062079716842213e-16 
-1.4001402451737641682849578e-02 -9.3616985883833662290820499e-03 -8.2106777554181616107786823e-03 -5.6816880538094437225193900e-03 5.9571331831964946523783055e-02 1.5356639570957533041939413e-02 -2.3174700074419975876751469e-15 7.1910788645029335170423959e-15 -1.9035680291490753114454785e-15 6.2216262852981357454256320e-15 
6.9042000930408700676288447e-02 -1.3544237228774180792356674e-04 1.1938572201208208500844421e-01 0.0000000000000000000000000e+00 
12 (band)
5.1269673833604401114172333e-01 (Ry)
0.0000000000000000000000000e+00 (Occupations)
-4.6571704206381603352582488e-01 4.5181939287867556309663541e-01 -4.4988489360967831576232356e-03 6.0024240172425469275196974e-03 -9.5875204971865795946373019e-16 -3.9699814261836801798137992e-16 -1.1971723784344917573818634e-01 -1.1068072934268848028782628e-01 1.5858268966291930168743818e-01 -2.1750402662249568308538983e-01 
-7.1787580855595757921331944e-16 5.4394499141447297083466491e-16 -2.2800246257592193810381787e-02 -2.3728014618226263982014856e-02 -1.8104377954122632954359062e-02 1.1359273228638208652618857e-02 5.0030754813692748794728971e-02 -4.1979590105639903729883855e-02 -1.8585607547106034512247602e-16 -3.8477497134471693231485405e-16 
2.5901351923244588219026919e-16 7.7386768395045371071046555e-16 -9.3852031559996135223755687e-02 1.0136821630898631974027069e-01 -7.1687005292446065451983372e-03 -5.4107954943091330496374169e-03 -1.5112096680115638669406053e-01 6.3102740070704343988694518e-01 -5.8224416609772150499324539e-04 7.4786180249794137475660705e-03 
7.4447758172779200916605339e-16 -4.8186918196079368005772418e-15 -1.6038630754484417550997932e-01 -2.9303126741538398913888841e-02 1.7351307903454758763128751e-02 -2.6861757792773399700081427e-01 3.1099752637059284765808845e-16 2.1649908271105263069198343e-15 -3.1964990647706623128065928e-02 -7.8172424819574794219168012e-03 
-9.1994289131190638136859050e-03 1.9291762414598567776380378e-02 1.9748574202309316510950410e-02 -6.2252359229528778095108521e-02 -4.7073971638093886538581728e-16 -1.8944656477940863508035192e-16 1.0703852052296801068366191e-15 4.7768986395228711148728832e-16 -2.4926084653613907182734266e-02 1.3587644906105494913006737e-01 
-8.9519832543990020268243057e-03 -7.2730390629014568526500284e-04 2.5874387921211616792049881e-01 -5.9639240064081366909931603e-01 4.5416589817020222574761590e-03 -6.8111264487837330783293055e-03 -5.8754918764862011310772958e-16 2.9619233860526930672553662e-15 1.4724482563756413622257924e-01 7.3300595450196931457398364e-02 
1.4701021393988014662745911e-01 -2.2398479436278920240432910e-01 1.4861225745257018253020662e-15 -7.6845159248066600762777150e-17 2.9209709475789380483945479e-02 1.2858637885957606775133577e-02 -3.8836483672788774113016075e-03 2.0201830459385318461418279e-02 -2.1580379032367272285064530e-02 6.1593121039793211068946732e-02 
3.0552460218684040610273767e-16 -3.7283381662903488443347384e-16 4.4118246980964347665240543e-16 -5.6172092729807055584132428e-16 6.1642631400398412155894334e-02 -1.2362753465114598161456172e-01 -7.6813251896287251807571295e-03 -4.8747171960279904803781115e-03 -1.0109834581368964956382683e-01 -6.4219266193681279197846834e-01 
1.8506545110650446384070733e-04 -8.1843668408970726702023057e-03 -6.8574267496101635554221246e-16 -4.3342876717891610817310547e-16 1.6359934130158668152965618e-01 -1.7007983304118023254458691e-02 4.1077744760202872242871308e-03 -2.6788862853291212084982931e-01 8.2844302003758986929261073e-16 3.7659316267427112733201129e-17 
3.1552576132438600597929224e-02 -4.7944379596481460220624982e-03 7.5456092984329536932364135e-03 1.9137932460567799036743608e-02 1.4782327979559035935341882e-02 6.3568137444062242091824544e-02 -8.1412267225172976076143620e-17 -1.3236988899229028445149203e-15 -3.8936618778049265941246366e-16 -8.5439286073668420837020112e-16 
-1.4196350570496011483934140e-02 -1.3741195348429080524965684e-01 -9.0975614540429027704560028e-03 0.0000000000000000000000000e+00 
13 (band)
9.3245188454026262103724321e-01 (Ry)
0.0000000000000000000000000e+00 (Occupations)
-6.1166517351666005453125763e-02 -1.1410215587296657080429441e-01 -1.7680571604756623038667840e-01 -3.8000229359655979255450120e-01 -9.8234110066016328042657674e-16 7.1804874091250867203950114e-16 1.6494598101563115455370223e-01 -1.4891739587636010355709004e-02 9.6232579463674056130528811e-02 -9.2418810424795272417952674e-03 
2.5875020566003727322423137e-15 2.2830465429782722888364914e-15 9.9877110089015286309432895e-02 -2.7326250142895941452891861e-02 5.7368935695420453235726654e-02 -1.5952259528609250005537490e-02 8.3189298281702336868015379e-02 1.4132126359009516969322817e-01 -7.8749818064547844378532996e-16 8.1754827483255022838336119e-16 
1.8644604365147484728520280e-16 5.0667767053563340600470557e-16 -9.9789489146441395783782013e-03 -1.3592322939375064277944816e-03 -1.7275199499094732319415257e-02 -3.1012343013186310924922395e-03 1.1278359118732605992363460e-01 6.3564977610941084118501010e-02 3.5289741450985118165206700e-01 2.2610930807463552882907720e-01 
1.8619756097858806054105993e-15 -3.6823581104144009495704813e-15 -1.3128910487594197542549068e-01 1.0095598794542562370857297e-01 -7.6299806685702631359191628e-02 5.9367172874899114265456745e-02 -1.0430278106624070047599095e-15 8.1414570452084352985443789e-16 -6.9686896133732648128678022e-02 7.6589147885659208947473076e-02 
-3.9890546368083507067225923e-02 4.4208751139883005476516331e-02 -1.4596276737402091860928977e-01 -7.4746434241499959405530262e-02 1.6249735291603437603324995e-15 -8.5818522645014241258117283e-16 6.3288782778241192001224277e-16 -6.7861822816777903386036706e-16 9.1538183194808837861433659e-03 -4.1993504311759674574311418e-03 
1.6247657791861411930023351e-02 -6.6380560560970955363835344e-03 1.2256073379487929242426247e-01 -4.3016573917753875289093912e-02 3.8733042705675568839751577e-01 -1.6083552555171731768268728e-01 -1.4654311617919632373538906e-15 1.3851313135514228520964818e-15 1.1177478735188964287239344e-01 1.2236154950181846179368961e-01 
6.4268801243619694263387032e-02 7.1602765769710030596684192e-02 -2.2268512521918421933378738e-15 2.2480454369805121658764198e-15 5.4903284676869876235194567e-02 8.7454179122384692601777090e-02 3.1890462802112336249127367e-02 5.0591764400787386790625533e-02 -1.5682990481841665997286839e-01 4.8055711091911167132106897e-02 
-1.0310892726359153006488018e-15 -2.6815936886767201288556764e-15 9.9962991206648114508119584e-16 -3.8872184285133241482893227e-17 8.3507750517467019268913475e-03 5.7170157734204932187260795e-03 1.4808557975502022879821240e-02 9.3977966600593543233799210e-03 -8.0432017179733333867019951e-02 1.0199141979774584143569882e-01 
-2.4085391178552098545573301e-01 3.4333994696375608191019069e-01 1.1657083942147253122182802e-15 -2.7753222744686886578506271e-15 -1.5993917122649120576838300e-01 -4.3421347185844401395105052e-02 -9.2630624122539223508354667e-02 -2.6019268895020708498577733e-02 -3.3401586143993507347620699e-15 4.0897068690934817914099033e-15 
-9.3216668961132870263597283e-02 -4.4421354572661372883679576e-02 -5.4034431272215077690646012e-02 -2.5628275010334249789378802e-02 1.0666633053720306345546476e-01 -1.2460844411046058388681246e-01 -1.5555547119085485220499524e-15 -4.2637769537384360783112005e-15 1.1897300182181719710458109e-15 -4.1051171183476437253338154e-15 
-1.0114122814487850124387514e-02 -3.5246703646620475584502752e-04 -1.7538870299357613158353075e-02 0.0000000000000000000000000e+00 
14 (band)
1.0203535383788953083694651e+00 (Ry)
0.0000000000000000000000000e+00 (Occupations)
-2.0719257488557793478456404e-01 1.8120695340120931970950835e-01 -2.3643008558744404989937493e-01 3.3620929849660180499526518e-01 1.0695433176134017281625512e-15 -9.3332938509792902952896771e-16 9.3930396288600878640373537e-02 1.3166816860333779848346580e-01 -2.3589971238204957004747087e-01 4.2011038968430669537923450e-02 
-4.2397570758741291015693402e-16 -3.2899888294930372127098469e-15 1.2016329987532797796134787e-02 1.3889142058142553426414167e-02 -1.5023707349812914779718653e-01 -6.4667318167033471798532673e-03 1.1824784749126009131270365e-01 -1.3511877835395569302789909e-01 2.1644579560570914068311193e-15 6.6846984620502725836443685e-17 
8.7940030727209314948083745e-16 -1.8300523943211049143482325e-15 2.0818901239045721485165785e-02 -8.0084847964207866999331031e-03 -1.1136529735512865069146926e-02 -2.4378031888956413347768759e-02 -7.7842935863660756012905040e-02 2.6401742439612552182381933e-01 -1.9474572834715819791284730e-02 4.1055647453105797994865611e-01 
-5.8760774799299131429491217e-15 -1.4569936538983056217433218e-15 1.4985938942339413482152111e-01 6.0840688457090286167527893e-02 -1.7666607441786194576671676e-01 1.6187248020254366154269121e-01 4.4148518507878251344637728e-15 -3.2324687465233291355079879e-15 1.7587897444530237178739185e-02 5.2883189163200026994271497e-03 
-1.3031440478350933553919333e-01 7.5041007319942731879081066e-02 2.7439697820490653590308483e-02 -1.7744492295837177575634769e-01 -1.3447097747024516794555951e-16 -6.9036858636840474080240559e-16 -1.3001035970667860955990053e-15 -2.4350923157072337899709249e-15 1.3286818953289099287662367e-02 -1.7917112480478791097793234e-02 
-2.2465285743829326026155258e-02 -1.4615802057260558061146938e-02 -2.0944115372677812869639524e-01 1.7953109294217214908506719e-01 -3.6646117146648260476382575e-01 1.8732547227171658654754083e-01 2.9565578442944093370099805e-15 4.9110679195585774250487370e-16 1.1723469130921393421829180e-01 1.1122888528724290957416798e-01 
7.4885870181973235304440095e-02 -2.2721824277801117020203492e-01 4.1756943244767657456175127e-15 6.9542064691326591646510100e-16 1.2507692831930733445844339e-02 1.3785418602215018107903788e-02 1.4005113301048546792237914e-02 -1.4979155870136778849754933e-01 1.5020940030964405331737055e-01 -9.8397333115417817683834301e-02 
-1.8197938150117209322130820e-15 1.8860426769778238645854870e-15 3.4858433631811187211286124e-16 -1.6727671408364030724267052e-15 1.0850847333885457746127656e-02 -1.9546392376983228594822251e-02 2.2616184237245637311808366e-02 1.4352666953774869881832466e-02 -8.0639444710621704937025811e-02 2.6380729740509895053790501e-01 
-2.0903939325608403287937165e-01 3.5452384238800277449499276e-01 1.0538477233773852706928203e-15 -1.1274029312202325339190290e-15 1.5858394082252583179304395e-01 3.1096165065926828496856160e-02 -5.8521391368352763950877460e-02 -2.3197256336977312152214381e-01 2.6406311164836030848810990e-15 5.9388655100164290373700272e-15 
1.7947191008667866263248669e-02 4.9374569278665030383490553e-03 -6.8437422553972851457793070e-02 -1.3397751098945459569122818e-01 7.4102063716642657675848227e-02 -1.6356583768790483590649387e-01 -5.0178003192578037168174142e-15 5.0881545976384758713941144e-15 -6.7598296489668865576970643e-15 2.0589036511734062619094855e-15 
-1.3118073614006985506269531e-03 -2.2317739676429936002133303e-02 2.6786019453043860560903511e-02 0.0000000000000000000000000e+00 
15 (band)
1.1834678519228976067978465e+00 (Ry)
0.0000000000000000000000000e+00 (Occupations)
-3.3562997125289550925941739e-01 2.6336486804711961573488566e-01 -2.8112397246521159122067957e-01 -2.3449480977474901344237423e-03 3.5867047773357717933658460e-15 -4.0740800987916916044556306e-15 2.6874313815273664918237273e-01 3.7333088516563348036036984e-02 1.3413872795461007081385674e-01 2.5389707396488114810040315e-01 
1.4654709724477893885329675e-15 -4.9096708548483136908957107e-15 2.8563216992645024117081221e-02 2.4744163550896564052195004e-02 2.2324329624369232405456387e-01 1.0978373142523742411746923e-01 1.3477232970298871905789895e-01 -4.4331061930984912156095135e-02 2.2000147651735619790347024e-15 -2.6910759594590249035424275e-16 
5.7367590010074250165378776e-16 -1.7300479920767417553446921e-15 3.9620458532791863470734484e-02 -6.5218383464201602067733532e-03 -6.0054746711116498147919884e-02 4.4471346320972646171121312e-02 -1.4226380420844517149525643e-01 4.0220584448368024155229250e-01 -2.3861730650399801123562327e-01 1.4865385199501554569501138e-01 
-4.3060851286532446466665308e-15 3.8814541014895193150858155e-15 2.4691140549589696284726870e-01 -1.1247840520919781537312332e-01 2.4930192930056097044833052e-01 1.4249726506926291280663577e-01 8.5121297055683874814052220e-15 -3.0460623961543082158475597e-15 3.7375307598977544620844071e-02 5.5872512637515359124051884e-03 
2.4731561415007802251508906e-01 -2.6926269718661619001487395e-02 9.0038270720691843118643760e-02 -1.0964457903209974543035088e-01 2.2192635903105676745784638e-15 -1.3202172016480163131877356e-15 -4.9144124018714297920995800e-16 -3.4819290380647407255504732e-15 2.9958083821897282805757357e-02 -2.6736273552712096213124227e-02 
-2.6876960739571117975366121e-02 6.9727342036953410264743525e-02 3.5375520630831863710952234e-01 2.3834104672669295665876632e-01 2.8000512421048595612660392e-01 -2.2832131325084006889802879e-02 1.5653951950362089455336282e-15 -4.9312308773693185868534577e-16 2.6526177887305474323298426e-01 -5.6158390518949580227925367e-02 
1.1532579375898169282699257e-01 -2.6298016009449010077503317e-01 6.9917907406299147287713533e-15 1.1328419437986869951992006e-16 2.6825074228074910487329419e-02 -2.6761779772432298107887050e-02 2.1462891616716681109089393e-01 -1.2579648494033046635109940e-01 -1.3758342090343675390151645e-01 -3.4403594430235787116068025e-02 
-2.3248326939729857940938752e-15 1.2273933356734050010296344e-15 5.8996714665382925801200964e-17 -3.6283541575604728165646737e-15 -3.9978175381491828921376452e-02 -3.5717928554033218091490198e-03 6.3124549638377436266978293e-02 4.0060057349308668406262512e-02 4.2639491865736800502162396e-01 1.1686483141348277814408618e-02 
2.2418207790413158253528536e-01 -1.6931205435991050767263744e-01 6.1991175204703639303253768e-16 2.4515753260451755638443468e-15 1.9387675706788431995164501e-01 -1.8955046617040902101614108e-01 -4.3539028125101651711670314e-02 -2.8383614346901075986551177e-01 6.9662685035814590461774478e-15 1.1148369438000706437168855e-14 
8.3094805910191166242739769e-03 -3.6969311546705845017424252e-02 1.1381206019496351022901592e-01 -2.2121740942478948510618864e-01 -1.3459989209418016242736371e-01 4.4672967949845668322872427e-02 -3.8178930541725003350827034e-15 1.1433633259219263355624639e-14 -5.8621242715840838839953748e-15 4.2957586456654235601872409e-15 
-3.5668552203240451448085224e-02 1.8405613131847228802762118e-02 7.4763072180577899716880097e-02 0.0000000000000000000000000e+00 
16 (band)
1.2367751846757994993453167e+00 (Ry)
0.0000000000000000000000000e+00 (Occupations)
2.6083769711774285049443733e-01 -5.0276970488083572163873214e-01 -2.7881194085694477324821605e-03 -2.1363094983720035124896697e-01 -2.6895016113332452624729516e-15 -1.5341987547060804739385158e-15 -3.4820974535385890158423194e-01 3.9202750406646141856370491e-02 -2.1206131588691251588230102e-01 -8.2679382498997977535282189e-03 
-3.9717813680845429454191145e-15 -1.5097752187096565926283953e-15 -1.8946191316720384367755514e-01 -1.1698533234102984068591979e-01 -1.1096195972772365800906869e-01 -6.9578533820686835897895151e-02 -5.6010669656359486634489286e-02 1.5414100384676393540317463e-01 2.1411713885173542579452250e-15 -3.1209496629661639621516330e-15 
-1.7309257512295044878783308e-15 -1.3055875028311539833036567e-15 -6.8547546766515032867772561e-03 -2.0830762057212712928810916e-02 -9.7378980153585981138775196e-03 -4.7813878706012467867392246e-02 4.9164927878733138966182992e-02 5.6426632918355967838408560e-01 1.1682327423591945536607284e-01 1.7888062761234713171631938e-01 
-2.2082972485889957695186016e-15 3.3329798369025936694410444e-15 2.7299732782948155085378517e-01 -2.1968008875825476011733883e-01 1.8347947377552611958329010e-01 -1.0664728407999672643580169e-01 4.0905013988985271761066984e-16 -5.5920024307793516857524613e-15 2.2265185979395568649508164e-01 -2.7447867333154560287589163e-03 
1.3097032404300590346934996e-01 -7.0929212520992601653802012e-04 -3.5301507549137682573370256e-02 -1.6015757161933572016998539e-01 3.1743736965090219585103881e-16 -1.6398480130226075067075205e-15 -2.3569570158950325988161258e-15 -2.8895849960198372057604351e-16 1.6949341266041577369616533e-02 1.3915032885637609177953422e-02 
3.3841936612617418145276815e-02 3.5152766334653806623578021e-02 -5.6331873991371617105272662e-01 6.4651744245235398533822035e-02 -1.9893235048583557400547761e-01 -7.8777654871183364071463018e-02 2.0801231423206175583309185e-15 -1.4588837508572037394914615e-16 -1.5995043424701094192386108e-01 3.1034080281913845045238531e-01 
-6.8810334375638770865180049e-02 2.0229053952825323814401770e-01 3.5056154172001164922375313e-15 -5.3044246910649640582932777e-15 4.2717309343744028216072195e-02 2.1909533757050225766249696e-01 2.5512883306223393953260370e-02 1.2859439925129234616463236e-01 1.6382924947228286183253942e-01 2.2495655972836064995235006e-03 
-3.4234398195597709486524850e-15 2.5587368240822360878085303e-15 -2.5000558601615135490229029e-15 -6.9292023651543195667254757e-16 -1.7119768633139440666690589e-02 -1.3450712102684277832187476e-02 -4.1286186263852622801984182e-02 -2.6201010525049271693287523e-02 4.4098360615898668513068515e-01 -3.5642854805819818020395928e-01 
2.1017531712649858977037809e-01 -4.0079109865137324542061492e-02 1.1030201481868516227898365e-15 -1.6860641121884627331775466e-15 -3.1238299394846801709801909e-02 -3.4773513478101664153641082e-01 -5.0294204573520656653684568e-02 -2.0766997251848845484900608e-01 1.0430021772584152425948866e-14 2.0468250443216978283810980e-15 
-1.5346456970647753825787163e-01 -1.6209923290228611669760994e-01 -9.0445564638601830265152159e-02 -9.4905355858376908018136930e-02 -1.3953098786756312765788834e-01 8.5884730614517554303510849e-02 2.4560412523753364491123686e-15 8.0429414920053225052759997e-15 -2.7904576790935305943125054e-15 6.3153257338383320983789614e-15 
2.1661950691256662282491163e-02 2.1835810887062302720895701e-03 4.8898283494900600387733647e-02 0.0000000000000000000000000e+00 
17 (band)
1.2897073564555268099240948e+00 (Ry)
0.0000000000000000000000000e+00 (Occupations)
1.4730834959893635005556689e-02 -1.3479099470074640265693233e-02 1.8701384789308883593861310e-03 -7.6321366204435414637430313e-03 1.1093029458472835121844653e-14 -1.5251083501289877778880368e-14 -3.0677317763128479632950274e-02 -3.8429530051425364600703460e-01 2.3433904798005722458498212e-02 6.5892189700886838465976325e-01 
9.5114741235131793835298207e-15 -2.8593312871213633564796902e-14 -2.0708328580001301999491403e-02 -4.4044765578158173724432345e-02 2.2954316749947651504770718e-02 6.3091548625383117587794857e-02 -3.3743907160592723215586375e-03 5.5826751824962772552396473e-03 1.2384421763367135102577929e-14 1.4879674073216999141406688e-14 
1.1729598542299304512532418e-14 -6.2215105243297469954471537e-15 6.1895899426711115109966954e-02 -1.2634054243629636027357321e-01 -3.5688794031009829499367925e-02 7.1618381303195643994286002e-02 -5.2151926543141380321344514e-03 1.9273956177154993874012234e-02 2.5104931618541992399684659e-03 7.4460963872360896864677215e-03 
2.5625434969065689168543326e-15 -6.8508606015747503177652033e-15 2.3181743526689785328542825e-01 3.0803352500779429545829657e-01 -3.7285390844026783385700696e-01 -5.4378964426758091832425634e-01 3.4551118107297038311132178e-14 6.1813902015063732970998592e-16 4.1084985685905753283186925e-02 2.6092148217444752211768844e-02 
-5.3187112933011294890750520e-02 -4.0970418392504925897412704e-02 -1.4225463730718063137814511e-04 -6.5216975179780353744085630e-03 1.3263800268047598291872922e-14 -1.4730776020993352825413170e-15 4.2190532061325873327252895e-15 -1.4562742585678537899575826e-14 1.5436211569511443242319615e-02 1.3983832951419411516624791e-01 
-8.2420022873966151955027470e-03 -7.9592411435840310085509941e-02 -2.0551736380120921854341987e-02 -5.1661450771451344898821390e-03 -6.1007421525658689365201326e-03 -6.7436341188303466909204076e-03 -5.5827868433898567160773356e-15 3.6362452943654441632195585e-15 1.7397433404124473810270501e-01 3.4301817842392190449629652e-01 
-3.2280133460364801578634797e-01 -5.7459011809343296661722889e-01 2.6574134569737901888624411e-14 6.6937484156964748845747308e-15 5.9238706300485041711390011e-03 5.0214979192282405140446144e-02 -1.2402462671136788019410346e-02 -6.6294882388458820088317225e-02 5.8475027037928374584740965e-03 2.4683661871160388588675172e-03 
-1.0897767805968008042589875e-14 -1.1838660829659169115152412e-14 6.1895446202817179558594177e-15 -1.6674937622313000890359413e-14 -1.1845103494509623409669530e-01 -7.5790437055485743167437818e-02 6.7446365648603123776894108e-02 4.2802765189825904557086034e-02 2.0120563902346469409287977e-02 -6.6502504799962336434759891e-03 
8.7644468220904048205710524e-03 2.4248974913026327682175065e-03 7.1372815404745365211076527e-15 1.6001561695138591936378958e-14 -3.3068971971612121096839587e-01 -1.9639971718021437263601570e-01 5.8043096259977600137602849e-01 3.1217687788816644856026983e-01 -3.1715476773712153583765971e-15 4.0660887521514560855049462e-14 
-3.1908220760546696093129526e-02 -3.9223740596968863225679769e-02 4.5994319931981823834643563e-02 4.9329048695544830405168568e-02 -6.2598265701369840835477376e-03 1.0491381302459340703336910e-03 -1.6990844950659784033540185e-14 3.0063799466863074920613721e-15 -5.3429693545434272677323917e-15 -1.4235916510633931222862974e-14 
1.4062206358626655466892430e-01 5.2274407536883390340554101e-04 -7.9881718478657187665348260e-02 0.0000000000000000000000000e+00 
18 (band)
1.3811164877900101721763804e+00 (Ry)
0.0000000000000000000000000e+00 (Occupations)
-3.3174586435460547246168771e-15 -1.1068042811621993641910180e-15 2.2624750021897427290682328e-15 6.0749767255843934423361391e-16 4.1926637480077966202429707e-02 -1.2911566374109617605370204e-01 -6.8382970000518167769742489e-15 2.0921564878473317307948727e-14 -9.4682517186149863196060256e-15 -2.8478778990325701195330227e-14 
-3.0411231818286443839838284e-01 -3.6305123398571526038836055e-01 -2.1138177114234700388645661e-15 5.3389129071352666914380779e-15 -3.0222693942973334016311087e-15 -5.3594910948242098848857564e-16 -5.4309423469975317162171128e-16 1.5317406937644826880640353e-15 3.5838177053645295377926061e-02 9.0406777807712390693239968e-02 
2.0050233152388644009000984e-02 5.1918508890860755322638198e-02 2.4183187075446409040068342e-16 9.2937896348413655576732984e-15 2.6214604476046440959329900e-15 -4.9596150678173544203884052e-15 9.2069918755490509408968301e-15 6.3988078563221473745677191e-16 7.6255548046683874806277253e-16 -2.4519381798401812113749322e-15 
3.3783801437115359989071806e-02 1.3148137630156775390588564e-01 -4.3457757423416678091632427e-14 -5.8880968240174399680005363e-15 2.8068253809224910422527342e-14 2.0504805084436775092263150e-14 4.5130310185057587180068595e-01 1.4358276647656387225993058e-01 -8.0341677946983567023057506e-15 -1.6498335184819708865421274e-15 
1.8513513083696124144386986e-15 2.0985187178501799541572610e-15 1.7113173973891658747473278e-16 4.1285428093139569732990762e-15 -7.8701547682614503287368279e-02 -5.7129911609210576317607888e-02 -4.4748299982521444473348993e-02 -3.3092794738316340386052872e-02 -2.8355957200764679840961970e-15 -7.6999746946641380392176233e-15 
3.8029163288626776828896159e-15 1.9960106467687024206093789e-15 9.7993096261601654501173928e-15 -4.6456499061404192151672998e-16 1.5999006980574044781962797e-15 2.1542215809438241877453529e-15 -3.6648069667426758089234795e-02 -1.3071623820286820683023166e-01 -2.9951643347173615793683096e-14 -8.5522255905568921530920361e-15 
2.7294970660850434009342978e-14 2.1807264105169838727640368e-14 3.1863508303248400110874172e-01 -3.5034331541642826923776965e-01 -2.8204223041628112711444060e-15 -2.2187606359765771325210758e-15 1.2922096429133534639510420e-15 5.2536582526869381210572098e-15 -9.5879363486373796735172964e-16 -1.2422222310476815249265754e-16 
3.9464640624490177067684726e-02 -8.8873857997132127417572178e-02 2.2144071157477809852487383e-02 -5.1038612638102366647618879e-02 7.2111772504205601543910236e-15 3.2867701729096191100131392e-15 -5.2895445318089932804158135e-15 -4.2667548042318617643512961e-15 -8.0750665279020073822320312e-15 -3.4462283049533024924529754e-15 
-2.3137337684127707799076825e-15 3.7138786349937149100106854e-15 1.0098425160393112443024677e-01 9.0730352519145254786003818e-02 -9.2943129837779625634929040e-16 1.5423045898545112876780767e-14 -4.2895714812559196265561148e-14 -4.0213591139191332503032961e-15 -8.1309162807102902670308708e-02 4.6653786002811342692453422e-01 
1.8826423689344127308469412e-15 7.3203773811264875759736146e-15 -3.4826604136490705705315107e-15 -3.0410433638499920586500691e-16 -5.3211314474489382992943346e-16 -2.8696463584466432068146607e-15 1.4299896338928873990026247e-02 9.6184892054925544280230554e-02 8.6509985674687803203219971e-03 5.4958712605389148375678587e-02 
-5.3265568043265866229309173e-15 4.2137663855954058790084856e-15 0.0000000000000000000000000e+00 0.0000000000000000000000000e+00 