89 (index of k points)
0.02435252043959367646008829 0.01401955493878259684237264 0
18 (number of bands)
52 (number of orbitals)
1 (band)
-1.5448616407976993869510807e+00 (Ry)
0.0000000000000000000000000e+00 (Occupations)
1.9429996156963580400400815e-01 2.5943852785053328480202595e-01 -1.9002855450305916606978940e-02 -2.5681566895654203003251936e-02 -3.5706564208033422002322192e-15 6.6227936780240657501589300e-16 5.6720300168633941417795086e-03 -4.0646231789733828360100532e-03 2.7541802917591846899814101e-03 -2.9226061580239900625222127e-03 
2.5840434687608322874483319e-15 -5.7616558586841995197592551e-16 9.0552167852425147209771694e-03 -6.6638635354687517087235449e-03 5.3669751635979003751009131e-03 -3.6396938697598798378995966e-03 5.8830126030622043042939140e-03 7.8987452221004599700604487e-03 1.4027456560114148949847967e-15 -3.1283375358454166286154318e-16 
-1.0674734610181304461010138e-15 -2.7029595828985478349675265e-16 -1.5083986611217200732304455e-03 1.0993487784035716262054372e-03 -2.3653312437128398704189181e-03 2.1582768066058478570456991e-03 8.5149843462290944473558341e-02 3.1274642916835959649546339e-01 -8.2143928367251969890894259e-03 -3.0873534682721422151008284e-02 
-1.9545866606404531787139056e-15 3.0116614430466350990902138e-16 6.7700077265222240868736137e-03 -1.6911775430433319614142995e-03 3.6366551577748651435939564e-03 -1.7034890953213860723125528e-03 1.9396676419509755408745969e-15 7.9005159366993347585304226e-16 1.0872459424689617790704688e-02 -2.8624559919116108683279087e-03 
6.3299479851713982836436401e-03 -1.4083864445668242953296767e-03 2.5621647328566022477902564e-03 9.5097489584714776922336199e-03 -9.2664545973903910219749963e-16 -1.4088650269758544492493942e-16 3.5537284554769929754497670e-16 8.1549233164050068151629284e-16 -1.8071708837498062782955799e-03 4.6687006155482621214125594e-04 
-2.9937440557440222511920158e-03 1.1359785187754708763591127e-03 1.2398069622234117459491642e-01 3.0076354636620789007039889e-01 -1.1974623736370024196240536e-02 -2.8812884858695653189641916e-02 1.3469755219526051443465948e-15 4.4070946228084853838250701e-16 6.9741100324849786273873065e-03 -1.7395928006627603586153885e-03 
3.6864833737477314956620944e-03 -1.4968770682416223955640833e-03 -1.0544790288307348904809705e-15 -3.7620555981130374587803135e-17 9.9210078031998528980128782e-03 -5.0960741266492482967609412e-03 6.0749572881968680326814081e-03 -2.3154648713702664572511303e-03 3.7787565554480862656250295e-03 9.0985744745110640196994467e-03 
-4.3151955850613498067055955e-16 -1.1671778937771228131498259e-16 1.6825841316520600831689744e-16 8.3449634405061378316402130e-17 1.7715718349506307666141325e-03 -5.8973368561336246985310483e-04 2.9958576233156666498991250e-03 -1.1861439434401950705766371e-03 4.5558900816571401906629468e-03 3.2528321156202855135575192e-01 
-5.2699322727099706664688483e-04 -3.1197695838750913455150737e-02 4.7684625729857214921115009e-15 4.8679859195016493402028604e-15 7.1247503398016304165807355e-03 9.4990865501033976310563123e-04 3.9786427576991934343397794e-03 -3.4676057381875704382911962e-05 -3.0746828619509658028992851e-15 -1.5509109351386987277871383e-15 
1.1100309780050401919915259e-02 -1.0860433335687870361890850e-03 6.5007319093692101860670896e-03 8.3476142998934523562284959e-05 1.6399033265299968985251322e-04 9.8506936681835924329853071e-03 1.5312398624651037854135006e-15 2.3403321693337145816753333e-15 -1.8206880927426168900808933e-15 8.4115172283611379348472913e-17 
1.8642612844142188253254711e-03 1.0383857547082186491022721e-04 3.2221266818265831104184382e-03 0.0000000000000000000000000e+00 
2 (band)
-1.1857391636169674065115487e+00 (Ry)
0.0000000000000000000000000e+00 (Occupations)
-3.8215079482777797315051771e-01 -1.2881485882885748694981487e-02 1.6411166688632294885508145e-02 1.6342987302486698675263455e-03 -1.5846828648461360553089987e-15 2.6267365091900260202756350e-15 4.7090181327250915654936136e-02 -8.8598253537250898359545204e-02 -2.5233264284467971788616936e-02 7.8208113726668887499826610e-02 
1.2639922067460632016092201e-15 -2.0877224945298868983158606e-15 3.1884431872501547977627467e-02 -2.7458063350925189516349434e-02 -1.6864824970417656435639486e-02 2.0600157408222102839445711e-02 -1.0419349878369671760780513e-02 -2.4619597022086381343797257e-03 4.3250027345629799050456698e-16 -7.1518397823115976412449234e-16 
-5.1584624405454761781764494e-17 2.1850484328504677897278859e-16 -5.2960301255993323318871369e-03 4.2421227601625866032719614e-04 1.1407047803303069916092127e-02 3.8613573009824153636770916e-04 3.5057283186582116618623672e-01 1.5265599308127586475336557e-01 -1.4657091404053568944876318e-02 -7.5608859265963376805608220e-03 
-1.0828274966284705568871350e-15 -5.2874659251844522981813288e-16 -7.6398535766325798013198778e-02 6.5041520892764881356384876e-02 5.2251622675840332654662035e-02 -6.3427081021236161872955961e-02 2.4013489401874199945917926e-15 6.8204497387961776203759953e-16 -3.9753382309610646450082072e-02 1.3792419431055320117041063e-02 
2.3263941427256535493528489e-02 -1.2945185815421797470570198e-02 8.7813587010468693860865130e-03 6.1246907535611391781849022e-03 -1.4172305759373906452385076e-16 -2.7000389829070204509928552e-16 4.7396333791594466650042547e-16 -3.3609693544313653744883397e-16 5.0802872336894950092145429e-03 1.5551761217262385916804135e-03 
-1.0463858777994477361472647e-02 -4.5582342922508029686712305e-03 -3.5443150521239663586214874e-01 1.4001419575306928155811192e-01 1.5467274104795723788097206e-02 -7.3317067957975323722052963e-03 5.0631955162544157811817101e-16 -1.0367507143455085375762415e-15 -7.4038416228978054522968932e-02 -6.7179281514754829451874230e-02 
4.9806593988593397814845787e-02 6.4889060151885530336457464e-02 -1.7403721543834724882578308e-16 6.3488923209430115091841250e-16 -3.9391154398420613613751584e-02 -1.5402194435292414220750601e-02 2.3013593963996600150201388e-02 1.3908147830716983961441002e-02 -8.9402749466982994047681288e-03 5.8099998875506680962033101e-03 
1.1243137653129762587956923e-16 2.0621767172995037173731454e-16 -1.7446685239292897206639445e-16 -6.0020954199146705760931058e-16 -5.0980262401344872413844200e-03 1.3765161675685644304678590e-03 1.0582941395695991820824489e-02 -4.1900829140204109285461342e-03 3.8108474258556507274775527e-01 2.9303241191491313094585891e-04 
-1.7080089048052499167695828e-02 1.1229652190859235223741042e-03 4.2837925671687368635009153e-15 -1.4819973508099456341557732e-16 4.4108835504826256201926782e-02 8.9717075147062272377773695e-02 -2.2421743690239758634019651e-02 -7.8667352453413802448878300e-02 -4.7961006597477805137376345e-15 -1.4655196041285846729911600e-15 
3.0955043174784722948000848e-02 2.8821449309665753829579060e-02 -1.6277567824652443284616510e-02 -2.1403337798919959411581004e-02 1.0451261032521414265361592e-02 -2.1108665628309340733803623e-03 1.4630264771683446075298971e-15 -2.4056224901416791968133457e-15 -3.8275829222430010804850150e-16 9.9760245471953784136395149e-17 
5.2467543209691550748496880e-03 5.9685626417587300980571730e-04 -1.1382242459689667288258441e-02 0.0000000000000000000000000e+00 
3 (band)
-1.0661198312124533504885449e+00 (Ry)
0.0000000000000000000000000e+00 (Occupations)
-1.6236550649636233289996312e-01 -2.5817941927126919487989198e-01 8.8069598377838731462219357e-03 1.0617755251606922350937623e-02 -6.6290332551667093500934403e-16 8.6746316638843514980763025e-16 -2.0917084713463257594767697e-01 -2.7885151655174897356026520e-02 1.0483962487284251285934999e-01 1.7508458015207027658188821e-02 
5.7919170192659805037558110e-16 -6.5607134929480300298150973e-16 -4.6385752540751085115644514e-02 3.6005241056644987640567024e-03 2.4856599141391377827403630e-02 -3.7786183737782697011908795e-03 -9.0098073289761205356684926e-03 -7.7803762873282413664588475e-03 9.0250410862094730791049645e-16 -4.4020041000568242060217519e-16 
-3.5673715193984591915243088e-16 5.2420184517483921761428502e-17 -4.7893764208814006144709907e-04 -7.3502777819167072759221071e-03 1.4741618731081195317611510e-03 8.9839016565557983096113048e-03 5.5921446828015176910842143e-02 2.9981988262909936571176672e-01 -4.2798477668340960400339412e-03 -1.3114197316655775565896747e-02 
-1.4386997759134119143002346e-15 1.0873172777400706696816608e-15 1.8421692621948820844934858e-01 1.0292788285052398289387554e-01 -9.1032124721068849448890603e-02 -5.4872992576644602502611292e-02 1.1291477782980125030964467e-15 1.6283625478236307112469051e-16 4.4453823318456091306938305e-02 1.3728051754683823909575224e-02 
-2.4502083599429312632533851e-02 -5.6370539271025851824070685e-03 5.5129594563751715963206834e-03 1.0550742216073411006149740e-02 -9.5576191847875651174878359e-16 1.0236133538193740496346321e-16 3.8971800840058797920361230e-16 2.6253896581150674638837894e-16 -2.2605127627572628445928871e-03 7.0104241516311532889105251e-03 
1.9365537326726705094626091e-03 -8.8956956919189304755501979e-03 3.0375129442128206980200389e-01 5.3941501186662577094210747e-03 -1.4009506226069445844473194e-02 -2.6317941108355211166092147e-03 1.2533767796689651193426539e-17 -2.1104824825056729718334483e-16 -1.3051552983395778295694356e-01 -1.6431304056500531385331954e-01 
6.8092673115427354568751639e-02 8.0877035532199187395363538e-02 6.8732988939197171481106472e-17 2.8458942663174908013891681e-17 -2.1330111716268640442706328e-02 -4.2211628364014833203476940e-02 1.0046249986976937829119549e-02 2.3345830578392137710785903e-02 1.1280828535785131228053046e-02 3.7038983883999451914015300e-03 
2.1880946543169885231996088e-16 2.6001145873393232558787878e-16 7.6146030340273248061484476e-16 -9.9185039018596613220834306e-16 6.5571062311750184098402272e-03 -3.3952477279845343083319875e-03 -8.4397100402141787822696273e-03 3.3415175910538616813050261e-03 -2.8043509201145871978511082e-01 -1.1683366332790566521904196e-01 
1.2056881438108405651954413e-02 7.6042234927621915260842478e-03 2.8998968765030910500681659e-15 1.8624292260411641760045370e-15 6.0862606124606262458787143e-02 2.0082037248068373980203205e-01 -3.3538143796247726902137742e-02 -1.0026415071790961697217881e-01 -2.0238431963319931995283041e-15 2.1035574155123601093579431e-16 
4.2930995055657956982475554e-03 4.7099517318177033797788056e-02 -7.4659357052225469586481665e-04 -2.5404675597934391062526771e-02 -9.1251531764928034418105085e-03 -7.5965475863020636912437134e-03 7.1536979109866449456082788e-16 3.7792143136099028818169911e-16 -6.6206839736095155157140978e-16 2.0876947736518298960310101e-16 
-7.3465172403382426880025236e-03 7.4298970298925881648038905e-04 9.0771386116047046016541699e-03 0.0000000000000000000000000e+00 
4 (band)
-6.7217355197433792390881990e-01 (Ry)
0.0000000000000000000000000e+00 (Occupations)
-4.7667558868059236171807889e-16 -7.2254375529157929730370693e-15 4.3080364274783835739363931e-17 -5.5896455265135783842212369e-15 -1.1459631396343056275455297e-01 -3.2683020570582460573305639e-01 2.8763944441181617533652172e-15 1.8242198645952367648506869e-16 5.8877176089838120487774976e-16 2.1333974256661871042269840e-15 
-8.3725706881242756285388396e-03 -2.3897000911267073791632853e-02 1.4702496878112100003740248e-15 3.8006865730143594600628728e-17 8.8133767372629656800458316e-16 -4.3299068769805283450583897e-16 -5.0671706825467148974967725e-16 4.2600530111743227202475635e-16 5.7463867642757321396729253e-03 -1.6654392582185970073105352e-03 
3.2889664309229075384033436e-03 -1.0066637825675000400549308e-03 -6.6910448671613115116895664e-17 1.6052155433542132921067230e-16 3.3852864253807678592511482e-16 -5.0827613802283467638795164e-16 5.8806036452235658229572836e-15 -1.7603252687396183281702653e-14 3.7962359417713685009648930e-15 -1.1246721742156686888317349e-14 
1.3765265186632649058173783e-02 -3.4606475696039229461575815e-01 1.3565752143983404423368749e-15 8.1254217118132905595631281e-16 -2.4023552138765996776670632e-15 -1.8536228762492864834781980e-15 1.0124534187102261773016920e-03 -2.5301018369932523621734788e-02 1.5665152201800232701052144e-16 -6.0273024799634535433962214e-16 
-5.1825478256539875510830428e-16 -4.5781634187835382265246689e-16 6.8934004770650080135191549e-17 2.0544356760313921479987313e-16 5.9559443741980661046753198e-03 5.6689979618551209969434801e-04 3.4285813050091290543619493e-03 2.7477698195249242174575954e-04 -2.5981900299373467347727347e-17 -2.3934786354060695459349184e-16 
3.5023983532253423932748828e-16 3.5511614852933858821928905e-17 -1.8297251112570217952441479e-15 1.1563244682257129517241201e-14 -1.2679659289616840357389201e-15 4.9616963561680008751807509e-15 -2.9517701501363669686073266e-02 -3.4511246241322635075476910e-01 -5.6062869994157912862618342e-15 -4.9388684568322911755228294e-15 
-4.2934774196021255527229642e-15 2.9383898702527021551113930e-15 -2.1601767175441488610942997e-03 -2.5194706584818791356150669e-02 2.1048093627307817460736392e-16 9.0564462528554024997296188e-16 1.1483612549424793772688428e-15 -1.3230981622659925757970253e-15 3.5095379873591816196159018e-16 6.1328043416660957172308869e-16 
5.9251666534237473413226915e-03 -8.3712629792640153372773604e-04 3.4130177051846250640965152e-03 -4.3095242773540933748505077e-04 1.7886368350927509012592461e-16 -6.3105823773807818660084583e-16 2.2203502574173638932025782e-17 -2.8913265551382883191861100e-16 -1.0534021623296399299272002e-14 1.8147027952627538433246412e-14 
-5.4947115240341891349813893e-15 7.8998761416896138386114395e-15 9.9599506078341018544541896e-02 -3.3174364320028359998104861e-01 -3.5147358831447339929243048e-15 8.2203275307418125053953542e-16 1.2051952948674561816684800e-15 5.4359008605107066568739268e-15 7.2663085742225097876656470e-03 -2.4220659839283405212473355e-02 
1.1060091857910120781523405e-15 -3.4448994752963776292432637e-16 1.2362928979320745888735728e-15 -5.4292914993861112443318131e-16 2.2144820609615711711898805e-16 1.0566106612296494642707709e-15 5.8172473732871982435299607e-03 1.4028589763430815689354558e-03 3.3319877778888637963328190e-03 8.5572618218074890644037067e-04 
3.4627297201116011528997680e-16 1.7890871397188837171508541e-16 4.7292680494285152261683535e-16 0.0000000000000000000000000e+00 
5 (band)
-6.1430573917751729595693178e-01 (Ry)
0.0000000000000000000000000e+00 (Occupations)
-8.1708743784366988371914431e-02 -2.4816062544457423433286181e-02 -9.5784150303959703087741673e-04 5.7525863848066974282069452e-05 4.0258672327146539677197690e-15 -3.2388301168927745081113556e-15 9.2785555153815327256161538e-02 -1.9518451823902244202102452e-01 1.0664681355135380291798697e-01 -3.5926048392068643533292516e-01 
-1.1556933256432445217749337e-16 1.4104752944037202110205704e-15 1.2411519113470326214354600e-02 -2.4835553817641964347018302e-02 1.7285742006550669502829010e-02 -4.4563045767993553214481040e-02 3.9052916469738130356148531e-05 -2.8285335128303001894778390e-04 5.7238152833280594539286727e-16 1.2496969772915438266826142e-15 
4.3118817413703073511285305e-16 6.1645929995795439447077880e-17 1.0044083654379205861051361e-02 -8.3166573662086934470849542e-03 -2.3886844245508982026438005e-03 -7.8749248695174633994042779e-03 6.6835466738605742165191259e-02 5.3152386182218916421682309e-02 9.1175518963582113940447016e-04 2.9911877931409341924151590e-04 
2.5461186877338123421066820e-15 -4.9662184599817512279617789e-16 -1.5812204087981424072140157e-01 1.4732133448146467191719466e-01 -2.3141030447554905569162997e-01 2.9477263972446365869473084e-01 -1.8515071991176398942883345e-16 1.4037753295678515015863929e-16 -2.0682515765652505213001433e-02 1.8522529031876358573960317e-02 
-3.2476627748427182307278116e-02 3.5070366050655735201679875e-02 -1.4043574685480321451169772e-04 2.4861405757103244296146727e-04 5.6601867853720261778876561e-16 -9.0839573915543536533678891e-16 -2.0399143299694576315954273e-16 -1.2137001918992281324257688e-16 -1.2400318576905260126164166e-02 4.0351586578956724626898733e-03 
-6.7801058486095452937369998e-04 8.2012533571049588132506614e-03 7.0220642837162602911682541e-02 4.8477755028486960164890718e-02 5.5089252557596890547131352e-04 7.5653508874125308114599875e-04 4.7367399078001278000398751e-15 -1.8688493546436357386666192e-15 -9.5123550857812988468253934e-02 1.9411022911673073143568047e-01 
-2.1509662955341579682055908e-01 3.0698434282903741543435672e-01 7.8457860510691202649163044e-16 -2.0075541214837816405258016e-16 -1.1747323726938596610835930e-02 2.5123136990474984053811625e-02 -2.4101273939329689866006845e-02 4.1208379870652123155849722e-02 1.9774922925295222719821453e-04 -2.0837615351836742336177899e-04 
1.9321235535457432811190809e-15 -5.6342384355255165610857518e-16 7.6246173527534830141205274e-16 1.8423236311041071414393498e-15 2.7093141803438648348989481e-04 -1.3047486647789707792099989e-02 7.6544815677606504317198599e-03 -3.0306236455013395303392798e-03 -4.7443650648940058345282011e-02 -7.0923419447804489368358816e-02 
-2.3370777540073633948836118e-04 -9.0620560081704215615872045e-04 -3.7885784596307594581938982e-15 2.1835986003828891007708074e-15 1.5990038210690421527360172e-01 -1.4546181209380898424754491e-01 3.1300026223772237088383008e-01 -2.0624447295996900519909900e-01 3.6007226450592392933529978e-16 -1.7060320548729372472053094e-15 
2.0170828940076150626037332e-02 -1.9034423733270765255465307e-02 3.7578614195492889005212334e-02 -2.9442311937242098690559189e-02 -2.6057096176401229638275314e-04 1.2094690120075168241874780e-04 -1.1661763485682610570504641e-15 1.5914574557983040574080011e-15 -3.6206865480677037514338286e-16 -1.2924239903149415510949468e-15 
-5.0550058476538217017148824e-03 1.2031509777981811912250798e-02 -8.2326039472243543043683545e-03 0.0000000000000000000000000e+00 
6 (band)
-3.7138202506322243179326392e-01 (Ry)
0.0000000000000000000000000e+00 (Occupations)
6.2989823186422141954032838e-02 7.3695225628301219700233560e-02 -3.3846571337708625595852574e-03 -3.9668703204783911653308337e-03 -1.4676352285010463373612011e-14 -1.3259184194339213287156109e-14 -3.0874306736680606766398682e-01 2.3532626479012644371557883e-01 -1.7883482066216069283903778e-01 1.3726906830587873309390545e-01 
-9.6905889068061599100328109e-16 1.9485134538638749830721287e-15 -4.9947453352857530683994725e-02 4.4778830639307751204647445e-02 -2.9177534211978339157012030e-02 2.6365975514729744766384556e-02 9.6811342455973767306964817e-04 -1.0593208937960505063025085e-05 -1.1339138729840474302777454e-15 4.5889453711029425177979712e-16 
6.9764724769255454634211195e-16 -9.1587134560957035869627447e-16 -1.6019751417321530240212013e-02 2.2607058589699080553003796e-02 -2.7489414199962987350733812e-02 3.8876161353525104380501887e-02 3.1437434479557685440553882e-02 9.1708188395632245226707369e-02 -1.6866722534952249823447801e-03 -4.9342781398996060637784922e-03 
9.8738718505987676234150782e-15 1.0053331938382101557523313e-14 -3.7369142017948930867277113e-01 1.0514492394487730264618364e-01 -2.1680852547725787404786502e-01 6.1796063589891522815911173e-02 -1.4534095768111818052662203e-15 3.2447862620687351652129757e-16 -6.2924154656326836132507196e-02 2.3247419870739333136455684e-02 
-3.6834548168952298274891888e-02 1.3773497330876662003706912e-02 9.0402871813007740220413666e-04 3.4653700478421301661713372e-04 1.7887890185780326636425372e-15 1.0922762596948147170685636e-15 -9.8241444408454043993263517e-16 5.4938705461653469129019597e-16 -2.3217001508448006918960971e-02 1.5122247667180101216022337e-02 
-3.9870280442329444903215574e-02 2.6026612382180361326966533e-02 -5.7617988582925973306547718e-02 -7.7871011180582663802063337e-02 2.5450725048740581446526932e-03 4.6288562007505548376307125e-03 -1.9985050576592524681503677e-14 -1.1305725930340338999904758e-14 3.0065134320618491781118564e-01 -2.4368077725515327469629767e-01 
1.7575744491064759777998461e-01 -1.4230487617613896134116658e-01 1.3565624920890839749830373e-16 -5.0966552295213353169487737e-16 5.5914904193091183315367232e-02 -3.8482747974435710380802789e-02 3.2134503285613964795874864e-02 -2.1986311817128387224862252e-02 2.4384512864587636190791264e-04 -9.3612177825414151499661131e-04 
4.9688475102420812222303732e-16 8.6731500452602039206064821e-16 -3.4071248749324775919875957e-16 -8.9875742303654246781380502e-16 -2.5810359337328878104322882e-02 1.0353327693220710711830002e-02 -4.4056877308738848220137641e-02 1.7443351706695673503100252e-02 -2.4905619790613325176265036e-02 -9.3613231401726629266057955e-02 
6.6235295157743290239693579e-04 5.2407053294247357699831014e-03 9.9918806339207815332503772e-15 1.8915901413093812397295404e-14 3.6924342648874491912280860e-01 -1.1589151552299858938255284e-01 2.1580105838489976877170307e-01 -6.7611096907075882156412661e-02 4.8352088947278044658715401e-15 8.9207667573925959898323734e-16 
6.6154807513594482415442144e-02 -1.5196705084501039434430325e-02 3.7971606743536140404771118e-02 -8.6128560912164045526573375e-03 5.7133087769769977729006349e-04 -7.8061863844121120656338597e-04 -2.0276378790832256304732477e-15 3.9531349419189888587360938e-15 -8.2758549670118941481235894e-16 1.3466404355806133088693185e-15 
-2.7809179330038413108239226e-02 1.2485365416600681040537602e-04 -4.7384374607678532431709328e-02 0.0000000000000000000000000e+00 
7 (band)
-3.5908398106209449274217604e-01 (Ry)
0.0000000000000000000000000e+00 (Occupations)
-1.0057319225485125691044175e-03 1.2524936889459110933575658e-05 -6.8538409291688060648306546e-04 3.1186072768827483026043978e-04 -2.5728032185062923973463328e-15 -2.9686201680286804548349299e-15 1.8956166651660077970831253e-01 -1.3215592072055201700031546e-01 -3.2379989955910853938192417e-01 2.2830711484013227474676455e-01 
-8.2902332631628147567478688e-16 -5.7028412039790057017171240e-16 3.3701049383245647306228676e-02 -1.9738761095555303753945608e-02 -5.8273094622194349101462763e-02 3.4203545771695667565559518e-02 -3.7152139821441249045719246e-05 7.9667452601242137386061692e-06 -9.0395975220100263178044252e-16 -6.1944046267402111744440246e-17 
8.5286733412494546902480455e-16 2.1775479705189916132711094e-16 -4.5440184768115815527877999e-02 1.4763382085518583775041179e-02 2.6648800594148650683345991e-02 -8.8334861419162441498187377e-03 -9.3971662948189038644386528e-04 -3.5858922230547207732342940e-04 -7.5205760428179169174711660e-04 3.7654058853475724788495427e-05 
3.7606902541333210539912713e-15 7.9509887078196804434181380e-15 2.2489981935281386227210021e-01 -5.3093163864304016019701749e-02 -3.8510698726827952143025868e-01 9.3075893754801408697119314e-02 1.4504703210300728976443316e-15 3.8354424011668923410808956e-17 3.8600765865154207379106310e-02 -5.9464521979961382225354782e-03 
-6.6772118127090371308973715e-02 1.0349895701178390972074794e-02 -3.7475940542752543549465116e-05 -6.2693224415939774463168987e-06 4.7717126400520714304451575e-17 1.4709586484960334204293761e-16 3.2024960677752331668963933e-16 -1.1319437072847061841476288e-15 -4.7683978738156024279604139e-02 -3.0010021763732068478258697e-03 
2.8029251304204427092114926e-02 1.5969100951292031220773993e-03 8.2615248773295832385166193e-04 2.7998905603732193725363686e-06 3.5509853008171970989437227e-04 -1.8022303238885567511218255e-04 -5.0952753984338084527034310e-15 -1.9675633912065064969938209e-15 -2.2865204826695720297102810e-01 1.8681038811447107927943279e-02 
3.9376149119109787877235362e-01 -3.2019817192786084736333407e-02 6.2814660561980483908358208e-16 8.4976690974512768485035742e-17 -3.9811689602037320101501905e-02 6.8729945519484872407112164e-03 6.7372171523158455586077764e-02 -1.1363859408881585300044037e-02 -4.3100774439642965812913289e-05 1.0144224499281269402661820e-05 
1.1683362275317288313069212e-15 2.9110631035739213629940211e-16 4.8047120631488208414554883e-17 2.2805632850812654183814905e-16 -4.4119191024108564413985789e-02 1.7764025916996859649765739e-02 2.5720953458722370377209643e-02 -1.0183645887291353088199841e-02 7.6710644839007510742412421e-04 3.0673028738854163366411854e-04 
3.9650678662253233119905360e-04 -3.6846650193884944446409690e-05 5.9798254725020254093329205e-15 3.6012563303919537631887136e-15 -2.1947224698495534922493277e-01 -6.6803242369857532279020518e-02 3.7789745643891003989978117e-01 1.1518199970087211747582501e-01 -2.7915971236131091321676982e-15 -1.9031843580537230629824271e-15 
-3.9546090900499084042074571e-02 -8.2653117043323190427095426e-03 6.6824376547126806968890378e-02 1.4235501238044623306677749e-02 -4.3808424707473797696157675e-05 -6.4345919058782740079099893e-06 -1.2571682721955684596024811e-16 -2.8970935647982938434503443e-15 6.4137875994342181866629114e-16 -7.6257775368093036494654040e-16 
-4.7560360485202450575581423e-02 2.7521613177361795282011014e-04 2.7663587807503105947537492e-02 0.0000000000000000000000000e+00 
8 (band)
-2.9187740652616900316473902e-01 (Ry)
0.0000000000000000000000000e+00 (Occupations)
-1.8156279239428993490618080e-14 -1.3859897983684592409279262e-14 -8.9720929835681019582111048e-15 -4.9875439183771796712518847e-15 -3.4369003740384379552708083e-01 -2.9567813905684131592366271e-01 1.4444652371394781522959587e-14 -8.2605486199465151773171481e-15 1.2034257569824187041272931e-14 -9.8975374548895799444889215e-15 
-4.4717632522454919818954977e-03 -2.5330310889944834817910646e-03 4.3602522986082006568008771e-16 -1.0964818461901064098356691e-15 4.4513404623878166668411394e-15 -6.0730862004762536074431056e-17 -6.0347815334126102432846110e-16 -9.6371816369591781070286941e-16 -3.1674334073300711156484510e-02 -1.2331896317333959633977258e-02 
2.2456024468019114559425020e-02 -6.6182730231650888086392115e-05 1.1415694356324883930466865e-15 -1.3339242571360201818639235e-15 1.1205664672027067520443339e-15 -1.2629201754097045623045749e-15 5.6984378063435673441814498e-15 1.0861428573118064754876520e-14 4.8780137531050305507181174e-15 9.0069313685486722007107121e-15 
2.1070853253320570575013448e-01 4.0143532236771750643100631e-01 9.4490551267515826551197398e-15 -4.0634932814198173853234326e-15 1.1951126852495873445919316e-14 -1.4502939924828215835667821e-15 3.2252693858255479519847597e-03 4.0013185915129768563391899e-03 3.5651460441494516328832500e-15 -1.2508387240814356311068634e-15 
2.5223780382011803331240613e-15 -9.1130070530787772706774214e-16 -2.2655325563674437266774948e-16 -6.7207432224320536721485462e-16 2.4910377211951523213073756e-02 2.3126007284587447865309429e-02 -2.0903447004857383939580018e-02 -8.2050788160248321057022025e-03 2.3073801104171409837806245e-15 -3.7252439193014540519829330e-17 
2.7087418659611216727406039e-17 -1.2393592182232815472855679e-15 1.4594864711033149640820231e-14 1.1907053091426710482647357e-14 6.6456831613973414358322130e-15 3.0628981841814610276514097e-15 -3.6495197290617226171249854e-01 -2.6895296068364893393720649e-01 -7.6548245124214148464630298e-15 1.1692340749417926413370398e-14 
-1.5709955045780935505699524e-14 1.1909295339641200148042538e-15 -3.4841018423823373606484921e-03 -3.8068827501842681521049272e-03 -3.4296965624552648073810990e-15 6.4018685096397267366767576e-16 -3.1306381035637937924857697e-15 9.3618466206847110306713813e-16 1.2647651771160133956414650e-15 9.0388275591736763236950980e-16 
1.9090950203875321766755491e-02 2.8115853712433913624835213e-02 -4.9493732470862576711123637e-03 -2.1900606747669498775010766e-02 2.1483740391019050350819992e-15 -2.6022531816066020588157600e-16 2.2896290672037668174042827e-15 -4.9816257744945030838991194e-16 -6.5553047709911877259303140e-15 -8.6175139385835244754410913e-15 
-1.9027503574185618850562793e-15 -5.3662779813657892703619982e-15 2.4031557454180021982104165e-01 3.8441392043116101584487865e-01 -1.3027304101967469728403408e-14 -1.7954850699521895205891477e-15 -1.4088556595621095560739660e-14 3.4555315027556770085330046e-15 1.8380289579504245113528160e-03 4.8221334978917756997063293e-03 
-1.4576898118271906522813450e-15 3.4407874020731502438822248e-15 -2.4888402206743861329096220e-15 -9.4887536551778226053213012e-16 -1.2288995738887537194806015e-15 -5.7095946977707551034480878e-16 -7.4001805215890481201568285e-03 -3.3169307166622558069590809e-02 -3.4603401974837703393428345e-03 2.2184654993322484861639765e-02 
1.2548630518215668865872326e-15 3.2743852690236649276867833e-16 1.6837560701252808619732173e-15 0.0000000000000000000000000e+00 
9 (band)
3.3647924729728995174582451e-02 (Ry)
0.0000000000000000000000000e+00 (Occupations)
-2.2230289308828178976089772e-14 -7.7805365395129579099033498e-15 -1.0484809557839453702627039e-14 -2.3509233844126332311213364e-15 4.2563839691398780429310023e-01 3.1023561297568424954818056e-01 7.7254346750124227194938707e-15 -1.4061128788966310584419836e-15 -1.5495939760370066438545269e-16 -3.2422527279150588501333828e-15 
-2.1739392442832863872048677e-02 -9.6750203439837836189019171e-03 -2.1794451481217312864043796e-15 -1.1874408316769688664002667e-15 2.2200523440505512971997092e-15 1.5008597221127514820658772e-15 -1.0818715140177806975040202e-15 -9.0249305275983662273633594e-16 -6.5371804520768087010118563e-02 -2.2783626922206139109317036e-02 
3.9201503195012810110142709e-02 6.0106717774510293184064835e-03 -5.6215420359213966968919521e-16 -9.8582147173674595785536121e-16 8.3772951992724749473623395e-16 -6.8533715065920148839245966e-17 4.1613440730870240843790042e-15 1.1877142406556641788407992e-14 1.8158514725539642431535169e-15 5.0700314726661524488088084e-15 
-2.8154322668827547193615146e-01 -4.4513772249931232716235741e-01 -3.0486407716629989890786202e-16 -7.6201116894804092466582308e-15 5.4409401530815470645324649e-16 2.2883987204172609784220881e-15 1.6651163374503296504824945e-02 1.6998410534985516212591605e-02 3.0620611170820544903319860e-15 2.9356621323798478764814309e-15 
-5.6953865977851312700007043e-16 -1.0242838524461630510753316e-15 1.2994323779644170689397719e-15 1.8195625948015745174598177e-15 5.2393954214221334642065386e-02 4.5248646872915722350061429e-02 -3.4235960022787573220348634e-02 -2.0019617111297093037247663e-02 7.5095364960427121874044173e-16 -2.5103481719139113444791057e-16 
-1.9394687141821387661084450e-15 -1.2207460660250554103564868e-15 2.0121223880445338105298722e-14 1.5732020845680746964547348e-14 9.8167394818605295681680070e-15 5.4312383240861004821895497e-15 -4.6117197443366642062301253e-01 -2.5445487628647800448788985e-01 1.9667710907764852642132340e-15 1.6276231351118380301411426e-15 
-5.5145621370138731713241355e-16 -3.4926565730502672271832720e-15 1.7982023880676906157916051e-02 1.5618395364303984743092890e-02 -2.4715150697572044653623250e-15 1.7254472040688950230459372e-15 -9.3618629761077323799387525e-16 1.0596417803691944694109226e-15 1.3894510160647333943553214e-15 1.2492691828229788177405005e-15 
-4.8300628496257450028572578e-02 -4.9600226512736315942486698e-02 2.2029980881855003305158647e-02 3.2981385206459254422206584e-02 3.6326973128548945517545966e-16 3.2968403275509560601421640e-16 1.5840301821637174625027283e-15 -4.3825285199686446634785040e-16 -4.5135327468284100702161788e-15 -1.7026721842633285121629700e-14 
8.4542851947269360342077166e-16 -7.3481105374644883455290138e-15 3.3511577026769229226133007e-01 4.0635488748988257690086812e-01 -4.1383325896897692706971480e-15 -3.1832323158805547788338652e-15 -1.3381607003352358167590343e-15 1.8973376810816066009116409e-15 -1.0969748165800439002048883e-02 -2.1141241254478245620296306e-02 
1.7479085034357879358790600e-15 3.9674487745640214588408074e-15 3.4955901373454905910791666e-16 1.6152456119937833900796345e-15 -1.3641283821328422798688813e-15 -8.9224083256390732493087548e-16 2.6649727431385075021585962e-02 6.3897771565846903096819176e-02 -8.3417005324677110517095358e-03 -3.8775093294773299579247805e-02 
-1.1462079539187830185118481e-15 8.8140437124114985460114511e-16 8.0310145318147091241013911e-16 0.0000000000000000000000000e+00 
10 (band)
4.7248594658256648504135455e-01 (Ry)
0.0000000000000000000000000e+00 (Occupations)
-5.3112518060448132839468371e-01 3.8601202673627321715343896e-01 -4.9704175726339033802858580e-03 2.2186772735794113575735764e-03 -3.2758794583603888893698817e-15 3.5564907622808179492804209e-15 2.2954068749069256316630572e-01 -6.5167120346283607945636618e-02 -5.9908797148529702170094424e-02 1.4569742618906589282090636e-01 
7.4612521134675717391900294e-17 -1.7723636354861962817186884e-15 -6.3602989165182088893146783e-03 2.1153649930122753186623186e-02 1.8100776584210942488084584e-02 7.7136699245475837116714501e-03 4.8747583171116250222443256e-02 -3.9340080355491455210703577e-02 4.7365235611417105489995383e-16 -1.3752869271482450193536894e-15 
-2.9874882834988914430195788e-16 6.9164145711615257721021296e-16 5.9086154340868987655532862e-02 -3.3476434850815597887851993e-02 -9.6628354066807697897445451e-02 6.9015857282738762856766357e-02 6.3592820866239152532983780e-01 -1.6338468619986429297696873e-01 5.4381269629647649432868661e-03 -2.3314121316193175958986217e-04 
-2.7969399186361747285469893e-15 2.4184632599055000468188963e-15 -2.3741115081065330971732408e-01 -2.3908706754452002662958421e-02 1.0933659072972520820421494e-01 -1.1341214177287362030455142e-01 3.2790821627553744229962308e-15 -2.1686134271710751017977913e-15 1.3700834293985365841539448e-02 -1.7326784102163123035822423e-02 
-1.3990085153771677009548746e-02 -1.3835329199055529381112706e-02 -5.9806406059831111743374521e-02 1.8632299418167887206099209e-02 -9.8389246207485741713334695e-18 1.1680026652999868029503002e-15 3.3230533992875335771063581e-16 -7.3198125042466737862055186e-16 -6.7260414552645100827454883e-02 9.3745378190756706304753720e-03 
1.1524920307174611744382986e-01 -2.8598051637393803736664211e-02 6.1182714204391719370335068e-01 -2.3687746605316997716705885e-01 4.4044581077749452024949761e-03 -3.1128812230658692294937850e-03 3.1822190105710118859139473e-15 -5.1622876325175621604854554e-15 1.7963324413966838544176596e-01 -1.5764601194826327601461458e-01 
-1.5509825181399969351581092e-01 -2.8598555511258609562741384e-02 -2.9810641719318589311729326e-16 -2.7891716132584665143805604e-15 -2.1324604473591753095451651e-02 -6.0541627340428283421402966e-03 3.4047259535320527346069497e-03 -1.9455186001759966485380460e-02 -5.9508265749017352774785650e-02 1.9598407490636817612772447e-02 
-5.3821172013329945667636330e-16 -6.5767078580653607561382275e-16 -3.6458336832641826229657404e-16 -1.8376052421806047781541035e-15 -6.0186498589446517371026601e-02 3.1459038117211568508224673e-02 1.1040822800742358666958864e-01 -4.3713709869874398106226465e-02 -6.5606290133255695806724361e-01 -4.9854950122398674836055044e-03 
-5.2410895894843580189448318e-03 1.2728945938237845245111224e-03 2.9779008074532138280046598e-15 -3.3263237385977154303840247e-15 -2.2505213411582000726518515e-01 8.0448147357306556970435452e-02 1.3367887708403888846753205e-01 8.3685739015922230854549468e-02 -3.5056759862193341507697757e-15 -1.7821356749105477025997877e-15 
1.7598429862069518703204807e-02 1.3479128634868173600147578e-02 -1.0327565776776504585798833e-02 1.6835611254358673338771268e-02 6.2544041200251199175141892e-02 3.6843152642481434046184408e-03 1.9782813990392490803895107e-15 1.0459285158927236028677529e-15 4.9655129802071368833046062e-16 5.0212236192326530185852645e-16 
6.7540835491216366648359326e-02 -7.0937460391507795726129260e-03 -1.1874706414190638881223094e-01 0.0000000000000000000000000e+00 
11 (band)
5.0933753944758386467128730e-01 (Ry)
0.0000000000000000000000000e+00 (Occupations)
-4.9028117458391612393242553e-03 -8.7528393198059606383765185e-02 -1.7351569818466562600267622e-02 -2.0779808553907291868156904e-02 -9.7571692995607504863400397e-15 -2.3140896697949629808505530e-15 3.8301840261237535267824228e-01 -2.3828576136830820209056014e-01 2.3829261184682681840030227e-01 -1.5804837771603061358227649e-01 
9.9386545112187473655769468e-16 9.7323199495548386461842675e-16 2.6373028315678823108036966e-02 -1.1728708229177205873972056e-02 1.6124330203767203717468703e-02 -8.3816909284179508254908342e-03 1.9446435916357158318890086e-02 2.8034019523997526224246002e-02 -7.7297017795497846875987365e-16 1.3125844088176991719655499e-15 
-2.6963965367421545670562178e-16 -2.6294233568936627971262011e-16 -5.9864290581438342475628644e-02 5.9859325974484789423257780e-02 -9.2112298614754575809548953e-02 9.5220794501924194142006286e-02 2.7662831517152479399168641e-02 -8.3186687223976901739419532e-02 -8.4835238816719227283869031e-03 -2.5708116252478215024712682e-02 
-6.3120827649512445530002683e-15 -4.2825432856885854106987914e-15 4.4384034372634101339727408e-01 -8.0554019710539936927062854e-02 2.7974035560531790300942134e-01 -5.9228304088968571072815195e-02 -2.6016356068822741948994039e-16 6.9680549177619132563208183e-16 2.8838647060008659739338555e-02 -1.1965178696808353997482754e-03 
1.8077529297923472517695132e-02 -1.8573372936212390049703913e-03 7.7608279521474542866910085e-03 3.3224082681367318736764815e-02 -1.2460395144600585503399266e-15 4.2355222417930864930207024e-17 -5.3142804363452703028951986e-16 5.6593910916125601236851003e-16 -7.7696097325357815766011527e-02 3.3618278560120867792804233e-02 
-1.2069696169543070451979361e-01 5.4625256971167282515899899e-02 -7.9180417514458326100346142e-02 -3.8029212309764762189878695e-02 -1.2466666554328480198687856e-02 -2.4122205210849331780131877e-02 1.1099063870828712024896356e-14 4.2781217998191834738194176e-15 3.6682385429635788742785962e-01 -2.6333927450784966328711789e-01 
2.3712078350843449059404122e-01 -1.5928982639545205546305340e-01 -1.0986232943821518035433621e-15 3.5671552670285548623258336e-16 2.0548957946779827787864292e-02 -1.9640577214708188069636208e-02 1.4020868181791070611330596e-02 -1.1859966065077567898278232e-02 1.8416280563148333671019685e-02 2.8713919392463007479454618e-02 
-3.4748022123319769428264008e-16 -5.0132414772697505019003475e-17 -2.0861837033572270757972301e-16 -1.2825271828298752737224948e-15 7.8192258906418760089351849e-02 -3.2376742357730706189933301e-02 1.2326211902737761738624300e-01 -4.8802925346705168518912643e-02 -5.9620603577181602306112040e-02 -6.4506923161338713956780566e-02 
-2.7112374166004364617332811e-03 -2.7017545241599091876416594e-02 4.5723236877591374952163736e-15 6.0387468433312984052201703e-15 4.3800584682019078064385553e-01 -1.0980979797135670406049712e-01 2.7910782491058555576657341e-01 -6.0813952662446942032392627e-02 4.3030476189492491206294535e-15 1.0528861474137813879720351e-15 
2.6336116610058035031327606e-02 -1.0696770911211284788011611e-02 1.7402218249728533538966957e-02 -5.8656917430728264944983508e-03 6.5527258929550307939293496e-03 3.3477012113222702482939752e-02 -3.1107870802222674185593373e-15 3.3403962740094403636309627e-16 -8.2758549670118943946426223e-17 -4.3104883213129123121688462e-16 
8.4619997507490843369204470e-02 -1.3186434005550387756067199e-03 1.3257177493539043511283637e-01 0.0000000000000000000000000e+00 
12 (band)
5.3458161840588513946670446e-01 (Ry)
0.0000000000000000000000000e+00 (Occupations)
-4.7111601482791301206964896e-03 1.1402801711625325242760454e-04 -5.0711153328544984753012415e-04 -1.4882332816949957188246145e-03 -5.8437408401385622548936863e-15 -4.0649495388886267238189680e-15 2.2480782432013624028144250e-01 -1.8769174389229592581074257e-01 -3.4622091352076528325554250e-01 3.0703585314275538831196855e-01 
-3.2884935876126841076503342e-16 -2.0182424521036437272866409e-16 1.3965275652262632011257892e-02 -1.3763292375161953473572396e-02 -2.1258962248463991739910739e-02 2.3407040683652652335311473e-02 1.1991845223963066083272544e-03 1.4459069057157700188831484e-03 -6.0099959578334349145940290e-16 7.5481566793930243622799432e-16 
-3.3811166572928438592744093e-16 -3.7181016701136130343219792e-16 1.2015070383306000745271547e-01 -6.1238998125424007334949295e-02 -7.5802240054679087544187155e-02 4.0207847844288290006797837e-02 -4.4223024399389909699920054e-03 -1.6282731531729599527835717e-03 7.6354831734237738061210621e-05 -1.5704045171898162180923464e-03 
-3.4386889930139997324113709e-15 -4.1677616758720938144428877e-15 2.7811496815951891603546642e-01 -9.1754090298550111670650153e-02 -4.3493550041068956835133008e-01 1.5802229765685787965523446e-01 -4.1542468969269020911951895e-17 -4.4224059412846874476650990e-19 1.8051190769494147164708764e-02 -7.6558247662242562281420533e-03 
-2.8382789594353034084983634e-02 1.3937370063633769401434392e-02 5.8269973827741999156115682e-04 1.7858195076116308019908985e-03 -9.4024471339699875644042904e-16 1.6572334411192294754509139e-16 7.6735368882546466420879442e-16 -1.6684099284362099071951265e-16 1.3425687797868141037938017e-01 -1.2708156373077969525375863e-02 
-8.5280636382589217192595754e-02 9.4796457611656479574913092e-03 2.4708414008366265737781653e-03 -4.2129998820505942802583377e-03 -5.9131288427750807595861815e-04 -1.8990467318190373813280303e-03 6.7906452246733769578118367e-15 5.2568264719971762254710081e-15 2.8887117790634531111493288e-01 -5.0468110014236920723984525e-02 
-4.5857320927918571173975693e-01 6.4937418934465862552229964e-02 -5.5142987869079006377546094e-16 -2.8357266793548891131062456e-15 1.9032112422597953493852430e-02 -1.0709179131842875253022296e-03 -3.1338639265163469038721900e-02 4.0517447508665871414024195e-04 1.7492706045060856315243036e-04 1.9155162597140193078693038e-03 
-1.1533051293487285538977868e-15 1.7533893281411642553931151e-16 -1.3295478997557651758122806e-16 -1.6705271290370557101111828e-15 -1.2468048258911654246894329e-01 5.1580303856546542984329307e-02 7.9919773831676060860118582e-02 -3.1642476916741324455273343e-02 3.8482389319083962903045304e-03 -3.0075708399361078537737058e-03 
1.4929691307737948113842918e-04 -1.9833657878660926332514691e-03 2.2972645401961271417466602e-15 2.1657970355320333842915311e-15 2.8716417909200547819992266e-01 5.9416511171812749769749473e-02 -4.5027564534384628691654484e-01 -1.0843477235953874471263703e-01 4.2812714135746726958003317e-15 2.1172227717091843083398705e-15 
1.8089841785067194146474634e-02 6.0104735782185638587327148e-03 -2.9287084560886883499719602e-02 -1.1159800861617335740461066e-02 -5.4250549871426778300587124e-04 1.8453969225001609112679635e-03 -1.2022476003078760422871143e-15 1.8523399742848150005218773e-16 -9.5172332120636791085068396e-16 -2.6276311768062733999127412e-17 
-1.3491295724509552722558681e-01 2.0602067791606303026608060e-03 8.5955899127011806126752447e-02 0.0000000000000000000000000e+00 
13 (band)
5.6029633647162024878696229e-01 (Ry)
0.0000000000000000000000000e+00 (Occupations)
-1.1896422077500935776672719e-01 -1.4642788673796816589778302e-01 1.8244927996129045588702411e-01 2.0446033093579335515599382e-01 -7.6608086486092190759402869e-17 -1.1197621880396947281885574e-15 1.3495031023370351874746120e-02 -1.8003863783470804016406674e-03 6.8545594220731920209743748e-03 1.0220633608204465758717561e-04 
-1.8674216207515126653621107e-15 -1.9409553736098491309428751e-15 1.7481959672166313968233453e-02 -1.3007323227142805754930066e-02 9.9775746767103157264244828e-03 -7.4887011793104002466137104e-03 -8.9618014511034904678865587e-02 -9.9610547569898011399658344e-02 -4.7921700909034858566569492e-16 5.2077919029458945713205842e-16 
2.6251065509927812545521950e-16 -2.6358288361059670048574768e-16 -8.0581081406224091406853560e-03 8.7756226549789567714654481e-03 -1.4351152879711837062615132e-02 1.5745227148774340597547905e-02 -5.6706434832645903620917949e-02 -1.7993885652555863252644031e-01 9.4370182507752281564350483e-02 2.5726646757442245272429204e-01 
-8.2626293854019603592509150e-16 -1.8270923041754051289360135e-15 1.3210128952054079470856962e-02 3.2938953388440836769768261e-03 6.3355835100180057928298538e-03 2.6183606690961258589567251e-03 -1.2729717229430613021841176e-15 -4.0875291027057705642935882e-15 2.1042630075042069448532089e-02 -5.6583646965797061711977989e-03 
1.2033689092420044031150894e-02 -3.2898280516247477289759615e-03 -4.6655634337504039987898352e-02 -1.2560613638130738167753009e-01 9.1966814189756857323235031e-16 2.5119499564357031147644389e-16 -5.1081369393165833421106532e-16 -8.8741270289957083200738378e-16 -1.0722761634287696075329421e-02 5.1929801388763980468654680e-03 
-1.9139569194005976587869000e-02 9.3565302335458389731970286e-03 -9.4599519987201174942015314e-02 -1.6423218544886666880877613e-01 1.2531626679417975922525841e-01 2.4330460466917638862049955e-01 -1.9511898752580755316673399e-15 -1.9682275978320418838893771e-15 5.8955787456486524744647681e-03 -1.3031214096629925580650422e-02 
2.5981899930398316689306171e-03 -5.6114275356923225268612754e-03 -1.0904544144699769728552010e-15 -2.6938257107167489766554642e-15 1.8602580300588165973518784e-02 -1.1311402461596904711615963e-02 1.0451168430731475056383317e-02 -6.8288856009115217471361348e-03 -6.0862681870002183215362379e-02 -1.1934421786504666174177913e-01 
-2.6226830203945667275665567e-16 2.6708253039799016892907372e-16 -3.6980082255545905519642324e-16 -2.3908911620124363062267666e-16 1.1133008310919990935250468e-02 -4.3127329552171403057037047e-03 1.9799929170932664690418790e-02 -7.8393465309838736981840057e-03 -2.7498509455630447406715433e-02 -1.8752363023585749690624880e-01 
2.6949719404553637569499358e-02 2.7235089498746162250952807e-01 1.5369147832401655936341305e-16 -5.5043498475203329124539245e-15 1.0278680348670072089434235e-02 -9.9458091610622571809852133e-03 4.4814402129028521951092934e-03 -4.2609158459830237530852060e-03 1.0224725902088143453644549e-16 1.1257126208177424104824164e-16 
2.1460246711747503478573407e-02 -3.6690094792749504415407813e-03 1.2231131114119470071344153e-02 -2.5020055529536453994832179e-03 -1.2655153653753036663287546e-02 -1.3336849503622724699702928e-01 -6.6352509820154273106439636e-16 -4.1685798692295554558602609e-16 -7.8620622186612994900212165e-16 -1.2389218647005001648863065e-15 
1.1938832234679711344349506e-02 8.8456012814764760528174481e-05 2.1295364500446899852503790e-02 0.0000000000000000000000000e+00 
14 (band)
7.2823641647902748186282906e-01 (Ry)
0.0000000000000000000000000e+00 (Occupations)
-2.9612375181191311971532912e-15 -4.6712901557323116034810957e-15 -8.9339790805879027718310993e-16 -5.3923761650511735766979347e-15 7.3243657400667494528079260e-01 2.0051365314997837696608940e-01 1.9886201556507383912188037e-15 -2.1038308951407260280961952e-15 -6.9789229862363608582362448e-16 6.2205774220313754736564431e-15 
1.3813674656665914097786185e-02 5.0621007148204250070122612e-03 3.3872871840920727472358812e-15 -2.2747076583936021744042570e-15 -3.2782305338453761685532685e-17 4.4595780126788905233338269e-16 -7.0365352094829113641639392e-16 2.8729026183044512856035121e-15 9.3959936679130495740253082e-03 -2.4019464853581029561979676e-02 
5.1930539794607611867038877e-03 -1.3934818260344487145241388e-02 -1.6692454917898142441282643e-15 -7.4379297141265469783001352e-17 -3.8556558813316074364863974e-15 6.5112727316796155198182824e-16 -2.4535422802130133601799482e-15 -3.4785742132134375901817361e-15 -3.5880853579328747418570195e-15 -4.2770668380726523502495733e-15 
6.0718830504295517869195464e-01 4.5606076597451128407101351e-01 9.5362637879553310850484124e-15 -1.3017199714074479434706792e-15 -5.5205924316925779811941662e-15 -9.1183686834887753555601798e-15 1.0980146318184051679178737e-02 9.7917750177487529461561877e-03 -2.2858795975388960235258619e-15 2.0118046635472041946813619e-15 
5.3114158343988278339591707e-15 4.2677232882076418124827359e-15 -1.0960357032097956861594276e-15 -2.1644922159350421456928845e-15 1.7578328728933115959742750e-02 -1.8873837658449282156380988e-02 9.9581282188805839150624877e-03 -1.1044575680339015211206544e-02 -1.2145274509305459459986884e-15 -1.5779991168181350255395854e-15 
-2.8188178799343654965606248e-15 6.9335413843557854187864196e-16 -6.0905131346218041725988659e-15 -1.5430342025407876409044995e-15 -1.4391151073768429331856265e-15 -3.8100548046846910909498047e-15 -6.6067912697051056625241472e-01 -3.7444936817406110352024484e-01 6.7834901602331810521536500e-15 -2.3139522084265002299362657e-16 
-6.1791184463831725360321921e-15 6.5393584320040247201328993e-16 -1.3402395093173070927949908e-02 -6.1593136440815307586227334e-03 4.9263023156866158316014055e-16 -3.0323060121927588829937775e-15 4.7234502878367215444126280e-15 5.2502146821268093474408441e-16 1.0741004058245233010036859e-15 1.7098412729170916257427488e-15 
-1.0281724076396537431721256e-02 2.3652067856363305498046401e-02 -6.1437379848885810898484472e-03 1.3540930209205881418199624e-02 -5.2910653910900247769468999e-17 3.3547610154089299340754839e-16 1.7019686028876647669292849e-15 5.8881955001048608466051186e-16 3.2898051627494695594077140e-15 1.5309916215233149406652485e-14 
-7.6380893301806948567645575e-16 1.3707891613691760254146886e-14 -4.7643991081222369921022164e-01 -5.9136642576807652016412931e-01 4.6947101729809768614632989e-15 -5.5955678013750049971640128e-15 -4.4625420788958137929960785e-15 -9.7289763604725683465726060e-15 -1.0193837232140042295402971e-02 -1.0660535694054522684592889e-02 
5.1813926134977200065238612e-15 1.6149217041875648826176835e-15 1.6886902542622694959923552e-15 1.9640658552357671943352769e-15 2.8313197897508604334186325e-15 9.6174969156629136885525587e-16 -1.8266612180315187907719832e-02 1.8206181459032914210505183e-02 -1.0697051990009583816165772e-02 1.0328377708072728619059788e-02 
2.1370588375640194865521490e-15 1.1637033586436936399801700e-15 3.2756307985741025510635696e-15 0.0000000000000000000000000e+00 
15 (band)
8.4964599074719981963710325e-01 (Ry)
0.0000000000000000000000000e+00 (Occupations)
-3.9868840462131749369234512e-01 9.0707058803848483741205655e-01 1.5889784995447103765897623e-02 -3.4674521087744360203775074e-02 -2.1440220006649254471164845e-15 -4.6310403982629830503747526e-15 9.6659809312975270012557871e-02 2.4010284007998816679929632e-02 5.6453286076564912487896208e-02 9.6344378967543331526712791e-03 
-6.9185052493289938786711767e-15 -3.1692057887690039034489181e-15 1.7113454876966777140623321e-02 7.0333329105459752028650655e-03 1.0378488752883996415476986e-02 3.4815046137887106780794966e-03 4.3415980524999203682412485e-02 -9.8316848047120264375564602e-02 -3.3966285749587510495641026e-16 -1.9062065950236071435525638e-16 
4.0301564859519559626865073e-16 -2.3556648270588169377220595e-17 -2.6325118392608176653979513e-04 4.8984049736516405149089337e-03 8.5626008590822255683860931e-04 6.3365288660084395644389588e-03 -7.0460605828829381280797861e-01 6.9660591318721398756963481e-01 2.7538491019549381222386586e-02 -2.6390134373118573352101635e-02 
-2.1595595022479491508191865e-16 -5.4914049241933289352565350e-15 8.1033242769359165036391346e-02 5.7907046556076924304079512e-02 4.8942264804000268352268677e-02 2.9739714495684244077722269e-02 -7.7347650478990592537094834e-15 -4.9257707353466580563775670e-15 1.3322545405332252010932592e-02 1.2839310479117946317551002e-02 
8.3680474728720088961608781e-03 7.0575976551018049232055773e-03 7.6560003512645580237006016e-02 -7.5430205070727271432495797e-02 1.1426571928477197563433188e-18 9.7277129211868139391609857e-16 -3.2570572395592159034791573e-16 -6.0712749743498920730067197e-17 -2.0479879004908566053622110e-03 4.4575125385357405871644687e-03 
-1.5365013606885025154724644e-03 6.2067659028730987058608548e-03 6.0461436482448316365179153e-01 -7.8502443944816491239180323e-01 -2.2366832075567597004628340e-02 3.0786193281448187564208752e-02 -6.3388345636019038537610613e-15 -1.3673830856275066364899909e-16 -6.7362702838738464095058589e-02 -7.2420974081502123564924034e-02 
-3.5704737989992713087517018e-02 -4.5461978130964392219581782e-02 -4.0637723297735832518494543e-15 -6.3852847858509042435977575e-15 -1.4360166615524319611019166e-02 -1.2491631904977686107205415e-02 -7.9956820089676639007336689e-03 -6.8491286292770015009523377e-03 -6.5422528562031595500414483e-02 8.5350893989356885205310732e-02 
-5.0870502600840330638090439e-16 -3.4361953602875556281011682e-16 1.1394061648492666870782832e-16 -2.4863484317408931021777683e-16 4.3344717327469146905816189e-03 -2.5923350960506096052338165e-03 5.7253905876051940093685033e-03 -2.2668424949409994584303973e-03 8.5114299006243521183989742e-01 -5.0732387204875128983161403e-01 
-3.2129308158305447395974852e-02 2.0390498550321677073693394e-02 -5.1805094237100478907820696e-15 -4.3813809144429971919451595e-15 -3.5972318436601986857414914e-02 -9.2133183636229729063238381e-02 -1.6461755454285222077803752e-02 -5.5413268969414390674455007e-02 -2.4385391494289058589169296e-15 -2.0388343718115982050342043e-15 
-8.7532688452273185036878189e-03 -1.6900755527440546044370961e-02 -4.9128647076436080670669426e-03 -9.3115656112928366083814069e-03 -9.2248088375392695015264621e-02 5.5273615218447882946328775e-02 -5.5230003932467364633308586e-16 -7.6572264821341223937083476e-16 1.4922400987393321829969085e-15 3.4415058900977872336869506e-16 
4.9843920934947247985968843e-03 -8.1466674810850669800899038e-04 6.1578139203365663337241820e-03 0.0000000000000000000000000e+00 
16 (band)
9.1247056113139834998548849e-01 (Ry)
0.0000000000000000000000000e+00 (Occupations)
3.9836864985415912039858265e-14 -5.7958465258610798718795062e-15 3.0014618058560405907071411e-14 6.7701921440203847171709190e-15 -1.5992253494579558581456524e-01 -1.7055595315595192817959003e-01 7.2562204249170166884258453e-15 -8.7418683753557870068689208e-16 -1.2250588320387456574907524e-14 1.2877598406155429124593360e-14 
-2.2865931390879817852734845e-01 -2.3585854822644514161567031e-01 5.4449902329524729747912102e-15 -1.0003506628609775966093565e-14 -4.3669327451281461573110509e-15 3.1393612360615767972749872e-15 -1.3016336825900177254320161e-14 3.5545234467880701836401609e-15 9.6371443346789271988672709e-03 -5.8816258479421606314430093e-03 
5.2816539884318058906131910e-03 -3.6337401077159749152034607e-03 3.7120223557934673477020203e-16 -7.4521061876213526542008500e-16 -1.2509949474027024259515055e-15 -2.7468613510053038099501818e-15 8.2001641281031109430850204e-15 -3.0691798369958956535157855e-14 -2.0181097372870609791880390e-14 -2.4064643276720655413820166e-14 
-8.5906378593000418120162465e-02 -2.1745032641378281290656105e-01 -8.8023743181007727031643496e-15 -1.9720185844539168590538329e-15 1.5381803572113293818341372e-14 -7.5159907600560769088719322e-15 -1.2577673078902182335347959e-01 -3.0347083978654804115038246e-01 -1.0497986995627585953943257e-14 7.9289483867402759523767956e-15 
4.6019542205286407331275045e-15 -4.5326052523541985591569064e-15 8.9161405251815023668803728e-15 6.1686001291552609878861010e-15 1.1125561077829710515674222e-02 -1.9209279648455224957098730e-03 6.2484266367674214104344088e-03 -1.4342595960567718765821255e-03 -6.7295383443972329530780047e-17 6.1407423674603372922547261e-16 
-6.0947690436583665159036858e-16 1.4574197084592863934343086e-15 -4.1187235393776709384095673e-15 8.5759673333964486020388037e-15 2.5133687116210818369085144e-14 -1.3446153867104109247830789e-14 -1.1935416466099602050832118e-01 -2.0100214568132615533535557e-01 -1.3187014198306381618083096e-14 -4.3393183156847194155137025e-15 
-4.5242994553115754791757120e-16 1.2773765341800219383149904e-14 -1.6296859905351931963046752e-01 -2.8517279374286436111063381e-01 -2.3371656563359636173057414e-15 -4.0119999246262729323030552e-15 6.7386556526337025782238687e-15 4.4242620246290747040661787e-15 -7.6609325012865500638146893e-15 5.5842994160456530265496750e-15 
8.3295817217782300301287535e-03 -7.6283508761892321672903883e-03 4.9634921350665481276642765e-03 -4.0627086350867765152106159e-03 -5.5436828646282361462364855e-16 -2.8024075009889327653056956e-15 -2.8164898076626226634339107e-15 5.8826750605679558639636136e-16 -4.2960200173137092528734934e-14 5.2255721614891972544370561e-15 
-3.5892840882706561577238618e-14 3.9061853003892450070681486e-15 -3.6978870827028685608350855e-02 -2.3082426714446574456118810e-01 1.1185614491417513547700708e-14 1.6697050865178949210673823e-14 3.4834622922225244763105223e-15 -1.1699724007792375116633035e-14 -4.6545264203679659331669427e-02 -3.2513970066539882308731535e-01 
4.8133966442801394680124824e-15 6.4800514232233982629045133e-15 -8.5127956557396629973801942e-16 -6.8222337103240369889164350e-15 1.6262382274871708518495108e-14 1.3411757037915838337643883e-15 1.0552832476211653281450431e-02 -4.0263377254036889982269365e-03 6.1105210740537976507602558e-03 -1.9502276359453156288903397e-03 
1.3724761781766697647492583e-15 4.3440776506797254564705462e-16 2.8256283834444069408355788e-15 0.0000000000000000000000000e+00 
17 (band)
1.0450253409119689695927491e+00 (Ry)
0.0000000000000000000000000e+00 (Occupations)
-2.8199887880825469377299441e-01 6.6353973378702191254774334e-04 -4.0528171525123202201257300e-01 -6.3525053359891503479417452e-02 -6.8717681916882589401108682e-15 -4.9838191810564235374792573e-15 -1.9485746075849086356157613e-01 4.4638566397759427140101707e-02 9.1478001598036345898279365e-02 -1.6665104560653709597772831e-01 
-1.4669324569586285710843697e-14 -1.6991748870620039405871070e-14 -1.0659208464225862489360708e-01 8.4926061484556503167198116e-02 6.0509673344191536314973234e-02 -6.4070457783425557862777566e-02 1.8575204457383537315351418e-01 1.2463947845624247234841420e-02 2.4358844785070401444650673e-15 -2.4022962896944639008456130e-16 
1.0044667624842083078530456e-15 -5.8003284910783328229378951e-16 -3.6621474867233640149155605e-03 1.9901312172584274123865455e-02 2.0709931975505267709447565e-02 4.1030842520051631627797661e-03 2.6244019183043471032945604e-01 1.0319376747694916640618601e-01 3.5343627714868719458252144e-01 2.0825825101695782937127888e-01 
-4.4307217420615862356794956e-15 -7.8757403881322885697945118e-15 1.9760643740080882646559246e-01 3.0227926178598721329571219e-02 -1.4640243648024531264439929e-01 1.2127292513488562020196326e-01 -1.2445840072999695159703782e-14 -2.2884749920217595623200124e-14 1.3037018227745111875748307e-01 -3.9723091528782721038037806e-02 
-7.9846380056032728589343606e-02 3.7296108654198932563783586e-02 -1.6811959802505685446227801e-01 -7.9968573947209450891726590e-02 -1.4813611537805849403393896e-16 -1.0648029915673959374315558e-15 8.0359494377490809134352625e-16 -2.8403384192737346257092163e-16 1.0731140262380046632162411e-02 -1.7155645690976138034722354e-02 
-1.7745161720270349187122960e-02 -1.1438785701746929587829804e-02 -2.7536762144184850908956719e-01 5.0188192498684391917862513e-02 -3.8620532871490675930203906e-01 1.3448351913578304728247304e-01 -8.7974713676070428042921777e-15 -2.0781761569532143159115368e-14 2.0034659617374755979923862e-01 8.6934162972558820525748047e-03 
-1.1970457811291485006321977e-01 -1.4744339985905310919100941e-01 -1.1926658055158670670147833e-14 -2.4867571836615860050910629e-14 1.1980030066326784188301957e-01 6.5191662569123176584895418e-02 -7.0940560090356999389804571e-02 -5.2574845287228194612438870e-02 1.8055864688512984761459279e-01 -4.5094196469950081906929995e-02 
-6.4211601291779867944709801e-16 -6.4060933843449250850028926e-16 1.3325789139801801947754190e-15 -2.3381732838924235990750535e-15 -7.0674554010967255424091604e-03 -1.8954272089789232780265849e-02 1.9518781873549918837174033e-02 -7.7280324413518640402909199e-03 2.7450584530525456994354272e-01 5.4705781212602853924575896e-02 
4.0859131868917430985277406e-01 1.7132050045666112614295429e-02 -3.4435269069211093458998888e-15 -2.6621529236256022215807969e-14 -1.8307729416435647440408729e-01 -8.1835435153586252865487438e-02 5.7020966363134015231217688e-02 1.8115560046048012621255907e-01 -2.3536331867216409683013139e-15 -1.5366646782819543020565648e-14 
-8.7388850937024503684469323e-02 -1.0471510702588715524541385e-01 4.6604773263930532323229272e-02 7.4997816847745063517649555e-02 -1.8447946510177090639892583e-01 -2.4540547590153886925445903e-02 7.2811167254947566806955294e-18 -9.4524707495931179760063768e-16 -1.3965505256832571683107348e-15 2.0085466217334339656712609e-16 
-4.0637908751561514992048374e-04 2.0224940354359843830422960e-02 -2.0992982904814456307507342e-02 0.0000000000000000000000000e+00 
18 (band)
1.1976092849167399023713187e+00 (Ry)
0.0000000000000000000000000e+00 (Occupations)
3.2265569024899232175584984e-01 -1.8908935859839975934804102e-01 1.8607484984020580820462953e-01 -2.7218308785652761683238055e-01 -2.9474919668788640753870951e-15 -8.7829986289590199220245059e-16 6.8047408703371226046385800e-02 2.7414854841866548307294238e-01 -9.9075799428900615528625906e-02 7.2368430847154219254235841e-03 
-9.5228404282444688059258253e-16 -2.8434084964360562608085841e-15 -1.3853078002739549479116477e-02 2.4849193218418386130963427e-01 1.3586792373666486954952859e-02 -1.1883224991074728404960581e-01 -1.1333928339453654132729099e-01 1.0882778700448327013905470e-01 -8.3120792863167020307415901e-18 1.4353553326494167332026051e-15 
-2.4726518943870081495913493e-16 -1.9560418006631159844298763e-16 4.4479030085669390981450988e-02 -2.7648753502774320311985434e-02 3.7192493680430621649790623e-03 1.6014058512842571646572765e-02 -3.6960610938303795069970192e-01 5.7033357712406945738692343e-02 -2.7320529746213539912247370e-01 1.8457071408215020014154106e-01 
2.5896130253799881206299736e-15 -2.3232468319296498309704458e-15 3.7651931217744433189054121e-02 -2.7994679585035520119618013e-01 9.4782408252992028652172962e-02 2.9743587814413080527842226e-02 2.6463719448658925534256765e-15 -5.1827560579156549026983439e-15 1.0435624756517927758103781e-01 -2.2594229733472068200050842e-01 
-5.6377748910593342146491125e-02 1.0548579986723029267015050e-01 1.4544238103835288589138486e-01 -5.9462544366813203933208598e-02 1.3246316582999525732268942e-15 -5.1483401648096219537813193e-16 -4.1094697353575055948622919e-16 1.5219645744742704031130918e-16 -5.1533741304272032146549520e-02 9.3333378168658099466314937e-03 
2.4370975191480006780131440e-03 -1.6258642058818002784637002e-02 2.5697328151395970596837515e-02 3.7269448529984772200407406e-01 -1.1883557213713399902665913e-01 3.0771735580199444104465556e-01 8.2946506574776553924398718e-16 -3.7982380358503379451213638e-15 -2.6376034877519416443902855e-01 9.9200470820163394458646167e-02 
5.0212964510062761680497800e-02 8.6177459270976697336408279e-02 -1.4133508623960650344586251e-15 -5.6621646344933908083929232e-15 -1.9613704475848420250017057e-01 1.5346429759206542398075612e-01 8.9656709479804502782585018e-02 -7.9310065224581074994070207e-02 2.4784471800518400458335222e-02 -1.5535937472354829913534502e-01 
-1.4180724883233024066024440e-16 -8.4726899724783878053732936e-16 1.4296911132176008932628530e-15 -8.1450265942261853977941767e-16 2.4925893668757553855996889e-03 5.2265712479066327167398498e-02 1.5363319511610191991923813e-02 -6.0827685027540958490055445e-03 1.1330521922373923415783281e-01 -3.5598238628293721319550968e-01 
2.2376883461810812003811577e-01 -2.4236206988838671083641430e-01 -2.0017536872758274373941992e-16 -4.4167541102489785851556981e-15 2.8175629914763944405819984e-01 4.8623952511812063015383956e-03 -1.4962795042566954389906542e-02 -9.8610400342977203025363053e-02 -1.6628303241529164111372731e-15 -3.1827506086624123662085671e-15 
2.3885758813219548635231604e-01 -7.0484633457840575876396372e-02 -1.1255668256062549559270991e-01 4.0735797667639926655791527e-02 -8.0235619420760267983538938e-02 1.3532572088516484076770041e-01 1.8844658499901084627860244e-15 9.5911394508194963055814021e-16 -2.2603428878651237143146645e-15 7.7891829341643852835216011e-17 
1.6922741044803450705114045e-02 -4.9513013826941065786968466e-02 -1.6523669661240223544007577e-02 0.0000000000000000000000000e+00 