199 (index of k points)
0.1325859446023069931896998 0.2293159598278613486854738 0
18 (number of bands)
52 (number of orbitals)
1 (band)
-1.3984122435043655485742420e+00 (Ry)
0.0000000000000000000000000e+00 (Occupations)
5.9630583317627022799101155e-02 3.4238992954693497905438448e-01 -3.9331917028405799507950746e-03 -2.2583723328466198676522936e-02 7.7673551806243868980251965e-16 3.7564924216586380212954167e-16 -4.3252386288887480214615522e-02 3.4636702891172321816526392e-03 -7.3220494633577395959811440e-02 1.5104795911902488270150968e-02 
-6.8080758507031950864456273e-16 -3.9645277726657926870601634e-16 -1.6532943356478091434524913e-02 9.2934218944284996410942767e-03 -3.1096810133989592761505349e-02 1.7073632596569521258089708e-03 1.8703507204443428624252022e-03 1.0739278349045436322661828e-02 1.1163880212531517399757507e-16 2.1304545023633928734066360e-16 
3.2967309152807783361675444e-16 1.9544110088006806707485901e-17 4.7039107817356427473920455e-03 -2.6916225893696054879966617e-03 3.4399731772736807933199543e-03 2.6533141405368221299454490e-03 3.3105379390186662202921752e-01 1.0578306038839477287716306e-01 -2.1836008568779610716781292e-02 -6.9773409069772522606012188e-03 
2.9614683284637287718266225e-15 9.8473067831440087406802925e-16 -1.6969142061426044365557431e-02 3.9935124254898604623242875e-02 -2.0536840637803435716257638e-02 7.1886256478860266483366104e-02 -1.3571696536685471392619855e-15 -3.7303883007687292427150267e-16 5.7621664412319667514239541e-04 1.8957159094005613525490972e-02 
-1.2893957402382555388342666e-02 2.8349119074764249359699164e-02 1.0383712985029790176749742e-02 3.3179535741560232942060082e-03 -2.4484767299863508299026642e-16 7.8965680008635702821304934e-18 -8.0857340022331175230846678e-16 -1.1140315772333013054856089e-15 -2.0602235901370086201822573e-04 -5.4156406448090839422793152e-03 
3.9451024217435175234225397e-03 -1.8192466217309692828874024e-03 3.3203803748522137118115438e-01 1.0609748572670454902500126e-01 -2.1164457537002967502104411e-02 -6.7627806274725837942796147e-03 -1.2506719883531529749833812e-16 -1.0120550579428096392207768e-16 -8.3010652165378499833803261e-03 4.3058540768366154738444607e-02 
-2.5785197890272990028925904e-02 7.0820920613660201525796367e-02 3.9770330148626416737271849e-16 -8.1636065807627807347055749e-17 -1.2166238044306960236484727e-02 1.4676722108228745095059864e-02 -5.3868584429343745190177373e-03 3.0386785593880555333967664e-02 1.0396641998490420422118774e-02 3.3220814985585318639127461e-03 
4.8892070594858501025598759e-17 2.2169643017371011493821601e-17 5.4966850602857067700477743e-16 7.5919456493312568055090476e-17 -3.2020131407916171614735923e-03 4.3671573130161364315049433e-03 1.9476422808852146897895530e-03 3.7254960768180770888657882e-03 2.4785587782400808620764110e-01 -2.4509875283779714028042918e-01 
-1.5798609656774258158673518e-02 1.5622848573941167105161298e-02 2.9023349063763140579705036e-15 3.5450897497812554091445441e-15 3.4312782348918713370977684e-02 2.7305284915316110211369605e-02 5.0815573396359885183226623e-02 5.5661986374957922452111347e-02 1.7290931886486679345418117e-15 -1.1555641833565550539253536e-15 
7.3699938190503891735638753e-03 1.7581430860430818929884822e-02 2.4433168000133301256404650e-02 1.8851930513611274420338049e-02 7.7607635294047157617502997e-03 -7.6744341660133479771088716e-03 -2.8525097659913136974370553e-16 -2.1953137799266290134757008e-16 -3.9732994544832567574504433e-16 2.4462056941966153279741903e-15 
2.3867104503257404596316960e-03 4.8609221734912076706702777e-03 4.2038829042537542712842935e-03 0.0000000000000000000000000e+00 
2 (band)
-1.0571718980886601890745169e+00 (Ry)
0.0000000000000000000000000e+00 (Occupations)
-6.2880095322913054367575114e-02 3.6902200671573170964734345e-01 3.1139022605976007795902660e-03 -1.8274424860880711385391351e-02 -1.8518719594530542335920501e-15 -1.2413324975442321622591210e-15 5.5443238712365422449224184e-02 1.0558276068617644671832068e-01 1.3263067235469347404652751e-01 -3.2982919616156222697433975e-02 
1.0834650251010794502669506e-15 1.2247110732808472024852331e-15 1.4419935613221968040420506e-02 2.8841724586532335727895315e-02 3.5023019865969368114022586e-02 -9.2870149733085549659250546e-03 -1.7926978192024378699898080e-03 1.0520745033235780196978482e-02 1.5584452855176887584172951e-16 -1.7691527708734142293999045e-17 
-6.5498100518159682738736928e-16 -3.0261652344904296733675026e-16 6.4177839863640527562349547e-03 -3.2055396960651572069167514e-03 2.0482112262169283045665225e-03 7.8168051866625322399162457e-03 -2.9789652436203939434022914e-01 -2.2669099805979286976764797e-01 1.4752202151323494383472479e-02 1.1226019907834811073499282e-02 
2.3953520275226550915406737e-15 -1.7901069955577198888943058e-15 -1.1925445309480418865089035e-01 2.1792221263491895477670823e-04 -3.2217683192622068033550420e-02 1.3281863244802838419644786e-01 -2.2352640171233232810246194e-15 -6.0648907446244660123313660e-17 -3.2240338556193931518478735e-02 -5.8325808762327985279583231e-04 
-7.9958403248527737394724113e-03 3.5340162777581021757988822e-02 -8.4929721141546333368355093e-03 -6.4629146825174272825154098e-03 3.4631289354900901169038076e-16 -2.2850916116973591020247810e-16 -6.2262570738218875725511556e-17 -7.0573837761638706080631182e-16 -1.3257312164813295218834810e-04 7.1725769710832415482215652e-03 
-7.8762088751393195124039792e-03 -1.8063627289729797947837042e-03 -2.9809963067751904519653294e-01 -2.2684807715691304719207722e-01 1.4649970218547230665917525e-02 1.1148343468778340592528764e-02 2.6412805418577812354184273e-16 9.1542848090186192132968805e-16 2.9540542641083078478914103e-02 1.1453453634707662367464565e-01 
-1.1945638245296592849786776e-01 6.8312276962509729805184122e-02 7.1565555931872560942179089e-16 -5.3988423045828424268090719e-16 1.0388358327451621687664840e-02 3.1159133851009802873566201e-02 -3.1867514308926092603257985e-02 1.5968797603206005830678293e-02 -8.5175768612304678106816880e-03 -6.4817133656690003457034877e-03 
-9.1093986243248868449834990e-16 -8.0327932502731355186858311e-16 2.7527760335633345642761275e-16 -8.7684958452479809430238306e-16 6.8669228341017886363406575e-03 -2.1633851078193041400643537e-03 -3.6929681241240040756590446e-03 -7.0639965014530825201943820e-03 3.3914195484909770428316733e-01 -1.5907914502217476715451028e-01 
-1.6666974999809406471351636e-02 7.8178727194883404494341050e-03 -2.7280990354193419621483319e-15 -4.8189272482422495743523621e-16 -1.1518693234278497283806786e-01 -2.6884461929283374331811629e-02 -5.1949160176153769824525241e-03 -1.3751148075750754817825339e-01 4.5102684246764016731792076e-16 6.2947520205196743596276699e-17 
-3.2426221170096143631145225e-02 -5.2297028321649568702311761e-03 6.1248742915583076484864478e-04 -3.5639385857100212839920772e-02 9.6902771719100631864218798e-03 -4.5453549996933451798897252e-03 1.9564072425186130515428790e-15 -1.5792398503897740308928965e-15 1.5624731638576049149175006e-15 2.7027555063294169768850487e-15 
-1.2642184952570503266022772e-03 7.0877793370363543351553304e-03 7.9710764729937384764912878e-03 0.0000000000000000000000000e+00 
3 (band)
-1.0342247386041156786973261e+00 (Ry)
0.0000000000000000000000000e+00 (Occupations)
9.3177783368776582323400604e-03 -3.7396650229275663068762015e-01 -4.4066412732460258361300021e-04 1.7686024900001019732886931e-02 -4.0306004826097967879963477e-16 1.5672024770487765450819074e-15 6.5273557339324328463447955e-02 1.1689484692467658200065728e-01 1.1951990427962888574597855e-01 -6.3667094349189393143184645e-02 
-3.8321282739621179192239814e-16 -6.8537059137275131659114541e-16 1.7224909975207931822627216e-02 2.9240343248924799413046571e-02 3.1447533840622848844148507e-02 -1.5874269285254198613710486e-02 2.6697408882862989909501295e-04 -1.0714878886581950812040276e-02 -3.9017340691950927318523792e-16 -9.0312100704012938035459565e-16 
-4.9182269965358482819758813e-16 8.3065162903285712234394042e-16 7.3072490470624147651523828e-03 -3.4537337498912745736845409e-03 3.9972906930263452096596666e-03 6.4152134296686508241336355e-03 3.2709356312204845851354662e-01 1.8151464622535978810091706e-01 -1.5469260627519854089939599e-02 -8.5843833369009317491027389e-03 
1.3168444834797686931013776e-15 -2.2777807309043583989507638e-16 -1.3383361205104338242932727e-01 3.6887410645908419448701920e-03 1.0489091486374363393352382e-03 1.3541567934134463024875572e-01 1.0737977149097518789464698e-16 5.5528347811690025952606512e-17 -3.3893129341609783133915101e-02 1.7178417861478181838386092e-03 
-5.0168347715373595718801880e-04 3.5223403067942159194725349e-02 9.3718759845503735173011250e-03 5.2007542961015548743652914e-03 -1.4795385492117422201528588e-17 2.9543817810083123175484702e-16 9.6572307708576606211929457e-16 -1.4401365248007848163138761e-16 -3.2470829861434846730361414e-04 8.0758114125911578673466806e-03 
-7.5371140320867648088043467e-03 5.7027037452224600688754919e-04 -3.2635082505022572352260113e-01 -1.8110480416575130968581675e-01 1.5677752935408541951067818e-02 8.7001972973293831281615951e-03 -2.1037405229143224162485331e-16 2.7024044231806164536942944e-15 -6.7611311750827809974317972e-02 -1.1548926325566616357676253e-01 
1.1543308406712177172082079e-01 -7.0795738229135540819925154e-02 1.5226582900824234294296039e-15 -8.2293599213477224011489071e-16 -1.6546140547245093838091279e-02 -2.9790575283342425605415116e-02 2.9744954267932603719781781e-02 -1.9137443890614048297438288e-02 -9.3401274988666078968879702e-03 -5.1831998521095152057669431e-03 
5.3761116706857299152621035e-17 4.5793291794017018113104357e-16 -2.0531175576743209711016716e-16 -3.7208066196616106457959782e-16 -6.6735348000973963855653182e-03 4.5461585559569590853090659e-03 3.4974616494245994863243610e-03 6.6900271069526822537154587e-03 3.1169276892938757583806364e-01 -2.0530813159740540774222950e-01 
-1.4973586757447004957910508e-02 9.8629138561142429275641064e-03 -3.0959129895591159987673684e-15 1.0755026424833879111467258e-15 1.3367105112205349137788346e-01 -6.4116687322763052728213928e-03 9.2597464707513746362543827e-03 1.3509659708503371500221135e-01 1.5011567436133047188652737e-15 3.5380932841804101716293117e-16 
3.4066275755346916986887607e-02 -8.6139356971077531144320716e-04 3.1789519032731595668539448e-03 3.5226386812505755541380381e-02 8.9206142973416707037115359e-03 -5.8758984810843382234901711e-03 -1.6641508291665805642809375e-15 2.0803185307120212358303577e-15 -5.0203175539754662517674715e-16 -2.1224776886408941765431127e-15 
-9.3699977256611003545438976e-04 -8.0203276597822989457675646e-03 -7.5490860824977950443992469e-03 0.0000000000000000000000000e+00 
4 (band)
-8.9848675128716815052598577e-01 (Ry)
0.0000000000000000000000000e+00 (Occupations)
3.0909113526294919316317333e-02 -8.3180667331939697750620155e-03 -6.7589655799671355396185390e-04 1.8189146482888024491941792e-04 -2.7825165519034891496950314e-16 2.6261263650558182210844202e-16 2.5021785899121740115447210e-01 5.4539392972297373596290981e-02 -7.4091318225198016245158783e-02 2.3073270941072315798336945e-01 
-1.1572695617010433005456068e-17 6.8303042779260675162450616e-16 4.2134138720318375925799614e-02 8.2781190579956625413826643e-03 -1.3000756625572512659161362e-02 3.7427636613829140532772044e-02 4.4528537547458904577446503e-04 -1.1983237931972173795358572e-04 3.3124808617392635442731335e-16 7.3818338365915860265648830e-16 
-1.9283797628980529341881927e-18 -2.3609233569904532449670923e-16 9.7477061877509346699000048e-04 -8.9694340560208338924974569e-03 -6.7464694408175124307192050e-03 -3.1970419120942658586237428e-03 -6.9485692281627542410404885e-03 3.1245494376640425837621251e-02 1.5194732816734002334158049e-04 -6.8325154339515803414428774e-04 
8.4756295461198295818905439e-16 -5.0594743005139097149528106e-16 -1.6425794720763114975525809e-01 1.9647607773739589331896127e-01 -1.7014993899037744728985899e-01 -1.7255754080865789990006931e-01 -2.6934643028738674159917270e-16 4.9085630111158326389497060e-17 -2.6856678143935899805150314e-02 3.3504204809465296110992938e-02 
-2.7145306537079909314780224e-02 -2.8861392695815075298826358e-02 -1.0010306540179578216331890e-04 4.5013135976373647856307869e-04 -2.0772343632631284949528449e-16 -4.3422445557941934069835753e-16 3.7010106767417688267684468e-16 1.0568526594596100110798150e-16 7.4971372023224930325469018e-03 5.0193484451742549634634116e-03 
5.9588425275146628123934534e-03 -4.4975685248651239844797090e-03 -6.9218492295892858345851550e-03 3.1125646806633749247295029e-02 1.2599656388977142906782092e-04 -5.6657951895472402625841823e-04 -1.7669575047293736509299226e-16 3.5102869273235734795496800e-16 -6.5077412182467805901175950e-02 -2.4601701784871371492258163e-01 
-2.2578648085525881983315344e-01 8.3663031317049121882156726e-02 1.5061429710237810333184681e-15 -8.7419591025092869881698070e-17 -1.0338104370936719578200069e-02 -4.2751956227541125510338560e-02 -3.7662863313143266075222471e-02 1.5013415182449599272196394e-02 -1.0344035591565263476621084e-04 4.6514213536287887795772633e-04 
6.9215700066001698101796435e-16 1.3486527151790081572854470e-15 4.9086103409663501123264736e-16 1.1588804398632961525863387e-16 -9.0091947644692776941965917e-03 1.4139602462616938927109089e-03 -3.5116864357269961249841117e-03 -6.7172366135821344468315175e-03 -2.4376794306371761533736020e-02 -2.0554556313222123453687828e-02 
4.4373108920714443570432195e-04 3.7415265050746299158035413e-04 1.2049582673845834142359985e-15 -1.0967699024452018652342641e-15 2.4817126882088005879190007e-01 5.6306873287175283893102318e-02 3.0463503512377292786750260e-02 -2.3885353817750165639210991e-01 -4.8235336481075475784835388e-17 1.1264784646187176846846796e-15 
4.2676539395878232419079268e-02 1.0645146709086016761913740e-02 4.1441129647912739245030345e-03 -4.0332620000696005335694139e-02 -3.6428711850424859994626581e-04 -3.0716772065802149362448437e-04 5.3029439528071958672841335e-16 -7.4340873432465589847680595e-16 -5.8257160920463959493432483e-16 8.6382550029621657818787312e-16 
2.9208675810975213982256804e-03 -8.6390628227714476305987290e-03 7.5797895317581921378891074e-03 0.0000000000000000000000000e+00 
5 (band)
-7.0973417608459288263844655e-01 (Ry)
0.0000000000000000000000000e+00 (Occupations)
1.5824962901200040343852038e-01 2.6656435262870153968250975e-01 -5.1942498560740013591185971e-03 -8.7494847284197152514906293e-03 2.3958104284758350367281017e-16 3.2177082801520981925381493e-15 5.5913456976181302726658373e-02 -1.8619046298067049027835651e-01 2.5169185793002146755981130e-01 -6.0960806510807624691850037e-02 
-4.5785052803559152893667026e-16 -9.9512705307978318178717628e-16 1.7735462449311956145692193e-02 -2.7201440656406672413680781e-02 4.7563930050404046312451101e-02 -1.8597245037615270368824838e-02 3.5867842263281810022412799e-03 6.0417843513004788544296098e-03 -4.3381764245741053102742539e-16 -4.0077653499686951300598284e-16 
-5.7405018528652818038581301e-18 -3.8674358686403265823984431e-17 2.0734271898993142380085430e-02 -1.6956422284936364941465570e-02 1.6654424744898987248431510e-02 -1.8146628654928664836631924e-03 3.0954670907200126928060513e-01 -1.6743180028834514505575726e-02 -1.0160300046387682471049629e-02 5.4956123192802242005683411e-04 
2.2206717084049401507561146e-15 -7.8720862592273935456080017e-16 -1.3909817181314979017692224e-01 -1.3581200894698852721376170e-01 6.2584154876642678067000247e-02 -2.5129312532794356727094964e-01 2.1932129791635244872764683e-16 1.1527224254507210825660903e-15 -1.5889244641983581163291461e-02 -2.8319549904307763504851536e-02 
5.5552350804785721044565250e-03 -5.0767354944192696897253825e-02 7.0159938278760540508738330e-03 -3.7948628573770959437894135e-04 -4.6856930176688476842358279e-17 -2.9710186963573765366378090e-16 2.4056706305982383724508689e-16 1.4013623342971694354606341e-15 -5.4207361633502176845311737e-03 -2.6230629182957460043823517e-02 
6.1077682218144448145213943e-03 -1.5599936930879177571229732e-02 -3.0950934077224007134887529e-01 1.6741061589065936443532223e-02 1.0199275264469169488545930e-02 -5.5167146344477224761959633e-04 -8.2208389960623497800797250e-16 -3.6050112931446215780410998e-16 -1.2342000087938087560246458e-01 1.5002846247969031656666061e-01 
8.9200528720935270965419761e-02 2.4311271904122075393495095e-01 1.4046111757318396189195521e-15 -1.0481357189804368113498926e-16 -1.2752463725573457559159252e-02 2.9895199823301535357877867e-02 1.1008122214553824752547584e-02 4.9917192549838958204322381e-02 -7.0116229097223863042653846e-03 3.7925635800784007756192295e-04 
-6.6528188234051415797604193e-17 -4.3326274311053817073021699e-16 -5.0815113102131363839304993e-16 -5.5024384503687154730963729e-17 2.5632633731014764499889225e-03 -2.6648081500435346485877730e-02 -7.7590050025465413449654584e-03 -1.4841607712412566155713023e-02 -1.2855846165408851833333870e-01 2.8204435308216097011424495e-01 
4.2363905637490886779694677e-03 -9.2942214475025958231313439e-03 3.6120471548264905484808514e-15 2.1159197300669319143553897e-16 7.5775763410872470915435883e-02 1.7888283833445620119029229e-01 2.5677361306486284897587780e-01 3.3583330944506710469266153e-02 1.6868420613331962655344142e-16 -2.1555304778476509569221424e-16 
2.0585067208336287752912241e-02 2.5151606540638506148699349e-02 4.9336814081700992862256072e-02 1.3371000075367405965365286e-02 -2.9123587506062701552034255e-03 6.3894332863715201653587172e-03 -1.0468785217981159725954949e-15 7.0812786548193319285134282e-16 1.5517345166833258785785204e-15 -2.8720306365670029002756102e-15 
-2.2428075450605031160300484e-02 -1.4617523673857364327477448e-02 -1.6747402130439119349869515e-02 0.0000000000000000000000000e+00 
6 (band)
-6.1019173643753255031896288e-01 (Ry)
0.0000000000000000000000000e+00 (Occupations)
-1.0679524607778678735314770e-01 5.5297721998682769495303546e-02 -8.8895352286721615597819834e-04 4.6028796347766243179933099e-04 1.0294359597583470137790084e-15 -4.2659957798423472022804387e-15 -2.3595954364234175693049167e-01 2.2794442962610045322335850e-01 2.3609076771152651130769584e-01 6.0685394637248840643550807e-02 
1.6280154225491854888754023e-15 2.1556179149055383347947279e-16 -4.3241061536483604843539297e-02 3.0653903630344661590534372e-02 3.2788383509627046230594516e-02 -2.6841675627911343315901149e-03 3.8555668983603925276115731e-03 -1.9963716615308130242212314e-03 3.5890634864489317391985531e-16 6.1168486125970873220909826e-16 
-6.6993509591528857716599293e-16 -2.3416888015511635393305109e-16 2.1090505195335979005122340e-03 -2.3382394915857633577171981e-02 -2.4712888091993234773724453e-02 -3.6286163277825245199181836e-05 -4.7277489423702689919082331e-04 1.2026154467226618516306758e-01 -3.9398016328968943344790432e-06 1.0010433822253972380167397e-03 
-1.4519056590541411335303253e-15 -4.4942919852381014374605100e-16 9.2686048446864566230374294e-02 3.1471394258400714472045934e-01 1.6315953050656151201991406e-01 -1.8110918067777692641584508e-01 -9.7289281240056310130360458e-16 -2.8481326834240636830676581e-15 7.1321867611784800500274173e-03 5.2522215514813758163725765e-02 
1.2812009170382797351717130e-02 -3.0300747015498022407520295e-02 1.7077144334796609537185930e-05 -4.3417282607087250012600776e-03 -5.1529612486612480113071685e-16 -4.2768238381565299263935205e-17 -1.8057276770026889531008340e-16 -7.9993808133327717469063247e-16 -1.9744447324471219029629054e-02 -1.2702018971262024615853647e-02 
-1.1481539992663349764034919e-02 2.1883838647042980901646914e-02 -4.7974428787333350809873878e-04 1.2194379186501860812263942e-01 -9.0068925418414214068008050e-06 2.2911078582644600620810138e-03 -2.5446661957144368938437780e-15 -3.9228305148746261307470371e-15 9.4511597856670986894656039e-02 -3.1201141454857000967493263e-01 
1.6062901460319500834827977e-01 1.8124564378769245087674733e-01 3.8957042718502821247648683e-16 5.0965422010056846293148776e-16 7.8320940214224588071800781e-03 -5.3901916165090171806362207e-02 1.3056665140481968356844789e-02 3.1234222739149997138952131e-02 1.7027372302999381481480867e-05 -4.3302822711056600246681825e-03 
-1.1035768707038069569751046e-15 -9.0929424343502446102768919e-17 -4.0885027141045729379548802e-16 1.8981562308169335576328471e-16 1.9806646565628256706492749e-02 -1.2328743051237305711209657e-02 1.1289687369376981765367596e-02 2.1595180190903520700551610e-02 1.0784476120103723972842857e-01 5.6921226361411239591525657e-02 
2.0262151270085196341774747e-03 1.0694431267444029498570046e-03 -1.1825872657857542260557401e-14 -9.3101318063858145848494414e-16 -2.3271878382097077597734369e-01 -2.2831016752417343518288817e-01 2.3503932382359976616115205e-01 -5.8379619568391917516780865e-02 8.8136936604672560963535779e-16 1.6874453761077045612983257e-15 
-4.4139492932657169166343891e-02 -3.1913373790246737926601384e-02 3.3728981178013615893629407e-02 2.8998281678579871864509521e-03 -3.8296229340714070012163806e-03 -2.0212923246503955963804255e-03 1.0922141447271088495857600e-15 -8.8036994514679237664026834e-16 -2.4698888500841866410049469e-15 4.6514801958217922658134856e-15 
-1.7494354013311917261236372e-03 -2.3264578852317821522355246e-02 2.4368193375295280761472227e-02 0.0000000000000000000000000e+00 
7 (band)
-4.9777984171168343507929421e-01 (Ry)
0.0000000000000000000000000e+00 (Occupations)
-9.5425527510439145430756146e-15 6.3649715130680854495938435e-15 -6.0837377150517549413306926e-15 4.9376156460085246962299524e-15 -3.5318378866610833366479483e-01 1.5411175825471232214702866e-01 -9.2991338245445663440591950e-15 -5.3548223543043817428524420e-16 2.9938889175897084923802255e-15 1.2673617996368985862422074e-15 
-1.4874539486765536722145953e-02 6.4905046853099279680066047e-03 8.9837974951222231697919550e-16 7.8414401960603026553065696e-16 2.8209098646511727521089146e-16 3.8158728764148382978940239e-16 2.2119379061314663405955431e-16 -7.5740803901914077630371482e-18 1.2055506506794863574860699e-02 1.1587258164641081603640771e-02 
7.2815417462551296212680541e-03 2.5961851780924798116512164e-02 -5.7635491794959538695180073e-16 -9.8865524415784014565155348e-16 -6.3214606494441897628513660e-16 -2.8870067617765713002011737e-16 5.6608039536816360136310976e-15 1.1257476381568454985207564e-14 4.3144516898436093297637009e-15 7.2155080445693702330068596e-15 
-2.7054257111781207512102299e-02 3.8439210421265729289430624e-01 -2.8020234460813672678584460e-15 5.8967686612732862017917888e-15 -1.2602216167229383827547718e-16 -4.8659444223440697434862507e-16 -1.1394066819904562215537425e-03 1.6188895219450258333715453e-02 8.5468753074411231800906032e-16 9.8686949353909714248880350e-16 
1.6028072583194547130882745e-15 -3.9406038538061578962769540e-17 6.1186283249943619080886809e-16 -3.9504313769956162693209733e-16 1.5853938023850169813933064e-02 -5.3153022534325987391579105e-03 2.6380995393469754140003403e-02 5.5750946312035712382204622e-03 -1.7624250184366853870138816e-15 -3.1370267497524856316281806e-17 
-5.8095450468621921616149634e-16 1.1767249376951340312098572e-17 -6.4185453273812849072546555e-15 -1.2631274893413224188854536e-14 -2.7236375070697713091190059e-15 -6.7612429844273166125511005e-15 -2.7056585090581928426667346e-02 3.8442570401566311666385900e-01 5.0091224658818849433653779e-15 -2.7534631897341875940923808e-15 
-8.0316245372523683882740687e-16 1.2681243849265876027706925e-15 -1.1368748912163571807010243e-03 1.6152975471235092586042015e-02 6.1449184416393199686243227e-17 1.5470330400090305445231625e-17 2.7266212136614011560424015e-15 9.9301084227714914487268740e-16 -2.9252388616970486468116571e-16 -1.0447493631384941387925345e-15 
1.4956168222641164772257483e-02 7.4838184905438656646659012e-03 2.6907086217466638644602028e-02 -1.8246048148051452995888067e-03 4.1813525109294754950487371e-16 9.5251244232833193477701330e-17 1.0113154138738071542483318e-16 1.2490964819709770243536558e-16 -1.6629286332109781617352035e-14 -5.9219986058520350974646162e-15 
-8.6545236230791412501722227e-15 -2.9722689466945184558021537e-15 3.2814422629229678118889524e-01 2.0208054695031751890610394e-01 -1.9447866738114256415744639e-15 -5.6416985610530326842318023e-15 1.2204102338466470987736906e-15 -1.3701903922396064947570108e-15 1.3788115050057257043869541e-02 8.4911120861149141231249970e-03 
7.8695961926452618497019901e-16 -1.9403805812084781889228498e-15 2.0857152602594902368668748e-15 -3.7883338545328072512333278e-16 -1.1861606043899162949010726e-15 -5.8180847039514620670396355e-16 1.3561320168762960175490306e-02 -9.7869863790452094054472809e-03 1.0848975038549457314274171e-02 -2.4690488291187345087918104e-02 
1.7307738797918778453534221e-16 3.3709911930195237335638831e-16 7.6550038579876036433355810e-16 0.0000000000000000000000000e+00 
8 (band)
-1.2510454290471767491155219e-01 (Ry)
0.0000000000000000000000000e+00 (Occupations)
-1.2859633508864965267878073e-15 -3.9200434683349314277773844e-15 -5.9227610379592870804451631e-16 -8.2975777448958520568759684e-16 -9.1339894836640136976946280e-02 4.9309942966733089075859198e-01 -2.9829573214138611505753285e-16 7.2357041929981901658271113e-15 2.3004616929871216127247182e-15 -2.2099282772136130349647582e-15 
1.0094311539345646178134075e-03 -5.4494058121087041168806309e-03 -8.8499873011369656552113703e-16 -3.2232216497413274225471281e-15 -5.8766770390143463164032248e-16 7.7398250808777271545503973e-16 6.7186699942356608109219818e-16 -9.0083952472582700187831721e-16 -1.4064917140392194094822287e-02 -3.5125359536409467287043640e-02 
-3.7766823295480408950730578e-02 1.1806497857050457511718378e-02 1.5448785823506553468006362e-16 2.8307489086675203488937457e-17 -1.9226161582391788122824865e-17 2.5978172161182795413558700e-16 2.9282574945242601112613306e-15 -3.0198010069597443676849408e-15 8.8229289183616709632089164e-16 -3.3438248211592550521074203e-15 
-3.9466906842549376310813614e-01 -3.0939675233457664127456610e-01 -4.0746718015341365305553207e-15 -1.2155865161843227281585237e-15 -4.0674722960660794325064158e-15 2.0141052536609728764421289e-15 4.3616174847347644050188364e-03 3.4192496072213002245021585e-03 3.4502122004770720216189654e-15 -1.3336762944836620260501221e-16 
2.6802187023138653424615868e-15 -7.2287939241208119091766316e-16 1.2737425162947106701524485e-15 7.3367288932531923668471850e-16 3.7644439689163589068954252e-02 3.8090598862463367901831646e-03 7.0342588247724879835232059e-03 -3.8938997627912641519287718e-02 -4.9450569645581815751215535e-16 1.9010953018249371373123637e-15 
-1.6277952359479518784911348e-15 -1.0302628092783839534758887e-15 4.9857856436319330630719764e-15 9.4785371048408411193887976e-15 2.0394672261923310063466880e-15 4.6927812227320867044758933e-15 -3.9465315619850172002003319e-01 -3.0938637188093559560186918e-01 -1.3610909775867214678893536e-15 -1.1600247263947370442403863e-15 
-3.3481051922429711356002847e-16 3.4251521246112442817956417e-15 4.3836815834873768538137995e-03 3.4365605771147500480111603e-03 5.0367035288160110270937345e-16 -4.1393838700047815989545555e-17 1.9435726985185693646591376e-15 -2.9771705020611852021061137e-15 1.2231368737304965606137370e-15 1.0307017214655606308144322e-15 
-1.2687099396378746091196277e-02 -3.5653483672044100627473995e-02 3.6141026395775273372112935e-02 -1.6130513671989237661774652e-02 9.4865589522114282343049369e-16 -2.6764294884025087233925246e-16 3.3758828615759176562370976e-17 1.9653339464260522652425111e-16 -1.7197263512558219781655722e-14 8.6753886993728141487811233e-16 
-7.7869165656068294313328844e-15 2.2698068351602791569682083e-17 4.5702055259819079902072758e-01 -2.0640556025925904659601429e-01 -2.8963922631499295841311556e-15 -3.1720465588070527575688359e-17 -1.0164019377631095225011025e-15 2.9282339680388589837232553e-15 -5.0764345800739206493457090e-03 2.2926894207124202951231240e-03 
1.6553164166614934154077472e-15 2.0632010706054701050812868e-16 1.1169968799581209290742049e-15 -2.2104625623306607138973502e-15 -1.4922140894166057046535537e-15 7.1297773811199652928829587e-16 3.7474127690823318126422947e-02 5.2747647206435972419558134e-03 -2.4490752752625573156197714e-03 3.9501509978208136641963932e-02 
5.0412582267755940809815219e-16 1.9561920654849326329997984e-16 1.7262486307942146050807163e-16 0.0000000000000000000000000e+00 
9 (band)
-9.4759897379638982628513588e-02 (Ry)
0.0000000000000000000000000e+00 (Occupations)
8.0200426682023898871330522e-16 -4.6890795447479101748792222e-15 1.5609718675452978327915796e-15 -3.0337375677386607087291572e-15 3.6063575469536046647078820e-01 -3.6129161276604759844843784e-01 2.0325049801157334717067286e-16 1.7949435335038007410149531e-15 5.4159750559421430908968536e-15 -3.0208076399109702470905238e-16 
-5.0943698626559480446829298e-03 5.1036395694043917847793068e-03 -8.2960450634856865135952940e-16 -1.7513710891454223462882525e-16 -2.3608785262962401524023973e-15 3.8226404493139137141701324e-16 4.0213485948493900977035117e-16 -4.5321723105191732454434042e-16 9.6377550071327089398209864e-03 -3.8747192747507208654411670e-02 
-3.9140718046819247821765941e-02 -1.1104785207095513310804336e-02 2.4923292048756650272862828e-16 8.1598489805611272545155977e-17 2.3540718488371759070359402e-16 2.3784071721701193172473135e-16 6.9175712805584289920482560e-15 1.9197211748770183086863764e-15 4.5585157569695424567886059e-15 2.6969408069291974569037505e-15 
1.5309680520662480307514386e-01 4.8698166829492117724242917e-01 -4.0080960603035944092288653e-15 2.5746693304305695588862684e-17 -2.4370244167875811962095219e-15 -1.8170461061072125510856350e-15 -2.1626622961236352526981364e-03 -6.8791447829573693084626029e-03 2.2793889403887494127773625e-15 9.2219987666754338623579168e-16 
1.6762376831651499843923849e-15 1.7965207092134848938341319e-15 5.5805476083572303632568555e-17 -1.0860846901257894258858543e-15 2.9872767221178739976972238e-02 2.6492433748887551925310646e-02 2.7974839873893885683342475e-02 -2.9541841475208580058975372e-02 -8.5133368399419928711272683e-16 1.1871861798514156493180013e-15 
-9.0279336653208897647442247e-16 -8.5127968749175882646011081e-16 3.9138242982497781508936285e-15 5.3528949004787801943129860e-15 1.3533026813024352207165457e-15 2.5626168659090414870061373e-15 -1.5310197175402492919538133e-01 -4.8700372161079058530575026e-01 3.4381491895050483691822396e-15 -6.6322300633872102470859833e-16 
-1.4689514747040995240333447e-15 -5.4011561908961515934765921e-16 2.1574439894184345434258177e-03 6.8626494074910532328104296e-03 -1.3187884231388960471333574e-15 -1.7871947492449930008487865e-16 6.8892979146686464000432685e-16 2.2110535578756984139074861e-16 8.7218543466226223160616179e-16 1.7343857241666612899556208e-15 
-9.3387596504419037590771779e-03 3.8811797795591636284218140e-02 -3.9839067728110327815116420e-02 -8.2181599151190491692187123e-03 5.5967424868361972627932369e-16 5.0881033190978730454029709e-16 2.1114008831944203435149456e-16 -1.0529420458257349596730189e-15 -5.9280924311526527991395214e-15 -6.3494111531694630150103201e-15 
-2.1279556046927023628825083e-15 -2.7786595617014721495574422e-15 5.0251597769154010553194212e-01 8.9947377851982868168789764e-02 -3.4926676047562400577411152e-15 -4.1325444686443297934484417e-15 -1.7019154726304131834778306e-15 6.0895147731294756519843302e-17 -7.0812397144761471054486002e-03 -1.2675036740426842002404939e-03 
1.2563645206164657496300728e-15 2.0187974995834556501034488e-16 1.9761225916625028407833775e-15 -1.6520290513366119168470229e-15 -1.4051315835982106659763073e-15 2.4857123599606226122507491e-16 -3.0068543809253774762302314e-02 -2.6257394256200817378443801e-02 2.5740244846313882487454094e-02 -3.1498083514511790448331396e-02 
5.2880223441733424614701595e-16 7.0272272330978052110011657e-16 7.2206252530445808727307463e-16 0.0000000000000000000000000e+00 
10 (band)
3.5597776463008540259735923e-01 (Ry)
0.0000000000000000000000000e+00 (Occupations)
-5.1145830665598460394479941e-15 -3.2569090499091635319780035e-15 -3.7190781665562963611009218e-15 -5.4994672827242458399129419e-17 6.2331425264980744316289929e-01 1.1645633341534003535322483e-01 -2.0667950165418922298922709e-15 -2.6171170213034423275475756e-15 2.5419619280716548002492173e-15 5.1587377764997786967410594e-15 
-3.1473331787689462490931191e-03 -5.8804915986948938511069684e-04 1.1800760753413479578712507e-15 1.6381034316721712467140115e-15 -1.5249695283407721869465259e-15 -1.9463252338197543209204386e-15 2.0512887216411737214993607e-16 6.1158595150157788299473303e-16 2.1934275791347351836080293e-02 4.2173799858415239594222612e-02 
-2.8545140512235285534803353e-02 6.0521207042530431041704730e-02 -3.5867850292484416245906349e-16 -9.7244585007853565142368334e-16 -6.6326308622882666784927853e-17 -2.7798994651535852693533943e-16 -5.1399783774622422071237901e-15 2.5280675753347370721381202e-15 3.6668250045757010834156839e-16 3.4874089048377591213814004e-16 
3.9198304128087224640353270e-01 -4.9842956422862072507484754e-01 -1.8374023405735695336729637e-15 1.0300443768568893024267945e-15 -5.7507512450181871764925432e-16 3.5831946813958267541693747e-15 -1.9792782526514285379448665e-03 2.5167370842431591171362015e-03 1.4875491799297776066746745e-15 -2.0696745235985948018216679e-16 
3.5126570340577302116638604e-16 -4.4010085877218773406823496e-16 -9.9210102837085185465983822e-16 1.9980032658845950220342266e-15 4.7536635391685552742835341e-02 1.0072053644834266794561017e-04 4.0409259890170565188149965e-02 5.3336040946779052218662542e-02 -1.6591977919150326446313997e-15 -1.9717481265633579198970119e-16 
-3.8535989131124477844699478e-16 -3.9125324620911620345862744e-16 1.3949729832332419918647982e-15 -1.2231677607200105289586968e-16 -9.5822943404563439623760697e-17 -8.3334619967274294321253645e-16 -3.9198424495262623734603835e-01 4.9843112797690936055516886e-01 -8.9462122406294043758261708e-16 3.6322912841540400281874453e-16 
3.2802724892060461084800522e-16 -9.9181955215590527643715826e-16 1.9707702012924793733006368e-03 -2.5059829537179244274280876e-03 -1.1091091802196245366065191e-15 8.6178603745818018660086942e-16 3.5394666958924364760912475e-16 5.7225059520237109433059131e-16 7.0736732987635688230179361e-16 -9.7250611519976384768490150e-16 
-1.1304330643962141877967298e-02 -4.6168424787000200693043439e-02 -6.1353766674055870700144055e-02 -2.6697273428168504655344506e-02 -9.4524165890504913137606669e-17 2.4225083915913372420337023e-16 1.0705288502074119171577788e-15 6.8723476618771248609455288e-17 -6.0040244465280883344332576e-15 -5.4876999582231314551038366e-15 
-2.6916570053853417752703269e-15 -1.5924825197015718823740141e-15 2.6010670321607703980859583e-01 5.7829900619789065263631755e-01 -1.5137939244677521697456534e-15 4.6010478711446400120908541e-15 2.6236497549925961354659303e-15 4.8703605547460400567137032e-16 -1.3077610432823127961654563e-03 -2.9075155724941591228738247e-03 
1.5982194725246722766709670e-15 -1.5800078030033893130807618e-15 -5.5806600694678737125110003e-16 3.2206456159221537296200592e-16 -5.8384558832679448170472615e-16 -1.7138923280511498040067940e-15 -4.6151874863071776222689380e-02 -1.1371709864582364712948248e-02 -5.2084176098895054729531751e-02 4.2003186708775376578817173e-02 
-1.1593983176033807863752802e-15 1.0037701221758049069479740e-15 6.2114443335830261724455125e-16 0.0000000000000000000000000e+00 
11 (band)
6.6042597159932259209824679e-01 (Ry)
0.0000000000000000000000000e+00 (Occupations)
1.6488065709712662609831568e-01 3.0671565367510356114877368e-01 3.4102375481755091424229676e-02 6.3437931679559800279832871e-02 1.7740653074094585974036335e-15 7.6527155296194454645865571e-16 4.8707398670349753844188712e-02 -3.3279530276302726754522610e-01 3.7934062636012155778075794e-01 -2.6646242107554576894479226e-02 
-3.6670573435692031954413230e-16 4.5812730305146110830166156e-16 -2.9945437058499231597341605e-02 -4.4801772037929288305946329e-02 6.8200902298096999221144188e-03 3.1544581322568959746988071e-02 -4.0493477883754291912765666e-02 -7.5326854040757285080331940e-02 -7.6055602385864281440803138e-16 1.2767904957237440816296627e-15 
-2.5651916020633073939591257e-16 -7.8852491030441308642616682e-17 -1.0843291341292793372730330e-01 8.4367438592577476130784930e-02 -8.7575779051962038268541733e-02 1.7815333108123047878290635e-03 3.4820106479328277737650410e-01 -4.0176822800567779658820200e-03 7.2018417462117179095315578e-02 -8.3110500365046746651387366e-04 
9.8004904975840680542116741e-16 -2.7788116280902959263766154e-15 -2.7235844381547347214933552e-01 -1.9734741525743532131187408e-01 1.5213301295223224940400542e-01 -3.4851811917863950718299293e-01 4.3628825821080425627417290e-16 2.8982064235285961940491866e-16 -5.3577092993855698899174911e-02 5.7812701623669582318143512e-03 
3.1114641637794100692548938e-02 8.5704910775350473528533257e-03 -8.5515395414695855036413263e-02 9.8683223852089746452875829e-04 -1.9373307456929676942600211e-16 4.6418042124867392897690229e-16 6.8637499946627839104048963e-17 1.5247645016639211627887246e-15 2.4530187218355543887771120e-02 1.3518073576113276423882326e-01 
-3.8994709994646638284709894e-02 7.8435346177150158664126423e-02 3.4653032991958110375918523e-01 -4.0000870333652960297854406e-03 7.1310933987853680759982922e-02 -8.2302380874874070393332204e-04 -1.3652925532863366275340805e-15 9.8091713652412393368743665e-16 2.6713604492241482812886488e-01 -2.0391013163957771858747492e-01 
-1.5980052220173723842577829e-01 -3.4550016128451199737270372e-01 -2.5808616693989940807406120e-16 4.2159980017536301401572897e-16 5.4431465686876595588827854e-02 4.6624920072985132080134463e-03 -3.1330247751120622601295196e-02 9.5120771332130871211774092e-03 -8.5438466224846826291283719e-02 9.8611290034322611475214870e-04 
-8.9701134667506439646113708e-16 -9.7544135093147244538974257e-16 -5.2005798109715127987997116e-17 -1.9168776193230359913050790e-15 2.1256398699592782275402669e-02 -1.3575721421905870278656892e-01 -4.0539610633700637332132999e-02 -7.7545123072095878402620883e-02 1.5700123639088747751202391e-01 -3.0894964318179263251806788e-01 
3.2308706319111549221112512e-02 -6.3577308612378646834883966e-02 1.6310763277331813087344537e-15 2.3474540165428198233514820e-15 -5.6942818118298821339351434e-02 -3.3120767464963818405010443e-01 -3.8021842790522247801376921e-01 -1.8453060040134881825135693e-02 -2.4649251003813670104410155e-15 -4.6175900453525050101282350e-17 
2.9349799334032630748758663e-02 -4.6077245659771184915776132e-02 -6.0855427544428200570258980e-03 3.2171885318063787873033021e-02 -3.8709405851245770602275798e-02 7.6172736777339752900495284e-02 6.5522856596992830796209945e-16 3.0391860737627887221825978e-15 1.4819333100505119451599229e-15 -1.2750354486157602675968793e-15 
-1.1046052392570858413645141e-01 -8.1733275673082556034287904e-02 -8.7502606490307360820324334e-02 0.0000000000000000000000000e+00 
12 (band)
7.4892445396366946752664262e-01 (Ry)
0.0000000000000000000000000e+00 (Occupations)
-3.0082462884953864445947147e-03 6.3714724738042294305273572e-02 1.8263049590035357327977295e-02 -3.8696562619607649535780070e-01 7.5421056816078132919763253e-16 1.0542504605638362008883930e-15 -3.8832138880695685201338563e-02 -5.0456139699769197992651470e-02 -7.2445180641625903095182082e-02 2.4693732598911832809562839e-02 
-1.5766473509261236643021099e-15 2.3082715727368247689563833e-15 -1.1110058114976992249545162e-02 -2.2561028883263084532373455e-02 -2.1610249015080976175973149e-02 1.1721219639470481510556965e-02 -5.7704963935119243934046551e-03 1.2227017415825269797124975e-01 -2.2889072176700674268048911e-16 -5.4761260559440369670723073e-16 
6.5234232328274816182488259e-16 4.7385910713705450033656584e-17 -2.5250485044714228444195925e-02 1.1087232779519624881192641e-02 -1.3198996969974018805826788e-02 -2.1951829533355622647849970e-02 5.5070508541083987297248825e-02 3.2184697966641015454136721e-02 -3.3446912455025784582929305e-01 -1.9546442019003584800174167e-01 
3.9357082373992679169739046e-17 3.4606164509735258111222975e-15 -6.2705187572517459559939823e-02 1.1037051007796581936215574e-02 -1.1679890725538849549636211e-02 7.5641686790461598599577542e-02 2.6383768351178864538842791e-15 8.8998649500045826105860461e-16 -2.5140910422226707410242597e-02 -6.0666195772211134462637006e-04 
3.7544411585509673487393023e-04 2.4581474610896228427669996e-02 1.0568281788515360153368761e-01 6.1761121437113160326237704e-02 3.2771898313914330385600350e-16 -8.4667749077432579057655570e-16 8.9095466499014965168525336e-16 -1.2042262912944760502391331e-16 -1.8729042274410745427815073e-03 2.7513741211536324460240621e-02 
-2.5568832866569145972901467e-02 1.5268027758700919785384009e-03 6.1284309196470820868540841e-02 3.5813304594150663362484011e-02 -3.3411080852662117246509865e-01 -1.9525517833992939165099756e-01 1.0186038819486328848506402e-15 3.9094102560443184321120757e-16 1.7663924507401965180442005e-02 5.8818272632674369060357122e-02 
-5.8964928819969321394101058e-02 4.9414939387328875308735832e-02 2.6923107592190399521605590e-15 1.1595170295993394175881806e-15 1.2369754112428028858250428e-02 2.1416647076815301109498080e-02 -2.1414947019158907248748136e-02 1.2023537563930989519045411e-02 1.0501943788277388891483355e-01 6.1373748788931897779619362e-02 
5.7736861850169548356335703e-16 1.1361753248996515763908684e-16 1.0050711936849570007726934e-15 -1.8366354284200528484773724e-16 2.3433047473239560637425782e-02 -1.4555929711264438408679922e-02 -1.2242482852077204644181130e-02 -2.3417709855436945332041176e-02 6.0130656173453575497056534e-02 -3.7718212149913707409432106e-02 
-3.2782805074715914983585208e-01 2.0562924448192504423005289e-01 1.1010231369646641183434395e-15 -1.9281142493085426211789322e-15 6.0308589922593323906507834e-02 1.1596439369223547621867709e-02 1.6473478434542773024551465e-02 7.5148676459824342854787460e-02 1.7830480051888576559943698e-15 -6.2707873781788841891962601e-16 
2.4710367330085032666620037e-02 -1.0398726974702033991337924e-03 7.3384198293465971452143037e-04 2.4548459978761545674519340e-02 1.0304472501592863709074521e-01 -6.4634387287358152640592834e-02 -1.3297059041352142043971639e-15 1.7514250608151444148757020e-15 -1.9866497272416284280290282e-15 -3.4095956380980561821775738e-16 
-2.0430790296791759459715809e-03 -2.7510155065373565613784379e-02 -2.6424752056675632205795523e-02 0.0000000000000000000000000e+00 
13 (band)
7.6991717888241129053028544e-01 (Ry)
0.0000000000000000000000000e+00 (Occupations)
4.8789831106407532956836803e-01 -5.0075084059509944456323183e-01 1.8768351122451745749408758e-02 -1.9263630910113058170018974e-02 1.3940057683513843623836187e-15 3.4781001205643016231270653e-15 3.1507111771130880129021534e-01 -2.3246603832683584989204917e-01 -7.7309282556045064160876734e-02 2.3657388636732040732013616e-01 
-1.5355695802692692874034856e-15 -2.5158564945746509945182321e-15 2.9879942936616124549153994e-02 -1.0848464785295164336531570e-02 5.5845806146349180609789187e-03 2.8546233567476014814090490e-02 -5.4519517003686762679492972e-02 5.5955945009360713582324820e-02 -5.0043324827566556530403075e-17 8.9188556937744161545574162e-16 
-9.9536960514139100375968783e-16 1.1596515656638717460661634e-15 2.0560677141570057185893106e-02 -6.4733596678603011476127449e-02 -8.6151793538111545722735229e-02 6.3303038725352089866049710e-02 -2.1772583431707986934000587e-01 -6.6437310855178854929192767e-01 -8.3761960059952969559482483e-03 -2.5557343761931750059090973e-02 
-1.0888434984186978651943399e-15 1.7477900952523222192445589e-15 -6.0041035677931765823789334e-02 -3.8691774607267259700194018e-01 1.7383554080176003009405861e-01 1.7811550644014767508238606e-01 -1.0807979739018875747603659e-15 -1.5673429336530651745143922e-15 4.2293107637918284091860244e-03 -3.1505763100677791621606616e-02 
2.7885088419321954478213854e-02 8.2762814944960239049720485e-03 2.4329682697334993612958698e-02 7.4239558565845742421629438e-02 -3.2046392933748598328752717e-16 -7.7429015713715088041752181e-17 1.2459594351741332933704581e-15 -1.9985848683865224152836567e-15 -4.7841464883911465066912427e-02 -4.8211764344701105167168009e-02 
1.6185595151632019977894217e-02 1.0567607463983469395785164e-01 2.1709071139151958629298633e-01 6.6243192323362676265929849e-01 9.3720276440481323221298737e-03 2.8599827206695710435369051e-02 -1.4142362692635383540946159e-16 -5.4050361300575504314587225e-16 -1.8109984257066613633213592e-01 -3.4864809981688327233939617e-01 
-3.4586794746329529992578955e-02 2.4723045438569607457068855e-01 4.8120352659200814650961635e-16 1.5621246819062571096367619e-16 -2.1215449262020031478970239e-02 -2.2076614106072110776946005e-02 -1.6868420673929733488716209e-02 2.2312281245110587857283235e-02 -2.4779505168075286608564411e-02 -7.5612874030535140446040998e-02 
1.7752139566307715084500134e-15 9.4497211514880230382765972e-16 4.0650786130960994228977834e-16 -1.1156199984271653525515746e-19 -1.0082584305700803550820410e-02 6.7187647495105098927048459e-02 -4.9527572783497696151666645e-02 -9.4737508992398952734070861e-02 6.8762680723919278324984816e-01 1.1451551797683601208177606e-01 
2.9687292485484677306839529e-02 4.9446621010928483441748682e-03 -1.0042668566248663285999559e-15 3.7765219027386956361624857e-17 -3.9287603297392886814165536e-01 -1.0359535322852775340862763e-03 2.0307258872787087300437747e-01 1.4519183053439632669068260e-01 2.2454855368600454098731374e-15 2.0324031916110930614308161e-16 
-2.9393407962733507365893360e-02 8.5731992928219299954228916e-03 1.1958151088466116573894027e-02 2.5286046210103649278799764e-02 -7.8488646101107117925010925e-02 -1.3071458554723226763716326e-02 -1.7215223110002286854888851e-15 5.8563281570772464666067836e-15 3.4793216844664192123127050e-15 -1.7430850746459826837582147e-15 
5.4870712365924244335868565e-02 4.0062992981862236008261391e-02 -1.0690264765622052578475376e-01 0.0000000000000000000000000e+00 
14 (band)
9.5563297702764216090542959e-01 (Ry)
0.0000000000000000000000000e+00 (Occupations)
-7.0693814285715972367540871e-02 6.5817181517263256829153306e-01 -1.9691554324947069254392318e-02 1.8332823427519867598434189e-01 -1.8134333272848229607271986e-15 1.4774927272648995071201798e-15 1.4637761127587181619880141e-01 3.3620645810231419847724510e-01 3.3167935216001909193295205e-01 -1.4968632858073896430006755e-01 
-1.3766678850352170484033062e-16 -1.6085613458087476997015882e-16 3.3456665234425669863682629e-02 7.2443958315604406461574172e-02 7.4731209345454657766438800e-02 -3.1783957829940812089830615e-02 1.4816543559109975058962760e-02 -1.3794352539858695250174492e-01 2.3122643839122518528035750e-16 -1.7217458101468401341984379e-15 
7.8013379753696446820660864e-16 -2.0794051134607175001421340e-15 -5.9758700023364925979496576e-02 2.8308548865748017764332189e-02 -2.5877214983663576752803692e-02 -6.3096795878662056966668104e-02 -5.5052205456446756670629838e-01 -3.6757750353362089734687856e-01 -1.5334311836572606102535588e-01 -1.0238596995712803683353798e-01 
-2.7469632679054196538324662e-16 -6.2401792005373938495585256e-16 -3.6576353347071055566175346e-01 -2.6042755913446763438301446e-02 -2.1013168562069611811082837e-02 3.6328451158873942272720114e-01 1.2305525939965266990462175e-15 1.9514947556491512881343165e-15 -7.9700435505204406116952498e-02 -3.9135821597542502781053031e-03 
-6.4556157818268095072156143e-03 8.0952446846570963456812819e-02 1.1538160007069818424607632e-01 7.7039162297860203088006870e-02 6.0026060522906736393018796e-16 -1.8823552384518681177005289e-16 9.4257458146804037911199161e-16 7.1718029324205492499915648e-16 2.5988314435132012225615483e-03 -6.6073612300946604758422609e-02 
6.7905417448865579288508343e-02 6.3000148063522415364801077e-03 5.3555532327029253814032472e-01 3.5755847102511362223253855e-01 1.4800490649509656648774580e-01 9.8813599789815576013296550e-02 -1.1925773475640399536961789e-15 8.3108569035906783801220584e-16 -1.6849414673847823431529491e-01 -3.3640878500438931020255495e-01 
3.3604644508918735112956711e-01 -1.6288647968039676738882804e-01 3.3380601881004040238768256e-15 -5.3426836060041850398015169e-16 -3.4715369563631845450935032e-02 -7.3245989991685134246068856e-02 7.3429278673372705421584783e-02 -3.7564965219406581953265345e-02 -1.1277851972693789250890006e-01 -7.5295390672809672794052460e-02 
-1.2947451225897073654054007e-15 3.3718079887630955097270464e-15 1.0736423357527884673344679e-15 4.8540138145690392386073725e-16 6.1382618277953812646607901e-02 -2.8686385285219700297387746e-02 -3.2212148121002093237308372e-02 -6.1616156431043907215627797e-02 -5.6499025460194252090673217e-01 3.0895562252497704713860571e-01 
-1.5613905215040291274419815e-01 8.5382528913242577983666592e-02 -7.8968772860366771595540122e-16 -1.2720740396563669068351594e-15 3.7618933948186389359946702e-01 6.5367402756608718183972684e-03 -1.1338404248165002280446245e-02 3.7327022263883768982140055e-01 3.2673582177718046198870621e-15 2.0210919120229504901028521e-15 
8.0994351572170872333167324e-02 3.1696919733354110559897521e-03 -7.2928702302648903965653915e-04 8.2476989026440891694669233e-02 1.1897688573667715428161529e-01 -6.5060671905315892171728365e-02 -1.6367490670776091535164263e-15 -2.7335816009093052196575850e-15 -2.4913661444327447136829073e-15 -2.0308110892923098845517434e-15 
-3.0163463445870512119606488e-03 6.7687784585694077410522596e-02 6.9528218874813224603670392e-02 0.0000000000000000000000000e+00 
15 (band)
9.6467142466019750735028992e-01 (Ry)
0.0000000000000000000000000e+00 (Occupations)
9.1890460175363716799346037e-02 6.1565707147678061517126480e-01 2.9337495845785120651694200e-02 1.9655538105991970931896162e-01 -6.9999461525921211878768092e-16 2.3633619044666900540444336e-15 -2.3054609817352705869453189e-01 -2.9754531185807653326236277e-01 -2.8686695622073371536586706e-01 2.3476202764105369436009596e-01 
-4.7128871386028556204960264e-16 2.6061994615329639387330401e-16 -4.7834551539086611615658740e-02 -7.8539380381812351483716839e-02 -5.3857604040250500743169937e-02 5.7579668184952109699636935e-02 -2.0556018301103498591153595e-02 -1.3772242416730989811313179e-01 4.8609294907446040112391259e-16 2.5128924068398138019745656e-15 
-3.9631594067230280177894240e-15 5.5489299798331336582458688e-16 6.7076656222130673357106900e-02 -3.5781221558334019849922925e-02 4.7318703259006333894376439e-02 3.7694883220066213724841475e-02 -5.8816998622813265740205679e-01 -2.0379782538333574004596471e-01 -1.8778002773149318760381732e-01 -6.5064334863770140193750535e-02 
2.5840456747833581289702775e-15 -1.5150079872737845773920505e-15 3.7049681353459468224897932e-01 -6.6459214202867211707115302e-02 -7.5142625813623534214436006e-02 -3.6298683995334835028501175e-01 -6.4022147600261312991654615e-16 3.7226434575609598667765741e-15 9.1763438073526271132607235e-02 -6.0041672720315686362368979e-03 
-2.6075293638822119590692239e-02 -7.4405233437537784957349629e-02 1.3157362702358499362276234e-01 4.5589436043628937811345025e-02 -4.2698846724186386822630364e-15 -2.4861983469731438136567178e-15 2.4625708294087526432447556e-15 -2.6795136434535480083016141e-15 6.3309775305253612742717451e-04 7.6020870906505944031295030e-02 
-5.5327908030206728040578668e-02 2.4470114263907570550937720e-02 -6.0252821135551803966023954e-01 -2.0874860016085841629696063e-01 -1.9153501146595697246510781e-01 -6.6358622929932081779824671e-02 -1.2800100216108845993193753e-15 1.6714191620299556557617549e-15 -2.4319862082403118086482152e-01 -2.7501548521150831483339516e-01 
2.7678982067861368498995489e-01 -2.3400596330092005015188761e-01 4.2270624021497280700755800e-15 1.1022829323624213770473454e-15 -6.7925493732484215625433421e-02 -5.9966519109660859632171537e-02 6.5281875359799040881014776e-02 -4.0390182486012740636915908e-02 1.3464787122198065838496461e-01 4.6649476986115413768008153e-02 
3.1170593390877777461788660e-15 -7.9084553795610166255271022e-16 -1.6413945429216840238540725e-15 -3.9458706344966809519164082e-15 4.6321277087900236679729460e-02 -5.8245851420343719428984741e-02 -2.7307138228956157749438560e-02 -5.2233737858125794950581167e-02 4.6414268790115265073126238e-01 -4.3725025879494683334058891e-01 
1.4754466052362755212890022e-01 -1.3899532584004781199382705e-01 -1.1761034682867436889429308e-15 4.0412473471290455837472868e-16 3.5639266409474384955657911e-01 -8.8109904416449835728997186e-02 7.9141295829396163252766883e-02 3.5370616475562410840893790e-01 5.2671734545900022883905085e-15 -8.3152849687639007060024920e-16 
8.4612155792179941093955620e-02 -3.2413565140689430676967930e-02 5.5490902812355994908055656e-03 7.6565643005174044422034285e-02 -1.0372275832877266010800810e-01 9.7712907705988866213786537e-02 -6.9309545309892813884136946e-16 2.2264346459106674609646255e-15 3.9518221601346987833800961e-15 -3.0498584254639177679612130e-15 
3.0157218001532256484997774e-02 6.8035153568897846487750769e-02 5.8941014318438157693069712e-02 0.0000000000000000000000000e+00 
16 (band)
1.0589166371790241782946396e+00 (Ry)
0.0000000000000000000000000e+00 (Occupations)
-2.7400640117080391320330844e-15 -7.3231151158886256354939434e-15 3.2908648988779434756884730e-15 -6.7135005902339207494108775e-15 -3.3361336037638807117122752e-03 -7.5123468630902690001960309e-03 1.1913684357166487318779526e-15 4.8809418551057819573224666e-15 5.3961968651422104948399876e-15 -8.9165660703626342009030921e-15 
-5.6477560625144591910373748e-03 -1.2717914071941699427625849e-02 -7.9029908973508178179884342e-16 3.7179190236427060945822280e-15 -3.5370084461986115726488882e-15 2.8230245359383392393395187e-15 3.0137031127520042528184490e-15 -1.1549974263235611837046747e-15 -2.3485679267465402880743497e-02 2.3979356360665762815109758e-01 
-2.3695952553281734997980834e-01 -2.7383711375489165618102305e-02 -1.3054496827127883268705109e-15 6.2137285817638566531827276e-16 2.5987215541734136638553395e-16 -7.6915115900930476530268733e-16 5.3265596287372730970953593e-15 7.7116818962489486111442232e-15 -1.3989626441903751656806578e-17 8.2134568629289629618403788e-16 
8.2030861498514906493539911e-03 5.2394697397528666726884694e-04 -8.0935162089996941109925192e-15 2.4374391595531041593247917e-15 -5.0658947371010212720335835e-15 1.0386770101735747749574685e-14 1.3887243962171461064691869e-02 8.8709752444497691481473112e-04 -5.8775784431972089072960455e-15 -4.6183670994435949787756367e-16 
-1.7812410867673177552598152e-15 9.6578543685080839134482952e-16 -2.4059070542960266598235520e-15 -2.5741811105320245072255377e-15 -2.0162509228518440962396596e-01 -1.3190850025234585052302805e-01 1.3404995165633257214743423e-01 -1.9730761478049763102404768e-01 2.3320776930949129861660111e-15 -2.9173850877468199419367895e-15 
2.3455292110388345747413146e-15 -5.8779369761304816263270011e-16 1.6927486720835799578259383e-14 6.8776672143199941119281999e-16 8.5277236790446758188749879e-15 -9.3279941373056009920067772e-17 8.2172735170196950504895028e-03 5.2488568811880770281774744e-04 4.1895818073694141363421455e-15 -1.4580126230910916238727626e-15 
-2.1813668405169681231910890e-15 1.7394463967804142481589242e-15 1.3862649122755445890708970e-02 8.8539899481564557359725143e-04 3.1981767248711687906762058e-15 9.9205286410824135496917356e-17 -8.0781716480367411332278295e-16 -1.9606923118936640483878773e-15 -1.0037040257998112657477364e-15 7.2425410944830059487139956e-17 
2.1677393261313926409172836e-01 -1.0518114105263778879084668e-01 -1.0786050863813098632526533e-01 -2.1275497912817076251457138e-01 3.2392902040168738021842101e-16 1.2953007325819439434214615e-15 8.3366013456516448336515713e-16 2.1127814608204904030366169e-15 -1.2919426980542050713777541e-14 9.0341237429489272084118527e-15 
-1.9998950833157205479795882e-15 2.1106110913480638859235564e-15 -4.2721858139859042458041927e-03 7.0389997449867569567771852e-03 -5.1411107821074745384661699e-15 3.3511446131569332043153627e-15 4.3146236958647461818022217e-15 -7.3019154422099340376953175e-15 -7.2071541306557157513523748e-03 1.1874927427898786247428831e-02 
2.9230562409836500874760746e-15 1.6923004960107530976145097e-15 -2.6418559364725156133546305e-15 -1.9341415891268662853184410e-15 4.2344017707308220563059917e-15 -6.2206239684427855867746651e-16 -7.2185997791116189928328772e-03 2.4083584058634227575979025e-01 2.3851557000131662356068318e-01 2.9821694203165972913982529e-03 
1.4459695022840662844408560e-15 -3.3618313395243812612461907e-16 0.0000000000000000000000000e+00 0.0000000000000000000000000e+00 
17 (band)
1.1063493995551163529000860e+00 (Ry)
0.0000000000000000000000000e+00 (Occupations)
-5.4792846750478421561775564e-15 -2.9513430489811504387088815e-15 -6.6031220805155366940655993e-16 2.0115703266642578864214545e-15 1.3944939853536113261167628e-02 1.3546092608073856400352497e-01 4.4206502814680848429640679e-15 -5.7901170436273647111728311e-16 -1.0280024264588220298812184e-15 -4.8954870246404371412212771e-15 
4.0375920907047516128507425e-02 3.9221209306461463084403363e-01 -4.5084040082675436366201860e-15 -2.8058859566597146938151166e-15 -1.7869119766059872089769252e-15 -1.1629212718816781407516075e-15 1.9955944939623916582478224e-15 -4.5229816238628087747563914e-16 -1.2382573994727363864143399e-02 -8.2222997438842440609541029e-02 
-1.7880461352609983149974937e-03 4.8460795486419662447818979e-02 -7.8816431372174988943974404e-16 -1.1538792210514741490911928e-15 -1.1509109680759905596857883e-15 -5.5323669030421966927310333e-16 1.9547561010435389570176546e-14 -4.6305019446022731441566808e-16 1.1096168693941876460339458e-14 2.9179068772846175908205443e-15 
1.2650659289320342892892768e-01 5.0400454330541188951997356e-02 4.0452690991334348397039913e-16 -1.1595123433942540569452573e-15 3.0984689217945680713776260e-15 5.0476494227140648955546501e-16 3.6628576479212243688365902e-01 1.4592902194513268643305537e-01 -2.4517579790011855347505005e-15 -1.4763462687123252848142028e-15 
-4.3944491090463442844066277e-16 2.5131887213938710258710184e-15 -1.9053444892554678454553510e-15 -1.8418346668990119803656929e-15 -7.8603112067329547474336948e-02 -2.7120107298732515355155215e-02 4.2117735732313685281802407e-02 2.4036267283860525412197973e-02 1.0873783855597396331948640e-15 -1.2439633456686941102967943e-15 
7.6104339561705746938888386e-16 -1.2097875342582701141135126e-15 4.7280527874474790940627035e-17 -5.9644822952752428591219447e-15 2.9741524289487860228844229e-16 -3.4127483801894898955047309e-15 1.2654566333692759960705132e-01 5.0416118573519456969034280e-02 5.0928905186953902321585433e-15 -3.0941147006696411879614279e-15 
-6.1423652421279011401209424e-16 4.9744680041554503619902060e-15 3.6623350107261143371317758e-01 1.4590825505485235935587696e-01 1.7429712328949260298464105e-15 2.2393076469763605649408398e-15 1.6299673031686545077473419e-15 -4.9762842619355843173355325e-16 -8.1118033373295472579449872e-16 6.8737158061146647629181268e-16 
7.5733006394588978094084553e-02 3.4359436615205483922519392e-02 -4.7109772877741151742014836e-02 -1.1526528634788996835469632e-02 -1.5866753315095508484120088e-15 2.9010612298301677385003179e-15 -2.8410098843935371579823692e-16 -7.9213834018066215621084831e-16 2.6127647927104907733314108e-15 6.1732567766343275509697074e-15 
1.5709647890063051651872340e-15 -9.2646327255135235355619903e-16 1.0330704879818378150169167e-01 -8.8787631965330918171197538e-02 -9.2463454630331734225031580e-15 3.1760939918674092602005839e-15 -4.8513627716288899939681733e-15 -3.2520716329788248730216643e-15 2.9897894679125919248363630e-01 -2.5695872348812320851152435e-01 
2.5706192350063567283592073e-15 -1.2887731033970794759586244e-15 2.1752030871012806693714290e-15 1.3951167409752895168346692e-15 7.4155233744373199432614614e-16 1.3826810192693513405912516e-15 6.5536257288577676183294329e-02 -5.1196270593492403111479661e-02 -3.2040621914436434591877401e-02 3.6408654332407495990420188e-02 
-2.8269945355091387990715255e-16 -5.1955575247194986265865184e-16 0.0000000000000000000000000e+00 0.0000000000000000000000000e+00 
18 (band)
1.1601393166340125961966123e+00 (Ry)
0.0000000000000000000000000e+00 (Occupations)
3.5057039067558304346050591e-02 -1.7232985594898719838852230e-02 5.4150649068813172526404287e-02 -2.6618387834863838081744802e-02 -1.3472617104179034161084271e-15 2.6665816701184026271803900e-16 1.0081773296341610401949396e-01 2.0346787378514655242334186e-02 5.5764143514325861805680518e-03 1.1816397284005752954527679e-01 
8.4169555444476997633782872e-17 4.2615802287545464775239852e-15 2.0511725617517187481020358e-01 2.8061261561844214051930635e-02 -8.3784660493067125708321896e-04 2.2333333220393949969384551e-01 -2.0417608724443380568969175e-02 1.0036591114694251580807816e-02 -6.4522766504517457426961697e-16 -1.8044731161250061181605553e-15 
1.1037179178276398640074878e-15 -1.9599248818277415261286965e-16 -1.2393905403729438968740695e-02 1.5083801424255752210434878e-01 1.5405892659476985717681430e-01 7.5997709442040817240382466e-03 -9.6985368000473970440111771e-04 3.9051647398497604801725913e-02 -1.4984704277539173666866645e-03 6.0320692567961756158645414e-02 
1.2899126786235446118786511e-15 7.8465953468064317093460546e-16 -6.4739851736003994897572511e-02 7.9918449895579099506726095e-02 -1.0730086633643821925065964e-01 -4.9803061731307045334471439e-02 1.6087669683649878189324355e-15 8.9547933771274378499971232e-16 -1.1989800191982882826557955e-01 1.6877497538706459634383350e-01 
-1.9753062737205231980119891e-01 -1.0421194993977728193712551e-01 5.6493419487393253808349414e-04 -2.2744070800613209321072716e-02 1.3059064926681598957691394e-15 1.9622195515527691985031066e-16 4.4350814988824544822689754e-16 1.5119515738693747292856519e-15 -1.2793114088927448612764692e-01 -8.0866177247105527903237032e-02 
-7.8109834050972229424480986e-02 1.3300662843056415551856730e-01 -9.8547159350972912683630511e-04 3.9655305924055167521302678e-02 -1.5179455095252272767147872e-03 6.1097757916804336375538043e-02 4.7285779959923406528929879e-16 6.8748039860169672154647330e-16 -6.0000956083425364961936310e-02 -8.1940651960837593281716806e-02 
-1.0838533555035996525095499e-01 4.3822175288112746871505010e-02 3.0580385958787036281991148e-15 5.5862379741428109216713426e-16 -1.1152245651865735909247235e-01 -1.7530294908809418430450933e-01 -2.0277091847041936456541578e-01 9.4717449269307918413574043e-02 5.7224470613627398396516810e-04 -2.3030308828284141997588819e-02 
6.6010263543959602952676750e-16 1.5996724246647670264408664e-15 6.7587927927768333924697485e-16 8.1835142652957715139264820e-16 1.3177887891407871756577208e-01 -7.4338715323623530406571547e-02 7.1407565594378427653587948e-02 1.3659007513238916042830340e-01 -3.4686108967319613516355759e-02 -1.9245474452375239959867059e-02 
-5.3441793618864183446071081e-02 -2.9651557730226360543035469e-02 1.3790839174304721686804822e-15 -3.1013028166531519129129204e-15 1.0041430410598714551007049e-01 -1.5210282890419868362386069e-02 1.1379127611691852717257234e-02 -1.1635411236453435668281031e-01 1.7761061182256016473646115e-15 2.8428022575472803327561297e-15 
2.0702201285996096880026585e-01 -1.7614438916652902511472689e-02 1.0004019960954936563357620e-02 -2.2357853241766476037888367e-01 2.0144423413242330822559012e-02 1.1176976070368107099572974e-02 -2.2388994245230323713251862e-16 -1.4354961987794947690647276e-15 6.0136424175962800713515330e-16 3.3796961881883698565906719e-15 
4.8266035128501768788900073e-03 1.5122374622508980013257940e-01 -1.5412945548721806998671013e-01 0.0000000000000000000000000e+00 