167 (index of k points)
0.08929257493624756514272178 0.1544372790677433493478077 0
18 (number of bands)
52 (number of orbitals)
1 (band)
-1.3073505911815472835257879e+00 (Ry)
0.0000000000000000000000000e+00 (Occupations)
-2.5825884868709481079207535e-01 -2.3674282161823617665064035e-01 1.6032833296514364951335097e-02 1.4697122636878889867517728e-02 1.8638531897542034863744607e-15 -4.3071280829149623212158583e-16 -4.0527847228505525789543640e-02 4.4263462096631199516050259e-02 -7.0155694677466656772324427e-02 7.6501411749547165719320674e-02 
-9.7382135821298852716225039e-16 3.6524120549604192453954107e-16 -1.9917181260582023788474615e-02 8.4728967107185679252800981e-03 -1.9211832542276003482628610e-02 2.8621282416895654776567426e-02 -8.1604979448251530743663196e-03 -7.4806306939472488881648360e-03 -2.2475560699555774661596470e-16 -9.9348566809863842653038260e-17 
4.8557735235401219507322446e-16 -6.2504385533984432696722219e-16 4.1158541041669913923550794e-03 -3.7883409838153749363276468e-04 -2.3665238974634496271765016e-03 -4.5595168454303225402668431e-03 1.8415657276552907517519486e-01 -2.9804555561221796056159405e-01 -1.1432542806414345420984446e-02 1.8502813902127473316694406e-02 
-4.8491853378829669883707561e-16 -3.3427312271005365774090307e-15 -5.1073595786000791640901753e-02 -3.1515841909202195469941188e-02 -8.8292227726213048932812910e-02 -5.4578109334206412195378277e-02 8.6767948261119026488267268e-16 1.8406109816966816071077527e-15 -1.2054926025613959400528685e-02 -1.7976730697052075574893237e-02 
-3.1714259256860728719562559e-02 -1.3508444640615761486723834e-02 5.8190033241959683574240358e-03 -9.4176835049661518362018597e-03 1.1394384452420099202414940e-16 -6.8238530306030550586447089e-16 9.3097563961499169168748864e-16 6.2821651363585184362516299e-16 1.1433580582095592692581931e-03 3.9719645808577175305487117e-03 
4.0353129074036427764715640e-03 -3.1789745139543966120920793e-03 1.8461653630266164349826852e-01 -2.9878980190183629384037545e-01 -1.1120674401097862052378851e-02 1.7998105697376181461022426e-02 5.4150167950462504871389626e-16 5.9931818195211852542567780e-16 -5.0783104453990784987738039e-02 -3.2897200455756427095455052e-02 
-8.9400516337722987780800565e-02 -5.4360427151487013264219428e-02 -1.5708312703310149060948233e-16 -5.8236123638843664300256475e-16 -2.1658273610537136927289836e-02 -1.8872592604304773856310762e-03 -2.5597264381417857148637296e-02 -2.2462201684673856888485588e-02 5.8306842459535379585844339e-03 -9.4365803859082532378810271e-03 
8.6281779058912604707727505e-16 8.7658801226245867165775359e-17 4.1784334537127732662812065e-16 -8.5350715321043255984703357e-18 -4.0236401463154001026389928e-03 6.5365234651063941831439230e-04 9.3069468975143579414499584e-04 -4.8788724179835334451849072e-03 3.2809110233990518290525529e-01 1.2535884397325078309926027e-01 
-1.9763116353207443171013935e-02 -7.5511879753596220649081161e-03 -1.6587621674955640010639472e-15 -1.0363414188618180105992322e-15 2.2798695713276355412357788e-02 -5.6047916728316597712034053e-02 3.6645568245522334993591329e-02 -9.8003115713253888263700730e-02 -1.0697342306312742618372034e-15 2.9497456271772724250213850e-16 
-2.2045250734502564414485359e-03 -2.1628283161302774839640506e-02 1.7267885284503989989923767e-02 -2.9352863337950917121954575e-02 1.0361993883042005734629321e-02 3.9591679584843712802477711e-03 6.7515102085492351882324090e-16 -2.0885285896590695969168136e-15 -3.0372795753631477793145114e-15 -1.6305613512807357632249313e-15 
-1.3960293469556393688296714e-03 -3.8298881810816050481893758e-03 4.9668489685604265762575160e-03 0.0000000000000000000000000e+00 
2 (band)
-1.1659826497455643146139437e+00 (Ry)
0.0000000000000000000000000e+00 (Occupations)
3.2288236785827062469422799e-01 1.5338896849828939639159842e-01 -1.8365588403552013385677810e-02 -8.7247763589662491456877547e-03 1.0642163342764047466747389e-15 -1.1003862169783372137668003e-16 -1.3924429956318869899822843e-02 8.1178540823335587628406529e-02 -7.0476616092116098344355635e-02 1.1836391624454511983799421e-01 
-1.0710437709471287444505329e-15 -3.0471807984214986961896402e-16 2.9293311443373791502775561e-03 2.5298037872439275985936291e-02 -2.3076909473211011658566605e-02 3.0384768899685263288112935e-02 9.7531222442113763015925088e-03 4.6333334424913143190227771e-03 8.2953265149230425515354003e-16 4.7285507466754882561010615e-17 
1.2038827148219626279701656e-16 5.8801076196653162904096608e-17 -4.0606165956944195380429186e-03 -1.0708488046753464328908478e-03 6.2841809480471168269932747e-03 3.4794236033793869700136980e-03 9.0169905564666752439961783e-02 -3.4590546000489957867429780e-01 -5.1288684819483969581921379e-03 1.9675143405263398332927238e-02 
1.0944264169896497614313210e-15 1.8676548867230013877647487e-15 8.2349823673376815191815581e-02 -1.5335516872470415783435982e-03 1.2947336685073884687824375e-01 4.7049095218468742207740263e-02 -1.0060612083959986707210419e-15 -2.3412271344951662014172728e-15 2.4301038148814721462365185e-02 -7.6178242325827096384505133e-03 
3.4170752742506499410879428e-02 1.6974616017227803915767836e-02 2.7237115000558103153349698e-03 -1.0448567747030700070265397e-02 -8.4917630389162861134419140e-17 7.5562893515660911246018102e-16 -1.7869587100762508873501708e-15 -1.2101531655280133715964010e-15 -2.9099745197691019582553196e-04 4.1893489688305286799963056e-03 
2.2402553574008294418051790e-03 -6.8248497956501777070292825e-03 9.0296252449483749291658796e-02 -3.4639091759112666801811997e-01 -5.0364571887455723830928633e-03 1.9320633362879455902083592e-02 -9.8991268490885329158465106e-16 -7.5140195190047003664440434e-16 7.2134524486510129270833147e-02 4.0321468825530330792883404e-02 
1.3688226066810352254954353e-01 2.3241109493628446525104181e-02 4.6316615496326510685137112e-16 1.9189823842645229284446293e-16 1.6872697921870266624111423e-02 1.9289255009453616651615704e-02 3.7570466921013866146150662e-02 1.1841704541048856530460753e-03 2.7302871010962963434220985e-03 -1.0473822518188355759627406e-02 
9.6885394050645189220159718e-16 2.6017964048791888622134117e-17 5.5308503987602073266270340e-16 -4.9803942380931056466366847e-17 -1.8043170800139218638846739e-03 3.7036820123221196945917377e-03 1.3175789267134930746183663e-03 -6.9069906112518668350741535e-03 -3.5717521260738815946922387e-01 -2.3789672021575940241699954e-02 
1.9922149797432162077193141e-02 1.3269220044154258347779418e-03 3.2838382653790997756641744e-15 1.3957372082556855432507392e-15 2.6090602721833097699111192e-02 -7.8412313578642395262008336e-02 -2.8197324182638438400116954e-03 -1.3881264915415689187305759e-01 -1.9948582357314071391503713e-15 7.9674732499606177748983004e-16 
1.5785960951842103322517730e-02 -2.0188282017283860209078128e-02 -5.8768079466362324603245781e-03 -3.7126882076011509525859111e-02 -1.0799907112309088327850581e-02 -7.1932757654897118253234378e-04 -4.7461432464383516384149978e-16 1.9778871957507458988192919e-15 3.5979243715323314437391297e-15 2.8241517797542592016844675e-15 
3.9761749279924023942056621e-03 1.0783568591443768846377393e-03 -7.0315384896940183456770512e-03 0.0000000000000000000000000e+00 
3 (band)
-9.5445687618295105281163160e-01 (Ry)
0.0000000000000000000000000e+00 (Occupations)
-4.5856628289000014864207344e-03 -3.6356108741863607525246493e-01 1.8285492323722590812806743e-04 1.4497428536456580250302295e-02 1.3767887066965588447504575e-15 -1.3681257118210676408931820e-16 -8.6402672095934621165902456e-02 1.2560760645628082921021473e-01 -1.5306274754977799990030007e-01 -7.0062970546669808835638094e-02 
-6.5060949854712827299456074e-16 -3.8113140472343767881178935e-16 -2.2029621996314672355277153e-02 2.3662649321562950754938015e-02 -3.8782205488761212208714824e-02 -1.3031431540749049274863225e-02 -1.3261464009559076338007344e-04 -1.0513983668331769449899582e-02 -1.0445461865101677359022436e-16 -4.6087427543729769855488476e-16 
2.4057732338116763520723872e-16 -3.3625591669151833488957405e-17 -1.1816204582230240005547017e-02 -1.4584773305196113701853733e-03 -6.7556057056707861582789398e-03 2.8775287970509225154991384e-03 -3.5626215349318590686067409e-01 7.2628992674943437801715618e-02 1.4206375623428205146048242e-02 -2.8961632790630298384115804e-03 
-2.0409042824401212267060282e-15 -1.7584616645645618727601546e-15 1.3957299670606762576063886e-01 6.1335724789679871293834879e-02 -4.0140863843584298487066064e-02 1.6348007701001890379366444e-01 1.9873293670190951142123941e-16 1.3324929947746561010613102e-15 2.7371458278917043527300734e-02 1.7205478485114868159033819e-02 
-5.5335484086077926790814274e-03 4.0537112780558298696931274e-02 -1.0302902605885538855901018e-02 2.1003897529547049111142698e-03 -8.8326902974569060116452222e-16 -3.9733690147214577446218827e-16 3.5047467747113833979253590e-16 -2.7636954863095425768271107e-16 7.8149226242620051241516421e-04 1.1880198512505567298713771e-02 
4.0924341297409252971029048e-03 6.0967502263154981986814640e-03 3.5589651738762151378381304e-01 -7.2554563489642565077275549e-02 -1.4382553634543739778939297e-02 2.9320913258190813011072606e-03 -4.1858260266712981133472318e-16 1.5611866361810096239450814e-15 1.0424436012649712646194189e-01 -1.1100396109622417961659835e-01 
-1.0081240471715818829423483e-01 -1.3468016004330990442738880e-01 4.1523672789476958012967243e-17 -7.1398694984645980979308165e-16 1.8515651858134085649965073e-02 -2.6618735457208324290956369e-02 -2.1023877137295275685513474e-02 -3.5224229671991708068290450e-02 1.0283535359118994856331142e-02 -2.0964451797543816845281750e-03 
8.2816101879155294750643742e-17 4.6132506948801906100570961e-16 1.4087987838412325105471746e-15 -1.0169588230955695492575845e-16 3.9248771617369669281738531e-03 1.1225390142797563725052257e-02 -1.3740692062411867871429827e-03 7.2031230268605654989966247e-03 -1.3795778002906433634677796e-01 -3.3599724210366344046008180e-01 
5.5751777363482919736004106e-03 1.3578379940243651829989702e-02 -4.3668640852730837057156568e-16 1.0653122876326936335505277e-15 -1.2857122101514559253665482e-01 -8.1597837740430195774266053e-02 -1.1340424319702176181312581e-01 1.2426328532218472444625945e-01 -1.0598246960125183796210387e-16 2.7548550834433844669781768e-17 
-2.9616731657542506861435783e-02 -1.3199835112497584205248913e-02 -3.0660829984083336208211534e-02 2.7251848938295353264038567e-02 -3.9862537474471722298563492e-03 -9.7085510213894467973494429e-03 7.5706485226337193535327526e-16 -6.1060032412328862816903084e-16 -1.3308509967317018771060675e-15 -1.4115318028880909230298069e-15 
1.0291108978745959479095262e-02 -5.9587851597689119390044432e-03 7.3330108089132411269828182e-03 0.0000000000000000000000000e+00 
4 (band)
-8.3924419625285862078811761e-01 (Ry)
0.0000000000000000000000000e+00 (Occupations)
1.0300153489096713910200265e-02 -1.2914095820909060607917240e-01 -1.1829150058975668180494267e-04 1.4831504081758296442056233e-03 5.9720597329346048757045308e-16 1.7408204689382151803194200e-16 -7.3291495376999721278465927e-02 -2.6782289988347962594872342e-01 -1.7467865866609977310019985e-01 1.3753773927991358450029225e-01 
-6.0416276927357648295366314e-16 6.4686003679551074322058868e-17 -8.3275234667851555370177152e-03 -4.6632765021995897791740049e-02 -2.2810766193322354333794522e-02 2.4758746196196862454641519e-02 1.5462278413671398658024714e-05 -1.9389255671203170505734192e-04 -5.8222165779223901444424745e-17 -5.0158619068161667252926270e-17 
-1.2299932864477724527476750e-16 -2.1248655900989028034308415e-16 1.3729555029714681294028544e-02 2.6424854730123376045369810e-03 8.1876359491853747951672915e-03 -2.0348624466183101722194237e-03 -1.2878357309488885906745281e-01 1.4080893081006101708041456e-02 1.4790453537323611232778831e-03 -1.6171844052028511162788504e-04 
-1.3142974662472708772352191e-15 -1.5506081373074519768037048e-15 -2.4934556324017595474451525e-01 1.2217830858646157310420932e-01 1.6783308449980091636710711e-01 1.4581261696751751655298790e-01 8.6963379057819698145137845e-16 9.9530834317560522791718502e-16 -4.4246348250548746261490152e-02 1.6918128950275525962387846e-02 
2.8594512091015992366616061e-02 1.7767398397372308888053638e-02 -1.9335552851937505558499453e-04 2.1143443238270248629717685e-05 1.4823184511051444081490221e-16 -6.2835934725201372306518358e-16 -1.7548210197563262889057752e-16 9.3998693514973499549170380e-17 2.3017718294584144783643254e-05 -1.3981519265571864391040080e-02 
-3.5330294268667555152019233e-03 -7.6613152057536581737706705e-03 -1.2935408702271841696607169e-01 1.4143007048959758964468136e-02 9.2341624880087555538032973e-04 -1.0095828573021201068904418e-04 1.1093183391665230461632785e-15 -1.9248634457088970871176778e-16 2.6779041382719775965526310e-01 6.4634167332519337767493539e-02 
-1.3141478974828341153013866e-01 1.7679793994829648418054546e-01 -5.6383891191096318858998569e-16 -2.2230833606248447049426018e-16 4.8239573252768404298951310e-02 7.3604815273941789910416844e-03 -2.4740810949169855792462158e-02 2.4557862203154659508363977e-02 -2.2560117290751054500153039e-04 2.4664012942345308471159271e-05 
1.1097168588288427410350232e-16 -7.2239503380740614372757368e-17 6.2940914789390927348563014e-16 -4.8548283197835757646519863e-16 2.9256964287110963363058858e-03 1.3717432420532412601366090e-02 -1.5744042497548961859199501e-03 8.2533161018922898688465750e-03 3.8131034401720866056084702e-02 1.2441273525369969665810288e-01 
-2.7220098765640479698824095e-04 -8.8814231197602983014505185e-04 2.1413852774429743651407874e-16 -3.7799127317626114045305944e-16 1.3310398717783866393005177e-02 -2.7515834461359528484436510e-01 1.9829103843864978595767923e-01 9.5958442095975343688607495e-02 2.1638452821078320093352731e-17 7.9935019401095649592609021e-18 
-1.8090874943110617223407388e-03 -4.8764334491126722082032785e-02 2.8758840629620426032619918e-02 1.9700898661042985648972348e-02 6.6500589846406137593815000e-05 2.1698358071818856255760788e-04 5.0490737138178658195977756e-17 -8.0581086363384320480210118e-16 -1.9540920565508423531404784e-15 -1.1723028327155781538828079e-15 
1.2926238135769711062872389e-02 -5.4442648229110707572275807e-03 8.4021411211291988085925198e-03 0.0000000000000000000000000e+00 
5 (band)
-8.2637933213851777480840610e-01 (Ry)
0.0000000000000000000000000e+00 (Occupations)
5.0855954303552136641641823e-02 -3.3672787777028778677390619e-01 -1.6313423447508051955523456e-03 1.0801487215771253536100716e-02 -1.1120284269497814836911141e-15 -1.7433138473030537941678164e-15 9.6812786195709737979697707e-02 1.4717329017330588181167172e-01 2.1261265323095487889126787e-01 -4.4527812672839436891614184e-02 
4.9607330522257019122663724e-16 6.2803249749855906191771148e-16 2.3286017299842823313760221e-02 2.1763839419191938207021053e-02 4.6492544192336490715966590e-02 -3.5282691066222393594387086e-03 1.3533157653044837476219442e-03 -8.9606029728634701420064701e-03 -3.0234948966696813532883131e-16 2.1466862395088973723166903e-16 
-2.9919950445075870170462835e-16 -3.5468637691438815768934681e-17 1.9141052442116827936313683e-02 4.4056838425915040291513947e-03 1.1536671503933336110914176e-02 -8.8893173995245947094367978e-04 3.4029295686878713311784850e-01 -1.3141356905276624367218119e-02 -1.0915846254007904869709478e-02 4.2155008866469334538606972e-04 
1.1149115141843337291805221e-15 6.5242366065749958104058854e-16 -1.2642553942197864991214828e-01 1.2267549018958032180925954e-01 8.3578741179002519201546306e-02 2.0050301852652399614562739e-01 5.8033764378279759177603447e-16 -1.0000418159655338425828931e-15 -1.7014977451540881647762404e-02 2.6951694757035481175844183e-02 
1.2177607815993933895737378e-02 4.5007901708975284194025335e-02 9.0554721461894339962217515e-03 -3.4970474331807652190740043e-04 1.6577186814140864071621621e-16 -2.6571372788316857769464754e-17 -4.6094951884555798908128548e-16 -7.7843351794289951355280301e-16 -7.4097149744702106577420864e-04 1.9627554609600188217921612e-02 
3.0349429888184148440544163e-03 1.1165756135729579257009902e-02 -3.4013901866998536016595267e-01 1.3135475829728442825894419e-02 1.1005593710535943596795505e-02 -4.2500954425810436032584505e-04 3.5309167240890868227620827e-16 8.2398921466300862769103966e-16 -1.3530180405823316602820228e-01 -1.1255571711730263939621466e-01 
6.7747706296726162289445483e-02 -2.0632544354739179581770259e-01 -3.0372910218084267564905918e-16 -2.2391036298573884189133446e-16 -1.9088182930064895304056449e-02 -2.5600029176383452822474140e-02 8.6927274570429233918611445e-03 -4.5887482857401941382935462e-02 -9.0462206823700343910621413e-03 3.4934387869486362154791692e-04 
1.6336192819626954375315879e-16 -6.5905546889260961560031653e-17 -9.8101292029021266454781133e-16 8.0269138988903446619996774e-17 2.2527615800166187615127811e-03 1.9496977936284659582710788e-02 -2.1666574676277188839235155e-03 1.1358016194165118303849304e-02 -7.6638506945937670544743980e-02 -3.3165287877562288354482689e-01 
2.4797240755068516299131076e-03 1.0731015541102510019166871e-02 2.6781832672409247357427343e-16 -7.7238853504036224723502103e-16 8.5209015989427414061729849e-02 -1.5399607537631679332612578e-01 2.1536550696742048915943712e-01 2.7886175287207212031281856e-02 -5.8826074398909415770825470e-17 6.8224940462433161922623371e-16 
2.1569813464503925087845104e-02 -2.3547045855252832918802497e-02 4.6703544077072375872994314e-02 -5.9701512193179040455248696e-05 -2.0382487628764498280298234e-03 -8.8205267280545129188196185e-03 -1.5831150740580409886977723e-15 4.6194679678639655047386207e-16 9.6343814487325654941234014e-16 1.7489402231517023851971327e-15 
-1.8729507427430187871397749e-02 5.8662283377226929342862505e-03 -1.1562825625640210311373401e-02 0.0000000000000000000000000e+00 
6 (band)
-7.1731641318480710012295276e-01 (Ry)
0.0000000000000000000000000e+00 (Occupations)
-1.3320948571775984015097549e-01 4.2654616819854357379071530e-02 -7.6858419176922820881259213e-04 2.4611124218870683577620184e-04 5.6175125089829462725569479e-16 -9.5040510325787098756080240e-18 -3.0321706071277865213176028e-01 -1.3960007789987627369043821e-03 1.0930342771047554806251867e-01 -2.0534249317651487309888125e-01 
1.3063228583712627248174411e-17 -5.7840911144431766898136085e-16 -4.9609578382431018805931444e-02 6.6176112050670699016308163e-03 2.2471678522055275883939629e-02 -2.3224892054590023926508024e-02 2.5225206861478584666191871e-03 -8.0773543612739848174264523e-04 -6.3128208052851688279513534e-16 -4.0093582537758612786164169e-16 
3.6043040350825401709753141e-16 1.3257731784296178150088253e-16 1.2565690276189136684314995e-02 1.4851004721749890002957528e-02 -9.1492432901214976181947236e-03 1.3795649003421318889994751e-02 -6.6860054852911937617321314e-02 -1.2285730131457296698815895e-01 -3.8577025178014590078845458e-04 -7.0885380452209711954481008e-04 
-5.1978259107821790983241968e-16 -9.5231252230386810292739368e-16 -5.5445937715171395021584999e-02 -2.9810783739505941625225205e-01 2.2218673306276842671636018e-01 6.8890017158503791261381366e-02 1.7717954473667392540759304e-16 7.3894888171563156992106758e-16 -1.5796303136920132603737699e-02 -4.7490839669880713369565228e-02 
2.7024288029628296819995015e-02 1.7721732506646728499966059e-02 1.2661014634314294614869656e-03 2.3264853816707519590378794e-03 3.5260004433600930959483755e-16 1.4195097703501983391119380e-16 1.4624038283336395687525616e-16 3.5364063057780003459810770e-16 -1.2233377033967441846473712e-02 1.5125918144277234606009941e-02 
-1.5265687367641233435078263e-02 -6.4021381897657429760339909e-03 -6.7500232314982269721248542e-02 -1.2403292256287461181596399e-01 -8.9053459721774152341167152e-04 -1.6363876364887258718638918e-03 -2.5615630783693696762559858e-16 4.7820389749369073834826738e-16 2.1852844931875525791298287e-01 2.0708445223118804312534280e-01 
6.2076782763841056866915835e-02 -2.2227553565400351431868842e-01 -3.1899148382888511594850211e-16 -2.9201650710579984331335900e-16 3.2356007421856299022255854e-02 4.0082689792883000046153086e-02 6.2837652139158262087903495e-05 -3.3390130579336901872622434e-02 1.2523201988889117591829958e-03 2.3011739731918245434327819e-03 
-4.8675205226510049017784878e-16 -2.8669119301320629328319657e-16 -1.1233549859260387790561238e-15 4.5500362193568819017384259e-16 1.9246299910583825054644080e-02 -2.2101661222998659345195804e-03 3.0554983368284828817995624e-03 -1.6017483201416743421319211e-02 1.0918767622573739839442197e-01 -8.9546069721065185698094524e-02 
1.4405331689071598777474037e-03 -1.1813892478772895777705543e-03 3.4810176489344703306922467e-16 2.6690767472736511239145607e-15 -1.6246826910806688726296443e-01 2.5346146659913532106500611e-01 2.2997045398401874671812095e-01 1.9326950172281101569815576e-02 1.1826931049859240870432160e-16 6.5751519515026899015853903e-16 
-3.3309803947574982696533397e-02 3.9293640685102805554240746e-02 3.2810474169261139021358531e-02 -6.1949619421143072711677391e-03 -2.0257524501942248025543325e-03 1.6613351696644954556825180e-03 1.9643670406771386263584040e-15 -1.8085873356399850596310759e-16 -1.6601617750640862882007228e-15 -1.7738757709044173090573868e-15 
5.7774149846350330433919495e-03 1.8491251191620778487889609e-02 1.6306312832580008298499763e-02 0.0000000000000000000000000e+00 
7 (band)
-3.9314933313375499679409586e-01 (Ry)
0.0000000000000000000000000e+00 (Occupations)
-8.9496986019466228663496399e-15 2.1039313163798979899291216e-15 -5.2413548954884861090042062e-15 2.0917298422795758941807301e-15 -2.9137079703207269254505718e-01 2.9532761399469381613513974e-01 -2.2633991760947005118695762e-15 5.6689828388574157891713147e-15 1.3678195041813121637817091e-15 -1.3374614786715643231643587e-15 
-6.6890959092869850532991904e-03 6.7799381753696624786087455e-03 4.9325104942858878716366514e-16 -3.4904993286035023588583307e-15 -8.8681056886372160012173853e-16 7.4092939506067671771226818e-16 -4.8243853924740497573118413e-17 3.7033900189257266651171206e-17 -5.8797292718162849634033762e-03 -2.0459889614430754739560214e-02 
-2.7082375968473883232068289e-02 -1.8244027043180476022055103e-02 3.1998405395654620317065970e-16 5.2149815179023870137029631e-16 4.4429489282387835616751520e-17 9.5636103748009174831073524e-16 1.3735648386683399739279965e-15 -1.4253176433963391862907350e-14 -5.4211259424648122051241918e-16 -8.8650619389682174405455892e-15 
-3.4469399302677605767541991e-01 -2.3087094256781573453629619e-01 -2.0910883489232448260179252e-15 1.0942398421767767046583241e-15 -2.8591407738958601939516512e-15 4.4057443528988426331281011e-15 -7.9132584159974372894907901e-03 -5.3001799013886012612584153e-03 1.0492744476767255273661032e-15 -1.8719024841170294215060352e-15 
1.7939955865859586710926178e-15 -1.6509417370204286224089666e-15 1.1245843984115635063936378e-15 -1.3994528840968624010746636e-16 1.8995737317882250422274026e-02 -9.6093841162990557835943406e-03 1.2846143951239234054506611e-02 -3.0021262405737689921148004e-02 -1.0616660756015240611065151e-15 1.1411931936939700974472886e-15 
-4.2472471843210400934720112e-16 1.6615386319932126565131891e-16 2.4031335117057715090473046e-15 1.1086148466125882771382347e-14 9.3736464508597958938200894e-16 5.0446066175023073794160157e-15 -3.4471807844927798702983068e-01 -2.3088714763952933317625593e-01 5.8815630259898700720160534e-16 -1.1345152431101940787753926e-16 
1.0820459300954115865857521e-16 2.8264420871493760300234191e-15 -7.8848972636583192219461580e-03 -5.2811930782073034790213839e-03 1.4800215029289004818711764e-16 1.7214102202327171822472051e-16 1.0369462800466111254321413e-15 -2.7023437501781395467003974e-15 4.2694770084347432310299097e-16 6.9022600305375156799955811e-16 
1.6569345675136216977652026e-03 -2.1226814731458248236561914e-02 2.2875524007385569097428046e-02 -2.3310916865907270467683787e-02 2.9822408224562676907751790e-16 7.9080281929691177983109880e-19 -3.1865304187593539731496310e-16 -8.9434549105209348604884151e-17 -1.2041639304067297304630742e-14 1.8921245988066708091781472e-14 
-6.6400281812756151752432600e-15 8.8933976250718369736563474e-15 1.6220377472935418317057099e-01 -3.8187611082450045874026046e-01 -7.1656529097698597508415293e-16 1.6919036700823352570393080e-15 5.7956885833697863696481018e-16 3.1757706082347389531403720e-15 3.7101662135146850837741361e-03 -8.7348309574857650044998891e-03 
5.1454947878874494708210934e-16 -2.4867228474982374739753207e-16 1.1890960796320778875689364e-15 -1.6907275425756091740610362e-15 -4.7317831541989482060001325e-16 1.0406264715663670992722932e-15 2.1161308061409037778455300e-02 -2.3499227508145862329536069e-03 2.7184462203019843506979214e-02 1.8102305335902509758616574e-02 
-7.9144807277366380967685221e-17 -3.1569705261859554448724650e-16 4.2726653120849745805564417e-16 0.0000000000000000000000000e+00 
8 (band)
-2.3961841498662625471460785e-01 (Ry)
0.0000000000000000000000000e+00 (Occupations)
-3.3863723216321593440565491e-15 -6.6611424122999203833899367e-16 -1.1371786339835879468452010e-15 -1.1650843091270076750129279e-15 1.6485290884628747698492646e-01 -4.3412847577158425460552849e-01 4.3846669808675025114919311e-15 -5.3699069546483442280133218e-15 7.2180450097432781615454814e-16 2.6215896339390642554629218e-15 
2.0901813257988982597268546e-05 -5.5030236855740932711000823e-05 -2.1308128896554435816087473e-15 2.9338854528503359514333711e-15 -5.3903558386744461076932962e-16 -1.2775978524226850101976816e-15 -1.1534654735836381711308265e-16 3.8101064479738870361755755e-16 -2.6634961415300445475295987e-02 1.0697453350907337038533385e-02 
-3.0127537779934838307882572e-02 -2.3473272415871812568433086e-02 6.3767444574216147801178380e-16 4.4496645427546444773867546e-16 7.3850187857144397340201500e-17 -1.0325269435126498923700960e-15 -4.8519559533993223342988255e-15 9.6361491055424211189653216e-15 -4.0170076016151230940731407e-15 5.2346143175739412005437665e-15 
-4.5732922171276396694494792e-01 -8.0585346052855236220757718e-02 -4.4742298205045327205363597e-15 -2.0724999881350409711524730e-15 -1.1859473409921349369919112e-15 -5.7298463526918131827942808e-15 -5.7972109311285602295527042e-05 -1.0219946547737005643208263e-05 1.8865313283743301064349642e-15 2.6129882307595659718662342e-15 
7.0720749830357963458400388e-16 2.9003072614879447929532507e-15 8.4082101457324196673602192e-16 8.4466012112246079565464485e-16 1.5498866129140488265281128e-02 2.4158680148144186239367315e-02 -1.7412158587857447245017539e-02 3.3992348902396586629581776e-02 7.5026980950298952283546205e-16 -1.9308216880835698904191996e-15 
-1.1132069079004001210332690e-15 -3.7184717623383765330913117e-16 1.1798556186663931356946832e-14 -4.9938854545534546440195535e-15 4.9472846708753060035094170e-15 -2.7981845441942669503735629e-15 -4.5734828683858563813657838e-01 -8.0588530564218760487982252e-02 -1.0419154973250829129378051e-15 -1.5876282385411986215432526e-15 
2.5038725457892306187923528e-15 -2.8325696163517008012793944e-15 -2.7754590581484384070876104e-05 -4.8857153468985156652415469e-06 -2.4981301862207137303749146e-16 8.0130028437251220145245343e-16 -1.3911942456489702840434722e-15 3.2748873583395262213712915e-15 1.8861165582128220084982927e-15 -1.2251034563233976372446544e-16 
-2.2825637672622529905641642e-02 1.7409095395230330532987395e-02 4.7449083151059126550741496e-03 3.7902690631001927090704129e-02 -2.8723254109135388060112392e-16 8.0499142983383476311141930e-16 4.8204795626609186194419889e-16 -1.1006199958869765411410774e-17 -6.5843588432778840809598193e-15 -1.9188459252786663319602912e-14 
-3.9698872590304607648685611e-15 -9.2142608008241835504147305e-15 6.5374371473373472929413452e-03 4.6434817610089529349437498e-01 -4.0058514331356867380733551e-16 -1.9850204449789184589852614e-15 2.1967242615753413728730713e-15 -2.2195057545037181617956302e-15 4.0151577713456245181597448e-07 2.8178472239811722110935932e-05 
1.6067888066378870899674035e-15 1.3149996782400914814120757e-15 -6.8102336428243975127258843e-16 1.6454297212225956107467466e-15 -5.8772460929474520753256187e-16 -1.4421326157182260523804858e-15 2.1377830449456097783311748e-02 1.9159193691707779305666293e-02 3.6342222615848428224349931e-02 -1.1763118945601624271146690e-02 
6.1507654428045675474315311e-16 1.9390745490558317991657148e-16 2.3983687331794856283411531e-16 0.0000000000000000000000000e+00 
9 (band)
2.0268061051400165784031060e-02 (Ry)
0.0000000000000000000000000e+00 (Occupations)
-2.9907212920667015575649708e-16 -1.3172157523680881681395501e-15 1.4393072514656473695733907e-15 6.0103129724487103287689523e-16 5.2922539910456212197686909e-01 1.2415207574037546989220715e-01 -1.0715977452404194720205729e-15 -2.5511750453760214733306685e-15 4.8862517102733960734938006e-15 3.7092734350537519912269688e-16 
-1.0735477373364093328644842e-02 -2.5184647441834837056084950e-03 9.6648340625720373629249521e-16 8.0104731219888100582787294e-16 -3.7765598951198958099497874e-15 1.2937837447261990096285019e-16 -6.3495206491156575025179454e-18 1.3043553849192789706097808e-16 2.7518784339482751932770555e-02 3.3355542491450833331168013e-02 
-2.9714150749971142417837910e-02 3.9554341203085388589677507e-02 6.2257739138451875822796324e-16 -8.1336286055264167913179240e-16 -9.5507932716873803142475137e-16 -4.4495134118201785784416674e-18 1.0768800812521335954655837e-14 1.8424430316125187252728026e-15 6.5287805527317932259462566e-15 -1.2172835015209000532134594e-15 
2.2786050079828694403527578e-02 -5.4311514146611927777996698e-01 -3.9091958678048805930889054e-15 2.5749103334605046182967393e-15 -3.4925831279268000528187995e-15 2.2706136608300041061460705e-15 -4.6222794517279317243890757e-04 1.1017235788909437999016916e-02 2.9293423971806390798162718e-15 -1.4970657191199450676109200e-15 
1.9358849941588495492501459e-15 -6.7757916650488787080758249e-16 8.0693007418175073803444633e-16 2.0713010159817986981609608e-15 2.7608218140557701236748045e-02 -3.3281556416808903697823752e-02 4.4421601707102728595621954e-02 2.1776086989580986652548233e-02 -1.4118431688472108391435244e-15 -4.5046652819535538331751372e-16 
-5.0140052239623612284281860e-16 8.9975292291194015047119337e-16 4.3547295047138562404018282e-15 -7.0971882557935151626724392e-15 1.2612341890532710873841673e-15 -2.7703089596208900498171734e-15 -2.2785623632094974960748957e-02 5.4310974883679241642653324e-01 1.4572745940662695947762768e-15 3.1667969519138367677995191e-16 
-3.0402464839830852165084639e-15 2.7947828988824401784488876e-16 4.6157572533668663958272838e-04 -1.1002115715518186178645266e-02 -1.0579807322456078912316541e-15 -5.8234109454655980561576163e-17 1.0661631568645257776953473e-15 3.3839524078798271126572727e-17 2.4908776730122832975323845e-16 -1.9704377333202371974089720e-15 
-2.4721171892658048291346873e-02 -3.5472120025542286381181611e-02 -4.6084976818060847947311487e-02 1.7976139428778618867266204e-02 -4.5291063686521137620000505e-17 -4.6641832425944351306832653e-16 -1.3145036982716393185774225e-16 -1.9490488528868126176233473e-16 -1.3059479834155508413432237e-14 5.3745415759237439660485120e-15 
-6.3026694028504278184823666e-15 2.5124141736059212347993102e-15 5.3775938212772289581664609e-01 -7.9386591181987181675694387e-02 -2.5354231113661358269794514e-15 3.1270552133866800995492074e-15 -3.1993665144680194173649825e-15 -9.2602716138510436171243609e-16 -1.0893728664365574798633673e-02 1.6081909572605098020237069e-03 
9.6665958220553448410956276e-16 -1.9310475060864138615358179e-15 2.5077377824679063827182980e-15 1.7163447555354485405380151e-15 -4.1867825750443398943690039e-16 2.7571639976063892219181186e-16 -3.0211525565788110297971159e-02 3.0930104458933866534708912e-02 2.6293196122824588623068109e-02 4.1900292537530685332836100e-02 
8.9422673781749357182930699e-16 1.4766242719555717787504496e-16 4.9673739738637053940058769e-16 0.0000000000000000000000000e+00 
10 (band)
2.0027435108707772326575025e-01 (Ry)
0.0000000000000000000000000e+00 (Occupations)
-8.5154002135847059262612773e-17 -4.2974941770906503937496924e-16 -7.0302833163452414619282851e-16 -2.4792037974817925389790978e-16 3.7997743459405231014613946e-01 -4.5484338347797875767852815e-01 1.0944355646610066497035635e-16 2.2946968728910057756322833e-15 5.7896724676101908663596936e-16 -4.4849655049548377187458422e-15 
-6.2473166734918622600147842e-03 7.4782295253854429162299056e-03 -4.3904455033582015820957808e-16 -2.4697231390644173292773016e-15 -8.7293459924020509584395221e-16 3.2510650910534372484358459e-15 -2.1263381601849850635667114e-16 5.9988820862204192794233832e-16 -4.3888238743908791761327848e-03 -4.6910344270855310055967635e-02 
-5.6692493523123631271598555e-02 -2.2358321417744055070730980e-02 1.8488643802705452031042942e-16 -2.6361168371971000975908690e-16 -4.4782221500225579027305096e-16 1.0276963845809744177352643e-15 8.0480582206607810457297680e-16 -8.0057687201097165074416655e-15 2.5113893475603818688533718e-15 -4.5390378279379279378393628e-15 
5.1798752791569480091737887e-01 2.8801783836801142513195373e-01 -1.8147625631355456514255201e-15 8.5308439734559117359912896e-16 -1.9065622487079574127611932e-15 1.7819547350464331711957035e-15 -8.5163999323801531371458395e-03 -4.7353790392176929591183665e-03 1.0701749685022470761596129e-15 -1.3670144684206323146417674e-15 
1.4335138958615554092825814e-15 -1.2004884402031145189287430e-15 -1.1885328655210642076317921e-15 -8.3884031852226402224111266e-16 4.5257049515674815931554065e-02 -1.3101207720903665018830075e-02 1.1339180104558359285515934e-02 -5.9877845260536591287525710e-02 -8.8464638317538745331849182e-16 8.2492874971553054932881410e-16 
-4.9651274214489165549622621e-16 2.8573242394055617328295714e-16 -2.9822431892574731726535273e-16 -1.3507470007831225894878297e-15 -5.6549830967014592525462873e-16 -5.2316848130248888820814963e-17 -5.1798590138030020657566865e-01 -2.8801700850254180474863119e-01 -1.1086801298957578275138307e-16 3.7208921338100556969457831e-16 
-8.0749343197837648032277689e-17 4.5023714768302152442693691e-15 8.5048055532465291483923409e-03 4.7289637677450837432990838e-03 6.1771615070440950971023506e-16 -2.8784396169244647925737027e-17 -2.8910310101714732930668398e-16 -1.9412312767527510715807957e-15 7.7840611599031583547245344e-16 4.0181573375911116444247288e-16 
1.2749952691183509892458581e-02 4.5352213421273157578639257e-02 -4.4874937644806461856106239e-02 4.1226084788819040982676967e-02 5.9601475355963655088545621e-16 -1.7756546440826278576416722e-16 -5.1644503877935294366085308e-17 -3.7578673090735539178903999e-16 -6.2903487112754685545212865e-15 1.1446553268308478691505233e-14 
-2.1639470122396484240420554e-15 6.5070734394997442697600422e-15 1.8585455622975499689886192e-01 -5.6277995268499869663259005e-01 -3.0695961278734510226231460e-15 -4.7882291663583702189964420e-16 -2.0223117000295509354568800e-18 6.6727665691571516075439507e-16 -3.0515591720748831174037097e-03 9.2402815127287131480304794e-03 
6.2354195580118696951621475e-16 -6.8207768085857023151599438e-16 -5.2012121286324001415096823e-16 -1.6156527484280883787691607e-15 4.2794915308715966049311737e-16 9.1771159061454235333257878e-16 -4.2159798136956513903150778e-02 2.1022273352020979381160615e-02 -4.8904582298378802829308398e-02 -3.6355081156027639621708403e-02 
-1.2294154539063636673734489e-15 -4.9223996200834184362637167e-16 3.6748838671231334008255880e-16 0.0000000000000000000000000e+00 
11 (band)
7.6089100892350625127136254e-01 (Ry)
0.0000000000000000000000000e+00 (Occupations)
-4.8564693402604816596657145e-02 -4.2491182484662842755440693e-01 -1.0917056500355839729343721e-02 -9.5519790373678109540733772e-02 1.1030733045480254889604545e-15 1.3721296436614473441272092e-15 2.1349566369269062926505853e-01 2.7780107998880432251809225e-01 2.9057837772666350595329732e-01 -2.0793617922058879599056525e-01 
-1.0271435530732002506297132e-15 4.9889816747876752855125765e-16 -2.8348732025186978988884334e-03 7.7906727816485416004965714e-02 -2.5101543386351687220381379e-02 -4.1987828103439761573412170e-02 1.0593219343187833259012365e-02 9.2685812678793999541682069e-02 -1.0807881507863257960839590e-15 -3.1061149766171910760794120e-16 
-6.2292596154969120088670776e-16 2.4988348027361294812090972e-17 -1.3820563899836763033235343e-01 -8.7013064600113890212362833e-03 -7.3172121316035884652784205e-02 5.0914421584059503522734502e-02 4.0828535212079875016399910e-01 -1.2732501554417235967164856e-01 9.1782219873911496943463817e-02 -2.8622309317660535321614645e-02 
1.6178167246337308223618455e-15 -2.3624141691948085916397921e-15 -2.3287536095438987615580118e-01 2.6176880012504033512499291e-01 2.5870201625628835850889686e-01 2.4646808113027687814344802e-01 1.1709989971004984829719747e-16 8.7776245615717142403038549e-16 -7.7057987745852429828374852e-02 1.1813605279707598688654357e-02 
3.6540548029430686138852025e-02 -3.2524660473695878037947438e-02 -8.9059120747737599566029587e-02 2.7773173740497404671234705e-02 -2.0475849512422594302123337e-16 -3.7138606111618683140861894e-16 5.8817521969317392871050982e-16 5.9672295866417688461215807e-16 -1.7349971937308271419109218e-02 -1.3738809940760843275597836e-01 
-6.3723675492087961114151540e-02 -6.2335630620916966659894598e-02 4.0609621439835497103132411e-01 -1.2663858386504506237102419e-01 9.0991313042181692916088309e-02 -2.8375336635776897409311204e-02 5.1504422941885900087563806e-16 1.9241737679937866732008976e-17 3.4010878709044362055990973e-01 8.3741997643723725675002356e-02 
-7.2153625867901777235502436e-02 3.5078188720904818209689324e-01 3.4120974605100931705782023e-16 -9.4254812694900910006636609e-16 7.0892179031500968111600969e-02 -3.4525875807655141691565603e-02 -4.9133191611493862160919832e-02 -6.1558831274223027585357215e-03 -8.8901497724212949491651159e-02 2.7723563621003428913969202e-02 
2.0273013553357113742684896e-15 1.0233944911632320355362846e-15 1.0253556309516214073709561e-15 3.3838841213360007499332128e-15 6.3665345337581627505052495e-02 1.2301419073908764767466550e-01 -1.6681978783515381131730138e-02 8.7449995213735434718138606e-02 2.0049030893505029315981858e-01 3.7517342962305827436253480e-01 
4.4922803277789732923075405e-02 8.4062598841555563611294133e-02 1.4459956488171001366651317e-16 1.5346004438465637212370062e-16 -1.8528664960451180637734936e-02 3.4977621102686101695056209e-01 -3.5808881685993387833377710e-01 -5.1456155763053360030490069e-03 1.2385405884956938234859458e-15 -3.1522059591270626311020475e-16 
4.7198197335596561718951136e-02 6.3166979636430836686500356e-02 -3.1597965277426589073006546e-03 -4.9416405180006152397798047e-02 -4.3890982613229635733720357e-02 -8.2131929982815932156370309e-02 1.6484988149281869168846016e-15 -5.8848103549936569704287571e-15 2.6780314535460015434598855e-15 -1.4024399285192674341644049e-15 
-1.0890557510695469956019110e-01 8.5588217826794182885308260e-02 -8.9026906489076101935964402e-02 0.0000000000000000000000000e+00 
12 (band)
8.2553921577435751544271625e-01 (Ry)
0.0000000000000000000000000e+00 (Occupations)
7.2805730917423050474468482e-01 1.1323411267824717851837590e-01 5.8443083653108969521827731e-02 9.0891572370661033453131949e-03 1.5641479848709971356149857e-16 -3.4999709423752883693391820e-15 3.6978416882913267560439863e-01 -5.9143753889531469614126991e-02 -1.7291859388041311285100221e-01 -2.2866066876233911986382452e-01 
-5.3628847166530229471925969e-16 1.7340804817451818738571830e-15 4.2250080798684190586111953e-02 -1.6341978597362555314376209e-02 -1.6398233673049295022750016e-02 -4.2180604230248774921818722e-02 -9.5702686377748674706467114e-02 -1.4884365587297661986942998e-02 -6.8532581391107977597362654e-16 -7.8319878618208214059672197e-16 
-1.2439252120052066739505287e-15 -3.3815272973229722557518718e-16 4.6973619071321651152750576e-02 4.4689939810203506420638320e-02 -9.4725289230493336933847104e-02 6.7891730578438572174526655e-03 2.5195910557216816272330107e-02 7.3637936948766813394229303e-01 2.0229785777076889075054567e-03 5.9111034196961925735180898e-02 
7.7735497258462169296218190e-16 -4.1940080447696313590431532e-15 1.2738679912280378991873420e-01 3.5215184019119238900685787e-01 1.9220874620134231758328269e-01 -2.1270246691595603993896191e-01 4.5499718495791586009139276e-16 1.9896570517071449040494149e-15 2.3969392914599360611127565e-02 3.8439534274975456495937465e-02 
3.8360747177547206698822180e-02 -2.4011632947485591488279155e-02 -3.3121726446419044731506176e-03 -9.6796580679395602397896425e-02 -7.5223957749530750937688435e-16 -3.9666059615737156953318020e-16 8.3923169405188269366138783e-16 2.6422339269908764940659425e-16 -3.5096379611423020317140242e-02 5.4515646809582568588226081e-02 
-2.4418667370923768933366205e-02 -9.1775279756787259133332668e-02 -2.5134106043145844344710582e-02 -7.3463287338462368580849216e-01 -1.9231457144963763628009445e-03 -5.6223610778976501611836625e-02 3.9777874315623835583822616e-17 1.4014471734016451776106887e-15 -1.0367518290448028694950011e-01 3.6037521601717342756288076e-01 
-2.0745612329886578550919296e-01 -1.9921179944524111671277922e-01 1.0153413613256730591140759e-15 -1.8094090062873629002599696e-16 -2.1098231105097869919617892e-02 3.8600772785354231508847533e-02 -3.9478510678353506690996255e-02 -2.0550090693511491313216766e-02 3.3032708033286272211737078e-03 9.6555224010055409888941824e-02 
1.9485953228872397928089729e-15 -1.1961077037152377040293874e-15 2.8433263314724266947913181e-16 -2.1776650245796377190054466e-16 -3.8335348695203101676565183e-02 -5.2180426534441923247520378e-02 -1.7841614889725309484047600e-02 9.3529020565201514969544405e-02 7.1691084363819679303730936e-01 -1.6234538557646113754451278e-01 
5.4867374484264569423075386e-02 -1.2424335622766494516278080e-02 -6.3029100117172828382980184e-16 -1.6865925203081272935312458e-15 -3.7341877223961222886927658e-01 -3.4311228610959101925637071e-02 1.5680980965387020242829408e-01 -2.4111007388472652235300586e-01 -3.5131639491969782087548252e-16 1.1635698712797910517915720e-15 
-4.1870461257109248265351198e-02 -1.3491459873140824315962405e-02 1.2788556854880580790356781e-02 -4.2629940727884431395100506e-02 -9.4225994307826257956328675e-02 2.1337405613963467132521146e-02 -1.7030963361121403188843189e-15 -4.9884921062243881967360560e-15 2.6127136132156111753297889e-15 -8.8973531558049078463307179e-16 
4.4072839682212636147617957e-02 -4.7433961201288267484077465e-02 -9.5215549726713213929407686e-02 0.0000000000000000000000000e+00 
13 (band)
8.7902046529653199424814147e-01 (Ry)
0.0000000000000000000000000e+00 (Occupations)
-4.0816526699343214090731635e-03 -4.3862907692578945173522698e-03 -2.8910126412820053021235367e-01 -3.1073258682018584098116776e-01 -2.9697513554932628324727252e-16 2.3148095924759159914651516e-15 4.9627452686959137861943958e-03 -7.2122686085176357373427436e-02 8.6274203203478089241329485e-02 -4.1237760623243371882473696e-02 
2.6315417884492061871060320e-15 1.1490961002610760684176057e-15 1.4178643995263764954195551e-02 -4.9991145805071274255126923e-02 6.6874623125644030996461709e-02 -4.0942364534048397706200717e-02 8.7971300890193754318246988e-02 9.4553448865444436610694368e-02 -8.0198459630046972176463188e-17 -5.5587131870988608503136396e-16 
-7.3465402775796666757989692e-16 -3.8739601390579408442994631e-16 3.2412320643035209821736231e-02 -4.3122997483128581996947304e-03 -1.1147564461280155129196956e-02 -3.4520015232880847666496749e-02 3.5437720569046569224491705e-03 -4.8312643105018898692648577e-03 2.5105648345134495835750954e-01 -3.4220596656035512372895369e-01 
3.3175049324207630318727009e-16 2.1670233370345871021235722e-15 7.1775120760970562150404817e-02 -8.6396023339348881203703101e-03 5.6673500130550134856743938e-02 7.7018864069554840434683740e-02 -2.1056761598412187004002225e-15 2.8727120153559479686775867e-15 5.1762478125139808893262483e-02 4.5600946034187938779580485e-03 
5.2748217498202361330772447e-02 5.8018255597669807221983262e-02 -7.6394469311925256027606679e-02 1.0413063685202549046859843e-01 -3.9145248808554243608596983e-16 -6.2750213464750840126726993e-16 3.4122406408503293303186243e-18 1.7190914066400816969158603e-15 1.0309380319242913287558494e-02 3.1030164937033692662549100e-02 
3.1819725572634474652922165e-02 -1.7418516285254249248426461e-02 5.5166811981135141507159858e-03 -7.5187180152581911674047888e-03 2.5118947188943085979673242e-01 -3.4238718073888896320511321e-01 -2.5149482722193835281079836e-16 9.5950155346221134176733126e-16 1.1873741352033350543448975e-02 7.2162977552189450092257061e-02 
9.0375477828228661936194044e-02 2.9616332723373980928549543e-02 -8.8715281042802341989180143e-16 2.4362280983983442434319792e-15 1.9762832268351553793861441e-02 4.7908828303959594130390087e-02 7.0953977992529809748489811e-02 3.2737712838719824903765954e-02 -7.6681773961261814887002686e-02 1.0452200918016392450216046e-01 
-3.7401925027618523026867230e-16 1.4358480636483292445042361e-15 -8.0886384006315215319588988e-16 1.3515784250332350077212191e-16 -3.2687821500767724747227305e-02 -8.1614935785647433393735772e-04 6.7335614041855573058681372e-03 -3.5298565008932185349532773e-02 8.4192638237838776649191175e-03 4.0100983403847170749578765e-03 
3.8339077593073522809419273e-01 1.8258325567712710424395084e-01 -1.5651832000411078770616472e-15 2.3642504315469537024001065e-16 -6.8659855557003407477978385e-02 2.5185418356206343282188698e-02 -1.2157070192695480087552440e-02 9.4324227009723954351372299e-02 3.2842814031059769513952585e-17 -1.7225411436645438543775347e-15 
-4.3357045746016772969078090e-02 2.8389997409343968592931873e-02 -1.8862388257681016179301281e-02 7.5831623641396006529902252e-02 -1.1703936865554197266359182e-01 -5.5738057425909405540043196e-02 1.9064303657603061432127941e-15 9.9142153738932534397940009e-16 1.0777443654514396936400091e-15 3.3561946834723795903103596e-16 
-5.3233938593071402495260358e-03 -3.2261761453145312850132598e-02 3.5935073965061931078324164e-02 0.0000000000000000000000000e+00 
14 (band)
8.9891984401336955112782334e-01 (Ry)
0.0000000000000000000000000e+00 (Occupations)
-5.3171671958383515121937535e-01 -4.8182831204719150930415594e-01 -8.6557051331442563801843448e-02 -7.8432683460326335644907658e-02 3.6906451540564706989078723e-16 1.0034446149159852770965713e-15 -1.3600467104795577188980360e-01 -3.4140546692505469028589005e-01 3.2913645299714638925436816e-01 -7.9013333588277029351232272e-02 
6.0485741236096425528139419e-17 -7.7442185132955241323207466e-16 -1.6867370092539073211934664e-02 -6.1580555352600319096723069e-02 6.2907343500585855000650781e-02 -2.3051799066489617184849692e-02 8.9032378418401558750616687e-02 8.0677681082141378121619368e-02 6.9995582874074952130529489e-16 -2.4180316993465907107668875e-16 
9.2026280381688532397270531e-16 -1.4721867960349870371611750e-15 -6.3705405902506950788222184e-02 4.9110191509623771222159405e-03 3.8565510996974375346191266e-02 7.1009680943985381551541991e-02 -3.7366002997660879847430238e-01 6.1258417721420721502312290e-01 -6.0824250924607872748062221e-02 9.9720707325263807652149239e-02 
-2.2647685394689500653480059e-15 1.0439159600320298710299459e-15 -3.0987350341150138310908346e-01 1.9756865965201209078827560e-01 -1.3928781150466479354932403e-01 -3.0850091919236932724857070e-01 2.1912007116932245155022253e-15 4.5643554707688320288636525e-17 -5.7329164430220326542642084e-02 2.8107648018033226655632006e-02 
-3.4431149059555098135287921e-02 -5.7473605080427189739644689e-02 6.2565653422442718545326557e-02 -1.0257286017001972233675389e-01 -5.9951950708710371115819438e-16 -2.2049019543845189254767126e-15 -1.2094315421394184154421461e-16 4.9035325948401601676834722e-16 1.6761234212822148648136533e-02 6.1656774793749452578950354e-02 
6.2525448114231857443812146e-02 -5.1188297142411201545719734e-02 3.6536027105084767363507581e-01 -5.9891442091977664663460246e-01 5.7735595669910780292077845e-02 -9.4638109021403349352397072e-02 1.7716240840616002415156637e-16 4.8965022031880367766473709e-16 -3.4328718014511150347090052e-02 3.7587084003431270318174029e-01 
3.4772805383479576946115230e-01 -1.7326918531247570420816828e-02 1.0243003787943537340611981e-15 6.5935488123618908087254859e-16 7.5322090356433335500696558e-05 6.5067701560131058213798383e-02 6.6833372556547823717387757e-02 3.1748792685018512038652716e-03 -6.1097410022406664631411388e-02 1.0015178039139274734914409e-01 
1.0921314422369789787363513e-15 4.7369602922594829265918936e-16 -3.6532287748631066266859802e-17 -1.7658041017393549426786872e-15 6.4861296133492549187415932e-02 -1.1492410344018532189491744e-02 -1.5153156881735843283798282e-02 7.9435630147772370857062185e-02 -6.5676768786799388788466558e-01 -2.4666336456893847572935385e-01 
-1.0378037974524614850402315e-01 -3.8979526247116244586088385e-02 -5.6085022829324370853241708e-16 1.4613433646665711580943282e-15 3.7564569439086559210494443e-01 -3.6710510132494045265616478e-02 -8.2177751060280315731354506e-02 -3.3832209321917128264090024e-01 1.2784875024493011422035229e-15 6.2124547414546466293886107e-16 
6.3901059722736797130693276e-02 -1.2266459393314341555503155e-02 -9.4046817889482450802951519e-03 -6.6244482835204121506933461e-02 1.0982633002972870539526440e-01 4.1248634634535590037796027e-02 -8.6330036302610216477211157e-16 4.1620782224208156240484838e-15 -2.3949874787809767463729513e-15 1.7366543845837614159610090e-15 
-2.3442643104807609627515674e-02 -6.1558961296410343033702617e-02 8.0868025204365978630960399e-02 0.0000000000000000000000000e+00 
15 (band)
9.0452955638357335210741894e-01 (Ry)
0.0000000000000000000000000e+00 (Occupations)
3.4178582694859843682522182e-01 -3.8190518350396718272321550e-01 1.0664498305602691796689641e-01 -1.1915800882356697432129522e-01 -4.3329106863359986673921548e-16 1.7616413329769548903481883e-15 -3.4170830710845434552425104e-01 1.3148659120937444821919371e-01 -8.9449618146371520643889141e-02 -3.3292908177407443126583075e-01 
-6.8536030346443915865358496e-16 -7.0461011345042415908507088e-16 -6.9860257758665902927397440e-02 8.3872314328729907773052332e-02 4.7069531120289748171714450e-02 -4.2519974130810628265564333e-02 -7.7131021660727161481929670e-02 8.6182827988526028439864035e-02 1.1334428493379283825250323e-15 -8.6570486517571576643292895e-16 
-2.0239745992647090519779549e-15 -1.6047847643024015716256790e-15 1.0363054681936012535459213e-01 7.3597913230900369185860654e-02 3.7645282877539404386979527e-02 6.6970427895513828797646738e-02 -4.3918487034008341085566940e-01 -2.6416996489859850827386367e-01 -1.3703067002001728669213776e-01 -8.2428022854392976603854493e-02 
3.9788502389385895382544931e-15 3.5575884638878573592086799e-15 1.9318735402058456740448378e-01 3.1101758320279515590556230e-01 -3.1027080536527751331021818e-01 1.5024990853724495831755803e-01 1.8306418132600004012184671e-16 -1.6305683369101557750751827e-15 9.5477211997649386043818254e-02 5.2906735999486816102166387e-02 
-5.0586779113554573850120022e-02 -3.8268351661458130386073151e-02 9.9109205407260203557484601e-02 5.9615767596103708125809817e-02 -2.5818611466292576012327156e-15 -1.2296421153032077734741803e-15 -1.3109726364680883378277367e-16 1.8302141124194027348795479e-15 5.2875863736721658014960923e-02 -1.1558583866597479938853610e-01 
5.8730174897229411867805027e-02 -4.9527488246223688728164802e-02 -4.5351969836692862525495684e-01 -2.7284603252749822788203460e-01 -1.3889278134085772387074087e-01 -8.3556647856659047035599031e-02 -1.8950348370001761197731041e-17 -4.1928310428192290766245599e-16 -3.5537962732635419715876424e-01 -2.2977296800585342295697444e-02 
1.0996347864519459558430015e-02 3.3659597769272464606871154e-01 3.2144165738361837474713336e-15 -5.2881216914527322691031812e-17 -9.0494652004721926052965841e-02 -6.0352862607613702583542192e-02 5.8355821681700711933693526e-02 2.4869805050610795105203721e-02 1.0160876799792563363045161e-01 6.1128308186278068614427639e-02 
1.0856036297454376097960670e-15 2.6036232085392647890453075e-15 -2.7575494719987290933386377e-15 1.2240007896727734222202008e-15 -7.7560958673965743614964197e-02 9.9301832453013563761778926e-02 -1.4379732354722904799637639e-02 7.5381196794095786661848990e-02 -1.8303206182452230743606947e-01 4.9661286593993264615320982e-01 
-5.6050717928092810837803484e-02 1.5208956285484476200764448e-01 1.0258190030744409720504811e-15 -6.8644100845670465463995593e-16 4.4021196090828731972699472e-02 3.5339039316540477031480805e-01 3.2857342740544853709749873e-01 -7.3873369141631936574121653e-02 1.1395734032503616092751494e-15 2.3492868513172321836788416e-15 
-4.2326840614960822839485388e-02 1.0020074166362485934556048e-01 1.3494501840315231352973591e-02 -6.1982316409471535645359097e-02 4.1005973253732466710097526e-02 -1.1126330011861891577940042e-01 3.0991640439023924613927959e-15 1.7117511648916194305635174e-15 2.3078970250071230536763067e-15 1.9282074111761848072219205e-15 
1.1207639839741226350788850e-01 5.7579832938426056543335108e-02 7.6740481707536958855264686e-02 0.0000000000000000000000000e+00 
16 (band)
1.0819433906548248103263177e+00 (Ry)
0.0000000000000000000000000e+00 (Occupations)
9.9702688004167927537935157e-02 -8.9425393737903591251381386e-03 3.8520525966582230825707711e-01 -3.4550610007678173030143398e-02 7.9351693315716294795114778e-15 -6.6468856654546459905878405e-15 5.3156312698326352306210651e-02 -6.6221323799363435158582547e-02 -4.3352854920854541620478528e-02 -1.0239950445152308511342909e-01 
1.3006515931357243591750756e-14 -1.4400313860342666178116678e-14 5.1758678108885694535423738e-02 -1.0996241727994361669917822e-01 -5.1552221130374248359018452e-02 -1.7753378164430710928201052e-01 -1.2577636025739921676880329e-01 1.1281345278599893069970683e-02 -1.9325090744089368242011643e-14 3.4499101951920993536656967e-14 
3.2741982294326083999132178e-14 1.0705539791445881902078669e-14 -5.0338919111842919673627250e-02 -6.3153996402976544932705849e-02 7.3515586558832307639832493e-02 -4.5550501508381038839878840e-02 -2.7466563175259941370631722e-02 -9.6261014502487043942302591e-02 -1.0611889170836852347434842e-01 -3.7190807674573123087213844e-01 
-4.9665257605925676981827639e-15 -5.7807215578437105450304999e-15 -7.5008861851951227905921371e-02 -3.9806129541818814632225809e-02 -9.2462212749013575341372473e-02 6.1772710441288014582283949e-02 -1.0515007361447878589860110e-14 -1.0121789126138208845296676e-14 -1.1771328970283581605293932e-01 -3.0236987299714884747103838e-02 
-1.6472924730603061282963040e-01 8.3905602973762594132267623e-02 3.4649661383866922625962559e-02 1.2143460181051811408448060e-01 3.4288245109916368390620828e-14 9.8872086591571528347381697e-15 4.8399572902221080827658685e-15 -3.4912138784066296706949620e-14 -5.2602792652732689726580162e-02 6.1281157333627420125132801e-02 
-5.8519124156719400098314310e-02 -6.3678110545814098353289978e-02 -2.7792234135645167703021485e-02 -9.7400940942572872272009477e-02 -1.0622215355524082525118246e-01 -3.7226987813433787266603758e-01 -5.6464718756686251741987757e-15 -5.3987670510573076107225992e-15 -4.2297800927590674391343128e-02 7.3395155276126028409677815e-02 
-1.1049891109078406603583034e-01 -3.9282626760356702255716499e-03 -1.0290471764691636471458069e-14 -1.0972458374161815876013122e-14 -8.3940535520112422029903598e-02 8.7938148328213519566709522e-02 -1.8414273896847652145503105e-01 1.5546612312771592931404108e-02 3.4720046489015721213888810e-02 1.2168093871796352434255795e-01 
-1.2173648713819012462908925e-14 -3.4835518342090716872580827e-14 3.2153063519920316810139249e-14 -9.9087260291918635850941391e-15 7.7066321307723034683689889e-02 2.4193682967393430327529558e-02 1.6184201991764998740386261e-02 -8.4840557890933865348159770e-02 -9.0467957122978254203005122e-02 4.5551073628932528536417124e-02 
-3.4577190832631926609153084e-01 1.7409708637552365195766413e-01 -1.7608547587993968308590648e-15 7.7224938729941687759265710e-15 8.0020942838725295231938617e-02 2.7795709894104167481110323e-02 1.6846748891402970466080191e-02 1.0927775460582560274058750e-01 -1.3929613679618680894262456e-14 1.9576548568479904507476027e-14 
1.0210940985740618591748330e-01 6.5975752010659638457923393e-02 4.9776147590789687757961701e-02 1.7796792014359610889506769e-01 1.1301974679789748845504249e-01 -5.6905793283485349431938261e-02 -3.1184208734996661307353499e-14 2.0465736429430893042232388e-14 -1.3455475108060396902138166e-14 -3.3964683459625865851351006e-14 
9.3243577190299502949200061e-03 -8.0234709001528625726962218e-02 -8.6370415405711040146563562e-02 0.0000000000000000000000000e+00 
17 (band)
1.1081950793983392777874997e+00 (Ry)
0.0000000000000000000000000e+00 (Occupations)
1.2485557195565147647075077e-14 8.1047053513317249629814657e-15 5.7883974070376079372082008e-14 1.2824576902674691661136051e-14 -5.0760040140298126609685880e-02 2.5195684630490017275050718e-02 1.2900387012357635765796800e-14 -1.5579989948294992499333793e-14 -5.2531154361219855124280983e-15 -1.0991216930210308059884695e-14 
-1.0736592977483086497336728e-01 5.3293147076378832860399370e-02 1.4077804546289803431649629e-14 -1.9007540444421502597360267e-14 -3.1505562625457988422184174e-15 -3.0434001470525920990556928e-14 -1.8553152818690488559160858e-14 -1.8058232407050058135617650e-15 1.4784237496042706982990467e-01 -1.9341742450766832850383992e-01 
-1.9579645951585578078635308e-01 -1.1041781757058391488790505e-01 -6.6161738354193991667294467e-15 -1.0942328094475453258190630e-14 1.3315374880527415015078281e-14 -4.0560134164089785351818398e-15 3.9674781247872527667549267e-15 -1.4774639643060459117784385e-14 -5.5584662965326349105208962e-15 -5.5149291603026750576597404e-14 
3.4260882842057180375228143e-02 4.5139739763604733169266581e-02 -6.1900095959331978501499677e-15 -1.1119202790007662207643083e-14 -1.0357019242502957594934844e-14 1.7904703573743995561070633e-15 7.2467548000449064082850725e-02 9.5478044012839990983820826e-02 -1.9334260455989896038977972e-14 -1.1526740276481171519573894e-14 
-2.6926813169118725259309219e-14 9.2815630040544424706860959e-15 2.6584434564897496526349749e-15 1.8465789392630448752010832e-14 -2.1769436874928008163188053e-01 -1.0898086874294511672278674e-01 -7.1773416448121338251375789e-02 2.1301860174022618776845661e-01 -1.0593212124154915823789697e-14 1.0670269968886834172754473e-14 
-8.6475988403500283850166034e-15 -8.5453761633325854243104607e-15 -5.1168441835015466520881661e-16 -1.0657877134698715150943260e-14 -5.3010142102596967172712344e-15 -5.4185521491594096086245477e-14 3.4277878020818504378741665e-02 4.5162119628817942729170909e-02 -6.3831864268286617638669638e-15 5.7225860479115078013387699e-15 
-2.0380839929918402674044893e-14 -4.7160533245479945122984786e-15 7.2443353057450504683956183e-02 9.5446380824708104695375255e-02 -1.5480600514742185117658474e-14 1.1233707932584544638686293e-14 -3.0424417072447879171649618e-14 -2.2408008372812842640030156e-15 1.7252774134657962679218715e-15 1.8995439089411087176116689e-14 
4.6419131493437355839848379e-02 2.3898876393365164894078134e-01 -2.2447001318373896450175664e-01 1.1822855751287763073631432e-02 1.1642668720373652397691236e-14 6.8653172493972382871787191e-15 6.0479637309485988153295815e-15 -1.4981513794660091726482143e-14 -5.0621198498233585945293078e-15 -2.5547965271450057434310681e-15 
-5.4441695781210270681360296e-14 1.7813427614797528654086477e-14 3.7939140476698843262859384e-02 -4.2133259912657136658786783e-02 1.5461675884831462996719211e-14 6.1918977471513624361782810e-15 -4.6313428648745524909021887e-15 2.0479860133204277092648870e-14 8.0181232271100216779657899e-02 -8.9045050430849981282221961e-02 
1.5475642211042023283384840e-14 1.1353774566791346784273774e-14 2.7921535518039122657180922e-15 2.7525041913357661928249559e-14 1.6398702038926049534732316e-14 -3.4062283509765321312477774e-15 2.2605753798577138402592368e-01 -9.0378949844266934232628330e-02 5.3674926657300447985221581e-02 2.1827864986103859279431560e-01 
4.5157716161182293817851199e-15 -1.0275342560478409995032078e-14 -1.3300212657551021097917876e-14 0.0000000000000000000000000e+00 
18 (band)
1.1773536522973537810088374e+00 (Ry)
0.0000000000000000000000000e+00 (Occupations)
1.2212010297045062889438011e-14 -8.7595529118035415133794548e-15 7.1000504006438444051260084e-16 -1.7313886080682951707847280e-15 -3.1419517029260532470225087e-02 9.1293490551684189360237554e-02 -9.2154614394721122296264703e-15 -5.6882004520959871870252389e-15 3.4090514017361560345652501e-15 -1.1203329211980006856131549e-14 
-1.0886796014986602210150579e-01 3.1633010038586473200439286e-01 1.3623949245912350940853862e-15 -3.8904633654806552172589989e-15 4.9116003454451687182320179e-15 -8.0682079742466431388008340e-15 4.4624149738915957609129792e-16 -1.4679521409529961658555548e-16 1.0978108678862472102899517e-01 -1.4426034158324885225965772e-01 
6.0601283167978366173134219e-02 1.2610988064454473067677043e-01 1.5018046698856907171637318e-15 -2.6373010759132014404266591e-16 1.7307013546448008352300576e-15 -1.0460297987996223052884173e-15 -1.3577081255122598349317439e-14 7.0411853386702964399874199e-15 -1.0770770723627312955232558e-14 -1.0927365337591568172701260e-15 
-9.5563862249935682680046511e-02 -1.3756296715990887560843170e-02 3.9114894330143299011119156e-15 -3.7336142421259694557001928e-15 1.3974121256526425474953915e-15 1.5519049765841239344772528e-15 -3.3112684612649978532772366e-01 -4.7665259168945907364278725e-02 1.2162648639829670715508661e-15 -1.8528752976897248971918984e-15 
-1.4803758504813053026239870e-15 4.6215101502091692335465485e-15 3.6347339561256444359302949e-15 -1.7887320772586308471508695e-15 1.6227601869327643036022835e-01 8.0804869452720445854865261e-02 -1.1252057983096132309785986e-01 8.3158503066669636760721573e-02 -7.6392634838821964957835751e-16 -3.4839510831489350688976345e-16 
-2.7875742485581339192550021e-15 -4.2625106461294902525668672e-16 -6.3105484562554029499239657e-15 -6.6693030199128600289110680e-15 -5.9930938701549092256975103e-15 2.1041368290595177494781096e-15 -9.5610766808497324453774979e-02 -1.3763002101346719086016890e-02 -7.0399915736152461384958589e-15 -2.2323430120216175422714733e-15 
-7.2351048358758307324921836e-15 9.4300390855771549537453045e-15 -3.3106944518070990923774843e-01 -4.7656899742852129597814326e-02 -1.6021167182839655187779569e-15 -8.8888514768576709918677018e-16 -6.7002035014418993411589914e-15 -7.2257230881339404913422364e-16 -5.7169061055639495150432552e-16 1.4082389618947779968410982e-15 
-1.7849146328892498414298018e-01 3.1743955202444197605249343e-02 8.4507051568188190637798130e-02 1.1150658485653926199621111e-01 2.1115260181247842904335497e-15 1.2790907974370194143725473e-15 -2.0217153165887339624958450e-16 -1.3348582679088213238192321e-15 5.2214595529007665135031803e-15 -2.3767224997732699738816029e-15 
5.8675060594477694435469491e-15 -5.2289152008297261195140191e-16 -4.3964496905598447404339701e-03 -9.6496166694164289823198999e-02 6.9980426331991709057500074e-15 -6.1873935927054198637324085e-16 -4.1624850784013491350199356e-16 -5.9087572548042898162527702e-15 -1.5223462876658933051743361e-02 -3.3413530762762017056743957e-01 
-1.8419591909884231950502453e-15 -4.2834946128727999562258626e-15 -2.1695977226302003172447511e-15 3.3983513087358336869257843e-15 3.9961248502446366665408937e-15 2.4923722814908189140512202e-16 -6.4627647539893876005301365e-02 -1.6938166468768905970065930e-01 -9.3696454247908247947584925e-02 1.0390444982042973398606023e-01 
-2.2902990148627215784770599e-15 -1.9588083679746960349566364e-16 0.0000000000000000000000000e+00 0.0000000000000000000000000e+00 