17 (index of k points)
0.1704676430771557560372997 0.0981368845714782056521841 0
18 (number of bands)
52 (number of orbitals)
1 (band)
-1.2569690863620885945550754e+00 (Ry)
0.0000000000000000000000000e+00 (Occupations)
1.3971162873071907295496885e-01 -3.3709498106813107209944747e-01 -7.6929632145494586392686642e-03 1.6056525276835181825774157e-02 1.9181101449664961856283916e-16 2.3693842612297884749502876e-16 -9.8450352530328300026951638e-02 -4.6917855390659068959280376e-02 -5.6749652337232101007025165e-02 -2.7243945263996198480338506e-02 
-1.0006112170981862831846513e-16 3.6640438154439914065780594e-16 -2.6585340535643459114467646e-02 -3.0987620527289067018372748e-02 -1.5295381551105519113420428e-02 -1.7267503496188732481364525e-02 6.1940132761202706945802277e-03 -9.3093847206674601446607653e-03 2.5665529866095059221811881e-16 4.4350599989498842668774020e-16 
-3.9952607276223390422498681e-16 -3.0403577231171278398930262e-16 2.6685487438074806387788840e-03 -4.0029934319597282321723242e-03 4.5347089375590704518614871e-03 -6.7847405549798442403464094e-03 3.9966512114321804671757121e-02 3.6270517417500103274363710e-01 -9.9389499118350370376884229e-04 -1.7776553651727464155918312e-02 
2.3262847149635399784395972e-15 1.1358618440242604556455867e-15 1.0887555079041463801381440e-01 -6.3143889559238042946676117e-03 6.2854970161250869886693238e-02 -3.4653022918644527106124542e-03 -1.6115149571410317289549005e-15 -6.9819358790168536606566708e-17 3.8225311543322308682757438e-02 1.4347073386437573030982584e-02 
2.1722128278896496444971831e-02 7.7630224023530203236731495e-03 -9.4302491733549292929339458e-04 1.1141864671023845451136580e-02 1.0588643068769730657448093e-15 -5.1037543536853693742362405e-16 -6.7478382932497092692064230e-16 -1.3694816330282798560843406e-15 -4.1001029696723957640447367e-04 4.7934330464505063573721344e-03 
-7.0522204384978678937123675e-04 8.1301261623430137043255783e-03 2.7954949867674216967827761e-01 2.3427784298357651193711604e-01 -1.4174963220785943840418497e-02 -1.0998924577584581058209423e-02 -1.4295074912445772603572281e-16 4.9555658674452401694879346e-16 6.5857098433286173633227634e-02 -8.7588246100640282376659229e-02 
3.8321574892020718317020567e-02 -4.9412511125278724133380592e-02 2.1290698579706305491991974e-16 9.6158807362970040164784027e-17 9.2133098411760275259219100e-03 -3.9323045668610251412999901e-02 5.3125225980280021964574644e-03 -2.3040997538137958366988300e-02 9.7957915314545954826863650e-03 5.3814564646334364997337651e-03 
1.5864490990275724313339599e-16 6.7465397512266698492501169e-16 2.9730594287525372140885494e-16 4.0194724496079337307089933e-16 4.1380194442424671902314159e-03 2.2499677290590894274124878e-03 7.2023763734626617544209992e-03 3.9595399181543457223231286e-03 -3.5783530471124974647878503e-01 -7.0625240711959469397385192e-02 
1.7720387286183657271632086e-02 2.8095904687666368830523123e-03 1.8143336434543936779101992e-15 3.7917202074988233874535998e-15 -1.5515055918296185438753909e-02 1.0848106428723362781862960e-01 -9.7767932864826281869063962e-03 6.1762073078405470283325229e-02 -3.2972839112579338631393328e-16 -1.1425357764158828493908589e-16 
1.0870336768589464182532822e-02 3.8897593465697127834701519e-02 6.4446861784387167448873157e-03 2.2750307337887101105655674e-02 -1.1176653979182686257654034e-02 3.3523126883213663542576688e-06 3.2982952578893021052745214e-15 -1.9690139352112720398097575e-15 3.3707976970220373492839391e-15 -2.4420532648251786769523711e-16 
-4.7101043012226471995429478e-03 2.1844319911462476736796479e-05 -8.2190134315774671797116824e-03 0.0000000000000000000000000e+00 
2 (band)
-1.1961589341828695598479726e+00 (Ry)
0.0000000000000000000000000e+00 (Occupations)
-3.6462425596198255739466276e-01 9.0175942388042995556673986e-02 1.6411270047033618690868195e-02 -5.0095641175637167785694714e-03 -4.7219416389565727621148758e-16 8.6400888244251424238848589e-16 -3.6211725973470665351783282e-03 -2.9648592158680375785451133e-02 6.6337939607689924703670670e-02 1.1237595165282521225691426e-01 
4.7189554499374142385695066e-17 -6.2925274978114406803207031e-16 1.9249863420414681236536580e-04 -5.7993145737298967823392104e-03 3.8588075559797256619543049e-02 2.9610408258332152064973286e-02 -9.8040167248219720064206228e-03 4.6238849569782657089600519e-03 9.7785063560313029843012479e-17 6.4620974194414489083565202e-16 
1.0567635997819101640454184e-16 -2.3282534269685385813964213e-16 1.1085624070216106018538227e-02 -2.7725692027116694005073327e-03 1.5307612734435371848462637e-03 -9.0785385161498699524429412e-04 -2.7608007964445802073782943e-01 2.5468085567021458981429305e-01 1.1967929650939644614648927e-02 -1.2296104142162230313251037e-02 
-1.5643165191181481530401666e-15 1.2292414423271601506935176e-15 -1.7456575941025676002027467e-02 -2.4236746159220369511988480e-02 1.1226990720799487344372380e-01 6.6517250971314681451396211e-02 4.7606428501782974200968689e-16 -8.8281531244132227926953371e-17 -2.6251532641165379634851096e-03 -5.1747150249222551021688332e-03 
4.8079911353191215339641928e-02 7.3578513781544264971135050e-03 -6.3637517805742033205618213e-03 8.7750623536930524165589063e-03 1.7155417804007560728615178e-16 4.1166092990516422454907376e-16 -5.4670847624032909910230398e-16 -1.8182389197975082168198418e-16 8.3787110250791423798899515e-03 -7.7701610387555797299086180e-03 
9.0405440090972626239473886e-04 -1.5330082623278111497722165e-03 -3.6937092439877422522798156e-01 -6.3814579604862614603533189e-02 1.7122973037764808307281683e-02 4.1835241581007504702016675e-03 6.0770004678441084793623367e-16 -3.2618058646683814133865426e-16 2.9226090991956582554323063e-03 -3.0016763941738952570226218e-02 
-5.8299051337229339242451687e-02 1.1660808749604112399822498e-01 -4.7011011953286195248238853e-16 2.0567196073990749027821821e-16 -1.5663045746431986104951761e-03 -5.6671822252632175764830436e-03 -3.6444805379024475255889115e-02 3.2336618776351036541605311e-02 -1.0069448174209780222376764e-02 -3.8842001325857821759923727e-03 
9.0219440709408133474258981e-16 9.7673612302080151204342285e-16 -3.1417980293049475274560752e-16 4.5491765824242937299051377e-16 1.1262157323571247991012001e-02 1.9897856263037406315818956e-03 1.4354427790637495909731314e-03 7.8914134574704572488990095e-04 -3.5442511665052639502349052e-01 1.2202465754351790594434135e-01 
1.7020403789077005046737057e-02 -4.5830050066220399604399738e-03 8.2078409253792355149128242e-16 1.2649476156461628801788083e-15 -1.1899584436788328972722795e-02 -2.7711868426937125153841635e-02 5.0885264541642282604128056e-03 1.3027022819828470989733660e-01 3.7658931861000356305088138e-16 1.7622988986573074746315298e-16 
-4.1027490205640887790949911e-03 -4.2116166574259258220669366e-03 -1.6358541503002706207769990e-02 4.5894213937015336524094522e-02 -1.0695152384234615783320521e-02 1.4472431312891607165654895e-03 4.2098076877099183410773799e-16 3.3696901497155329188508945e-16 -1.9207595223801337322666739e-16 1.9520241607327603277187403e-16 
1.0827690230495817802491842e-02 -3.6819232327566816902197910e-03 1.6380598388121793071436905e-03 0.0000000000000000000000000e+00 
3 (band)
-1.0490129595810038232173156e+00 (Ry)
0.0000000000000000000000000e+00 (Occupations)
1.1483723575931734095512127e-01 -2.8735014477552683898053942e-01 -7.4993300937634260749931059e-03 1.2123523621258236460107582e-02 -8.7092650205699639607942004e-17 1.5020288357745415872326227e-17 1.9866778519837952066140474e-02 -3.0855207794777961272103539e-03 2.2964043635644812435536721e-01 -5.0838531928097396850319001e-02 
-7.2030870579070358597591706e-16 -1.0535947078671048713292107e-15 2.1271960516732191237565530e-03 -2.4947183424827157338654615e-03 5.3505076531441153608881223e-02 1.4938988868792996145273833e-03 7.4643115060797383952806427e-03 -8.8235492939204712703471500e-03 1.7291734489211488194528809e-16 -9.2119793071947360050308269e-17 
-9.0857426290244105099817537e-16 2.8800187359613623403737959e-16 1.1095320978997437466606613e-03 1.2620219293492218604058053e-02 -6.6923343683576025364700968e-04 -2.4080062487210097954548615e-03 -3.7799351185633503491523300e-02 -3.0713011162912329243823706e-01 -7.3116100941880701746811155e-04 1.4236754560949291259497329e-02 
-2.3613466117042282006449379e-16 -5.0179057566656647126497899e-16 1.5922929755872731322208224e-02 -1.2274756014972056095135855e-02 1.7674379884505347915180096e-01 -1.5518026906925658225944176e-01 -1.5251368819749702104241535e-16 -3.5572852650992274905982470e-17 6.6223638250211339095763208e-04 -3.2109228617714820341877413e-03 
4.7606547258250378473753983e-02 -2.4467153628233602458141860e-02 2.2902487437413514281825400e-03 -1.1328094680653041231854772e-02 -4.3403926502183377921171491e-16 1.2264950670846961023018495e-16 -7.3319322835270312127933906e-16 3.9297652295623332909197804e-16 7.0521274017214391482966107e-03 1.0524661305807281666546693e-02 
-1.7465195887882401480639682e-03 -1.7877462943151917890149960e-03 -3.0545167076368928693597127e-01 5.1172819840800860824447938e-02 1.3403232569891537773187906e-02 -4.4174964396111017841950463e-03 8.6989741515788830816234852e-16 1.3536519926368269899337225e-16 7.7122194516112477225000532e-03 -1.8200403808633622282364684e-02 
9.8983136337811694627220049e-02 -2.1347646251920737725527033e-01 -1.8782487850613466785907244e-16 -3.8423428609922772793154535e-16 2.5933133453196616224900595e-03 -1.9385959513833067591193071e-03 9.9301591987159404384399863e-03 -5.2521775515668583933504010e-02 -1.0231838156596787664520676e-02 5.4322397610181410304575067e-03 
-3.3108898896955084327284730e-16 -7.4351084560637388149459290e-16 -1.6164829932748457492271787e-16 1.6568082461554672640750812e-16 1.2095932708331235891363598e-02 3.7927946347751616273935582e-03 -2.2515244097225748515223032e-03 -1.2377860187707864086936738e-03 -2.4301664554832747011658967e-01 1.9199554851408687228264682e-01 
9.6171970950664278920960726e-03 -1.0328138174492315290442512e-02 7.8939131584618481814920471e-16 -1.3234824718679186027713059e-15 -2.0098419815462952552065357e-03 -1.9664525493295760549816720e-02 -1.6103486568353180680146508e-02 -2.3475633974257859026835149e-01 -7.1980570398914874491807401e-16 -1.2825354539645111602072188e-15 
1.3386120857666779226935461e-03 -2.9481428143093074342728777e-03 -1.6600693485290359679984462e-02 -5.0809073410540056547901600e-02 -6.3492266622812145934751094e-03 9.6895336149353458732313982e-03 -4.3343713261798997206813058e-17 -1.1021186985011663379978310e-15 3.5168836325270050780671031e-17 4.1702721011562386408168881e-17 
1.2426939384087407405865555e-02 -2.5036087494368403257027911e-03 -2.5693338428165166976990808e-03 0.0000000000000000000000000e+00 
4 (band)
-9.8991967132638980508829718e-01 (Ry)
0.0000000000000000000000000e+00 (Occupations)
3.1402566222792499539551159e-01 -5.3673397198381100903219476e-02 -1.2155671798152023477257444e-02 4.8217197866373233405834497e-03 4.4264976825130032543616620e-16 -1.3921994003593745895690112e-15 -4.3386762229870562412870072e-02 2.0716980279267643849649971e-01 -2.5169407383532738098352866e-02 1.1969285011308250510353446e-01 
-8.4990153517572456976371497e-16 4.6385775151116001364492824e-16 3.7656781959854723762504136e-03 4.8252959426779915008687283e-02 1.8469990768492441923775971e-03 2.7372685945312599797851760e-02 9.0837511505549861645647525e-03 -6.2094693311094337206945681e-03 -2.1917137027918755715176461e-16 -7.7427546941867159453953452e-17 
5.9342926625860262183536330e-16 2.7289292951100765465264696e-17 8.5185515415948653838995597e-03 3.1380433815145492015830087e-03 1.4631036657281229484972584e-02 5.3762768898407281570328564e-03 -2.4932542921366107613323493e-01 1.9831737304609980965253158e-01 8.3292151744448900130279867e-03 -1.0081344808270345514422672e-02 
-2.0814017313002797684086887e-15 2.5717687022363415978351185e-15 -6.1784704090782405216941697e-02 -2.0244601420219460186089577e-01 -3.5606350482740786733693028e-02 -1.1701309858955191711693544e-01 1.0228731271764785015503887e-15 -5.9952730521178449483681317e-16 -2.6545929448175832610079539e-02 -4.0470261371182654486222674e-02 
-1.4805429653259344346949433e-02 -2.3097068953284477510479178e-02 -4.9687171486018956445551709e-03 9.8175299457842583883415699e-03 -5.6159010553748929423195037e-16 1.4660939477594721335397284e-15 7.2237080525619943575752345e-16 2.8186249423171254100864094e-18 -8.9766275487355787210397295e-03 1.3539551257001451733952280e-03 
-1.5411316303409663269752272e-02 2.3372883132303547137897937e-03 -1.6467854197688044926017881e-01 -2.7231175736413038013239429e-01 4.5064508291147858942693460e-03 1.2477038350846746811440013e-02 -8.7269688526954315107561587e-16 3.8561603414571650959609127e-16 1.2860536551755222256510081e-01 -1.6811923264164752023219762e-01 
7.3136593049539566635530718e-02 -9.7487486458093838836980183e-02 3.4678160079038650737162230e-16 -1.3771243581774897057175061e-16 3.8687305338315200464727184e-02 -2.8948972486058113795515112e-02 2.2508440149578558958642915e-02 -1.6396676035024121409477971e-02 -1.2371855236674913353089877e-03 -1.0921295747060601882827413e-02 
-2.7162384278106030591540287e-16 4.9131342129262695249865077e-16 -7.0964548085170977841242226e-16 -4.7172735261034335773920437e-16 -7.8560093602108235777414791e-03 -4.3994683182414992539399634e-03 -1.3692747402006792342699093e-02 -7.5276515855524361864326011e-03 2.7549609600545638121715797e-01 1.5929411938961113293089511e-01 
-9.9598920322811722305456072e-03 -8.7627128099142786304964758e-03 -8.2573369990523081981341770e-16 2.6015027034923803885628096e-15 -3.1705682880228909514830349e-02 2.0928011395501455726986251e-01 -1.7125130264814374114745732e-02 1.2066275801681500268180969e-01 4.3264033314199492802170268e-16 -8.3009898795884627419821635e-16 
-1.9955670244237694310740494e-02 4.4005929457758330425320992e-02 -1.1825137537513231295038807e-02 2.5212040480361404964915195e-02 6.3455282909399939039740701e-03 8.9743857463121974593622809e-03 -1.1715966107369293689727632e-15 2.0671813717244064987199192e-15 -1.4067534530108022284420676e-15 1.7581600653300638839711155e-15 
9.0037335072424180826278217e-03 7.0622102857617065872763984e-05 1.5625519825229593900983716e-02 0.0000000000000000000000000e+00 
5 (band)
-6.2670916752745309263872286e-01 (Ry)
0.0000000000000000000000000e+00 (Occupations)
5.4870458463260662895777386e-02 -9.4660149509275343104874878e-02 8.1690435033909825079945222e-04 -3.5718064359077650316010022e-04 -1.0809847968019525544332603e-15 5.1345210418898226653600423e-16 -3.7631836555949293998679650e-01 -1.9172027040866340685809632e-01 -1.4767758505445094385777338e-02 3.5951174255139467517139451e-02 
1.8739241364715968784165456e-16 -1.3485413389851710457990961e-15 -5.1794936009956285549726829e-02 -2.1284573192345709879980120e-02 -1.3722923570388262382024891e-03 2.5474696326983625738193950e-03 -3.8679839842038765684861801e-04 -3.4212840643157299558296813e-04 5.2569807603903186551376490e-16 8.7206398191788931969112649e-17 
-2.3641077051866380715407772e-16 4.4913334418683365168921638e-16 3.9673393501576739716973918e-03 -8.7800474088013252815798637e-03 -1.3270613445850260037062185e-02 -1.5318714506548924969564496e-03 2.4804744712827206214178499e-03 -1.0938536631325451731200360e-01 5.4378565177807722773317689e-04 -7.0654645612759636730260127e-04 
8.2372525947206858659079500e-16 -1.8878853972887734567257078e-15 -4.2213224223209966368131063e-01 1.3287001581297643373891226e-02 4.3785248580767979417749380e-03 3.8618676073447558150242287e-02 -4.1040207501665738378220560e-16 1.3284934886837545978248576e-15 -5.5642169755070178260858427e-02 6.3005870523287123979860880e-03 
2.4703895764295255577103205e-05 2.8934715412901115816346476e-03 -5.0377563718085249452882657e-04 -1.1346785841394660399039651e-04 5.7774621393265390114370959e-16 2.8776604637195879524330703e-16 8.3679662876236137642589159e-17 3.0835385729412723916240130e-16 -7.5321412343354147977958490e-04 -9.6052945037825923635388392e-03 
-1.2367111910483976483510205e-02 5.0507775999432263924759923e-03 -9.6338691444067606206580479e-03 1.1029704649944926941884660e-01 8.2033529428333223920688511e-04 1.4918669476063350920469475e-03 -2.1980865196330978577110812e-16 2.0715423768113935028037518e-16 4.1938988044752689710037430e-01 6.2508458330218064080696649e-02 
-8.6079376809412161408729958e-03 3.7509632425082456430587285e-02 1.2286303553734378221668009e-16 -7.4209868150920895479216487e-16 5.3372295116079722376856154e-02 1.2316723561149628407562773e-02 -4.3155005927730805126429914e-04 3.1144360211773219893061082e-03 -4.9376361460044294882099081e-04 1.3520563252535262865894339e-04 
-2.1160297383916204802472030e-16 7.7405630981996751840376374e-16 -9.0321299793033091141858612e-16 7.2484873789069784893847353e-17 -1.8445057216575425074189809e-03 9.4589443248650102724628397e-03 -1.1866942561506764811096737e-02 -6.5239068804952664304419585e-03 4.4693783507757961492856680e-02 1.0129519049269869457319260e-01 
1.4375776815324994850620044e-03 9.1213342990392048958980808e-04 -1.7361603990776148421467545e-15 -2.8437517126564459075830474e-15 3.9762783324200440260298706e-01 -1.4726603619267619738053554e-01 1.0527209943775654027442457e-02 3.7016847064331802330539034e-02 5.7764062445372421706797174e-16 7.4416906358067859156665066e-16 
5.2704125567967337329111643e-02 -1.4919072134521614569901971e-02 1.1222207962327836443944262e-03 2.9371019165496852279528817e-03 -3.6755254361166137585387181e-04 3.5635403443114036306504921e-04 6.6034361740055075816514766e-17 -1.3133087603520160268487880e-15 -3.3545659264103743778720465e-16 -1.1218684915344487476431467e-15 
2.9405284963626042091244805e-03 9.1775335063494153930996333e-03 -1.3541997147521531510983017e-02 0.0000000000000000000000000e+00 
6 (band)
-5.8271792804554789491078282e-01 (Ry)
0.0000000000000000000000000e+00 (Occupations)
-2.8526443350335162207898065e-04 -9.6688261928351559859606823e-04 1.4785739285982923973961078e-06 -3.6174711528044745101340141e-05 -1.2846086114802981164086860e-15 -6.3450891812506007915114534e-16 3.4350345613007551848205878e-02 2.1949944584824687687785172e-01 -5.9529723519249212737580734e-02 -3.8015435985187101541882271e-01 
-9.4416584099303100175752616e-16 -5.6425572938814498852495944e-16 -3.8494642445010412989958581e-04 2.8392849309637105403858470e-02 8.9908898702620310139366211e-04 -4.9724798567221992207088022e-02 6.3471038842643351385319761e-06 1.6195255729423846391412667e-05 4.9863067950702174435780490e-16 5.8704683313489628184855324e-17 
-4.5346286083784951679113692e-17 3.5484408292923634464292753e-16 6.1222883703133945676455596e-03 -1.4086239994054020052693943e-02 -3.4861459822216611659229102e-03 8.1610486540296123258997341e-03 7.1577838294881179770356994e-04 7.0985850917579251806444063e-04 1.6131615991413217336969410e-05 3.2412449790603092836249743e-05 
7.6513856361318795854671227e-16 1.8110288664705061203080593e-15 -1.3584610182318587745520233e-01 -1.7580042545703811196489141e-01 2.3530705396550616326223349e-01 3.0445314196234363190995964e-01 1.2797461865972842151971636e-16 -5.4617476900377328686443149e-16 -1.3341028349929173746346578e-02 -2.5066292869825999856114862e-02 
2.3167226718439265509275060e-02 4.4007312571130094425164714e-02 -1.3364133481460344077262903e-05 -1.1134270164459697527448157e-05 -2.1063534363548535896880478e-16 1.0980518155503403629711353e-15 -5.9349530660834887892742225e-16 -8.7152870320070216957362373e-16 1.4210956753529582763384553e-03 1.5293301119799734832938043e-02 
-8.7668216177408039846419285e-04 -8.8310450870795857702955090e-03 3.8255519163736539933751146e-04 1.7530480702366291190230640e-03 1.0189670997613059499897759e-04 5.1356256549581202897059029e-04 4.8474991749402531853395750e-16 7.7420680459150119469308549e-16 1.0820754632596149558132481e-01 1.9486781574835582153681912e-01 
-1.8829900061698418012312573e-01 -3.3754194775386270332973027e-01 5.0552517559107142120497081e-16 -4.6441282721012040967632751e-16 1.7783131158815294881048175e-02 2.1438383018204949792551162e-02 -3.0748353445384409010632254e-02 -3.7565725486961458468027075e-02 -5.5167888824731326630201877e-06 2.0244565121848396779813406e-05 
-4.7225711552890257470810896e-17 -1.8402606918406067718528350e-16 1.3577384948866384443181645e-16 1.6355384691064770008951951e-16 1.3631526698986227985610498e-02 7.4216460513489099920514391e-03 -7.8615747910267645692794503e-03 -4.3219373149286652649458951e-03 -1.1797730186339713820409258e-03 -1.3519103652553168815053652e-03 
-3.3670342043405979137737916e-04 -4.0094919235319353978397316e-04 -1.0838706105017722227759875e-15 5.8136827240869847506796465e-15 -1.8870128187753590354169830e-01 -1.1863458565776162367821911e-01 3.2761974558010437119648373e-01 2.0507652823480942982925512e-01 -1.3928694651865839337727863e-15 -1.6190323173289806045231914e-16 
-2.5911496412381645332301261e-02 -1.0219509475396678505054737e-02 4.5042413798187935780603652e-02 1.8105963940031541414832361e-02 -4.9184946780498673386621510e-06 -2.0398180963801063069786024e-05 6.4080551896626510485661035e-16 -4.4639233368067673121153615e-17 -2.8676128080604812912107452e-16 1.3716632971534067483860958e-15 
-1.5520803158640128494027977e-02 6.3400059134718249938961199e-05 8.9712596857441581632564009e-03 0.0000000000000000000000000e+00 
7 (band)
-3.4821142118606185356100013e-01 (Ry)
0.0000000000000000000000000e+00 (Occupations)
7.2656949716061348333466066e-16 3.6906816072504931135301236e-15 2.2542470042937005318218700e-16 2.6995871882974250410378939e-15 3.2358259244678644339643370e-01 2.8654216634828899579190420e-01 9.0436312361780237043316191e-15 4.2272165129033038798412577e-15 -1.2713639828167443056606210e-15 -1.1230886806753654300181291e-15 
6.3377820895702124959214530e-03 4.2574761831932206312956168e-03 -5.3976014377590975418167249e-15 -5.7331141285162053279795342e-16 4.6710466714966261711240916e-16 -6.6855183821953369019320866e-16 -4.3160157262156924896777027e-16 8.5842187387456992446808960e-17 -3.3680912487000488897415096e-02 6.1469714244563461447157238e-03 
-1.9353781763414727723482400e-02 3.5618941223308411142545182e-03 5.5913933522893095634351973e-16 -3.7597171804834087351052405e-16 5.7632395080388904453625706e-16 3.0642798087129198915213846e-16 -4.1872702008544655981340640e-15 -9.4129528622802035528757765e-15 -2.6860222592759311969391500e-15 -6.6087296964566676154487725e-15 
-4.2160032873034841705006670e-01 -9.5211711698656026348075443e-02 -1.0043976576447081898837563e-14 1.3440707991082856553298838e-15 -4.2630566849477538402520809e-15 4.5494084750134944333901163e-15 -7.6048955754042871224562816e-03 -6.7760501215360230409245901e-04 5.0889422482878032451702287e-15 -1.3862095031118515502266475e-15 
2.8571379879024228813740436e-15 -1.3923650764227834956597005e-15 1.5369565742141894785050961e-15 -1.4028802769855650476653861e-16 2.6553482534001401904610873e-02 -2.1612535459001720739014019e-02 1.5243892663201162596120497e-02 -1.2445067085294567177378156e-02 -6.8452301710151280762712075e-16 4.0004671136254955899914451e-16 
-1.0127996342650964671460710e-15 6.5756387235208342580142309e-16 1.5934881148163807608053414e-14 5.7603254611737314426941449e-15 6.4903066672199146940097977e-15 2.7172976976122365837917717e-15 -4.1443564978668828713281869e-01 1.2262500082708313597912309e-01 1.3029787150373391119793456e-15 -6.1827641473996030049949995e-16 
5.2780521410796889290889695e-15 -1.3883818217024828827312036e-15 -7.5602371478825916226162995e-03 1.1697329770913901525464240e-03 -6.5073549843497137670232447e-16 5.5462553117201963771864175e-16 -3.5561946616886812665548546e-15 -8.1140029208429000227929709e-16 1.5792766376264813334185164e-15 2.3198979115666679667959670e-16 
-2.7909594607002805033424409e-02 -1.9828362460604601752445220e-02 -1.6023399222629838845044503e-02 -1.1419949830539568094711633e-02 -3.3269756091679551509899242e-16 3.4213611142914556271114197e-16 -1.5059108666335611241779404e-16 -4.7354273720018572113300858e-16 -2.3343629055748640447017054e-14 1.7545421755349004602505975e-14 
-1.0221063542337174600850276e-14 8.7089431535100295904925181e-15 3.0409768367126377430764705e-01 -3.0711300432863947174055852e-01 -2.7784881906261100678591917e-15 4.7358646691722734489972471e-16 -1.9591674592810368119862621e-15 2.5427610285367144324373958e-15 6.0615631559733000946477155e-03 -4.6672168447659152790141235e-03 
1.3973636509116268160005535e-15 -8.8335818276898229341698715e-16 2.6355784642058391362073280e-15 -7.1951095625568153013412781e-16 -1.5050374328246249064815661e-15 1.0607446375479196603792882e-15 3.4009750658249709998059984e-02 3.9301767339445445315071481e-03 1.9543014564717339776045435e-02 2.2880468751686707830350631e-03 
8.7857002608481103844680912e-16 -4.8266680225106418882293908e-16 5.5582910708927420975035865e-16 0.0000000000000000000000000e+00 
8 (band)
-2.9624958682324237235761188e-01 (Ry)
0.0000000000000000000000000e+00 (Occupations)
-2.8851179562293779970619487e-15 -6.0980081317708454157351487e-15 -2.1280435099225069615960760e-15 -3.7709473924238200443809658e-15 -2.8117958338282244418193656e-02 -4.5017697472782308709682297e-01 2.8869768156915549199596942e-15 -3.2702766086378385549471738e-15 -3.6868861086805995201117072e-15 2.0279927745951549447572614e-15 
9.0592713158894541680687951e-04 -5.1603866695789646357184211e-03 -1.0046774363604573452670718e-15 2.8114855084635989957222428e-15 1.6528427084760664317725385e-15 -1.7317948751028516786409585e-15 -1.4890604042031136262281455e-16 -1.0458627412962097688876294e-16 -9.2893102982220254748568777e-03 -1.6425974794173486825954456e-03 
1.9361488889200542673485472e-02 -3.5087915531740877794764089e-02 -6.1346200856727510951655400e-16 1.4863443714907754460706024e-16 3.4156367427656899467948327e-16 -4.4988760526101507869005345e-16 -5.3339324768626226999630781e-15 -7.4218834850586699317830907e-15 -3.7973992183308412027385965e-15 -5.4268828549593734851069389e-15 
-2.4151436629215206064458243e-01 -3.8094716041826520713797777e-01 1.9543997146154425540034375e-15 2.1569585010239029210873158e-15 3.7948650224642115320753367e-15 4.7340707837421422420211864e-15 -1.6921652408105336551358278e-03 -4.9585150342703748771455707e-03 -1.8764389455649876728718450e-15 -1.7634560662143227616838382e-15 
-8.8609693963517480747376580e-16 -2.0369374727704431960221488e-15 5.9595975983291212949152983e-16 1.8469028515880731193275967e-16 -8.9316120381091566871045728e-03 3.0357402222051773146849207e-03 6.2869825216804731127240302e-05 -4.0075243177728855914487838e-02 -1.5988798556491326710846532e-16 8.8577042706643683643359450e-16 
3.1762376791820971216114222e-16 -5.2282669240095167146753992e-16 -1.0994836812675046242781137e-15 7.7075150802872482734589697e-15 1.2734625183760796639093950e-16 3.2890050765348790430603086e-15 1.0951117357749673431044357e-02 -4.5088803834664070713245110e-01 1.8042034933136565521625304e-17 -3.4676220423363418884200434e-15 
7.4130988826662580594157417e-16 -2.0860678526893179260114768e-15 -1.1009009581942480471283830e-03 -5.1478435620018045057455502e-03 6.2425027754934027781059166e-17 2.2163317451717373322596232e-15 -8.4484579730427136178079442e-16 1.3195069250493544705656516e-15 4.2901608562770927615600824e-16 7.2518055142780439797100479e-16 
-9.2191366089219833196422016e-03 1.9930947104354339478871072e-03 2.0680919234853507165938780e-02 3.4320514548237916752082555e-02 1.1008485473756394269003957e-16 6.0359444988336159029656008e-16 -6.7332713959954142720218768e-16 2.8251543156257340125180476e-17 1.2313012163331189685344917e-14 1.4209399887587924596910605e-14 
7.1756742249793359197697272e-15 5.2247648662816978445066216e-15 -2.0762043178743941340691492e-01 -4.0039194097763608493067977e-01 -1.8421248071376493315940090e-16 1.3633846293004504096357101e-15 3.6716250825139846933354899e-15 3.3661891510885914973119212e-15 -3.4447194134252616393165880e-03 -3.9807266197691686809845280e-03 
-1.0368108231398186821901043e-15 1.7708345502681538315389238e-16 -9.7736733361361051571066745e-16 -1.7627056188575075431615583e-15 1.2662431736323011765486593e-16 8.9519562963503767301962462e-16 -7.1186102950504485248339748e-03 6.1879151421115659997829184e-03 3.4656861655623982798601901e-02 2.0112187335973599755511998e-02 
-2.8266106002712148003841624e-16 -1.0387064283838476448235628e-16 3.8999112350455208974265402e-16 0.0000000000000000000000000e+00 
9 (band)
4.1801512720910483089653553e-02 (Ry)
0.0000000000000000000000000e+00 (Occupations)
6.8649870080974506097021337e-16 -6.1194939072494357420615266e-15 -1.1156535676979167634730286e-15 -1.9655237896356209525431773e-15 -2.9327405801743949842474990e-01 4.4290500732655591065167755e-01 2.7591669072813025041140506e-15 -1.2830238634615159189260750e-16 -5.8211214691247642931435881e-15 1.5198386072861606299776110e-15 
1.7560769692880513759281058e-02 -1.5239017072630520188702974e-02 -9.8435241856114775368698359e-16 8.1260139081143887039513624e-16 3.7380538791160799359120781e-15 -1.6750726926034395139351852e-15 3.2640509280169118448284894e-16 -1.9574104054683599977600587e-16 -3.7921895550496742544055451e-03 -8.0178665234601279032666810e-03 
6.7254607693852969108050388e-02 -4.0884447152973471539816330e-02 -6.5291523010766012559331923e-16 6.5732433215917097825070431e-17 1.1176862943994136680629140e-15 -6.9147857254481598418389261e-16 -1.3836962537593965814801512e-15 -1.0777027479266754946902107e-14 -1.7642149032058007849558671e-15 -5.4342540322206998163730791e-15 
-4.3626901566579973090753697e-02 5.2940647151375741508161354e-01 -6.1086788616171965125702185e-16 -1.7248318371927117867613113e-15 -1.7095959071077156034317285e-16 2.8974766205827206211504302e-15 8.0471673241414576338570441e-03 -2.1814017777649335333434166e-02 1.0431784992880867531268087e-15 2.7606622339356775128843142e-16 
2.9270711206408952001425662e-16 -4.1388581544459428572282085e-16 5.9380078714243288074979911e-16 -2.4089974469064554968738654e-15 -7.1857576952129185651751975e-03 -5.1992087431775215605744833e-03 3.9239429356292640505010638e-02 -6.8227468506836475015120413e-02 -4.1834271630342522398329962e-16 1.0668946130043736270972104e-15 
4.2952326800387684636016197e-16 -3.5674251679719538365141665e-16 -4.4151256133476815486324812e-15 1.3091922470765501448156101e-14 -1.1266195485484470600339731e-15 5.3817758315742496575715633e-15 3.5503161830392615527784983e-01 -3.9515153520067769488122167e-01 1.7337649192622256244274268e-15 -2.1470327247892128211255705e-15 
2.8345090394156368469333538e-15 -6.0277388600578406759643225e-16 -1.0345666808112715523426672e-02 2.0843793316283776295705366e-02 -7.3963427726329870515878011e-16 1.0994460966774043063423230e-15 -1.0537343134783151984453008e-15 -1.4469206300507284267370595e-15 3.4817310052312273520034323e-16 1.5199307137236560870088280e-15 
8.7127998501326676256129034e-03 1.6581794700935184420920177e-03 2.2680927986800509393860992e-02 -7.5372919687341152772397379e-02 -1.9304556318658529736216875e-16 1.3868602716990001209565017e-16 -3.5876148998040041937558167e-16 3.0276857539847104497469373e-16 1.7603657826108020388421392e-16 1.1583415452318182963057610e-14 
1.8292444474753225648783187e-15 7.0294337308675778221091484e-15 1.2075087483667583387880740e-01 -5.1731171646617968296055778e-01 -1.1925330122533594070387812e-15 -2.9261140931139370989273682e-15 5.4521599342950104321581555e-16 2.2319477677691561040480262e-15 9.7559707887536449566479035e-04 2.3249618316354910690924029e-02 
-7.4819877621310086636200717e-16 4.5177420966942978413412965e-16 1.4329383516842422609301277e-16 -2.5271688865322658763744924e-15 -1.5297686697464394956901865e-16 5.5858129019826180924837997e-16 8.4339187625882237886454362e-03 -2.7443495931557988776194890e-03 -1.6435732282726898956237704e-02 -7.6976413406103921799328305e-02 
2.3327783735350277221370367e-16 -1.2283799669957800874483971e-15 2.1556099196779231798348465e-16 0.0000000000000000000000000e+00 
10 (band)
1.0165025775501605742601186e-01 (Ry)
0.0000000000000000000000000e+00 (Occupations)
-4.3850870110746574931226821e-15 2.9567079452874572182954014e-16 -3.1344273042551989738457199e-15 3.8858990350754171448726653e-17 -5.1770224799396757919822676e-01 -1.8452952435782843387812591e-01 1.3086268237990439820103525e-15 -2.5900482026849226820494608e-15 -3.6135388456294993210091894e-15 1.7322581145843308615722744e-15 
2.3887831338917447920877635e-02 -3.5691630840082588793649165e-03 -2.2491353195780542305013735e-15 2.6397524976857190517274720e-15 1.3882268785232628851932853e-15 -1.2748231610912944962357913e-15 4.3356772802375761856212777e-16 -3.1621251809415608587224691e-16 -6.6450516187852470828545393e-02 2.6664874157638206175757745e-02 
-3.8267822468713130756867713e-02 1.5353179698372642486559059e-02 1.0012585858361969790501967e-15 -5.0597237996504979490934977e-16 3.3391989646425465099146568e-16 -7.2947701200037082232718699e-16 3.6870218702504556107554268e-15 -5.5203867670670289053797408e-15 2.0207304731160923944930601e-15 -3.1388668698301123297861755e-15 
5.4256371453046525754615459e-01 -8.7700505201777662067641472e-02 1.5988964623893855825364454e-15 3.4448888366742039033335939e-15 -2.6844430741363796647419123e-15 5.0872754991682819836759285e-15 -1.9213608744869353772699583e-02 1.4635731966530979297758108e-02 -9.7271681365312565133812657e-16 -2.6473806604212216649746529e-15 
1.2358462017648917304415151e-15 -1.6425182769030784482056918e-15 -1.0472488922290146528613536e-15 9.9358070077966035855809413e-17 4.5385130132876649877715636e-02 -5.5379387666320924188401165e-02 2.6137897731227002773302104e-02 -3.1889758003763993277068778e-02 -9.3789106906130516771658940e-16 6.0649774448416671973119265e-17 
-2.6663103723372391252897447e-16 7.9781300510244334309405378e-16 -5.2271520797971950703889848e-15 2.7707579826497577991345825e-15 -1.3203202945036440557054778e-15 3.5948608064637158848635660e-16 -3.9430952764651222564040722e-01 3.8287929467682146889018213e-01 3.8467883652938039817158717e-15 -2.5261074635176692264295913e-15 
1.2001065657037764560496111e-17 -3.5324002749214388408035228e-15 2.3238690481251628172643109e-02 -6.6595592271759158908839282e-03 -2.1138493385394780159540278e-15 1.3308759071338634149255768e-15 7.7374323627137372811850691e-16 6.5660954673407001592699252e-16 1.8160932545187665461279173e-15 -6.3089974736552781441064622e-16 
7.1526126211520074660299429e-02 -3.3499571279470637293063096e-03 4.1187362685140060936106465e-02 -1.9329060365559013953684619e-03 1.1467158393012239376603395e-16 -3.5773649789306588163358180e-17 -6.2194520582549970229233695e-16 -7.4868857939340639575102627e-16 9.3772075663817739126336003e-17 1.3857495578025250868010543e-14 
3.5496020120240474443385726e-15 7.4278724155154481244382625e-15 1.6108256613354099417989573e-01 -5.2547974725274715357414834e-01 -3.7770497141560617762614305e-15 3.6062837869882048015978675e-15 6.3494169623324223700393909e-16 8.1236611274621121410878431e-17 -1.7155952578601883773412595e-02 1.7031140757575127797629477e-02 
8.7039093800452531805773064e-17 -2.0504640837815008405061002e-15 -8.4810525177725032905807592e-16 2.9989875062894896877289841e-16 -6.1945969629509480708898886e-16 6.3300444902452440242948840e-16 -6.1064968042344208720706433e-02 3.7393563905743193442887673e-02 -3.5161576469570091085792285e-02 2.1535981771862586914290105e-02 
-9.2505761744264875007442748e-16 -5.9321168564486255283942009e-16 4.2112446219457279161758898e-16 0.0000000000000000000000000e+00 
11 (band)
4.5205585923735097653164416e-01 (Ry)
0.0000000000000000000000000e+00 (Occupations)
4.0165570743149686672168741e-01 5.1120045722196949533611132e-01 -1.1883642533490335058132814e-03 3.7681142652866428388591657e-03 4.5270304266106654745221458e-16 -2.1969201765369694322496561e-15 8.6485609133238730561465957e-02 2.2139914155935963568921920e-01 4.9804353214935953575448480e-02 1.2820046575530616439486664e-01 
-8.0970677425021372807700130e-16 -7.2387594924871685884510089e-16 -1.5874768761283561402386511e-02 -8.0449916883162664316131441e-03 -8.5911589889612061110568675e-03 -4.6072478538792607793972422e-03 -4.4337966604858926322751955e-02 -4.2620238073829599945163693e-02 -1.2772485828605063338204031e-16 -7.3595239132932945103078059e-16 
4.1083636688419313797740531e-17 -4.5045657952723916152782645e-16 -3.7753101458732563067144383e-02 -5.7612031124875812126973074e-02 -6.5237460226756319170426934e-02 -9.9622930930140102256942214e-02 -5.9824627796900686771408573e-01 -2.5446926272605180363584054e-01 -7.7393135817091507355769409e-04 -3.8745225470723163030406511e-03 
-2.0105538094372357078482218e-16 9.0155831462790573793606585e-15 -1.8244776690032107890893087e-01 -1.5234878674757951211304885e-01 -1.0540493281673007919252427e-01 -8.8349494378558129925593789e-02 -3.1840522539781669016212623e-16 -3.8589337906638981203033189e-15 1.7786870213636875315277308e-02 -5.9784821888923464494602911e-04 
9.7480485924565686561837907e-03 -1.0146033675087484660082282e-04 5.9386112598550547247988618e-02 1.5988421015063074975826041e-02 3.9114024917742410253185313e-16 1.9578626189746805517692657e-15 -2.9650766032395843866210074e-16 3.2791539063493329049332012e-16 6.0838102667544351198625208e-02 3.2298112389148647682901583e-02 
1.0516173518617930038310249e-01 5.5871853706327995192637559e-02 5.4232645530630174679487254e-01 3.6190286386892761560929443e-01 4.3188187048332285500329419e-03 -7.0230489171538290626983780e-04 5.3565953446081751157929871e-16 -2.1701688940602545781636247e-15 -2.2674370429534201898391643e-01 -6.7828088442847614403241607e-02 
-1.3102210706173919585459942e-01 -4.0033455820100483091295018e-02 1.5231816712222339963442619e-16 6.2929605179759993702838576e-16 8.7133959934395308066790165e-03 1.4373138485989119320085372e-02 5.0281432389092349521941827e-03 8.5800462341135974586592283e-03 -4.5882448180366734724611177e-02 -4.0839163212115392465051400e-02 
7.2675979672436211647100009e-16 1.2178875752432359891692278e-15 3.1344346879627535751063858e-16 1.0248833722130609028669968e-15 -6.0404267438693821923312299e-02 -3.3069664300806198009574643e-02 -1.0435285740618296945747545e-01 -5.7368468828656565827728286e-02 -6.4959232988633042182868849e-01 -5.5870134728948570024265052e-02 
-3.4462717190401432817981053e-03 2.6960412468771260963151803e-03 9.1564991042622984516625611e-16 -5.8330687209148184972550566e-16 2.3137345354651614459662312e-01 -4.9796405626670273147915680e-02 1.3410181207991339613627702e-01 -2.8038796705135947406883901e-02 -2.7243933551114268672466402e-16 9.7009563975858383433363816e-16 
-1.4559919388908330178944439e-02 -8.3975667347254753097862690e-03 -8.5396643057139114130205115e-03 -5.0964253507884121202620165e-03 5.9881512761904370778509588e-02 1.3683593542508303009253012e-02 5.6877116670087469057741760e-16 5.9118501861517250654686854e-15 -3.0299305141771124844438676e-16 5.0097698282735828235768425e-15 
6.8864095337890243730960549e-02 -1.2081003640505415946959644e-04 1.1908257666249891237875147e-01 0.0000000000000000000000000e+00 
12 (band)
4.9917408619881881159940917e-01 (Ry)
0.0000000000000000000000000e+00 (Occupations)
-4.2787202040981137107777954e-01 4.9127599655896087016415663e-01 -3.2736273379767866220646511e-03 5.5944719210044291379801962e-03 -3.0158343519329329042601715e-16 6.8105323392546939040915211e-16 -1.1498199130197173101208818e-01 -9.1169512691498852396954078e-02 1.4306168756478987447167128e-01 -2.2556845215282655958688451e-01 
-2.0269333847152284759954806e-15 -1.5842502394169357597723410e-15 -2.1776700923157144007547004e-02 -1.9232104673220694335267211e-02 -1.6685332984279356571821751e-02 1.3055799581334057157810946e-02 4.5390127054861673094876551e-02 -4.5715683671973823820611216e-02 -6.3971940993921824510929754e-17 1.0036165397275792697181560e-15 
5.4664615950633993640313560e-16 -1.5794060379705318486290356e-16 -8.5536088079939148753894074e-02 1.0796951993682318837741718e-01 -6.7203194450653203073642317e-03 -4.4612588530359501004518563e-03 -1.3827309334875259594355157e-01 6.3663735540762522724378414e-01 -1.7354410164116540471468397e-04 6.4795551134008005922382267e-03 
2.3251065341760437200037042e-16 -3.2071152390789658510429068e-15 -1.4468073476788306797047312e-01 -2.4499456222618037903870913e-02 1.6697481885301606457927548e-02 -2.6658763503620269696980927e-01 1.0031212331859779057583607e-16 1.5616223260109304734053972e-15 -2.8348205575310397863475487e-02 -6.3622161169056175300529077e-03 
-8.3317893362367320686523442e-03 1.9479104855228621118179433e-02 1.7751972973170864616987430e-02 -6.1927819461152153190930392e-02 -3.3671122504046390908645740e-16 2.8843970453008040335973796e-16 -6.1500159115823323471817571e-16 -7.8991584559996883551820738e-16 -2.2941132448703143581481001e-02 1.3582173626255711340604648e-01 
-8.0382886653021547174180483e-03 -6.7189235053373777550866919e-04 2.3603177740947625662393250e-01 -6.0870417776867102865878678e-01 3.9266665096630362641327849e-03 -6.0818103319718597177256925e-03 -5.9338671890336773736279691e-17 1.4097992938531126802081183e-15 1.3553403321372536893818506e-01 5.9566145234298387145521758e-02 
1.3256504129497184707453528e-01 -2.3041646032655638265396192e-01 1.1230050920157817698121927e-15 -1.0584897692459868385457357e-15 2.6190523845715824036162189e-02 1.0322847474043462048798325e-02 -3.4657187214014416321017364e-03 2.0072350245533245732820760e-02 -1.9293031969569423428323418e-02 6.1408662138377381745080186e-02 
1.0543359351239423075650307e-15 -9.8840537848609931990092155e-18 -1.7929898679991807742897720e-16 -2.2616216957876633624110797e-16 5.5670809691715374134535210e-02 -1.2599276004225895553290115e-01 -7.1599074214036620422696444e-03 -3.9361924141685673134150036e-03 -8.6409250834592887802187988e-02 -6.4712071312098795594636158e-01 
5.1102962009865610104597522e-04 -7.2212170386689658596601760e-03 -7.8291887967971903509549740e-16 -1.2765642007655414011456810e-15 1.4746558799716469323470847e-01 -1.3095807493284102041020134e-02 5.1636548912443944181482891e-03 -2.6577917907752240944674327e-01 -1.0734549849734171712977255e-15 -1.3813881393482852149653039e-15 
2.7924000697661571779306655e-02 -3.5714008907439553398843746e-03 6.6328960119220008173623881e-03 1.9259157331769020948808446e-02 1.2677235813599960212449957e-02 6.3107309880312975614025106e-02 1.9897782793341970821426790e-16 -4.3653381296699142621276696e-16 -4.6260546243239843232823626e-16 1.5503409339820496902075674e-16 
-1.1912772644273586161722811e-02 -1.3722791437140888226586810e-01 -8.1705498593685737390712731e-03 0.0000000000000000000000000e+00 
13 (band)
9.5174448983514503552783026e-01 (Ry)
0.0000000000000000000000000e+00 (Occupations)
-8.3087451261810441049959763e-02 -1.2087704593070214276195884e-01 -2.1177862210001147103000108e-01 -3.6283669417633951370660839e-01 -1.0787131442731863138753721e-15 -1.0367884150444061591622326e-16 1.6833260914463674118302094e-01 -2.3736875872634538575667307e-02 9.8174612319958082240489716e-02 -1.4493608736106139422972205e-02 
1.2241942755172709839627758e-15 2.4810102231291272387423137e-15 1.0562956538585713262001775e-01 -3.5076955366152129389689662e-02 6.0640572078444691939136391e-02 -2.0400321532327958529151601e-02 9.8108393000501087355402774e-02 1.3534581113610222313781151e-01 4.5167546151736340419603395e-16 9.5475762057548979954069325e-16 
-3.4091192780376632350764408e-17 1.4950749390873320625252559e-16 -9.8811478814377629031895367e-03 -7.2396797436381690044049364e-04 -1.7201850838874703508718511e-02 -2.0209033426411837641722968e-03 1.3104304956020129679927777e-01 6.5897677895922185387078684e-02 3.6038093175507912580002312e-01 2.1593108957888759724674799e-01 
4.9553853338303100799813194e-16 1.4758775549569635741502860e-15 -1.3607566269933776825773464e-01 1.0189563581713154127861287e-01 -7.9048719327093369679815282e-02 5.9996826342045270208380714e-02 -1.6483314560504361756444714e-15 -3.1602324870572893121247109e-15 -7.5665441633809588095616050e-02 8.1625601521359225642981983e-02 
-4.3311808542966817592301254e-02 4.7090756432240393758448249e-02 -1.5117638194379939831080151e-01 -7.1340359626315658081452398e-02 -5.0546329146756284066745559e-16 2.1410068329318720922938914e-16 -1.6808149578341704395097520e-15 -7.2034725717865382355699914e-16 9.0076901265873886293089612e-03 -4.1258613241542049787646818e-03 
1.6047674409547810214782260e-02 -6.5161237440994820846462687e-03 1.3816857397642728910724941e-01 -5.0602163547328327108942858e-02 3.8317410955751080026132627e-01 -1.7302672455029072251520006e-01 -1.1726816301382514814471500e-15 2.0335511758524066743803759e-18 1.2362742417270897177239419e-01 1.1682413194463753258744987e-01 
7.1130082280686374174294428e-02 6.8499607626060526888167601e-02 -1.3562105340199851848112520e-15 -4.8512291137647920356303855e-16 6.5431541918269359170423627e-02 8.9671483755188699515947803e-02 3.7971668135369535113099460e-02 5.1831732156589593873974309e-02 -1.5842615628662781723789976e-01 5.3477831574345387199986845e-02 
5.6967369234181334284732000e-16 -1.2562649654674591711707353e-15 -9.4203476861610439506726949e-17 -8.1665334456504325477354662e-17 8.5495023458044376585274193e-03 5.1146454729008722361882633e-03 1.5165093920524772008739944e-02 8.3370809337499837687879278e-03 -9.6700266141275734166349309e-02 1.1090623209974140306321999e-01 
-2.5242177155524042619916258e-01 3.3622000964952242219041523e-01 9.1341218910408000655778677e-16 -2.1087843248015146410729589e-15 -1.6461599242724597735865188e-01 -4.2815801398461542093265564e-02 -9.5331703903010642231485861e-02 -2.5759485265231845535494060e-02 1.5337396825160379446888765e-15 7.3975196812654752899455875e-16 
-1.0053766402976380134326462e-01 -4.7057834502853265745692113e-02 -5.8244953840929279686999820e-02 -2.7127502491075469737147330e-02 1.1306675720371789362062032e-01 -1.2318536390775423894350382e-01 2.7644462365321446540288428e-15 3.9304424680534032547288241e-16 1.2660781077097218281041571e-15 1.9937431729865648222713248e-15 
-9.9559852649762047016590572e-03 -3.6324382712580010734021441e-04 -1.7305692477167008286320637e-02 0.0000000000000000000000000e+00 
14 (band)
1.0279548079071185728849969e+00 (Ry)
0.0000000000000000000000000e+00 (Occupations)
-1.8788963468977559756467599e-01 2.0246979074910642637519231e-01 -2.0963538510211962573315247e-01 3.5275826604375182249384579e-01 -1.0708974871577258413648594e-16 -4.8356663514226682516278996e-16 9.6468603920873030599381082e-02 1.1403404940003031287076851e-01 -2.3268358633150934555722245e-01 6.7451359431316179615656381e-02 
3.0749884250496960535826022e-16 -3.2238401316553345979020166e-15 1.1881751583689717510772255e-02 1.1669837350926290375774386e-02 -1.5388506327765327785783711e-01 1.0924631670284304374440865e-02 1.0803350677431280968399108e-01 -1.4591781984771898250663469e-01 1.1741399991064905666676496e-15 -6.7331544990475707016567013e-16 
-3.9809368892681538441004026e-16 -5.6667641904707054533685552e-16 1.9181440754280604243930952e-02 -9.8621460190944712498328784e-03 -1.2127901186371879693748355e-02 -2.1696463861185708715817455e-02 -6.7108376401645408737550724e-02 2.6794215197793269656045823e-01 -1.3762297602230327830952206e-02 4.1011704196949627654333881e-01 
-2.5934612861408024284130142e-15 -3.4735579680735357549489366e-15 1.3947240430151203183228859e-01 5.3454694867340765696006599e-02 -1.7140724080965594189329693e-01 1.7120424946608808758341524e-01 -5.3250088029299034986001917e-16 -2.1331443099996345608345750e-15 1.6034045303386194880612692e-02 4.5022789454226101735212495e-03 
-1.2958752746381510534412485e-01 8.3708022333064985298634042e-02 2.4374037826344313595328117e-02 -1.7991429908461406550479467e-01 -6.5906061417220949169860133e-17 8.6692057318662728234139373e-16 -8.2885066147762564432250886e-16 4.2987035375954172343726553e-17 1.2057699586616175621567315e-02 -1.7882993994045300739648141e-02 
-2.1080112004664836033995812e-02 -1.3170095259210257143678291e-02 -2.0289036807232024850478069e-01 1.8836861781963684658869340e-01 -3.5254701551161293782143957e-01 2.1109999410603719205425932e-01 9.8201659148375916129083926e-16 1.3768456860533538051563462e-15 1.1428945780931340503450144e-01 9.5972341614483966387716407e-02 
6.6965379793315446543822134e-02 -2.3243692423530482038529499e-01 2.4472530324923605961163720e-15 -5.6119408639314759488064201e-16 1.2157719504273772903601980e-02 1.1716570872057949226352491e-02 9.8179568549772999741520607e-03 -1.5399031801425164256436062e-01 1.4544085586264859921712400e-01 -1.0872380095902610397384791e-01 
-2.6079544388639709706187221e-15 -2.4643303824602827085956871e-15 3.3369282669876210241118367e-17 3.9702540692981656696050388e-16 9.8078341640747759844209952e-03 -1.9265817408824031237157826e-02 2.1770189205227590684144090e-02 1.1968262794694435602327331e-02 -8.7046911138266208629588050e-02 2.6281185836465303928832782e-01 
-2.0724110695892380973326397e-01 3.5482915500863881907989139e-01 6.5698929301398910856483253e-16 1.4168923304096396999656994e-15 1.4638764352182026540205584e-01 2.9041837845510207888333198e-02 -5.3295132602729784754291842e-02 -2.3594684714929720081855180e-01 1.5473304853927942087521588e-16 -4.2190313781547202310068226e-15 
1.6298391881175631340505916e-02 4.4102832825058209051394265e-03 -6.5581860303061553785219928e-02 -1.3967258112502903277807320e-01 7.5072702969425655905588712e-02 -1.6534205973647117526859063e-01 -3.7597689518334256950276126e-15 -2.0769584954497292121740921e-15 -2.3914808701183636503008564e-15 -8.1175824979799344984224569e-16 
-6.8670772653399425860393235e-04 -2.1607724635381343053497361e-02 2.4843116800323486459411981e-02 0.0000000000000000000000000e+00 
15 (band)
1.1900683029488270392448612e+00 (Ry)
0.0000000000000000000000000e+00 (Occupations)
-3.0500357786890786027100830e-01 2.7486339016829941517272573e-01 -2.9547139359762969457179338e-01 4.1082915032027406132542069e-02 1.1226945286545035356442535e-15 2.0688328144815215840659424e-15 2.3728548967073898046109548e-01 9.7923562432860600246442573e-03 1.6383321754561058769539272e-01 2.2600365336728800436105757e-01 
5.7441052908379347884488138e-17 -4.8911996197701846535464492e-15 2.7320486579062330800837799e-02 1.8698378060815812329309438e-02 2.4296026494287426000795449e-01 8.8724638892498514097795237e-02 1.3489324836208774205381644e-01 -6.0396498755241709299745878e-02 -1.4710443048745584459340340e-15 -5.4308960761086334349219988e-16 
2.2943637479943679748816532e-16 1.6617681895486801652387848e-15 3.6933922723542310373456843e-02 -9.1468580770191904028010299e-03 -4.7942667451116999233207139e-02 4.4077693907151015151324458e-02 -1.3486022463412883354294536e-01 3.8780121915652071562519154e-01 -2.3913171071195088446259547e-01 1.7834566233585263939076526e-01 
-9.5740920971741272325257708e-16 2.8106084089457883938876387e-16 2.1265236327427422535762958e-01 -1.0573204927056507884675085e-01 2.5244623331842630520327475e-01 1.1912125666754853903217537e-01 -8.4161491488066209386568166e-16 1.5171443426638468476169388e-15 3.2949137221837412892178065e-02 3.2237688129633582101440936e-03 
2.5565112392447786326954429e-01 -3.9297006550976412708742203e-02 8.9111619454286514208085634e-02 -1.1791117332044133425572596e-01 -1.4289949516467568724724702e-15 2.1901905703544475243921956e-15 7.3968223124329548462770155e-16 9.7503620829077158149428743e-16 2.7958910717775842247334595e-02 -2.5808505805361078855320045e-02 
-2.0777888760829456293866002e-02 6.1722133802575927796763011e-02 3.6186216507695168065339431e-01 1.9395681269099485088958090e-01 2.9651767272949069997878269e-01 -3.0844767969927751327663401e-02 -2.8653041358075755274983569e-16 -8.2359203130388219937580664e-17 2.2808112245358785896698350e-01 -6.5582754987030242310730443e-02 
1.0493423631615853008902661e-01 -2.5863276910541499464812887e-01 9.4934600985713005488817179e-16 -1.8306513741333621681971558e-15 2.2137762106908771830848792e-02 -2.4764174642965458561505443e-02 2.1470793072597924022737459e-01 -1.4438359732052064021701199e-01 -1.4533913715980664727034366e-01 -2.6358770110587674551094750e-02 
-1.3142387064342075699776574e-15 -1.4377979968382703196830758e-15 2.4246174053403426154814932e-16 1.3239730846085261311768811e-15 -3.8035323505890193673817379e-02 5.4441274559974273117290977e-07 5.7100626089676365104708111e-02 3.1391334835923684343228501e-02 4.1054163964304490885837140e-01 -4.3627769431531931987322537e-03 
2.4498083706760548361458518e-01 -1.6987795448999415404145452e-01 -1.8876524911878763767416906e-15 9.6120172160080861900072994e-16 1.6827427802525690703205896e-01 -1.6734952502610106472857865e-01 -3.2642714510503594016466167e-02 -2.7719407712968496815264530e-01 1.2786397256789349688931539e-15 -4.8100550275101924930301303e-15 
7.4692366951416566678290110e-03 -3.2365959896806476003838782e-02 1.1859266546437899347843370e-01 -2.2996064530676607606807238e-01 -1.4006009111053768778631934e-01 4.6919296991871750623914750e-02 -2.3939245262968660592555926e-15 2.9202721589602217937285110e-17 -9.7390623669978617332260264e-16 2.1289995648265974895076641e-15 
-3.3330345792998650189531418e-02 1.8324133917133830079526646e-02 6.5160550969243599683800028e-02 0.0000000000000000000000000e+00 
16 (band)
1.2364456362881881545945362e+00 (Ry)
0.0000000000000000000000000e+00 (Occupations)
1.9251824585827131963711167e-01 -5.0466936465910117171063121e-01 -2.6177432407567632899336729e-02 -2.3567869499503252272987197e-01 1.1997827971928181868652471e-15 3.3245140254383596739565363e-16 -3.2907170555641396259005660e-01 5.8650318902059350723021680e-02 -2.0055714635721705318971431e-01 1.2403810998167008605719275e-02 
-3.7462837685281669078782455e-15 3.8275131052686739743299475e-16 -2.0368171072948931810131512e-01 -1.0478131145249405808961285e-01 -1.1866475812263257982870357e-01 -6.1748665731050686455994025e-02 -3.6646537570401094274785692e-02 1.6228969667034084944923222e-01 -1.2256060994912582011497500e-15 -6.2322629715073385379558177e-16 
-1.7650073517304239263384439e-15 2.3922314427877393420323861e-15 -8.2050845349847453813474374e-03 -1.9788652433880671299704090e-02 -1.3856386184698525620984100e-02 -4.2756952335256420694165058e-02 7.4421295755215832734563719e-02 5.3499150773803560987573746e-01 1.3647853610654925304856988e-01 1.9391574052723703491807328e-01 
1.0322189342572013064332665e-15 8.6944141312799809083461099e-16 2.6011272717420463873594372e-01 -2.0992716943534414641980845e-01 1.6977398556211087399248072e-01 -1.0748868456063657983445836e-01 -2.1113573280452919603197794e-15 1.5524948330173032564602081e-15 2.2896642548444359754888922e-01 -6.3038493216902094506970400e-03 
1.3373436681544173532110165e-01 -3.0564149480532473712734998e-03 -4.6070051966383022967743699e-02 -1.5987014941215021979203925e-01 -1.4853725392670441400520335e-15 1.6430199355568084324345508e-15 7.8545848217992188124359150e-16 1.2288679574176265144039682e-15 1.6723426403870166045972923e-02 1.3388098695836708751372157e-02 
3.2740762655823742177663149e-02 3.0792837995455488858675963e-02 -5.3256924369747649095074848e-01 9.3857058277842242421940000e-02 -2.2681113548954626168985271e-01 -7.0174700245026214173726942e-02 -7.2432140300635783211920271e-16 -7.1062625264256970388492011e-16 -1.1926723301448376168831800e-01 3.1121668078192560313866011e-01 
-5.0629021199797646923812522e-02 1.9542632604958903863590081e-01 1.0122793501719173167770296e-15 -4.6005711528331989897262551e-15 6.5375992655375497752956448e-02 2.2011353303514863410939029e-01 3.8314180648911649873511465e-02 1.2830983366486015118113073e-01 1.6610956753476208147546345e-01 -5.6821086494597272675832755e-03 
9.3589663257197813158082952e-16 -4.6185271078228293524929472e-15 7.6594438377778237687154140e-16 1.3977055400175594530016126e-15 -1.7947132294351998693660022e-02 -1.1519570426951944094873248e-02 -3.9452406270125625620259768e-02 -2.1689143887215173861493511e-02 4.2147800317224082267131280e-01 -3.3881475700293517405725652e-01 
2.3256303280982099090934412e-01 -4.7772539254449401802116171e-02 -2.2827531570346080483102218e-15 5.6672958489725305303245617e-17 -4.5415106407512596808917493e-02 -3.3017868401499106401075778e-01 -4.9780801109130801140878475e-02 -1.9564411195282829791786128e-01 1.6357690486967188821818223e-15 -2.7673570075775586478110500e-15 
-1.6332992233760426636912655e-01 -1.6139183470698972855394970e-01 -9.5388706234488987445452324e-02 -9.3980767058010006298474082e-02 -1.4282554693137450296802626e-01 8.5003164229575864374588434e-02 1.5259304096624815748733229e-15 -1.1413064797508606119084800e-15 1.5582499787196576801009379e-15 1.1708303153171545044675319e-15 
2.1276787294428972652227117e-02 1.4485795939743477574179753e-03 4.5021231914096550286163989e-02 0.0000000000000000000000000e+00 
17 (band)
1.3082971486414247674900935e+00 (Ry)
0.0000000000000000000000000e+00 (Occupations)
8.6945533155539378444842669e-03 -1.0120868827855900029533132e-02 5.6878080817965304127881154e-04 -6.3071289571459965284105920e-03 -2.3675950102964888020511736e-16 -1.2933204558505853240772951e-15 -8.3647707321238579103450661e-02 -3.7795458599703246616030583e-01 1.2415541511390099094214179e-01 6.5234813779422229362836561e-01 
-2.8345972883455666391012740e-15 -3.7793677725651130960152079e-15 -2.4812594302518205247043426e-02 -4.1279384118581896601085646e-02 3.2395611980802999085859994e-02 6.3189182173699232070163134e-02 -1.6761772190334797705268954e-03 4.6368421439815163398456832e-03 9.0991774635358001434976912e-16 2.6102215476567412963828547e-15 
1.5294806141294903578607673e-16 1.3784864926929091129696210e-15 3.7170828173063566457479112e-02 -1.3283528214990000804185399e-01 -2.1526068055791311439683966e-02 7.6153016819252378200033604e-02 -2.7433294074473701940064529e-03 1.3057617966177492707657848e-02 2.5400561264589116561296578e-03 5.8009914811777696375116875e-03 
-1.0479626216262305386636739e-16 4.1248913659725507267579617e-16 2.5538205514358486292181283e-01 2.9090653813014899498057275e-01 -4.2306933180371636415983971e-01 -5.1184470347249177990534008e-01 6.4696616787038691790807812e-15 4.2532574258408094496140684e-15 4.1629937100300537511365917e-02 2.4219841581980205980073606e-02 
-5.8830111858559810955604519e-02 -3.9766397348783330545352044e-02 -7.6497044510391576377372758e-04 -4.8708002788015666850718333e-03 -1.5972167317874804628685720e-15 -5.8617819695197460241744391e-16 1.0371437826973201805047572e-15 -1.7172631914146862902215387e-16 3.1420840195231405922449142e-02 1.3431162813524691324040816e-01 
-1.7823558414229570545650461e-02 -7.7103659719029951635782538e-02 -1.4430493609965733270428245e-02 -2.5623417907205958687910652e-03 -5.5390123116690614946122651e-03 -5.2341371814336873358186608e-03 -1.2592892475137766027395065e-15 -1.9783581020597895937735055e-15 2.1142853527114802147934824e-01 3.2279695664717311665015131e-01 
-3.7942683910132435354256586e-01 -5.4486270458588181853087917e-01 4.3707481632686339300469584e-15 -4.6937914903838855733585952e-15 1.2935276304589377049936161e-02 4.8339625546438641512381196e-02 -2.1875657050214672438848140e-02 -6.7878888627489017415506112e-02 4.4615326063796702585340093e-03 1.6115068609112556587831255e-03 
1.2478426998329447857754311e-15 -1.0159446673263327107819330e-15 -5.1766568469422269875220860e-17 -8.8440353449909924756845591e-16 -1.2079177122705389568757539e-01 -6.6449442106755740589107972e-02 6.9251844231992848444079414e-02 3.8071523539454601992026994e-02 1.3879955518720274443289497e-02 -4.7065460879376630476400578e-03 
7.3754383074584317636634978e-03 1.9182698443331730464578300e-03 1.7058246978818470563924566e-15 1.1851541203656718258387532e-16 -3.4078485766368049603158852e-01 -1.8101265573098440642141327e-01 5.9498388350764874754617040e-01 2.9467655394549518987901138e-01 -6.5149984122261692706378632e-15 1.0790722875711382755121646e-14 
-3.4623061245618987069594397e-02 -3.6128719891905088090755527e-02 5.1870688393718486497441233e-02 4.8944045380892267638195392e-02 -4.6860201772892214402976840e-03 7.3718549808254830654763445e-04 -1.2286595206677459253794177e-15 -2.5607628285402188168153441e-16 4.3284721631101604279351327e-17 -1.9910276660563833184101154e-16 
1.3786289889753874926547894e-01 3.8210413451440078391740940e-05 -7.9026950049639707596149663e-02 0.0000000000000000000000000e+00 
18 (band)
1.3944326700831988219420055e+00 (Ry)
0.0000000000000000000000000e+00 (Occupations)
-5.2089724376300577945997361e-02 -5.7388654615230044742091309e-02 -1.6675000411599072425161694e-01 7.2999946147360827986005916e-02 -3.5709854595977551904306871e-15 2.0489497262236466659560160e-15 -5.8576863438200099665209564e-01 -4.0370852066133050550789108e-01 1.1086971086612801284942975e-02 4.8925134884211740615711506e-02 
-3.3407194015521702986732493e-17 -6.4773409829298596507396051e-15 -6.6052978255238661842163594e-02 -5.9608303288168462685803206e-02 2.8686492683313316587323527e-02 1.2518274033344534146294791e-01 7.6478240734661445676678682e-02 -2.3449872644625550932584446e-02 2.8564760899864183171551821e-15 -1.6867346172037476792357593e-15 
-1.7222979693143315399877559e-15 2.2712972560565708615837081e-16 4.7362785122037447116394304e-03 1.7113700612594665018129092e-02 1.1975206875604854639405517e-01 5.3140331487142505872967035e-02 -7.3293768645320292454137245e-02 -2.5195645296844593197249651e-02 -1.1095615023851479463701253e-01 1.4430276759111990148021221e-01 
-4.4643417848848641308251688e-15 -2.5169687989466775919409685e-15 -7.0780103036392927329245595e-01 -7.1576281659058771378312258e-02 3.3285450311098238596052568e-02 3.7532233465451272924617854e-02 -9.3372082670630239480485685e-15 -1.7569938487260510470881048e-15 -8.6599185197889061438303315e-02 -2.0413889397655309021484271e-02 
8.5445410255194378934540111e-02 9.5878648333125024438849948e-02 5.5721330930035083139895136e-02 -5.7392953507423190295799742e-02 -9.9014562308686806683821538e-17 1.5836251078588782188390209e-15 -3.1576992809137010490197346e-15 1.7888449756884933291777960e-15 1.2395020646373083178515273e-02 1.2715130592262081227206139e-02 
1.3054008773691691547291782e-01 -1.1123771642569793560717528e-02 7.9558094096073672663038678e-02 7.1857600776742969195254318e-03 4.4128779663163315849505608e-02 1.7724013400708324428300955e-01 1.1857538624050612650369816e-15 1.6959353371629297481673538e-15 -6.7618638146995446724929479e-01 -2.1915127457780853026392265e-01 
4.3778363105061016136154706e-02 -2.1556158953560521085446311e-02 4.5700937126334608662527505e-15 3.0704140505380159476898764e-16 -8.8049564089042658965311716e-02 -1.7745578962723995708472557e-02 1.1838560297929243136927369e-01 -5.2978631500840658863360488e-02 -2.7581545010240189619299400e-02 -7.4858619955355504282934476e-02 
-3.2762905799081680407978919e-15 2.3371857426020805707655558e-16 -2.6010849131238859880124943e-15 1.9634303184657428265612639e-15 -1.6470513315831779993514417e-02 6.6368860382067778463932584e-03 -1.1468911190849154224657980e-01 -6.3050872827548079535553427e-02 7.3179055626524588951120620e-02 -3.2030474578006451480405303e-02 
1.2405643015716863453157259e-01 1.3405751166595028522898758e-01 2.1226192847604571567542039e-15 -1.9319384048293452108469818e-15 -6.9812357474869246587445559e-01 1.3371154779801197598487761e-01 2.7978513254906696439139324e-02 -3.9980193359086424464976517e-02 -3.4362563480061329756837674e-15 -1.7038157815414852830252667e-14 
-8.5707419050518873770982964e-02 2.6867631616661190319117480e-02 7.8219444337360166663586369e-02 -1.0345822787979452872519914e-01 -6.0233307340093002191228067e-02 -5.2311598079657455062640992e-02 -2.6942362400099614006034459e-15 -3.9617689353075838460743986e-15 -4.1120485549546520305968510e-15 6.5142058445896737625201871e-16 
-1.1235876608926421982292965e-02 1.3750677874230426978030550e-02 -1.3087782453369778412621827e-01 0.0000000000000000000000000e+00 