88 (index of k points)
0.02638189714289315007667014 0.01518785118368114715747819 0
18 (number of bands)
52 (number of orbitals)
1 (band)
-1.5438020501805875817069591e+00 (Ry)
0.0000000000000000000000000e+00 (Occupations)
2.0956731702070099943036041e-01 2.4798630633751173046874783e-01 -2.0325419518176464361847167e-02 -2.4399175481690356381836438e-02 -6.3374283152084040575468712e-16 -7.4091219928803061620046303e-17 5.9213641238458347704209928e-03 -4.9355305813833750747110507e-03 2.8663027766644699756426462e-03 -3.3844797343292308024198523e-03 
4.4112134901255786770222456e-16 9.7235663218336957580853871e-17 9.3266445314805490607312777e-03 -7.6793585867405717709788249e-03 5.5309315942659326853503288e-03 -4.2377769814795109015737040e-03 6.3385075543257729524526667e-03 7.5508353451435930581148170e-03 2.5875357086807428631015883e-16 5.7746852544316653899341220e-17 
-9.9788073395214422339642422e-17 -1.4805086781490496695030691e-16 -1.5346588191076111079569344e-03 1.2840200703495936382370068e-03 -2.3956052496586222044783199e-03 2.4586725262624852667014963e-03 9.3844136119668311590835685e-02 3.1081979764829237300460818e-01 -8.9636667059983521355093217e-03 -3.0464653649110808031341691e-02 
-3.1665195148528532990853334e-16 -1.0600990198075867555161278e-15 7.3944948745792568253754062e-03 -2.1779487498143146675944060e-03 3.9747016192814843549285797e-03 -1.9677758300369807206720019e-03 3.5663854143325976348532469e-16 1.7121068767904449555829713e-15 1.1609412225029673224052651e-02 -3.3437096628814197245282980e-03 
6.7590622441535339048890307e-03 -1.6926416114631951184699155e-03 2.8183962980609864046321889e-03 9.4471389707569720928237444e-03 2.2302919756728674760452775e-17 -5.5667959965081720715966185e-16 3.7220701454819106667625263e-17 -1.1077802251431551661204551e-16 -1.9183860925558564314297172e-03 5.6892884618145803110600411e-04 
-3.1750344067542749827703918e-03 1.3050485123218137206019263e-03 1.3546339348943753355669628e-01 2.9635978502267806833359032e-01 -1.3005766404649440892704604e-02 -2.8158521926228974319172949e-02 3.1988141582029333904580363e-16 5.6401877736192475435248926e-16 7.6138521293954639079792912e-03 -2.2341177919258247037970211e-03 
4.0319974304003497467263628e-03 -1.7568960835574643115919447e-03 -1.2705659218201111568920403e-16 -3.9478018239458160257197473e-17 1.0452947494872287872991201e-02 -5.8573289610759343010171207e-03 6.4087842013815024544420851e-03 -2.7766560448736201868746853e-03 4.1293371672860229928958553e-03 8.9557583890499965068032751e-03 
-2.1373446513931727569847373e-17 9.0000060793190627106162534e-17 5.1020605776342339170325127e-17 -2.2376129186591481263000478e-17 1.8755009086788600181083808e-03 -7.0021339504537411131679381e-04 3.1707342946755050563933942e-03 -1.3720992536064497476638868e-03 6.6234924950535796484007989e-03 3.2578456455381565870510485e-01 
-7.5300469203112396342908452e-04 -3.1007826443924614567837494e-02 4.0651933345560733440948793e-16 2.6676018226695134547174295e-15 7.8749231795185604260156609e-03 9.7345337493807623796548967e-04 4.3981318661468413178106118e-03 -1.1100233005763879105820546e-05 -1.9828372266373040777160404e-16 -2.7037669249358390970945084e-15 
1.1919466757096109851832288e-02 -1.2242246996807043188382202e-03 6.9844344370677841765671090e-03 -3.0538020037975332435925546e-06 2.3295773304224981123909666e-04 9.8591462337626768058784776e-03 -2.3262875063276798588834932e-16 -1.3562227556046866085908316e-15 -1.0864415791342180279274623e-16 -9.5075432012174325523784675e-16 
1.9993379072522714755277828e-03 1.0222714749762816109808494e-04 3.4548823900677071326026368e-03 0.0000000000000000000000000e+00 
2 (band)
-1.1881053813472868263545479e+00 (Ry)
0.0000000000000000000000000e+00 (Occupations)
-3.8047866090732046506772690e-01 -5.7497655019263099740456369e-03 1.6534136034122841329985221e-02 1.3371230033550791926888479e-03 -1.5005586179315817818559428e-15 2.4939803442711843142601327e-15 4.2171900124710996748955694e-02 -9.1281480614764473613398366e-02 -2.1638103206487409313485415e-02 8.1642130843340404711128144e-02 
1.1245110451045092923865343e-15 -1.9779411363633434782834364e-15 3.0267498761064898921135935e-02 -2.8762403153434951130762443e-02 -1.5638012594628152018838563e-02 2.1677368979999361853217010e-02 -1.0505702693205219364069869e-02 -2.2982025177190612552635685e-03 3.9013944737381624118319305e-16 -4.1567912280170714240050988e-16 
2.3442659003108473633215061e-16 3.0580300545923390726762247e-17 -5.0334097587819565111644238e-03 4.9454216053335109393174207e-04 1.1230632634583490730983968e-02 2.2952753627802913172217814e-04 3.4690254378100393584105632e-01 1.5638317149688085727632370e-01 -1.4643244246700985733422584e-02 -7.7936480708581286347413908e-03 
-1.7704958166516377714120752e-16 1.3585365520603753240931419e-15 -7.4955703893499120438193017e-02 6.7025519894891222305588485e-02 5.2282469360146556491830694e-02 -6.6333916186377184232014770e-02 1.4599722314709220043832151e-15 -8.9806595238262810366132910e-16 -3.9201064737828493489413262e-02 1.4376155252107728627075645e-02 
2.2960979760143041678022158e-02 -1.3683901938377013296488371e-02 8.7289309605862522301045203e-03 6.2815036556379570328867423e-03 1.7750649756020078096642669e-17 2.0634857682321645870868584e-17 -9.1319199615559799148584648e-17 1.1287900870124982893754209e-17 4.8158414649712398547531933e-03 1.5451397129755337078726996e-03 
-1.0215808672868864626082086e-02 -4.6708720194606461600939085e-03 -3.4890527778542579362408560e-01 1.4853667097810946406966082e-01 1.5373691635995709314777002e-02 -7.7735317249886803914193933e-03 5.4654860051675411585432175e-16 -1.2384704753488988800540017e-15 -7.3452305446357765705833742e-02 -6.8130434312706308896956386e-02 
5.0622520843487901764934378e-02 6.7117157737036720055456840e-02 -4.9560642408234003317141668e-16 7.1996204873302784893354745e-16 -3.9027378495006384562238111e-02 -1.5450471675833635926133880e-02 2.2892030706831559272451670e-02 1.4336107813883579298330773e-02 -8.8114053280473579599085809e-03 6.0871612368637922560465903e-03 
8.2665690281116369118453441e-16 1.1522000556270890582150644e-16 2.0159451053470729080682242e-17 -1.8836993896150524763751553e-16 -4.8131354611958901412727130e-03 1.4396496828785777799541989e-03 1.0280468898546911427072104e-02 -4.4487561528237995131518367e-03 3.7920045817399417042992127e-01 2.2467782299593133665815969e-03 
-1.7196518340138002012285057e-02 1.0285654940013662372866321e-03 1.5632971782521117180444167e-15 -1.9077803034931486193013752e-15 4.0353334815235467059046925e-02 9.1698449410627588807010113e-02 -1.9803615047227843271038239e-02 -8.1701709347537052052778961e-02 -4.1428105061068395642119224e-15 4.6702431010413186505849740e-16 
2.9681434906729642353440113e-02 2.9679382895794071545170212e-02 -1.5315712094302181070504254e-02 -2.2248550968057955595780228e-02 1.0504211243766568839586029e-02 -2.0870893428534217396708161e-03 1.6199702513535629684481769e-15 -2.7172013228263394450689285e-16 -1.0760945164757969132431639e-15 -8.5856932478095910210732603e-17 
4.9890311683639890910635373e-03 5.9028143992792807964731239e-04 -1.1201762007885689154118580e-02 0.0000000000000000000000000e+00 
3 (band)
-1.0619773858659453669162076e+00 (Ry)
0.0000000000000000000000000e+00 (Occupations)
-1.6305543389836613110688290e-01 -2.5994970564329267226355569e-01 8.8174107341341678711899021e-03 1.0619364365389447057985706e-02 1.5375699284106900872208000e-15 -1.4831624434055448506230065e-15 -2.1043077070529159211531578e-01 -2.1503095560618218362591847e-02 1.0383860322691707001041550e-01 1.3731267536113325733460044e-02 
-1.1052341690982233724916049e-15 1.1004495012337978374767186e-15 -4.6412773889744421418335207e-02 5.2489175691412259805446183e-03 2.4582551065940039247692539e-02 -4.8914220431732352567522071e-03 -9.0008338928502830411648716e-03 -7.6634314770637809027808984e-03 -1.0556523122157626021668634e-16 4.8829978227707333782663225e-16 
3.3471946429613870099094746e-16 -5.8055560254794835997783920e-17 -4.5768358256509204806672386e-04 -7.6568151374836052047712087e-03 1.3767633637625867077530772e-03 9.2075369359387246315229447e-03 4.6406401435782021480669357e-02 3.0332716642859036682011720e-01 -3.8747613302062763884769936e-03 -1.3247786842085157790749328e-02 
5.0803166569744434073276901e-16 1.1956095935580257588633139e-15 1.8458390415700326459003122e-01 1.0330670212754540504551670e-01 -8.9845014498361144839044812e-02 -5.3841216535802940978960862e-02 -6.5605784530709659713673835e-16 2.7236095571849781859078295e-17 4.4680134468842641615182742e-02 1.3615516869904590452344806e-02 
-2.4503367898529158919185278e-02 -5.2737830959645390360712724e-03 5.2170412940366183568441372e-03 1.0607811881187315800056936e-02 -1.8211323724994139639725549e-16 -1.2235896447769568209055330e-16 2.9927009441766890692529437e-17 2.2351012256434495317454571e-16 -2.6208467558341908346108973e-03 7.2088455798260224482998382e-03 
2.3932229264845396657368504e-03 -8.9970382799340071350302495e-03 3.0574327997420591707111726e-01 -2.3286886802170725374594440e-04 -1.4025523496231345754736708e-02 -2.4164740496852785134329622e-03 -7.5138483790386395758539757e-16 1.4227702741463115837000250e-16 -1.2860501864186146825375090e-01 -1.6646213933281148178444653e-01 
6.5729136038999436131291532e-02 8.0849284999654685845982272e-02 4.5907711771696020116475834e-16 -2.5540788937625402083990759e-16 -2.0651240937545264908514753e-02 -4.2741636869142299315349476e-02 9.3647208599643289028691129e-03 2.3516277001766068555088651e-02 1.1241521270930057013748282e-02 3.5620799942424992076683843e-03 
5.3059785225682295243183662e-16 2.2788197902924187651887031e-16 6.0377942241295622688670352e-16 1.7073177534331886412306731e-16 6.7483678136964746901993450e-03 -3.6898010235451045996102337e-03 -8.5193040361315041514300717e-03 3.6866320614886852538583106e-03 -2.8068979284785955385927991e-01 -1.2121158223670411291372773e-01 
1.1912291494695942395409816e-02 7.7879373085253181252518573e-03 -1.3512084132553374822253264e-15 2.4066064243862280790339312e-16 5.1917763238156493244002121e-02 2.0384661025261316402712453e-01 -2.8214095645064187628525687e-02 -1.0030399302281421680671514e-01 2.2317480265070161948559447e-15 3.1980474133091871316136831e-16 
1.9780209716961289802272805e-03 4.7427931723290538135184846e-02 7.4492391936544280744286750e-04 -2.5301351133154230399480156e-02 -8.9022855901355734536961606e-03 -7.7336618520484042352269860e-03 -1.7861781769835786167738693e-15 -1.0343726381937855169716848e-16 1.0140121405252702251373736e-15 4.5676107234498937943287426e-16 
-7.6587424701987441566508608e-03 7.0623191477521530222405399e-04 9.2827688335368752081677712e-03 0.0000000000000000000000000e+00 
4 (band)
-6.7088184643567083664805750e-01 (Ry)
0.0000000000000000000000000e+00 (Occupations)
-7.4898805854629051859384787e-15 -4.1776368211284248582718849e-15 -5.7542440570029488589397233e-15 -4.0639386513674073233421713e-15 -3.0492863725603408520115067e-01 -1.6472816841987275582326333e-01 -6.5991938703784796320080685e-15 4.9482111477616961103217505e-16 -9.9416372126914388626093659e-15 4.1434238002671421178026774e-15 
-2.2227433627258333381782052e-02 -1.2016262919794948316187799e-02 3.9183864535632365928517472e-17 -2.7937130478186438306760714e-16 -1.8862002520460118469336961e-15 -2.7020935764338791779551948e-16 2.0690133385859165956659039e-16 1.6534347147560781611568267e-16 3.4060197793272795063757030e-03 -5.5075701722686332129086395e-03 
1.9143755301760517761877622e-03 -3.1929834005837032934183028e-03 -4.1084228009907695567173381e-16 7.9305758814399325910899854e-17 -6.2773416015734845100712509e-16 -3.6216498007669724082805621e-17 -7.3643822370345341607921426e-15 -2.1036514276472946833381160e-14 -4.4928233773920807591203828e-15 -1.1525998771210683920943870e-14 
-2.1442822272915260106707080e-01 -2.7228180362815695980671649e-01 7.4011014365690412237531836e-15 2.9907320809173631970317692e-15 9.1861295563297750573286359e-15 9.2693043813703730418690063e-16 -1.5627096556590017173427043e-02 -1.9855559257366733882932408e-02 1.0355236752608329545693061e-15 -1.0946022587017539230601549e-15 
1.6765327286812592040294396e-15 -2.6641089326281011603546495e-16 6.3837579213886490096731943e-16 3.5280426401005012262803441e-17 5.3132102840883852629128015e-03 -3.7019044310587722289296320e-03 3.0250136204892918989628470e-03 -2.1700850819248631434765784e-03 4.9721955676149060959531668e-16 5.5718914397154196523151930e-16 
6.0514500596737923483753816e-16 -8.5819266357855790627370363e-17 6.7778996056454207725684072e-15 7.5809007794950182268599575e-15 2.9843314714097577947838114e-15 5.2532608636911065376955800e-15 -2.4924781999220901873570710e-01 -2.4086480033755694463160069e-01 3.5847677623316808267975138e-15 -9.2486169490271796416546181e-16 
1.2537839610241822446731655e-14 3.8073925687798673173541475e-15 -1.8150015031336529103267452e-02 -1.7530312344321383188905372e-02 1.7402435539498326709453961e-15 2.9441239342238029600269840e-16 7.8768042627104349001332993e-16 -1.8615386814984201016105334e-15 1.1592446900052457500606804e-16 7.5388789261047532930122887e-16 
4.2211076116222372156538967e-03 -4.9124924453224569353970708e-03 2.4648516070560275159628816e-03 -2.7908492951396572656630468e-03 -5.7531742192894932887858028e-16 -1.2336744488354225181611686e-16 -1.3518280647956601486602381e-16 -2.3217441277752163942409503e-16 3.5771813376949792350137323e-15 2.4762984956983618959353440e-14 
2.0739169957996447643339626e-15 1.0887966644546164289433667e-14 -1.3308939235727151872978880e-01 -3.2004303062946842795000180e-01 -7.9665348371683889252373033e-15 -7.6893093391342287311711796e-16 -8.9458348535466046128852153e-15 -1.7357435337831260775902323e-15 -9.6951336815265555524323560e-03 -2.3296765428370815043113140e-02 
-2.2096223981230081380805372e-16 -9.3023107085928748382570679e-17 -1.0143112687714977188484898e-15 -9.4690729256363458144171433e-16 8.4394263259498317443725811e-16 1.2756886370156120668248662e-15 5.8249270484947478568327206e-03 -2.8320586812341785876157019e-03 3.3705088746447098811687137e-03 -1.5824042337318582323452132e-03 
5.1870142281038961738865298e-16 -2.4467972750776329237135750e-16 4.1789393473575068113102875e-16 0.0000000000000000000000000e+00 
5 (band)
-6.1747562061925964638220421e-01 (Ry)
0.0000000000000000000000000e+00 (Occupations)
-8.9775903694816708289216933e-02 -1.8883998880956015531396019e-02 -9.9458587409008425428424971e-04 1.8422675682532550778258695e-04 -9.7344966467142173533059897e-15 5.9406328258717227962023826e-15 7.7719567177199827545663879e-02 -2.0061453723377667412997027e-01 7.4431943503389580429896455e-02 -3.6564307535164292106699691e-01 
-5.7252133248559021227357028e-16 -2.1760785168564113033102557e-16 1.0572022385801169153118906e-02 -2.5729527438174581988050704e-02 1.3599437194503904979825393e-02 -4.5869375128825634613249917e-02 1.9323366465678892822666057e-06 -3.3596092096915136648860312e-04 -6.3230920764755491219563491e-16 -1.6531991474527613113755449e-16 
-3.0038220364737640398805354e-16 9.6749486539783851001144786e-18 9.7805061978452588478116780e-03 -8.8940592904531989848493367e-03 -3.3656187889846613664479591e-03 -7.7073632467013954844281542e-03 7.4892510568559611527916786e-02 5.2985188106643474337253963e-02 9.8595105445946351618857761e-04 2.2592272370119265145760323e-04 
-9.4351637027032498033043326e-15 2.2026812374041442330396361e-15 -1.5100113257610039974032645e-01 1.5324875736027157580032565e-01 -2.1352463655001380216091889e-01 3.0601013439508162328195340e-01 -5.9585473797420316747625308e-16 -3.4098074796144984112409216e-17 -1.9920949996503112960910542e-02 1.9414736432786287856355756e-02 
-3.0697871969097637045997828e-02 3.6695843406090417060383402e-02 -1.3519958199358778072607379e-04 3.0756226584703269533171976e-04 5.4505398425225267545387891e-16 -2.8956587341344757499975051e-16 3.0177164626933041548142358e-16 -4.0233743617116510081164081e-16 -1.2508361690988947442781942e-02 4.2782566491089205062969825e-03 
2.7849156096956470540781936e-05 8.4101166742115013308378479e-03 7.8482233247857552393966785e-02 4.7375060716027123097759954e-02 6.0126319742119516131850787e-04 7.8063505024734275439257658e-04 -1.1128650388508561256835785e-14 1.0553358760178785263371789e-15 -8.0051210071506173626687541e-02 1.9974894272436599651499023e-01 
-1.9517676241134318537717718e-01 3.1812916681331515622588313e-01 -1.6566692167197308755188880e-15 6.3307992253387017540993992e-16 -9.8507121966392371947840445e-03 2.5982142302696117908133999e-02 -2.1314122596127589581715966e-02 4.2765657311587414179943067e-02 2.2843213246724418906408172e-04 -2.4906090137467255113401521e-04 
-7.0465599659971991385874230e-16 -6.9598913399209194868110825e-17 -7.4069235809203032871950216e-16 -9.3986748109330272655877061e-16 -1.0766879481372494849200638e-03 -1.3185911894494849530556912e-02 7.7213223364012827792945970e-03 -3.3413145442087316405732622e-03 -5.3212527165165390830026126e-02 -7.4647734500893889175721085e-02 
-2.4178451712755788527431378e-04 -9.5522183890998924038484574e-04 -6.2246797323392187643657972e-15 5.4885282448687617341685884e-16 1.5279723959423613388608487e-01 -1.5152834693811523258943907e-01 3.0546870407834447735950789e-01 -2.1445047491531879502169033e-01 1.3371404218783462428824282e-15 1.1594159669999238652716182e-15 
1.9359289694431850575861986e-02 -1.9933041713331083738536265e-02 3.6545425197904671255066944e-02 -3.0783520988346232960530813e-02 -3.0855865784737613764440733e-04 1.3785545474958227005202183e-04 4.1006655055251793679865828e-16 -4.5730059437275376514807769e-16 -5.6908844621316180067447711e-17 5.9029916307250505408032573e-16 
-4.2486217501716116301535564e-03 1.2529035982508648222610859e-02 -8.4132753138094259343082726e-03 0.0000000000000000000000000e+00 
6 (band)
-3.7565708183197538128084148e-01 (Ry)
0.0000000000000000000000000e+00 (Occupations)
7.2239723704094704892497703e-02 7.5357609386556445585370057e-02 -3.9164198837601856689749624e-03 -3.9849908407772610674513203e-03 -4.4853383552429335904331194e-15 -3.6988984427212179935233328e-15 -2.9464936589812706912994145e-01 2.5078443191600957584697085e-01 -1.7028552992931528242692707e-01 1.4568870077972523313647457e-01 
-4.8496330127080590345880687e-16 7.5947146870714052140483124e-16 -4.7063087230215031042668272e-02 4.7563062825596996718857667e-02 -2.7407798201541124644142755e-02 2.7899484077881217536365455e-02 1.0910479287992540242679951e-03 -1.0092678662312545845303191e-04 -2.5222810173045051317879683e-17 -1.8654004320512732576636230e-16 
-4.8786594481263381834457298e-17 3.0644194955081939554995168e-17 -1.4130111324579266995904447e-02 2.3636569955945832544053076e-02 -2.4329597797442356621466786e-02 4.0736594542506728011677097e-02 3.6370224976412686423987708e-02 9.7849648484163012640557611e-02 -2.0116817578242351949313615e-03 -5.2126416730876312666254080e-03 
7.7233994397876206332701602e-15 1.1543375344324246250436104e-15 -3.7001432664733613364660414e-01 1.1313919829713273146332142e-01 -2.1414029298366038522871690e-01 6.6077940033433021915776351e-02 -3.3405227825682968040628356e-15 7.4220492510075322739274502e-16 -6.2081936077817756469698907e-02 2.4960215099647561909357307e-02 
-3.6233854830607099828387874e-02 1.4719931323980403603535194e-02 1.0413971439140103786291647e-03 3.4068135822731479556146894e-04 1.9723397789414702069356086e-15 3.1729036779997476966945224e-16 7.1468241137790252376404088e-16 2.3292069704256127336490143e-16 -2.2355188929404114228649547e-02 1.6080827505382436215519704e-02 
-3.8507053513831678015488791e-02 2.7723749630749826289299875e-02 -6.6195727488583641640040867e-02 -8.0610493345414091503897680e-02 2.9609288720018993312788069e-03 4.8262705483801942446531186e-03 -9.1131188654001696804950862e-15 -1.7718266610499031133600052e-15 2.8596469471428959119307933e-01 -2.5888041284687002274722545e-01 
1.6664347743934301848689472e-01 -1.5086551776980397510108389e-01 5.1858039416156211105219549e-16 -3.7552907345916984090079883e-16 5.3829352810304584298073394e-02 -4.1058217281065234605108571e-02 3.0860460006061254945031180e-02 -2.3397807427614158992668081e-02 2.4649534608530473261955862e-04 -1.0664514104217854770229046e-03 
-1.9052055303760822537172765e-16 2.4673548855753861286265813e-16 6.9864744274469327828596968e-17 -6.8775599895726229489594119e-17 -2.5325702874962465610542139e-02 1.1068397308821437824422063e-02 -4.3338312983594473593029761e-02 1.8754162717815155841938335e-02 -2.8737147707984092570576706e-02 -1.0027014668757179560731885e-01 
8.0066300068655851807086776e-04 5.6052587764019862204278866e-03 2.2585859327574110597493528e-15 5.3073025776277718080566549e-15 3.6525923124514803053131118e-01 -1.2401842108740326886540117e-01 2.1285374441181706406389651e-01 -7.2275421236351361509164803e-02 4.9496828766329159150538716e-15 5.9106776568623115280617376e-16 
6.5708321925629378790212343e-02 -1.6303154909185563897766613e-02 3.7614719786657202504898123e-02 -9.2172794021418008592050342e-03 6.4976117219897144665352595e-04 -8.8084560823286338088894398e-04 4.6872745465339385597212894e-15 1.0052842488675468441752774e-15 9.5192976457474333981635692e-16 7.9171571035200645767124185e-16 
-2.7638571606099813365853279e-02 1.0002335344366265756921308e-04 -4.7222113374036860100613211e-02 0.0000000000000000000000000e+00 
7 (band)
-3.6128695722996706507501585e-01 (Ry)
0.0000000000000000000000000e+00 (Occupations)
-9.5652595688219474445723733e-04 1.3376878091201152565226096e-04 -6.6901542674423393475269251e-04 3.2748371926812763765823888e-04 6.1863139759405036480875791e-16 2.3233830920342219436944769e-15 1.8204864405693257922713713e-01 -1.4133867161388169453317687e-01 -3.1185288811266387298815062e-01 2.4443680522597005522200675e-01 
-6.9448653203223191346792461e-16 -2.7907812515210237468093625e-16 3.2657297849504079989557681e-02 -2.1137912699417081563435517e-02 -5.6635473268885870579136821e-02 3.6689203259156186187617266e-02 -3.6301985504704620266736015e-05 9.1175069884477796203908762e-06 -4.5736965050413875747992711e-16 -9.1174053913926795162007841e-17 
6.1860005659991623820978303e-16 -5.7537715047067998651457915e-16 -4.4873041197620026909742563e-02 1.5993722753758925214651043e-02 2.6239358730872498759456590e-02 -9.5213779775391929605099506e-03 -9.3098211070233305441945504e-04 -2.5711534867131624615410601e-04 -7.4405147088478507111375393e-04 3.4851632656908437812859347e-05 
8.5678393465004717418413975e-16 6.5601259525287736069476621e-16 2.2320834047932136545711046e-01 -5.7413984681543912824697173e-02 -3.8328199218729958053231144e-01 1.0048129198123501026884696e-01 2.2095869310532214453815476e-15 -4.7950803291416778695575739e-16 3.8366263604721097257854723e-02 -6.4296402024280469023054252e-03 
-6.6548507253763933277923570e-02 1.1179027259913459912965550e-02 -3.6937313786700523565720289e-05 -6.0496227564030280454687727e-06 -1.0072211797571872430535779e-15 2.1909670490013430370383018e-17 4.1113655951893727584523626e-17 -5.6265474375631307205882738e-16 -4.7534314382677619881256703e-02 -3.1429206188336479554923386e-03 
2.7862688029954823382139395e-02 1.6826172898034494340713252e-03 7.7744499740915740115809740e-04 -1.1771727306536527990488139e-04 3.4410513984773315188103737e-04 -1.8659995564245662746927223e-04 -1.9714884370711297529063491e-15 3.3192626460751043488449542e-15 -2.2793015884427536565937089e-01 2.0364060053470894179339368e-02 
3.9355626535037546709361322e-01 -3.5222706619542992756421995e-02 1.4869728884072933366946534e-16 -2.6877579830148511381358036e-16 -3.9529826974288952146086018e-02 7.4419764169724681585060821e-03 6.7090186330600570796534043e-02 -1.2346939538137133296480386e-02 -4.2218823548162073833189822e-05 1.0037464584954775004277394e-05 
1.1244648753842075485839689e-16 -3.1902553011234902322476723e-16 -2.2436430487565976893081132e-16 -7.2437551385051238489141307e-16 -4.3430246295457809735385268e-02 1.9053102609289662705549517e-02 2.5248339155869572308921178e-02 -1.0925932005314607439738772e-02 7.6025490927449437816854072e-04 2.0072506892575975312453807e-04 
3.8991186259206347952677163e-04 -3.4592341998186670881665350e-05 6.4129656702084948985701668e-15 -3.1159817283144297451301919e-15 -2.1727150110721415998682460e-01 -7.1832771485272353673146029e-02 3.7517670662861007935262592e-01 1.2397423870079532504107078e-01 -3.1591113958518848938842530e-15 8.6369934816515669987863659e-16 
-3.9234246794298238691922620e-02 -8.8692791190882070556655847e-03 6.6475889836276239042156533e-02 1.5313265109336796077066367e-02 -4.2732878492507339618106804e-05 -7.5551871641111050144357097e-06 -3.2350585319291175560923603e-15 -1.3317085911548142250496461e-15 -2.2763537848526472026979084e-16 -3.2864749967740290806097388e-16 
-4.7425208943580494935776670e-02 2.3784234731821920572417128e-04 2.7510990900265982345151983e-02 0.0000000000000000000000000e+00 
8 (band)
-2.9260477105468402081456247e-01 (Ry)
0.0000000000000000000000000e+00 (Occupations)
-1.3559705356132515191566379e-14 -8.9248867434632117399806624e-15 -8.4904790552047125973121729e-15 -5.2895413294371312948461411e-15 -3.1807933519581543801990620e-01 -3.2242724259486338356239798e-01 6.3194752273968607367660869e-15 -1.6326444686785459889788183e-15 8.0696790454407069907027853e-16 1.2105537787598284460986899e-15 
-4.2651552131203612772125666e-03 -2.8338485145095806960746643e-03 -1.5756725174663942922315039e-15 -1.0464890127687041200019334e-15 2.2369207813354996312708417e-15 1.6694855414193986608569042e-15 -5.9453633902138783524190942e-16 -4.8530092937581779974920792e-16 -3.0830397577609885972904635e-02 -1.4042344671645411169347284e-02 
2.2808235070715110470729314e-02 6.6924290442590961269786476e-04 4.5864004795277291420310879e-16 1.0568902522074983203502471e-17 1.0508825173054950725633846e-15 -4.2184258043315632110450297e-16 6.6266489006627732337861466e-15 1.4792503927910687441709342e-14 3.8146043322577902272929728e-15 1.0658272310527590875261215e-14 
1.6386748193070255208425579e-01 4.2223363036549693694254870e-01 2.3634881656528080454570989e-15 -5.4418285321787034464016911e-15 5.0280166880093818916507300e-15 2.5989754357974897750084333e-15 2.7889089661862227070843190e-03 4.2946749787974797599177101e-03 2.8589913565077779427706516e-15 1.0796681029061507524696855e-15 
9.7466052102326525355203970e-16 2.7427818354125983478947224e-16 -7.9731496942788683784247108e-17 -1.2831862639310980422951047e-16 2.2717852422616612029226957e-02 2.5131654143230562625799251e-02 -2.0666574832021653018720997e-02 -9.6724432186804515376721270e-03 5.6771938067505351674227388e-16 4.3494285942311745958121046e-16 
-8.4668074693242123252955655e-16 -1.1359586308270775413677252e-15 1.3385705053705704511149485e-14 9.8027074008415488911996967e-15 6.5988757829731871933014829e-15 3.1603043501171487077159397e-15 -3.4272859670335642512384311e-01 -2.9605417456963706301920070e-01 -3.3359901507148968844439015e-15 4.2149449989562815065497429e-15 
-2.5434551009659907584730328e-15 -4.9516628813954925309589771e-15 -3.1247591138476357025544061e-03 -4.0836874729180613896595275e-03 -1.3298804064442378213484372e-15 -5.1893854041294025933327521e-16 9.6169594401727472086956011e-16 2.6323710812808813592657432e-16 1.4851859519638622417501923e-15 6.8513840309827981962732681e-16 
1.6046045467307042120541638e-02 2.9830413246004050531468010e-02 -2.1740821266321088030271103e-03 -2.2710999766123476234502832e-02 6.5367294740694152192940845e-16 5.0499615631007385196458414e-16 1.0939940216576047447112899e-15 -4.1913626873683349161088326e-16 -6.9747233305528448206965167e-15 -1.5088369618875042091506216e-14 
-2.2442773428403200576333434e-15 -6.3949135848875405414535992e-15 1.9696346403473502517655902e-01 4.0781902740529568651695058e-01 -8.4510907992398840854847433e-15 -3.0895866581775482819413637e-15 -5.0890795064906839708548187e-15 -1.1663987718978092278607949e-15 1.2459342649994839188898332e-03 4.9888145589261400150715708e-03 
-1.5191392693848236878191536e-16 2.5019180979340452565673402e-15 -1.2371194052752422304332708e-15 -2.3910655460180455414866791e-15 -1.4548086260091107896716173e-15 -1.2566232422628002775461270e-15 -2.8792467541424397042826300e-03 -3.3749652852955835946602292e-02 -7.0243517229893115069727649e-03 2.1706557219926928686826173e-02 
1.0281281190265522904498596e-17 1.4674072056046002299158083e-16 7.4252406439744165481061768e-16 0.0000000000000000000000000e+00 
9 (band)
3.5481132626984490663346605e-02 (Ry)
0.0000000000000000000000000e+00 (Occupations)
-1.5437916519702493378184992e-14 9.6049390859694986149944549e-15 -8.5418044659690778192587223e-15 4.7643070774273976182176996e-15 5.2064906487436624082931758e-01 -8.6335795846262983199714824e-02 5.8625572674752822769964914e-15 -4.8489779778494946937623945e-15 -2.0312166916030660421454608e-15 1.9640364375627875215278784e-15 
-2.1816261178089997596618588e-02 8.9947512532647724836643022e-03 -3.4019154519265504804434414e-15 1.8148876769406643058490172e-15 2.9103258364836383749425489e-15 -3.1283669582989111364325293e-17 -1.3027428384227178070066521e-15 6.4793314369151364059261159e-16 -6.1280492588954654786803644e-02 3.1952376426503267814460685e-02 
3.0709802703114751770696600e-02 -2.4954360963999458467021952e-02 -4.6434205377381422450117754e-16 -1.5439070756103909958839724e-16 7.7648977011503383069304205e-16 -7.4560405062991074494124633e-16 1.4178808645783461932520333e-14 1.7556571719447388850000605e-15 6.2381796034112499159346503e-15 1.7705324564131667567879786e-15 
-5.1211616685312155716758298e-01 -1.2753960187580978824506417e-01 -6.7676506026929148721332150e-15 -2.8517312293304263716677601e-15 2.3028334345539419170275756e-15 -1.4618580045964475720184947e-15 2.3594221098348040072112397e-02 4.0930753885648485379533668e-04 5.9659639167527397738214260e-15 7.4304643039651429416460798e-16 
-4.1299971935070215423262755e-16 1.3250855217603323813649381e-17 2.3796651488707112569588769e-15 9.7040696821953194234675228e-16 6.8930274436260721704350374e-02 -4.9870228982559251795780852e-03 -3.8094635303616036781093612e-02 1.0705646840346284831557711e-02 4.3027765056027720835316950e-16 -4.8047715325000880517148080e-16 
-2.3836172170072029068303275e-15 6.1462367889318396813799223e-17 2.4234347867914412134103031e-14 -6.1951089283240082062689271e-15 1.0359515681275709518274778e-14 -3.2511958716129551092968543e-15 -5.0460929727683723200470922e-01 1.5463320588856757642481909e-01 6.1159400515883577560222612e-17 -1.3699228490241684720305071e-15 
-1.5798216798197220066343427e-15 -9.8654660862485416562335650e-16 2.3561291396717726209786292e-02 -1.6703209300727300812283715e-03 -8.0644100821575880321637481e-16 1.8137811561705313848162903e-15 1.5532283432326810911747206e-15 2.1301600108094729380798961e-16 2.3371877272428234908151587e-15 -8.8934258973702621449379699e-16 
-6.9102113194923986405626692e-02 -1.3093096695676390006646272e-03 3.8613096938794395918126412e-02 8.6630564363905059044324020e-03 7.7435303884045305496505901e-16 3.6438809466210349937336367e-16 5.3389800994381823487500536e-16 -6.9633030942067313361971005e-16 -2.1446426326387232377190925e-14 -5.4467628321680481819831098e-15 
-7.5636960651295255758586154e-15 -2.7627395309094987296730207e-15 5.2451976827970991923422162e-01 5.8489178019621931858829100e-02 -4.0603408003017541657570988e-15 1.6615531673630692992673022e-15 -2.4123081829379427163782147e-15 1.0948267994161357118646922e-15 -2.2286848600491897254283202e-02 -7.8243724188885796499981495e-03 
3.2275407745211206469076248e-15 6.8609983388491520892701689e-16 -4.7773391079285072753096814e-16 1.0725740701455900481645250e-15 -1.9440920763371819718801710e-15 -5.6238733062919954135719199e-16 6.2898794455723439078553838e-02 2.8645383499468858590208953e-02 -3.1996833737399581198967979e-02 -2.3285670117177810489739187e-02 
2.1506561627965149416091115e-16 9.8771024679401582070173023e-16 5.4629687222624179076812167e-16 0.0000000000000000000000000e+00 
10 (band)
4.7764610362828097134269001e-01 (Ry)
0.0000000000000000000000000e+00 (Occupations)
-5.0938699562319644797980800e-01 4.1248198433544891461366433e-01 -5.1171613935658971650255467e-03 2.6277876499262164955439403e-03 -7.8225305763531960450058157e-16 -2.0254318981111371620237971e-15 2.3000591343653942200120355e-01 -7.1915527844187948636189844e-02 -4.8914700568900487676060607e-02 1.5405503108916135390771274e-01 
1.4289422221522873667750517e-15 8.0745221481880903481978061e-16 -4.5773022168282551103146716e-03 2.2371002702898101777151396e-02 1.9418074933378937085848293e-02 7.8872641583151437139065365e-03 4.6710515097204113876827591e-02 -4.2225235985500923774349502e-02 9.1264468412698885636353549e-16 -7.2301640225951961781898752e-16 
-6.2071525822020118604963536e-17 -2.1798490144376440275275523e-17 5.7622579453443623087594005e-02 -3.5992942658038207248694107e-02 -9.3124732352886166464323026e-02 7.3966204132735746679117028e-02 6.3130862150016353595560759e-01 -1.7625527830664694528550740e-01 5.7399188615268256774548661e-03 -3.7939441755246300358450640e-04 
6.2604780038889963859829666e-16 1.0695845866540617343121557e-15 -2.3965009117826413520546680e-01 -2.5345555017350501758599535e-02 1.0607432334978417198811940e-01 -1.2195834724003673521508517e-01 3.1885114822947363672060001e-15 4.9159214979568707092605223e-16 1.3085436817495021966095692e-02 -1.8713225291569685060366623e-02 
-1.4688617768621564999009799e-02 -1.4950420665266389574910022e-02 -5.9638454701737050878129764e-02 2.0201423104975069905409057e-02 -1.0615249499605727682349384e-16 -9.0192046608782352020118828e-17 -2.9594735752992217391481140e-16 -3.1637406492731288614746071e-16 -6.7177910091624756794281836e-02 1.0148003733531710257587122e-02 
1.1484117583202067824910131e-01 -3.0898534967220243202534746e-02 6.0334096135035497621146305e-01 -2.5486678576321919464930943e-01 4.5682071389238979031155452e-03 -3.4243648441549257022131769e-03 -9.2998692693991793974202693e-16 1.8668714437993876606932380e-15 1.7221087214692032407725719e-01 -1.6911454936085790201616419e-01 
-1.5911540194858514452036502e-01 -2.9375674705721246254830348e-02 -5.0064835284286267530687333e-16 -8.1444948468468819922549263e-16 -2.1979547530207126787571426e-02 -6.4290549054565743203326633e-03 2.2594282147127241200390557e-03 -2.0910391588784320304750253e-02 -5.9275148056115140038357936e-02 2.1273819256698699858842971e-02 
9.6409848514246818464966315e-16 -1.0891570359552757215182197e-15 1.6358086737038793382320395e-15 -3.9816792220014479811793176e-16 -5.8920547941518741641431234e-02 3.3830066858805317442371319e-02 1.0914668715792130715414032e-01 -4.7231989206528782188065918e-02 -6.5493876450268539990418049e-01 -5.7104185664336136463159477e-03 
-5.5524725074629112386848107e-03 1.3284728465484231876847510e-03 -2.0718682998148427003097434e-15 2.0365760407218230868375977e-16 -2.2521081106023074780431159e-01 8.6812475328853944134266385e-02 1.3436240891054035406781964e-01 9.0152007595113978211109895e-02 -6.3580083512984252595092999e-15 -1.6360943065303729400107643e-15 
1.7618545821812967716590848e-02 1.4629425816986098285443774e-02 -1.0378118607279362625717134e-02 1.8293281455958980419307380e-02 6.2848893760152527154794200e-02 4.0168539887557135059648061e-03 2.7301205699705807864578584e-16 1.9654211538994042257042904e-15 -1.9866360304168555971071009e-15 -7.0054961477725179611845869e-16 
6.7510145114180131198367008e-02 -7.6475290168573784727046316e-03 -1.1892796190111709631054282e-01 0.0000000000000000000000000e+00 
11 (band)
5.0986167621995037713134025e-01 (Ry)
0.0000000000000000000000000e+00 (Occupations)
-7.7482464419200147709432258e-03 -9.7816373314473292754911427e-02 -1.9624135499287303358029178e-02 -2.0942744856712741663429256e-02 -4.3665251770612103778588784e-15 1.8036174294025691886695193e-15 3.7159442710005891052915672e-01 -2.5732129204047077264405630e-01 2.2793762237110076762647282e-01 -1.6708279606418643958853920e-01 
5.7627270877303444228074077e-16 -8.7238696091479339499140291e-17 2.5721080848215414904611720e-02 -1.2556390484548370783945970e-02 1.5476249961582460440423503e-02 -8.7089069899044246891861576e-03 2.2201397704113244591095366e-02 2.8942932968782954239461702e-02 -1.0099851968537863927185696e-15 6.0295057658838500196595243e-16 
1.9423253993092634213274555e-16 2.7545183047578551502230987e-16 -5.5205372102669347800230071e-02 6.2952993151212832678709219e-02 -8.6033546899673324359625326e-02 1.0122160348430982168554948e-01 3.1736577318356461174797545e-02 -9.2848628807541022656124596e-02 -9.6927741855659665937139380e-03 -2.7013984985840809593948819e-02 
-1.8971968548032205382988288e-15 -1.5118425510787748449060350e-15 4.4322711269877496098601455e-01 -8.8579863162675853693883710e-02 2.7554738731673983354042434e-01 -6.2816063039136615930857488e-02 -6.0596143731758151365283646e-17 4.0049488528312906531921386e-16 2.8592384920958759109144154e-02 -1.3086124453755287877498859e-03 
1.7662124031254666789436669e-02 -1.8462796474554149517288693e-03 8.8808106622689959863681253e-03 3.5379748880296435498138408e-02 -3.6251320782536791095540545e-16 3.5853095412669218152196125e-16 -8.8318624890906418219765441e-16 -3.6198057439282491575588156e-17 -7.5666634048977998716623006e-02 3.5850703582896568943905180e-02 
-1.1915763194164349925152635e-01 5.8728553141835566908657285e-02 -9.1476511595167786516924480e-02 -3.6035024687886441085993283e-02 -1.4206067207213769754137189e-02 -2.5048479962972002715870801e-02 5.0067659181810467419488051e-15 1.9279426978421777199107865e-15 3.5484886224036477075927110e-01 -2.8073670339168743659286065e-01 
2.2637745124736644020124743e-01 -1.6868997278203712308908280e-01 -5.1750469567972926690783869e-16 9.7907237148008165549335369e-16 1.9161780413071025086502175e-02 -2.0654083420596491826870533e-02 1.2952707589939341237261772e-02 -1.2444149003170743017498978e-02 2.1141151534852617444038003e-02 2.9718037545925213988029512e-02 
1.9442171964874937525104008e-16 -6.7098240201473238207228185e-16 9.0869613239251598631490972e-16 3.4081313697943778818072503e-17 7.6325362908526733773939554e-02 -3.4356500226270604569922540e-02 1.2200200698050792103011020e-01 -5.2794982852213817592357259e-02 -6.9641757614104626838980039e-02 -6.9401014216553924551789123e-02 
-3.0897329112885389690301707e-03 -2.8630267977929044209695064e-02 1.9884710308476570332046597e-15 2.7887609665694906417292570e-15 4.3715817431557907335459845e-01 -1.1671993100407819510255791e-01 2.7475381989445929464821461e-01 -6.4910675577057888596677060e-02 -2.1432394514121939379353210e-16 3.2582565698090239164875442e-15 
2.5788538273923133914422579e-02 -1.1345319926654655329212318e-02 1.6829574833147287193924058e-02 -6.2765348130063448178761476e-03 7.5999336882267625944975542e-03 3.5670030161675678193056171e-02 5.2270004867625302723662272e-16 -2.2635770135103428128893242e-15 1.0760945164757969132431639e-15 5.6347212901182705095201910e-16 
8.3692566460761522173505966e-02 -1.2183801239207033700884253e-03 1.3293532232495267053629107e-01 0.0000000000000000000000000e+00 
12 (band)
5.3926983363769320778402516e-01 (Ry)
0.0000000000000000000000000e+00 (Occupations)
-4.5798146620313878035757327e-03 5.9688861582315663745212930e-04 -5.5708881507483820616499770e-04 -1.4696759486174312825390587e-03 6.4607334745802713033597972e-16 -3.8845115627699014625339207e-15 2.1181159377860869774679031e-01 -1.9918224248029400835768854e-01 -3.3032414247038333066086579e-01 3.2834285331628709769802299e-01 
7.0926815789526696301243736e-16 1.3415001564291191296643163e-15 1.2851308506609426807187901e-02 -1.4530416605228607673794272e-02 -1.9780549585376325238961215e-02 2.4849746094378802330204792e-02 1.2250770675887832916739484e-03 1.3433638764060243375730863e-03 -9.6373460009966512382638309e-18 7.4877124473983930347611952e-16 
-9.7869092721863497357287365e-18 -4.6562568099923810196914594e-16 1.1826602410292293143800890e-01 -6.6291080930379331359603157e-02 -7.3579419809242596617337995e-02 4.2721195879609839829438300e-02 -4.4401991455620820614669242e-03 -1.2710664443240649035260503e-03 7.2407865954540739927836057e-05 -1.5700485479085424245226932e-03 
2.0850804207822027958590354e-15 -2.7266260397290943347065056e-15 2.7349587741676656404976598e-01 -9.8679896709240294550014028e-02 -4.3355718132685006072080114e-01 1.7015063603344113274395966e-01 -2.2577452337534366974373056e-16 2.4773224576882164361121878e-15 1.7565072132844399693807347e-02 -8.2314869872648077642196540e-03 
-2.8022715124744329573402979e-02 1.4950165881761123820581361e-02 5.9080601572534825055571517e-04 1.7194151848039726515615655e-03 -1.2697908953228209207919830e-15 -6.3550968813995512977350505e-16 1.7305152287146665611719201e-15 -5.0646584707340264174048946e-17 1.3486655364110672339350572e-01 -1.3869844159211195538938810e-02 
-8.4494485714050798774721329e-02 9.9856637618954205426469173e-03 2.4535480921641862790683053e-03 -4.0607286562041877697737391e-03 -6.2869236903049033338142237e-04 -1.9183573204397258438191898e-03 -1.9298614453084938210621127e-15 4.8634620373837632940858995e-15 2.8619125644949761078095207e-01 -5.3257976377591172145731235e-02 
-4.6063330908826538578892951e-01 7.1404429557655413329797511e-02 -9.8432266409989521362814051e-16 4.3379847452392495518025373e-18 1.8856979702264541065570569e-02 -1.0387801318495135105557381e-03 -3.1504780639895299532149409e-02 5.2474862189305637727443354e-04 1.8930671136698331083469959e-04 1.8592693909930779576356041e-03 
5.5891588475578805952932626e-16 1.4522790362594960411396376e-16 8.2346350032102451430019621e-16 3.0755119441361145765985142e-18 -1.2371387068326727964873157e-01 5.5630599486267251485571705e-02 7.8219887451572336911631567e-02 -3.3848767892533590528891807e-02 3.8644649311717418904699173e-03 -2.7523310585171323339181981e-03 
1.8488623349425734043727232e-04 -2.0102651527554304955458520e-03 -4.0304417341892164096626157e-15 2.5425088626297914614499761e-15 2.8380464241467334707280656e-01 6.4782499641926241662481800e-02 -4.5110646874067555911480554e-01 -1.1740780153965539589488998e-01 -1.1530159881298342193921559e-16 -9.2904437431204525796531221e-16 
1.7718629686378710441641005e-02 6.5356644414241767820916706e-03 -2.9122060971726097117207033e-02 -1.2030466700982709454814668e-02 -5.6466780672375499732645876e-04 1.7815358450772888522506410e-03 -4.7072138001638095104215561e-17 -1.4405204049158951011558364e-17 -1.6555300253473798286019394e-16 -1.3900955190452082333768178e-16 
-1.3563255232155810303673604e-01 1.9225372239718135219943562e-03 8.5229630298265163235171826e-02 0.0000000000000000000000000e+00 
13 (band)
5.6158132690833983957645614e-01 (Ry)
0.0000000000000000000000000e+00 (Occupations)
-1.2569289132816227616551430e-01 -1.3997793396158417222885362e-01 1.9535876501072074740150697e-01 1.9385779043532253007597888e-01 -2.1270181085142474828009734e-15 -1.8519834738887276353378371e-15 1.3739074309871451839981660e-02 -1.8061012423304934060297455e-03 6.9598953257419826634588844e-03 4.2234437103987054751286223e-04 
-5.7325642001558890151252990e-16 -7.1527280986534171142866013e-16 1.7796678599140136611822527e-02 -1.4797930702294945226604739e-02 1.0152489793388064232004808e-02 -8.4972430143203381280869735e-03 -9.5192829722912264411860406e-02 -9.3493246604323454462814880e-02 -9.2999209437534016542417176e-17 -2.3604573572733048287051841e-16 
3.6624809776561226007201690e-16 -8.0092354615194913402567198e-17 -7.8350879383631694130585288e-03 9.8275711422236566860988205e-03 -1.4022677943025002589294559e-02 1.7697351284035479218603726e-02 -5.9763291223736900170671049e-02 -1.7838406304569709437402025e-01 1.0230119770199599948945490e-01 2.5550020533791689691938132e-01 
-4.4077807501583045339643910e-16 -4.0748986080746061489809445e-15 1.3326388299158394012966511e-02 3.7988866118437297769716565e-03 6.2197429533983605853819654e-03 3.1517162478043106443870158e-03 -8.5273135219276728055157335e-16 -1.7092521580776758619094123e-15 2.2209951070348163404410968e-02 -6.5129559866358441647116173e-03 
1.2692156609436788805567176e-02 -3.7663441758164356576443765e-03 -5.0233014132645983917946353e-02 -1.2360949106934077112995851e-01 -4.4593793253195880832900945e-16 -2.7883735330063706453597768e-16 -1.1851356859944269179481374e-17 -6.5226898349504068020167693e-16 -1.1093687347272458698643760e-02 5.9076102273556488353456473e-03 
-1.9897843278963565916139800e-02 1.0672749037156687920702147e-02 -1.0251588515169846038688206e-01 -1.5876226904017051722028953e-01 1.3540160055721320309096711e-01 2.3920865525137682827683250e-01 -4.9288603055403410548661203e-16 1.6584587358343887939733066e-15 4.6772294183927004551648565e-03 -1.3869173303885765774490224e-02 
1.7077059083826784391391129e-03 -5.9367406912133602325809534e-03 -9.0644487360662601272543472e-16 -1.5333302344763184021596095e-15 1.9169403101780828346800689e-02 -1.2937449635847905748953224e-02 1.0746498389975017717645756e-02 -7.7461914942681640849908575e-03 -6.5121312174842793663032126e-02 -1.1642942995613024537160385e-01 
-3.5752529099267581446875578e-16 -7.5919490308989078035260397e-16 4.9255542708142359548700064e-16 -6.9183757721977368907347329e-16 1.1611162547261327793179930e-02 -4.8927056305065087793426670e-03 2.0711262770065762273130616e-02 -8.9625637303468192601529907e-03 -3.1032327542390585745080145e-02 -1.8641877434024017867741918e-01 
2.9264232381721082959513680e-02 2.7330930991047114320124933e-01 -3.6418522275706135000938930e-16 -2.8758899353079191232144576e-16 9.8006618565973646628464166e-03 -1.0870946156529000953261388e-02 3.9250190394884134845177037e-03 -4.7702594315063599414439288e-03 -9.0883110609512551849407300e-16 1.9546978437836589049114632e-15 
2.2730889201331299503960892e-02 -4.2603162412501007286214083e-03 1.2939032219706297910377657e-02 -2.8411539080085580072365659e-03 -1.3525682964185950507562950e-02 -1.3271643967359220139812237e-01 1.1032002829670955937601624e-15 7.8536550823322498632492023e-17 -3.2075894241105485103608949e-16 3.3767743296668785868524790e-16 
1.2599325857969847705652988e-02 1.2104548895457953360324521e-04 2.2567320491168947615978624e-02 0.0000000000000000000000000e+00 
14 (band)
7.2467504249255876302981960e-01 (Ry)
0.0000000000000000000000000e+00 (Occupations)
-6.4822189023260645003848110e-15 -1.1026525963838831124826672e-15 -4.1700274955466302153500313e-15 9.7407666339270108506395864e-16 7.5595169800194872422594017e-01 -5.4131539854352442309171067e-02 -5.8517113424603289128556477e-15 -2.2385776584089711004100256e-15 5.7153312469872158543881897e-15 -1.9320105859156615239965758e-15 
1.4592603610033325067796284e-02 4.4383045682780397633848679e-04 3.6536057139350991153269342e-15 -2.1860347168263933334056697e-15 -1.0416406607395464297691989e-15 2.3077959203437154672773558e-16 -9.2980303975472705864452185e-16 -2.3200664385450795750013992e-17 1.1468561052308118286546801e-03 -2.7783100068600283250042082e-02 
4.2326847836850547968090552e-04 -1.6026769044630215926838801e-02 -3.7184444404785282717894364e-15 6.7489696968974330823948747e-16 -8.6499968273481737800194665e-16 1.4400251034204974797520008e-15 -1.1080261478260964460072455e-14 -6.2527048639997921439502355e-15 -3.4334453015363806349783483e-15 -5.9240645121755863184684383e-15 
7.1527639450492219719279774e-01 2.5054515118652792571296573e-01 3.9013999565158024008548842e-15 5.1755921797978955671331744e-16 -8.4110419547020440243665659e-15 -2.8458083605197282761545399e-15 1.3216163134144198743058496e-02 6.2027491973632928323745261e-03 -2.7199135197703860710987818e-15 -4.4015542470985505852554527e-16 
6.7423260952433319958883074e-15 2.1495662755785898538975969e-15 -1.9943387825145203680612365e-15 -1.3186905215552752087255464e-15 1.2086532083111865137903251e-02 -2.5042597120744813227188885e-02 6.7534541236920556106504421e-03 -1.4540541242122326237584673e-02 -1.2623754920534280479057399e-15 -7.5223132087256423090887991e-16 
-4.1576160808778482771263469e-16 5.2345457938298013635359296e-16 -1.1407168793371571546226489e-14 1.5835146569274158806757939e-15 2.7097642507059568518834899e-15 9.1337593107882862825796391e-16 -7.4321687017274384867704384e-01 -1.4852800631377210960337720e-01 1.3344305425399362536784106e-15 -9.4321137656646589528798704e-16 
-3.0550940195687366222188275e-15 1.7939585583778226523235512e-15 -1.4571214152098319050132602e-02 -1.3812796112789571534307242e-03 3.1101034463182188781782290e-16 -2.5688281349668231863012013e-15 2.4403674905983000269859364e-15 -2.3164420919695210634129192e-16 1.3938064448645597921748421e-15 2.5520091013455986927200244e-15 
-2.3494914403279949788316827e-03 2.7705592905923288882252820e-02 -1.5875039678897402348201062e-03 1.5951967213453665389577552e-02 2.1227911284992368174953792e-15 2.4178142091809604003724722e-16 -2.3654205064694598168615600e-16 -3.5130767737659154387742459e-16 1.4767261510163514097488756e-14 1.8108644471024137810893299e-14 
9.2501924151488336938910755e-15 1.0047869543497882419469944e-14 -6.2310313607970191362994683e-01 -4.3147927711137140649455546e-01 -4.3208135343770849105189262e-15 -6.9429966333855598962117703e-15 -4.5946472312876358929777167e-15 -3.9332811347630818781569213e-15 -1.2824226905922768426915326e-02 -7.0546027171074368947167876e-03 
3.7726007962839686094718244e-15 2.2377390726660087966981195e-15 5.0567078861013765035976188e-15 2.6776032419445616281374067e-15 4.0581773253945342808639176e-15 1.6235955264706611701370048e-15 -1.3159474418737139578272632e-02 2.4493840477140278039103194e-02 -7.7922292401230676059387115e-03 1.4009517846681638839068107e-02 
2.0350189660465524485570042e-15 1.0650981146397968768054006e-15 1.6966384013896198866584560e-15 0.0000000000000000000000000e+00 
15 (band)
8.5177013894400788185379270e-01 (Ry)
0.0000000000000000000000000e+00 (Occupations)
-3.8837218704177411954248100e-01 9.0929385760677983174815608e-01 1.5638347215749387464356346e-02 -3.4578945762360556448467008e-02 -1.3502355038142311131197181e-14 -3.3743643968995819772923427e-14 1.0584703938925289767869486e-01 2.3176756656529517997000767e-02 6.1634123588247324843081287e-02 9.0940936519000314941507668e-03 
-2.2278034340685095369262192e-14 -4.1673480326588438901680073e-14 1.8743191731328628923947122e-02 7.3272653300536783049778933e-03 1.1326311123024040972140369e-02 3.6501218192446505117487732e-03 4.2524020483727151265007649e-02 -9.8923342480280618271848425e-02 1.4045012278097028671588265e-15 2.9147774176906186487541315e-16 
1.0658396961142364813020400e-15 -5.8595065138050093103637933e-16 -3.0027890408149127132730882e-04 5.5614318138740917452089718e-03 8.0090723909789079959509195e-04 7.4604354172933817768154086e-03 -7.1755450866030479062374070e-01 6.8026744905981550992635221e-01 2.8085120865184588778706853e-02 -2.5524250814912767537645522e-02 
6.8815635661711356945922190e-16 -3.8408347517467085830757387e-14 8.7937009996537404687977357e-02 6.3307504053272678490316139e-02 5.2953301911980520111367099e-02 3.2824008689648520586956693e-02 -6.7486655662336436372270765e-15 -4.5235103068275169435557302e-14 1.4291642941554640044987678e-02 1.4168450710128357994399551e-02 
8.9451362440259168939959977e-03 7.8481367550972680469101306e-03 7.8313813302202495147952277e-02 -7.3899030112973690398447957e-02 7.4683943100067402930158973e-16 3.7388739353605517675462291e-16 1.5085504243807492691724234e-15 6.2555285334182498448487330e-16 -2.4842932670095657643472009e-03 4.9847746392555208894137309e-03 
-2.2278598657639106517258654e-03 7.1649277344355884883375651e-03 6.0958754046056107256390533e-01 -7.7856887361400961555801814e-01 -2.2300184439500797539679411e-02 3.0598254330168439540926784e-02 -1.2249085355651578266438408e-14 -2.8700758461653110939083270e-14 -7.1217901498581273611598874e-02 -8.0681038200640889379577914e-02 
-3.7865947549082540346532255e-02 -5.0190147200793011617037109e-02 -1.0886676472215271577560937e-14 -4.7289329806526921977614457e-14 -1.5462739905018993424867801e-02 -1.3752022716180187233980803e-02 -8.6007598555932068817853065e-03 -7.5619799466753456762546648e-03 -6.6166717917347961375185150e-02 8.5025307109555053886040810e-02 
1.9098769507012393056959920e-15 -4.3880265055429332908360287e-16 4.9708255407474555385298458e-16 8.7577356776303982957355045e-16 4.8979521387089650086288373e-03 -2.9474106519860182595849096e-03 6.6691953669033333940152630e-03 -2.8860185479583806700265569e-03 8.6865877088673049133404902e-01 -4.7243877932166528088586688e-01 
-3.2618129587267688518359421e-02 1.9225218238450074437206894e-02 2.1671239597059620337868674e-15 -3.0222573923767580784238698e-14 -3.3318254396228083602515824e-02 -1.0232943536921443317133651e-01 -1.4818737427659193009454874e-02 -6.1100620953272274937795316e-02 9.0754110387951398991797990e-15 -4.7019622594313054146544062e-14 
-8.7294142598883101014095587e-03 -1.8761976997000991834729788e-02 -4.8901627570175909553995552e-03 -1.0355815709899907073321401e-02 -9.4492432804107545640803778e-02 5.1754396448895956250879635e-02 2.2784862156330462468818944e-15 -1.7559557030297970362202224e-15 2.4444935530519905874886934e-15 -5.2503179350840281462481583e-16 
5.6656761549487393014867820e-03 -7.5978839933276841496490039e-04 7.2668610762153910964666892e-03 0.0000000000000000000000000e+00 
16 (band)
9.1382595465261140521562311e-01 (Ry)
0.0000000000000000000000000e+00 (Occupations)
-6.3442333094559502664436240e-14 1.2410908541818079028614461e-13 -9.9307815771588982518136609e-16 -1.2275031782719511861452135e-14 1.0361561850838446607880883e-01 2.0876798843809055150622100e-01 1.2615270134181808810374445e-14 6.3402131855528652290305890e-15 9.6374794819156917733527081e-15 -2.9056365540172286498422395e-15 
1.5223251415369601358129614e-01 2.9172816518960809073490736e-01 7.8982899029895919448097381e-16 2.5903859641580714447299144e-16 3.3328714887814992039998816e-15 2.8188409851547150366542343e-15 7.0584416847409026420941246e-15 -1.2269123288474740070317599e-14 -1.1838238019908270404201289e-02 2.9720278902869903120409489e-03 
-6.6288230672852214986345842e-03 2.0235926972342489077449912e-03 6.1873975535394090134407186e-16 1.7407025748226778681479345e-15 7.4344910732512496360742342e-16 1.0451896857332272659158432e-15 -1.0913893486043163488173793e-13 1.1435674159693074835307091e-13 -6.6781333653528492937331113e-16 9.8088171790827090097439883e-15 
1.2181946938922615791822679e-02 2.3274851141122207542899503e-01 1.3094065945897357809801441e-14 1.0319655939139852181159551e-14 5.1516047574828523959615684e-15 3.3754558834882275320446788e-15 2.3852868600247829899974050e-02 3.2819369492722949566143598e-01 2.3811706518704600836082831e-15 3.5972497622946589854628177e-15 
-4.8053548509395070995042300e-16 1.4339211542653291318353512e-15 1.0658370927847967241294563e-14 -1.2575750094040916387106142e-14 -1.2044932310254972268603879e-02 -1.9739389144678193450943571e-03 -6.8872986040514130867684628e-03 -7.7546154017633407706799886e-04 -1.8804232338132306573959032e-16 -1.2932575975839561725623365e-16 
-2.6713484169380937851589809e-16 -4.0733417738868846390750550e-16 9.2744746852909741796199332e-14 -1.1064757443512474045262122e-13 -4.9908585475424027257508433e-15 -1.0314890331929822581269260e-15 5.3049986417711122999030238e-02 2.2691406507870920394864811e-01 -8.9375964481967142300954250e-15 -7.5836467133044553834156540e-15 
-1.9298524985177310840119359e-15 -1.0234907237157548970425491e-14 6.8394649717025801649583627e-02 3.2182343194831564137103896e-01 -3.7915425652337777535761196e-15 -2.4583577884348253953264100e-15 -2.0358711447643383335329365e-15 -2.0225039806086733418348736e-15 -6.8426358004907553600290808e-15 1.1716355555126948375152272e-14 
-1.1022756952335902719264382e-02 5.2531031901148512314181360e-03 -6.4040949878209959406083485e-03 2.6592557109262771747326681e-03 1.5507014623586143006170873e-15 2.5494443779669743661758711e-16 1.5663486058070849295235245e-15 2.6513264838979757856049660e-16 1.3488086678772152239716667e-13 -7.2094726982021468383973486e-14 
-1.0819509947472702430938524e-15 2.9555814946243203011990527e-15 -4.1431571874045843018041779e-02 2.2932012306273813484480684e-01 -7.2583568676918021071714987e-15 -1.8642709694204167555488079e-14 -4.3217392489799192599131823e-15 -6.8860739529361185669453022e-15 -6.5041991005282587257063653e-02 3.2251773418988116670647059e-01 
-2.3205993564844295405657711e-15 -4.1375198734649779013226302e-15 -2.1519413044328458678071519e-15 -2.2439663432743548612652006e-15 -1.5920314720875641994422910e-14 1.9410308986877576358232190e-15 -1.2202445032037665187396591e-02 4.4339507932144315086042674e-04 -6.9335055946456100595121086e-03 -1.0282858625820196309987031e-04 
1.3408331229726373015064242e-15 -2.3943448624511380384043289e-16 0.0000000000000000000000000e+00 0.0000000000000000000000000e+00 
17 (band)
1.0412418168263839479692479e+00 (Ry)
0.0000000000000000000000000e+00 (Occupations)
-2.7972925216890776045630673e-01 1.1733221104158420011742692e-02 -4.0734863015984645873146519e-01 -5.2154979835088710604651396e-02 2.4263033095275510048408109e-15 2.5708819185832852194469365e-15 -1.9016372440749440553275917e-01 5.0891846756013214836400493e-02 8.1921312046202107715053842e-02 -1.7751814171164115307988141e-01 
-4.8975185217300068954067800e-15 -1.8243629163208393097398564e-15 -9.9990174215057694984132297e-02 9.0057552600469742420941088e-02 5.6081814366676988048432406e-02 -6.7932367650343619680519680e-02 1.8486842861173316543421663e-01 6.5776378736257514953655878e-03 9.0789710141098121826659499e-16 -1.3522074102174102722522069e-15 
1.2004777844789044581671727e-15 -1.6224415911130666657649244e-16 -2.4920771678821826422556285e-03 2.1082990387900998885406523e-02 2.1269503491343363932308819e-02 3.4837715899034421562774355e-03 2.6138263912902459651377285e-01 1.0032566450521042400456651e-01 3.5313284936763744692456157e-01 2.0964312321706612962657346e-01 
-4.8856897586130393110634537e-16 -1.5391709402669339149934215e-15 1.9473522730193912333440664e-01 2.8816894253763908340104649e-02 -1.4568461860269044105820058e-01 1.3038321942149422305590178e-01 -8.7748532544531864644049006e-15 -4.8590568368587892959505203e-15 1.2753261195982079634347883e-01 -4.2939848703146300812338865e-02 
-7.8448541069928129365607106e-02 4.0072470366071165359667106e-02 -1.6705156049447750232772592e-01 -7.9456764052707573586786793e-02 -1.5344659130113779089098534e-15 1.3913874080041166190598350e-17 1.5245338893956201676248932e-16 -3.9084196830763717265100851e-16 1.0660180509212614785585771e-02 -1.8359288761222343488999087e-02 
-1.8136612676796427801040323e-02 -1.1644385937899041569276726e-02 -2.7213586115774324181160182e-01 5.6729249741820975128092641e-02 -3.8150861642832334386099546e-01 1.4869825348620968608059911e-01 -5.8602904513328936362239319e-15 -2.5035149284809527059228548e-15 1.9745985282574574082303798e-01 2.9075264183439225584848487e-03 
-1.2230726959730381375734964e-01 -1.5222784546731563115606889e-01 -3.6964657578694419680221031e-15 -5.3552561959034335514434717e-15 1.1855967890546678655816493e-01 6.3892794416855053230008821e-02 -7.0822831309805045485461505e-02 -5.2702457041120781555676444e-02 1.7782543906774195274778094e-01 -5.0748610207541108851891920e-02 
-2.4792006524340977860182686e-15 -2.9618709786475495173771189e-16 -2.5540716857155991941229334e-15 -1.1771153354135811725296918e-15 -7.4292602474830549130757618e-03 -1.9883584298383147337396792e-02 1.9672265559983661414866773e-02 -8.5129494883600578120086411e-03 2.7228384726424936790323272e-01 5.6014651862731121290117642e-02 
4.0918649517850574914845652e-01 1.5046832305393244982871792e-02 -6.0695356540256751429130544e-15 -6.4541819638702359413824910e-15 -1.8006497533368515107099483e-01 -8.1089159854530634685687573e-02 5.1791094704484383348663812e-02 1.8828188346539415087832481e-01 -3.5606886019465869944459440e-15 5.9289302699941220340711822e-15 
-8.3433805205690464434908904e-02 -1.0572363401558440565430885e-01 4.4067311393457972434894998e-02 7.6495061797876573450594151e-02 -1.8335482276527781397845729e-01 -2.4048226261955317484275696e-02 1.4463551292984762398160203e-15 -4.4976539567002493662867536e-15 6.5186494748053081675647736e-16 2.5232393907252022631645353e-15 
-1.0784856048249610686873279e-03 2.1198766501283473895345111e-02 -2.1435212647746761105427282e-02 0.0000000000000000000000000e+00 
18 (band)
1.1972014656637908203151710e+00 (Ry)
0.0000000000000000000000000e+00 (Occupations)
3.0666437886488706610066401e-01 -2.3074944015212647818735547e-01 1.4010227731850535826119142e-01 -2.9012750309483559263412644e-01 4.5535255529270112666341369e-15 1.4548368671328230764367856e-15 1.1324442323775865681945163e-01 2.7186782762140410119044986e-01 -1.0656151935294294608169707e-01 3.8900254867832148586437313e-02 
-1.0964605657220147738821154e-15 -9.6512805448364707259044382e-16 2.4322469860770690175399977e-02 2.4647502990421688018329860e-01 -4.1355950743809377634363500e-03 -1.1560010237985121617221296e-01 -9.6917827624471195036015558e-02 1.2163904793125551728749656e-01 7.0623204367157861429248884e-16 -1.1937678552825771366832899e-16 
-1.9262303219671755225553710e-16 -8.6222021956069775483189605e-16 4.4084819300322541923975450e-02 -3.7010049166251356156376318e-02 7.2293206046463529684809046e-03 1.4393589691476860181751363e-02 -3.7308430565732486616781216e-01 8.9980254874585177682355663e-02 -2.4380303894717147983328687e-01 2.1062453409324624620246880e-01 
2.2314299369715563428938191e-15 -2.9812032837900646746040173e-15 4.0411410119309751354244042e-03 -2.9448274018923192851815429e-01 1.1324648147199777026283840e-01 6.6197937886221247527629430e-03 4.8031726090675674276075369e-16 -6.8320346430615650893150815e-17 7.5564978997825701934054621e-02 -2.3586321641042160002221806e-01 
-4.2114875307859248043662603e-02 1.0773497154895739225111129e-01 1.3725547591831963045727605e-01 -7.3144088096741957660817945e-02 -8.7438839068071319172591827e-16 -1.1920077181021095575690215e-15 -2.4999038443131172673393676e-16 4.6307290282267509165336242e-16 -5.5157509793977300971423716e-02 1.6457950824983746951346575e-02 
-9.1835864083368644143756665e-04 -1.6080892948413201548607532e-02 8.4567050148078901083970038e-02 3.7368712047547592014495876e-01 -7.9752391648950440861121081e-02 3.1225748196544456103396215e-01 -3.2964548156810966605121145e-15 -1.4510691347675405272096785e-15 -2.6110679692702942755744289e-01 1.3497549181832427245275596e-01 
5.6657328912650656294047735e-02 9.8813599575196670032894986e-02 -5.4136677851646043803315358e-15 -2.0077616337001712175204799e-15 -1.7642843906128791164888980e-01 1.7400370621954963645805492e-01 7.6965886026451449386520665e-02 -8.6459317229006460436835368e-02 3.5108053162065874786001984e-03 -1.5567616107201023845085786e-01 
2.1853868132567302362903697e-17 1.8930602002517298563968010e-15 -2.8513065342648952449524213e-15 -6.8717077665871518533352702e-16 9.9645006614983051840273021e-03 5.6641102841460545802565463e-02 1.4862220427595024263567325e-02 -6.4314570886163501678423060e-03 7.0797250200368588846089324e-02 -3.7653870895840285681899218e-01 
1.9720552664268731213326191e-01 -2.5490225436175467654820181e-01 -4.3989082451500080574020165e-15 -2.7653026536594244742187354e-16 2.9323720254034946197663203e-01 -2.0176368340276411295075576e-02 -1.2753913051164363079426067e-02 -1.1318797675727648721633045e-01 1.7446089360063314739009904e-15 4.4581291856859168008565754e-15 
2.3102322093842941885810660e-01 -8.9624523847964862599546620e-02 -1.0497293338386570749065640e-01 4.8781599034151530702718702e-02 -6.5048516810696607737263264e-02 1.4147820800679833386226392e-01 -1.4377039728357457549819053e-16 -3.2231268703359377445451348e-15 1.5106711481294841244141488e-15 1.6281358674189396316490204e-15 
1.3349927941991206539751325e-02 -5.5940014555537549700847677e-02 -1.6194111161813313365387401e-02 0.0000000000000000000000000e+00 