134 (index of k points)
0.04464628746812378257136089 0.07721863953387167467390384 0
18 (number of bands)
52 (number of orbitals)
1 (band)
-1.4892991136203708180119065e+00 (Ry)
0.0000000000000000000000000e+00 (Occupations)
3.3786794648995022161130919e-01 -4.2053225118795042880570634e-02 -2.5786552657888178741174556e-02 3.2095446674551969534761042e-03 7.5545052216894484131905890e-16 9.1391679139007394283823639e-16 -5.5990342990366315234496142e-03 -2.1031560069397194079332536e-02 -2.9087386883315247132486547e-03 -3.7218728413520814346515664e-02 
-7.1258877432495627385223178e-16 -5.6697005871536862194743626e-16 7.7738301555474453863325834e-04 -1.5122839920699099325318571e-02 -4.6996499185340545601263784e-03 -2.5403630179628010343773070e-02 1.0271120001674530208823910e-02 -1.2784099244097790748497800e-03 -1.6421100255261709825108164e-16 -2.1037893884854945692376435e-16 
-6.0941812937732594854684126e-16 3.3270462391274922112544854e-16 -3.8932170046763331372474681e-05 6.3682833306131962983198669e-03 1.8714491952275119635018541e-03 3.4304469945361237837033741e-03 2.8713746162963549313218437e-01 1.8296256758451542867582873e-01 -2.1914721076607864003182868e-02 -1.3963970605984740713800818e-02 
1.3872369652043029346551164e-15 3.8560328562441314105541219e-15 9.0918908545466643744692448e-03 -1.9774054331970138120855296e-02 2.1482888677485323380977889e-02 -3.0531622943230911360057434e-02 -4.4733417301315909874864889e-16 -2.2341074969224216697393572e-15 1.0238644866007381994954528e-02 -1.1156825844646681145100331e-02 
1.2571740802991587804271489e-02 -2.2569503070345834500054494e-02 8.7289231343651192684962581e-03 5.5620265135979908219243661e-03 -2.1237572209149034525336003e-16 1.0714528777367982557513957e-15 5.3836244117344025022563918e-16 4.4437028415243503296962887e-16 -4.0892943207015419737615503e-03 4.8820303411088745298984648e-03 
-7.4467282150920228664392475e-04 3.8361114506141741342659657e-03 2.8810980902226401845211967e-01 1.8358220947859371641186499e-01 -2.1267761489780941108751477e-02 -1.3551698207082386871125124e-02 5.0705982957229897463362055e-16 -5.2652635424847840982178263e-16 1.5189126271693505210169661e-02 -1.6104914300009626204612800e-02 
1.8183472069187883723984100e-02 -3.3007561693639865529892319e-02 -2.2003196996881599624839569e-16 6.0008806281103504434054733e-16 5.0313230212833022492180390e-03 -1.4355381693563241951583365e-02 1.5457482393015545274472800e-02 -2.0523998287022428288484122e-02 8.7315363234575209955279362e-03 5.5636936941990773261568215e-03 
-3.7856957185307892071451599e-16 -1.1145165602239885166321972e-17 2.3080598600981905065253986e-16 9.3764241134476639985880839e-17 2.8399612229973170141050787e-03 -5.7218339768045564652787505e-03 2.9606612056328361279322614e-03 -2.4492719566033289285700292e-03 1.0497271883500053357707316e-01 3.2510062748673101973295729e-01 
-7.7489143347021574581567904e-03 -2.3998344311970946918233238e-02 2.9724655512442761958775950e-15 6.6290111330650514081605617e-16 2.1969081666025212090653795e-02 -2.7271362745453012199625675e-03 3.5050417694632803045085012e-02 -1.3842182085279540124100883e-02 5.0321177249920514638372059e-16 4.0731481029923875287453935e-15 
1.3027165689513595797643930e-02 -7.8539257069510579056803579e-03 2.4992683757088431789616934e-02 -5.9610423781599700815414522e-03 3.1813325353864554782823415e-03 9.8525903898443682044083758e-03 6.6512760401803990785475631e-16 2.3149107313216743708969638e-15 3.9262906880916851427000119e-16 2.2209197295287509187132742e-15 
5.8354619732838867648960779e-03 -2.5984894390023581707549472e-03 3.8424533688711411116845085e-03 0.0000000000000000000000000e+00 
2 (band)
-1.1129408889298464391259813e+00 (Ry)
0.0000000000000000000000000e+00 (Occupations)
-1.4617583615147283770951958e-01 3.5846634391155485221958088e-01 7.1749299343884243018720781e-03 -1.7595054785021005394618498e-02 -4.7277914988433003351379254e-16 -2.8259662335271260218487740e-16 7.9245587924102911525636728e-02 -7.5695976656128094450792787e-02 4.9907955279348992227994586e-02 8.2801367243800078066229275e-02 
-2.5374730485658856192801021e-16 -2.2546139879034339580123293e-18 2.3767438667938206586782712e-02 -3.0557793563975185757719544e-02 8.6304441365546991082879913e-03 2.6790953498706665536488458e-02 -3.9092526918299138824486327e-03 9.5866489828619338986470666e-03 -6.4945660257159635178416066e-16 2.9943010463350922283269457e-16 
-1.4328970888583000059349965e-16 -9.0330452490435207375898050e-16 1.0707481548216518651983620e-03 6.6885036470655800933116097e-03 5.6718486060070467946747641e-03 -8.5468685655942511214533397e-03 3.4112546464259185796663587e-01 -1.8302708041232412794485640e-01 -1.6743888550737356935016464e-02 8.9837502554400427978720245e-03 
-3.1400781084896983661321947e-16 -5.0196741410802128954719741e-16 -1.0931020637459565314486554e-01 7.8117136213787415066622799e-03 1.4324837395975772991185693e-02 -9.5612077956637980813425770e-02 7.9058777435812626557162849e-16 -7.0151719301971124842875796e-16 -3.7791396931398907321764113e-02 8.3952490318460887275264781e-03 
1.0427324968264390508965178e-02 -2.6144036592894270842890592e-02 9.1228910110487636264675615e-03 -4.8947885480087882648092545e-03 -3.5528126278363739979446821e-16 4.4335809019446606456557955e-16 1.7285751485730084681055706e-17 1.3149947343911727638503752e-15 3.4383870467898369760462174e-03 -5.8361011955171127052466318e-03 
-9.8182135226801033056620582e-03 2.9701030470398286087441164e-03 -3.4054405797990933146834891e-01 1.8271469762085609800372765e-01 1.7060323441405705890971944e-02 -9.1535017419870773336398884e-03 -6.8800734754205813975486762e-17 -9.5238785497553236662074335e-16 -6.6822506788123597898376715e-02 8.6627796930194650437684345e-02 
8.7451687442163889008028832e-02 4.0897112725728559934346151e-02 -2.7289926331458653864465548e-16 1.9797153667648912852716849e-16 -2.7971118086749284514791469e-02 2.6935901650227037085194581e-02 2.7640524628100755083481843e-02 5.8005437348878259584683548e-03 -9.0949275645130951695183086e-03 4.8797681697291799690630043e-03 
-2.9143656045189323716945872e-17 -4.9785219288507642956506924e-16 -5.7947065060758896041774031e-16 1.1675990465179101843403033e-16 -6.7459874993815458280033148e-03 -3.6132477294260889610910681e-04 7.8825293812939453003130197e-03 -6.5209954195312707508902506e-03 3.7886043797062174398604384e-01 7.6286857929943746592371667e-02 
-1.8979866738447828677927021e-02 -3.8217651231410854073544670e-03 -7.4950536786693221182016850e-16 -6.6499655299654489550371994e-15 1.0670626233645355562806856e-01 -2.4153595852692728851440762e-02 -4.1313882520475131432391436e-02 -8.7255570463258533275840989e-02 -2.4205823327297625961977161e-16 -1.6877455433998371434140662e-15 
3.8721706798238386681987322e-02 -2.9250072416934815022759864e-03 -1.7599984534547360309764130e-02 -2.2088129249005404586281287e-02 1.0118243426479911137305656e-02 2.0373990174979614807548867e-03 -2.5972228356020254214189457e-15 2.0206158337908758593252324e-15 -1.8689143675316422304771233e-15 2.8035696248158920782066700e-15 
4.9675556258287432292997110e-03 4.5784597888029110110408304e-03 -1.0230232192310581215699550e-02 0.0000000000000000000000000e+00 
3 (band)
-1.0470296155727576437044490e+00 (Ry)
0.0000000000000000000000000e+00 (Occupations)
-2.4302028119415869378272532e-01 -1.8194020863843229918188626e-01 1.2042126240442013740405969e-02 9.0154909976957603445768541e-03 -7.7646736011086558008979133e-17 5.2709286761795977952471448e-16 -1.6928060023364005504120655e-01 -1.2475371487766256928253483e-01 9.5681879073534842339299189e-02 7.5059232026594008280184767e-02 
3.9895390428194043705809765e-16 -4.3724547420374942205315573e-16 -3.3379946634775281566476224e-02 -2.9070990986361622265832239e-02 2.3817523156527076189092895e-02 1.0773675399273235919750391e-02 -8.7923982876632542082795396e-03 -6.5825440030036624916576216e-03 5.9294977341041829909356289e-17 5.7269760633063702101238635e-16 
-5.2414413732022246291004778e-16 7.1963431250308901487596702e-17 3.2200686059742980593689765e-03 -6.1202574326500343293577799e-03 3.8722533403502713833521653e-03 -2.0122287703841362782597457e-03 7.1277291257584085570897514e-02 2.9509429737301695606532803e-01 -3.5319274991508359251568550e-03 -1.4622495356839911029300794e-02 
-4.0877443624384996549436719e-17 1.7512588455245106512947129e-15 5.0911933565861544614961076e-02 2.0402790498317049938670209e-01 -2.5879599782180573441792149e-02 -1.1882405737298522285794178e-01 5.6441789359500272941990688e-16 -2.4191922401288803104971646e-16 7.1891438677910649707181179e-03 4.3676762296651419625881374e-02 
-1.1484317846583515926317531e-02 -2.3483120204080099729937459e-02 2.5787878560502692192046847e-03 1.0676422921272190127983670e-02 -2.1553066897857469216267940e-16 -1.2632401342407249463816168e-16 5.4238862516128682753814009e-16 1.2561874415483337084743611e-16 -6.3823044143750881640464456e-03 2.6631904234104344930678110e-03 
-4.2662653692924386306106754e-03 -9.1781825815387754752272542e-04 7.0969053979180310443020119e-02 2.9382019460775199437563288e-01 -3.6123886156139567438216886e-03 -1.4955707904976529853957601e-02 1.5349348429922241502882960e-15 -5.0386809540719115437008669e-16 -4.8270243362501158435051707e-02 -2.0280558888176719589679919e-01 
2.9468989110611104598191901e-02 1.1688144161606699167332835e-01 -2.4764553315996202595854875e-16 7.6704622168797932167100694e-16 -1.3315983961775079702505309e-02 -4.3442076385449508724168055e-02 1.5434836902777637757111506e-03 2.6604174206497049892661266e-02 2.5766807675977878785977815e-03 1.0667747207313468468803386e-02 
-4.5645153703917809756828745e-16 9.8795918281275547615681547e-16 1.5557090222035489005877981e-16 3.8998140966130215960388484e-17 7.0203956960453867131022321e-03 -5.3879182610329715008568030e-04 3.4309475536403941098306802e-03 -2.8383266588270870262045165e-03 1.3260544477860919387879335e-01 -2.7162972848550542837031685e-01 
-6.7497337349680004703333935e-03 1.3826194160217946532709377e-02 -6.9195968393100557872696047e-16 7.5319413976749149353145196e-16 -9.2080285852609397578838468e-02 1.8703300305897554989265075e-01 5.1796788474027133375443555e-02 -1.0884293921623211520710583e-01 -7.0002388631285365020410293e-16 -6.1231375119730626012880644e-16 
-1.7430879666542335032497490e-02 4.1960622774214112462587423e-02 1.5768864241821990007652587e-02 -2.1482722072279240854708604e-02 4.8145113319935607318345028e-03 -9.8620786293427235846831280e-03 -4.3652453038725084632239223e-16 8.4221093768190882153085460e-16 7.6431792061518138627851589e-16 1.1325959347886882692009759e-15 
-5.7527466890475277908056917e-03 -4.0598223966781775418066758e-03 -4.4528080284296630772522541e-03 0.0000000000000000000000000e+00 
4 (band)
-8.0025145016035792444597519e-01 (Ry)
0.0000000000000000000000000e+00 (Occupations)
6.5568903851721205278124671e-02 -1.7427486144923168276399394e-01 -8.9896384602232773386454312e-04 2.3893406349240753350215982e-03 2.9256534411290270884929585e-14 -1.7888400173792195684364355e-15 1.2602900369891709142500247e-01 1.4580417172610823928202706e-01 2.9280819193459051152927941e-01 5.3280318167350293467876554e-02 
2.0505333233328663330942250e-15 -3.1867195424358233302552171e-16 2.2434500895496478634072446e-02 1.9804506810606883199232797e-02 4.7445160455609591831915850e-02 1.1280400619837316344984401e-02 8.6912469781769141619065522e-04 -2.3100360474745534888896259e-03 -7.7171521332708705280181959e-16 5.7208198265690882920827423e-16 
3.0063400320357832148644853e-16 1.6825527385901785519487189e-15 1.0163603785156832132186011e-03 8.3655018917438116188289854e-03 6.6701569583544478847514370e-03 -1.1357399710767348416373679e-02 -1.6160868622354374046778958e-01 9.2485896344112500377931951e-02 2.2156865884226661922440371e-03 -1.2679974794905235491171425e-03 
2.4340760257067834665604756e-14 1.8930835739453460353627520e-14 -4.1679394735052582854351044e-03 -1.9267795552844352302557240e-01 -1.9165043651326524321021338e-01 -2.2769615664805956112282104e-01 3.3945600867729968991859445e-16 4.9076582342870962222857693e-16 -4.6622122908705418420360900e-03 -2.9559923832724533526716826e-02 
-2.9366726470299336915203980e-02 -3.8934381531248285490676153e-02 -2.1421444830515973256623852e-03 1.2259124335436445696334573e-03 -1.0341487204740524372154485e-15 1.2992685511110431109301237e-15 -9.3456698996932935244200928e-16 1.8218893465175824354526969e-15 4.5492524605148104699381406e-03 -7.0935824778667680434729448e-03 
-1.2378923304299925545191030e-02 4.4993088208554118945237121e-03 -1.6162471063413291760824109e-01 9.2494920454567003398338443e-02 2.2017992340065822842731791e-03 -1.2600521291094013420774900e-03 2.5181249417565561453991980e-14 1.7920644591158950274251171e-14 -1.6403876364262859333109645e-01 -1.0120365683395383948894874e-01 
-9.9233196171828685905325074e-02 -2.8061427582686104820197670e-01 1.4759805206027645544932008e-15 4.2593783927215987147256191e-16 -2.3122156023814732783705495e-02 -1.8983302689857262102179902e-02 -1.8681294661910295001883142e-02 -4.5028159691512373297150873e-02 -2.1432922029440519551268807e-03 1.2265677964204027387828955e-03 
-9.5005806942230833593155185e-16 1.2093199059642472788982472e-15 -1.2660104895158844903234704e-15 2.1781243025245150312313234e-15 8.4217792527002365010613261e-03 -3.2494686236996320194414523e-04 -1.0147716732349841561866555e-02 8.3949213671685330578897677e-03 1.8349246113324699236635240e-01 3.1754906781971299623013039e-02 
-2.4997029231879630550849924e-03 -4.3259280012186707153887255e-04 7.3636687629826107331188183e-15 2.4353764536625766512960484e-14 6.1884401011579132090290045e-02 1.8254100099814454805091657e-01 -1.0240977948532381525126311e-01 2.7947063546296918579159296e-01 -4.9968597527698264721070444e-16 3.6036009947930307465838476e-15 
5.7155148807323946646974377e-03 2.9365503058053014917572199e-02 -1.4307844269183368421383129e-02 4.6602698718195501026428929e-02 2.4332787640273553612935142e-03 4.2109913672748830069589299e-04 -6.9732074357762356128892530e-16 4.7417603584551302001900151e-16 -2.4971208776263116955369442e-15 -8.3484469128441121375673934e-16 
-6.6962213677628822441900702e-03 -5.1178682709194876082614556e-03 1.3170074397701181379005675e-02 0.0000000000000000000000000e+00 
5 (band)
-6.0517062681966848902703759e-01 (Ry)
0.0000000000000000000000000e+00 (Occupations)
-4.3223820298361751544868788e-15 2.2811370797911120379285406e-14 9.0932568644277622147426616e-15 -1.1221240917103705785678723e-15 3.5781940296066250262185804e-01 -3.7415309875197408362446083e-02 -1.0763468717794780341293736e-14 -1.1098749369667357136105885e-14 -3.8914046571594158864556393e-14 -2.4529887282492944433375446e-14 
2.2127285225338189089683283e-02 -2.3137343133032006736726771e-03 -2.6773227675041941582002333e-15 -8.7517548519953307544549242e-16 -5.1265543904190110111842908e-15 -4.4991880868897462721258177e-15 -9.2345954617105011465380450e-17 -6.2226364824116056899966353e-17 -1.6373295238746726765199924e-03 1.0651139327808954032628108e-02 
3.4482175011669689845827946e-03 1.7765159718550006806569996e-02 2.2698772682979815333857611e-16 -3.2033718879110536067672717e-15 -2.2090467394603336161989151e-16 1.8039506641244183685925000e-15 6.9819777831936476733245227e-15 3.4224506571380158971797055e-15 5.5401323261166735652535907e-15 8.4786237077404237300614574e-15 
2.9955400461541714651758639e-01 1.9925367968257390316466626e-01 -8.5982427015680726331827732e-16 1.3367289336687137256160832e-14 2.0775525213281399712817648e-14 -9.2855837016817195441848403e-15 1.8524196050855423756331675e-02 1.2321699500697049986519538e-02 -5.2940744015331011304369541e-16 3.8179565937904506586111456e-15 
2.0865279786953739210285775e-15 -6.6919383782196158066632228e-16 -4.6393815491109669539315930e-16 -2.4980073678533077438692370e-16 -8.0508758061391908628090519e-03 7.1631707856420348892734218e-03 -8.6670417366028762451435341e-03 1.5886267380883386385326261e-02 1.6853244109430906421396200e-15 -1.5484777970186010554923503e-15 
1.4944686258657459081887867e-16 -8.2873085152280821998987440e-16 1.1919681999168237770958974e-14 -1.2013577380493071532972678e-14 -5.2666309755780654105633051e-15 -4.1046824999112087902701843e-15 2.9958379988062333598719533e-01 1.9927352373932377682663741e-01 2.4833709235433793353037339e-14 9.7150092611725748804817782e-15 
-7.1969308305701182833233470e-15 3.7631792669368217458203442e-14 1.8494000142169932099367458e-02 1.2301614409483446060944445e-02 2.5153938865248682552983946e-15 5.1590547383605324880335677e-16 -3.6693136829956799485806516e-16 8.7333054052122161534735935e-15 -6.8401070709985012486979018e-16 -1.6864711947574258147939840e-16 
-3.4960111059316872905711193e-03 1.0195350632145015745688710e-02 -1.1303156973005011598498726e-02 1.4137011541793309543635360e-02 -2.5421475350781869148744820e-16 -2.3448687295354871549540393e-15 1.0907214789587314435520717e-15 -8.8287042530566743804116663e-16 -9.2873463171658266943120073e-15 -1.4839386463078248619101645e-14 
-3.1876042162236778790014396e-16 -9.9597410210772150209982021e-15 1.0381156059972385108380877e-01 3.4450478995255295888711089e-01 4.3789889385963797716685218e-15 -1.0234832234259582541715966e-14 -1.6867214680614170567605160e-14 -2.2038232281907231721623442e-14 6.4085278856658945897950552e-03 2.1267076166620518806738005e-02 
-6.8261405943478345039395271e-16 -1.3731994803092963900884245e-15 -2.5366729963094961973428915e-15 -1.8338445533898096645415186e-15 1.5714456709116444586885772e-16 -5.1868161410220695327727477e-16 -9.1924839304510369553113946e-03 5.6272113300965672863518385e-03 -1.7720502432711577461832420e-02 3.6878511929622991537269794e-03 
2.1353726337169817786023486e-15 -1.2063660472966845509634391e-15 -1.3881849495040552813274875e-15 0.0000000000000000000000000e+00 
6 (band)
-5.3875312602991975996502561e-01 (Ry)
0.0000000000000000000000000e+00 (Occupations)
2.3109772955126872684417094e-01 -7.3906188128804617409883804e-02 -9.9678785436463912539295507e-03 3.1877727888931228772406712e-03 1.8224665298982154504037285e-14 4.8622653465311009911114676e-16 -5.7994980835091525239732846e-02 2.0773875367101374278533399e-01 1.6020456670578936408944060e-01 2.7598441941813256494953066e-01 
9.0752846465338266054616036e-16 1.2195426765718948934559010e-15 8.7743368926547493646950215e-04 3.5212946130491473706314309e-02 2.3257372883951479836106557e-02 5.3950478853902840425948995e-02 3.5617319411234398679466651e-03 -1.1390653234952276533914484e-03 -8.8448520360997894163218542e-16 4.0895411437649609224831984e-16 
4.1795438457427702945566375e-17 5.0008141987825112601340244e-16 4.8724258823087118752681590e-03 3.6803783177059762321547964e-02 1.7277233969328072149540532e-02 1.6559386990202863004784106e-02 2.2517343830509489732705219e-01 9.0361540100575649114844623e-02 -9.7123452700370593859702240e-03 -3.8975437611343186072865308e-03 
1.2625083844034654872904469e-14 1.2688634065759884183670912e-14 -1.7710356592985576629217803e-01 1.2309806868418576852874935e-01 -5.2479349512263795407562839e-02 3.1476788405063693687679915e-01 9.8305244943493698328671658e-16 1.4627792470167345544044806e-15 -2.1769502334151799582961928e-02 2.7691338595152159562928773e-02 
-1.6469215676746688792331241e-02 5.6394365826931081020489955e-02 3.4704291910374572560638029e-03 1.3926684679483672391064886e-03 1.0102986176584212370182067e-16 8.9043850766225389892658610e-16 3.6553973376808411193024792e-16 5.9982241105891778469533616e-16 -1.9705345641629630482061231e-02 3.1463603469190554173806618e-02 
2.7569870504584523263069684e-03 2.3772150376558068285426373e-02 -2.2518942037991074300862238e-01 -9.0367864242913695238534899e-02 9.7238190835070709150400603e-03 3.9021367527277139863883804e-03 1.2166727374333093908670420e-14 1.2370845436400119520349045e-14 -4.2617951044184726461239165e-02 -2.1131734665203197320870743e-01 
1.7955412464113917891950223e-01 -2.6385203098553428047168268e-01 5.1904095269327415142195760e-16 -1.6574996764839591570856250e-16 3.4491543452868506092201528e-03 -3.5058671492766646515804041e-02 2.7073982877351417120070920e-02 -5.2165384331124886596597889e-02 -3.4681017681552784442944315e-03 -1.3917455876837070416485176e-03 
-3.6777134249336845390606802e-16 4.2887938139563618947507905e-16 -7.0515153977056024831581062e-16 1.0203683124111304414262153e-15 -7.4940322996727547905093658e-03 3.6346793934980158036207598e-02 -1.8440874630119952204410083e-02 1.5255618238545418097196205e-02 -1.1590878597967478602637215e-01 -2.1317077490028449315850878e-01 
5.0050157973631353991450510e-03 9.2048435985546961379810682e-03 5.4907189859000472938374715e-15 2.1143656386623828330479154e-14 1.0186105053340234471992432e-01 -1.8998851842018799063183110e-01 3.0653444511896088542357575e-01 -8.8849377524247527548872938e-02 1.8377507455981291274046799e-15 3.6248013806919743897413430e-15 
2.5004857355912471494896465e-02 -2.4814596936991117903659188e-02 5.4112329747219897746468575e-02 -2.2936513261288305615126504e-02 -1.7850863146667919362925447e-03 -3.2830096716754712457553289e-03 -2.3743165588243967050666769e-16 5.2788244472774483803279096e-16 -9.0042933113569311028198462e-16 3.1874084276500797477095617e-15 
-2.8942569531689731759938056e-02 2.3228810093584323359650057e-02 -2.3933235154570461217238275e-02 0.0000000000000000000000000e+00 
7 (band)
-4.6991424161987432883691440e-01 (Ry)
0.0000000000000000000000000e+00 (Occupations)
-7.7816710205342448647414244e-03 -6.8805119169006251356179860e-02 2.7866155821461291441920594e-05 2.4638862973665187627858586e-04 1.5011979412327145132455067e-14 -4.3017703751393637346960547e-15 4.0641412461809078848773424e-02 -3.6117028089750957686732136e-01 1.6218425474061093360944596e-01 1.8782121171096111122977845e-01 
1.9726019495521236196018752e-15 -1.6358946611099783651608870e-16 -1.0012258623821046477075924e-03 -5.9830974727004618274328607e-02 1.3716476382378214177171216e-02 3.3107289849116705582332543e-02 4.6103039566980016927821850e-04 4.0763065084897485979009701e-03 7.0483091565512698212240587e-16 6.3675223970958108837671596e-16 
-4.4985372840169653436508477e-17 5.5339772916763686104233736e-16 -1.6392207886949609896287683e-02 2.2282642664276906124820599e-02 -1.4712878275670748795533882e-02 -3.3821364873597936639981754e-02 3.7862152999592078861379463e-02 -5.7975479281932806863153473e-02 -1.3558278129446876825170420e-04 2.0760825831267482044495409e-04 
1.0552740044467346487668546e-14 6.0333445515853661757966089e-15 2.6153334791783544588383847e-01 -2.5238067306624090146982553e-01 5.2433699362715788239164283e-03 2.4809886562831168221876510e-01 -1.8063532153148212916690552e-16 8.4688967470616597854966824e-17 3.7366240831836192159975951e-02 -4.6738763741756596259424583e-02 
-1.0534654086178443788135439e-02 3.4252816362833032881596296e-02 -2.2431055326573925978728141e-03 3.4347199807628209233811845e-03 -1.0061567490409939831642137e-15 4.7817279064648504893915118e-16 -6.6360948489385200419984864e-16 2.2915827174518477906418189e-16 -2.6833904243972570013987422e-02 6.7202847066327141278829771e-03 
1.0222081783271722704720119e-02 -3.5438151095728925854544400e-02 3.8924255596666727796684171e-02 -5.9602398697775560432177144e-02 6.3274433197250956606438876e-04 -9.6887819858462731481552055e-04 1.9013524768455063738977253e-14 5.3470002846385307790918463e-15 -1.2517219070815779891070463e-01 3.3897231995897292300412573e-01 
2.2800165842011499428565457e-01 -9.4350676528220767114163436e-02 2.1665573594218734527880696e-16 5.1224973243646074490019585e-17 -2.8529730440140593783482359e-02 5.4356974011321598783119668e-02 2.7769759036243096828044941e-02 -2.4065222182920148474849498e-02 -2.2479026244478501721235641e-03 3.4420598614022680089563622e-03 
-2.1872962483372500761219260e-16 -1.1892075774541423747539715e-16 1.1602697781384548691577536e-16 6.4801653693381417451751241e-16 4.7637788985642783023966018e-03 2.7040172174344484501418151e-02 2.8078490428968344572169258e-02 -2.3228547413873864430078342e-02 6.7983653177500213971029552e-02 -2.1113183202113458558635273e-02 
1.1051240939771583837725188e-03 -3.4320706614775903231517873e-04 6.2470974440470189019384084e-16 2.2877409555409162043053510e-15 -3.1251591915798426768446916e-01 1.8139490427764787261466495e-01 2.3581968186065974113496679e-01 7.2635281033318260801578958e-02 -2.0018286708145934223208228e-15 -2.1149448238232825422559354e-15 
-5.6630974360269689671376625e-02 2.3697233713243351371779966e-02 3.6736717024090301264571679e-02 -8.4146178557700714462780356e-04 -3.9260902703328898893930798e-03 1.2192856464709421731446026e-03 3.9422171303621716770909829e-16 1.4838399626091796062864771e-15 -2.6175271253944567618000079e-16 -3.1092246901913835798593462e-15 
-1.3565499702216205282767625e-02 2.3871357700010267799406449e-02 3.6441282081287891536636181e-02 0.0000000000000000000000000e+00 
8 (band)
-2.0932875274158183054318272e-01 (Ry)
0.0000000000000000000000000e+00 (Occupations)
-1.1566914111525085946524112e-14 1.9548567353832074999780629e-15 -6.2523224981616229095621464e-15 2.5707699375717013156166956e-15 -2.8467045947428465391126906e-01 3.8346855188878026243770591e-01 1.4003781330209444438645469e-15 -4.1313143727495609541877232e-15 2.4521986901613190263890402e-15 3.5041512838273106562156707e-15 
2.5800746360782333965744328e-04 -3.4754862243466244642320362e-04 -2.0207689492311652060542939e-15 -1.2410386491152295765711420e-15 9.6311957283078834682290903e-16 -2.5366369710392992850595351e-15 -5.6083694983957627488274525e-16 1.2946346829852997751473402e-16 -3.0959482417837608236865776e-02 1.9570881343706908461754779e-02 
-6.5459957912378016059440355e-03 -2.9463283361856884567941961e-02 4.3181570228634744519531514e-16 1.1091644049236237269976714e-15 9.6348577290480020180588322e-16 -3.4516013720672552315660883e-16 1.0527624144703405372325860e-14 2.3886205572811645100069358e-15 7.6890363980733932716012937e-15 7.0245511213759184918820523e-16 
4.6377441313222433905139042e-01 -1.1401181740872297354361109e-01 -1.6617194926726696257879824e-15 -8.5612324056489154440384183e-15 2.1197479992795658226332955e-16 -1.1045060120133810956494444e-15 -4.2033399698515605535931172e-04 1.0333066928538969797557456e-04 1.5923109803449403313178296e-15 6.0706609220679552323542514e-16 
-4.3223026853618090387306102e-16 9.7234504159468904373851686e-16 -7.1164825390834435761267710e-16 8.1659311066879583623888917e-16 3.6329640461753548441592443e-02 4.6546935527020279199650332e-03 -1.3736827185451043475961086e-02 2.6874424761045456744312787e-02 1.3453373224865033535879115e-16 -2.7528178467913830359859092e-16 
-1.3965101516651250935402849e-15 -4.4578165016686066395914195e-16 1.4040455233047859800973732e-14 5.5993870265288213094262114e-15 6.6174463505601505493509915e-15 2.1391664191670538620434192e-15 -4.6374982852526935861448010e-01 1.1400557562846561077130048e-01 4.6807052359191069253812504e-15 7.1006326437220838782195625e-15 
2.2311688278887606520068285e-15 -2.7043690526073497458189333e-16 4.0050385366748389448510181e-04 -9.8459609764733890813204198e-05 -2.2177054383236929916772017e-15 -1.4144698866208353345483504e-15 3.0758200737936048193773111e-18 -2.1381691099748246431088402e-15 1.4089988872856103071660948e-15 6.7089021218084827822743016e-16 
3.0025977998586091122223962e-02 -2.0965822683375594237542572e-02 -2.4627963809363575403699187e-02 -1.7440674754581175082135402e-02 1.6496749676228439204583227e-15 -2.3312251900444700575396031e-16 6.5346037139169391828904613e-16 -4.0702327823955478805607816e-16 -7.7245376054195701918780416e-15 -1.1372377711152895791150280e-14 
-2.7270143639102045499381779e-15 -2.9789329513495843534603910e-15 4.2999527309877311198604843e-01 2.0776246014211863233356326e-01 -6.6074859427411381636945624e-15 1.7022103066205964486574310e-15 1.6992274023937940564575655e-16 3.0209536127986604234649977e-15 -3.7135404032880448693676456e-04 -1.7942633108460840501985345e-04 
9.9338172093493000703289682e-16 1.7931352242676833198065224e-15 9.6799816901378491615598124e-16 -5.6105133268373169241797716e-16 -1.2860417681015531464004518e-15 -2.0235411156439346218686866e-16 -3.6499532018612147743485963e-02 -2.9848346662134533392729541e-03 7.8590677737584192785735837e-03 2.9136725811557181303745878e-02 
5.1619440711402673529158596e-16 1.0629229265088674565734098e-15 8.5158748421397392401010305e-16 0.0000000000000000000000000e+00 
9 (band)
-1.9631852157863227681389162e-02 (Ry)
0.0000000000000000000000000e+00 (Occupations)
-1.1017307642589840189896701e-14 4.3472719065490433520284532e-15 -4.0354251754843663762037225e-15 1.8159921954254198184542116e-15 4.0353541191144137734170272e-01 -3.3719207501836523377392041e-01 7.8867413548674893072423070e-15 -6.7249962731048438154186350e-15 -1.8679565657282605246130140e-15 -3.4994593056401270958351499e-16 
-1.0466915165829364375849053e-02 8.7461001175141023233905457e-03 -3.8194309263411562820410918e-15 8.0092910909430242749076098e-16 2.3344343625099474907447027e-15 -1.3970320398370994055272489e-15 -8.3586770895915220097228068e-16 2.2759861125806032843047767e-16 -4.9459055073648228173510688e-02 2.4233267371190109207290675e-02 
9.1854091450859209899704183e-03 -3.7241192886441537579500505e-02 -2.9671724129269425787043805e-16 1.4022236229959622483980150e-15 1.6976053592328584429216449e-15 -5.5728207059800949612028172e-16 4.0563519297744861453207784e-15 3.4028285437025746511498225e-15 1.4075057274502554648898098e-15 1.7975638594348242143450933e-15 
-5.2586369657642573205436065e-01 2.5878069315690144236441483e-03 -4.6976809646051467849466659e-15 -5.6974559245291250162236124e-15 8.5593393968825495702383158e-16 -5.9631496074595341445459891e-15 1.3639870777930065970373619e-02 -6.7123138764654810550780439e-05 5.0322249045662916278618342e-15 1.7841342498121738813325991e-15 
-4.7020655319871740666050171e-16 2.1426262479399257916980783e-15 1.9260589479037711330492428e-15 3.6880594469520407671781747e-16 5.3555722882702334886051432e-02 1.2854334785314789138532809e-02 -3.0815909137699923348030495e-02 2.2839832153165567918406964e-02 -3.3660957870885581351298254e-17 -5.3490036309790214296415476e-16 
-2.4659683703301525000104514e-15 7.2145425424735465541204800e-17 1.8393397607272292438153977e-14 2.0896764797913730232096110e-15 9.2424528788258109222715657e-15 3.3110527654856603696706362e-16 -5.2588244068076472892414586e-01 2.5876721189066684281065989e-03 6.4067041356491897290580955e-16 2.4744888462860592395111595e-16 
4.5016885335637661673178478e-15 -2.6426839145803866079741165e-15 1.3665787638055849895213356e-02 -6.7243677339332008635608418e-05 -1.1632796905439920688349570e-15 2.2284501746714559204007081e-16 6.3025018780996386294689338e-17 1.7892983766564785299645417e-15 1.3812382210117973970856847e-15 1.0494511187078575904726902e-15 
-5.3430209089117997045548236e-02 1.3382541165069537433818248e-02 3.1041287229581267931299848e-02 2.2538460988357912617718881e-02 1.9028437404112443223583798e-15 3.2189140887177727948558040e-16 1.5454670184607349512111714e-15 -5.2736543807945044296676098e-16 -1.4271743479096786233881216e-14 -1.4576650204044682224032463e-14 
-5.7482117102072109473249707e-15 -4.0932958616097152759253083e-15 4.0684882899701135805514696e-01 3.3321624781381892210774254e-01 -2.8312134936873771359602873e-15 -8.3299747744933500151656517e-16 -1.3842863445592718183395159e-15 -6.9291936225940949632813466e-16 -1.0572533081778483568524685e-02 -8.6590887346978447774992205e-03 
1.9558012976807123669439004e-15 3.8150764580481225531037611e-16 2.2761428303026766871873117e-15 1.0561661843070869243264168e-15 -2.0371991561487737676790249e-15 -3.9495161200673868057297799e-16 4.9699036451500429312222451e-02 2.3746271857578982872327700e-02 -9.5511671597724393661943409e-03 -3.7152643815470128008104922e-02 
5.2988585891571736530405090e-16 1.0748447420266653743747495e-15 8.1169185977891832153348212e-16 0.0000000000000000000000000e+00 
10 (band)
5.6207114225554688502484169e-01 (Ry)
0.0000000000000000000000000e+00 (Occupations)
2.2188874231432340056180408e-01 -4.1248213739560335433509408e-02 5.6643996464569183746373682e-02 -1.0529775590588930089808173e-02 2.4491210846560468323495400e-14 -1.9755130097985910692778568e-14 -1.5780204383667700840376824e-01 2.6433819520855311724361059e-01 1.8868607938108061805593252e-01 3.7137878380376793119310719e-01 
-3.4059030083876683329301162e-16 1.9757739860968079734750016e-15 -2.7823515785600813621236682e-02 1.1036464434757253805230448e-02 1.8518679941365689956001006e-02 6.7001103900228009546680141e-03 -7.3056284975640137235863847e-02 1.3580759779199511744218754e-02 -1.3131385703420391786258768e-15 -1.8879918915222153806161226e-15 
-2.9977420289473788210188415e-15 -2.3109418139052110517824928e-15 -7.2721968807379355759223927e-03 -1.3421124407384277255061988e-01 -4.3702840556422789530799378e-02 -6.9918462907502282321914322e-02 1.9726081535546940992631448e-01 1.0965491246546739401157566e-01 5.0356880969725070773534981e-02 2.7992910682256136323253770e-02 
2.5900125904691423461703894e-14 -2.4735731498078570549811106e-15 -2.9008407153893789320875385e-01 1.0308927162683798051112660e-01 -9.1340623161570017041199776e-02 4.0642530454221414970561455e-01 -1.4723423179678360850946878e-15 4.0189213752858595103857490e-15 -2.8473294566744661304724673e-02 -9.2316344385225956870044683e-03 
9.9980770381595251983242179e-03 1.6966774635982340146966862e-02 -6.4947537126505250348884601e-02 -3.6103673384070132656997743e-02 1.9436355814278380135054784e-15 -2.8392340146138386398709563e-15 -7.4035968181268572974887648e-16 -2.6474929492063493432148364e-15 7.9946142658537527880824314e-02 -1.0804701364379173944563206e-01 
1.0894088182305517592540767e-02 -8.1730340576340654301645827e-02 1.9622371242050437589732326e-01 1.0907939600782801115030907e-01 4.9911145565817022218269017e-02 2.7745119501484533097723784e-02 -3.3477160779517074840245342e-14 3.6525356655535815398228373e-15 6.5096772405780822801091290e-02 3.0068109693757655298540499e-01 
-2.9684611659709569941867358e-01 2.9244648992264110631822405e-01 -3.3099176339561748950371642e-15 1.9069595175102818321075117e-15 2.3407284275142346829934326e-02 1.9532227500174192957871355e-02 -1.9923644078676108065684147e-02 2.0202357136310175600435457e-04 -6.4910949823045405171484390e-02 -3.6083419537349670225268028e-02 
3.3540562736477253622402869e-16 4.0203712080951037181553630e-17 7.3824503124187820631469837e-16 2.4857754754946859576074551e-15 -4.9693480315565148608403234e-02 1.2490587191655602716799933e-01 -6.3485139608058044347060900e-02 5.2519474976497344809178713e-02 8.1663145178380913691285059e-02 2.0912482078679045516267365e-01 
2.0771793855553319363416165e-02 5.3192543536362824063701282e-02 -2.1725726977466732816481126e-14 -1.6122915237378139295631707e-14 -1.4150341923245884911963799e-01 2.7317301143921624007049331e-01 -4.1513627229661914652680821e-01 3.6117057334652737099478514e-02 -4.8592385612956652972244790e-15 -1.9742250277766293042347218e-15 
5.5853121316392917439230814e-03 2.9970204481244763078384707e-02 -1.5480206278719065016158396e-02 -1.2544146860805854490350519e-02 -2.7014309199312316889241004e-02 -6.9178549210881914999227149e-02 -1.1348688283984319626538741e-15 -3.4973551128727002817398017e-15 -3.5179564565301498720819926e-15 -1.7904452457925344358612320e-15 
-1.1790748387838372035485435e-01 6.4565811933071648454074420e-02 -8.2393314066503048342937632e-02 0.0000000000000000000000000e+00 
11 (band)
5.6230285984184824599196872e-01 (Ry)
0.0000000000000000000000000e+00 (Occupations)
7.6425679797168188806058722e-15 3.9273388081934383294034144e-14 2.3256903505755869032219730e-15 1.1305701981385770182484222e-14 3.8799852008760821187038914e-02 -6.9535721850926401899073426e-01 5.3951861796807636798721782e-15 -3.8727202892138664756902098e-16 -2.0835676788892811597053828e-14 -1.4010528553766277122040925e-14 
4.1525833034077030969655198e-04 -7.4415662374278379598280253e-03 1.1268249781657575120791908e-15 -2.0965162789857184183236250e-15 3.5669550399191038808908494e-16 2.5536816073171927462889680e-15 1.7654690863327472073656145e-15 -3.9079940397358340375955387e-15 -3.4344436009095480333286332e-02 -2.0318733006630979032181017e-02 
-6.1763189373859633812813286e-02 7.1935765472841764478495463e-03 4.2826057150213437841739025e-15 8.4591928578275902499575378e-15 1.4939752455196431286855870e-15 1.8783477578765046262883250e-15 -1.9409379705182996707818248e-14 1.3153753951161945261802751e-14 -5.2359048090566758530586305e-15 1.0579332503418406676500763e-15 
4.7313317227789769559009869e-01 -5.1104998888474684193283792e-01 6.9307556701624183994224821e-15 4.6859606937013479861402386e-15 -1.7410525664247181477219255e-14 -1.5377824096102683507762236e-14 5.0633948833594729505014342e-03 -5.4691297115740944434492121e-03 -1.4236700669909292297750570e-16 1.7633544121241337541230510e-15 
4.5107930550564488359560444e-15 -3.7106775454140646363145273e-15 1.1289693668502168476831574e-15 8.7388375012315995017215049e-16 -1.3511194903542763853798725e-02 -3.7547820283687291520458018e-02 -5.2174713594298476049271329e-02 -3.3826592594078636055954235e-02 -9.1230949944914801362533498e-16 8.2234630599138405705843681e-15 
3.0081075922030537472974084e-15 -7.4308171415047798274721135e-16 -8.1304909466217259845718999e-15 -1.8587838571062061365970379e-14 -3.3843766219505704088593396e-15 3.1403463351464391177167927e-15 -4.7313948535633121306176463e-01 5.1105683968043502662936817e-01 -1.5056773293170015178337203e-14 -2.9226077344186946986527562e-15 
-3.8902785085489172366095148e-15 -2.5398434541111727857604356e-14 -5.0761815020987227642379480e-03 5.4830311472211512580088311e-03 -1.3111881636094711824929117e-15 5.3976495510091958095426472e-16 3.2289967960117527604305677e-15 8.9447312456546854008946713e-16 7.4793849590491896562292160e-16 -2.7777985553285149695341652e-15 
3.8471525488637817180581635e-02 1.0583913458316374783807490e-02 3.7739422325393831569861902e-02 4.9413090514116589369031374e-02 -5.1044130984957541561834008e-15 -6.3368778749170679643507265e-15 1.2674860979684389424461847e-15 -1.5436202056447233838152933e-15 2.0894808470205545888162514e-14 -1.2656679815941848282698867e-15 
2.7644703058724553884448297e-15 3.0450122040244036386093717e-15 -6.9032012887826021962922596e-01 9.2185604369153864579011781e-02 -1.9146766299976054116772570e-14 4.1330898385285893288107262e-15 1.7207764821326531249015006e-14 -2.2391300007708296750309280e-14 -7.4062806598106604299980305e-03 9.8906824424121672634235836e-04 
1.5518197332821846659026023e-15 -2.3797496424750228204727171e-15 2.1805992389908864799030139e-15 6.2840282167043209707100503e-16 5.6699404969506683260032607e-15 3.9008449530168555444548582e-16 2.2896379517287332450159454e-02 3.2677718747128985110617094e-02 -2.4183646206054026754628250e-03 6.2129453757235678090786735e-02 
2.6240081304552415270136086e-15 -7.1535459746934561334302702e-15 0.0000000000000000000000000e+00 0.0000000000000000000000000e+00 
12 (band)
6.2881517983112811265300479e-01 (Ry)
0.0000000000000000000000000e+00 (Occupations)
1.3338890047334439614701296e-01 -6.0373545684992091509002421e-02 -2.9759501823317102697785685e-01 1.3469470340398714824914350e-01 -4.1484492243012009116694097e-15 -2.8848062650219026383927175e-15 -4.3786639751990014124416462e-02 3.7112557499487386358794083e-03 1.1353287255290112067740438e-02 -3.2996206599195665454260507e-02 
1.7684209183390788851543334e-15 -9.4054846031620025093932659e-16 -6.8304426785006921996057372e-03 1.7834384831687616346229674e-02 1.6730058798461094893283985e-02 1.7926529997396578597346206e-02 1.0951344362296293322156515e-01 -4.9566939053633435330326051e-02 -9.5333906723064975101382314e-16 2.8502645256228487433444299e-16 
-4.3718069476239944326020489e-18 5.1003565596711841772223840e-16 -6.8417209335230565192542684e-03 -3.3265404192989928011670031e-02 -1.9706584997653514568227706e-02 -1.2013846047606704936505650e-02 1.4126146062246475176849003e-01 3.8506668654555542552486713e-02 -3.1515853778048530386968196e-01 -8.5910151125201811295184484e-02 
-1.0627371896650576485779721e-15 -5.9547787545780054920475548e-15 -3.6103829234402182168928164e-02 -2.5051082903239617338808642e-02 2.9780431835017801001086468e-02 -1.8187156489070543941011238e-02 2.4856552553780070697224791e-15 1.1645014999903506688792552e-15 -1.6631011271281286728607185e-02 9.3877416668434326973979864e-03 
1.4639315850318856959688674e-03 2.4476769587957719620519015e-02 1.1597671462685578414042453e-01 3.1614513212564990252140262e-02 -6.9354624528212474756764597e-16 -1.2124349075036955819740241e-16 -6.5619317831188039799583583e-16 4.1692820426766781238686351e-16 1.5932530076571096988580223e-02 -2.9992511512283298591441394e-02 
-7.5262710321966075355248904e-03 -2.1818277509355870485974194e-02 1.4299444551392648250498496e-01 3.8979625224047215192868521e-02 -3.1493614251242607604552859e-01 -8.5849504295097925354873780e-02 3.3935023083896789061422310e-15 4.5502097229422132236188891e-15 4.3014385065048239831231314e-02 -3.5083456848393045762746212e-03 
-1.5949822306981831232519653e-02 -3.0695079342608358463628804e-02 7.8057485482562041784997590e-16 6.6467584919249431093195875e-16 9.1984782013539816147851269e-03 1.6453874284490684759552082e-02 -1.3484914689770172158134187e-02 2.0445365401307979968947848e-02 1.1585406768890878226319074e-01 3.1581027384199822360955068e-02 
-3.1925323855739741056262741e-17 -5.6709848632756808786725049e-17 -3.3127492221377321777174533e-16 -4.9478523285523567175059329e-16 -1.2506720162075574132032330e-03 3.3919520252058153741980817e-02 -1.7932549302376921129820175e-02 1.4835094955538544181372629e-02 8.5332565691019435227815393e-02 1.2118240739904501124257763e-01 
-1.8793993490726582096250752e-01 -2.6689603240846232479199784e-01 7.7775867665324684319051445e-16 8.4967308457315211339781783e-15 3.5379457028044770938723929e-02 2.4715174131895736864272806e-02 7.2762306304224502045974177e-03 -3.3817764492737170667346902e-02 4.1537872212367064146480841e-16 -8.9541296479031283143282409e-16 
-3.4005449244391937335674214e-03 1.8541258706126925726032084e-02 -2.3422671731645593878878842e-02 7.1578166737390064300328163e-03 6.9136588914931990101919723e-02 9.8181761870090061838922679e-02 -8.6058591763690354903885849e-16 -1.0056433403858309792182455e-15 -1.5024605699764182443820770e-15 -1.4152731157400860803759851e-15 
-2.2584775278533385234336350e-02 2.5338231197936926519798106e-02 -2.3273512129070198645175438e-02 0.0000000000000000000000000e+00 
13 (band)
6.8012478254544861400177069e-01 (Ry)
0.0000000000000000000000000e+00 (Occupations)
3.7050540134227066824124108e-02 -4.8145578398716581958183269e-01 4.8480191305237674281869431e-04 -6.2979540311650953829381017e-03 1.3613435401606259474004408e-14 -1.2598090496648632790414471e-14 5.4944065314648515840900700e-02 -4.4249676965417994445317618e-01 1.6160548468218516315886291e-02 2.5953102602645877761133875e-01 
1.9496975615833678400185716e-15 -1.2316380066847331550773934e-15 2.1051959120736568609189021e-03 -2.4881959090768235309809597e-02 -7.8043395464211240408758385e-04 1.4419840004464612448487060e-02 -3.4032112276223894231641509e-03 4.4222568912654205974810395e-02 -7.2475439512427122124083910e-16 -5.6992125588925151210289861e-16 
-2.7647051649453512623191898e-15 -9.0094241135010266446808725e-16 3.0568466555187339545041070e-02 -7.1436312885133787520253179e-02 4.5426278280259468900226238e-03 1.2852370465016901834864882e-01 3.3543939851812720753798658e-01 -3.4735115428159890615944505e-01 4.3880132796187271138066421e-03 -4.5436326140552707464337345e-03 
2.2113160445320439738177022e-14 -2.1965388689258094845541958e-15 3.2439318627960089802542143e-01 -3.0592695560062183046667883e-01 -1.5297938545351952299711229e-01 2.1027321375625077082283099e-01 7.8187021915140909319569425e-16 5.3395379971267717134728225e-16 1.7482438964057572805543828e-02 -1.7829976609373160423288596e-02 
-9.7928866436177292031928232e-03 1.0613210357723501520155196e-02 -3.0810745629883458385211981e-02 3.1904786500222312439767336e-02 -2.9166859062325160981004414e-16 -1.3413164535401159819518555e-15 -1.6663226007305531903939744e-16 -2.3268436989064501332009039e-15 6.9088627861834811527685929e-02 -3.5557551185739194599122470e-02 
-7.8423937689844791520954459e-02 1.0192479640305977806047366e-01 -3.3478250991337504816058868e-01 3.4667050848614272551273530e-01 -4.8181803034091901655200374e-03 4.9894763120490459584743803e-03 -1.6875187298590670096868872e-14 2.5220604704534346043696259e-15 2.9534521052276307973016856e-01 -3.3542957952763607920587674e-01 
-2.0489232079929392549288991e-01 1.6097931851564561966938527e-01 -9.1957059026714968189922234e-16 1.9267082175002994016341150e-15 1.6221210479684083916041004e-02 -1.7451930346208649469375018e-02 -1.0133713924048652621490163e-02 9.3612834547475709534580801e-03 3.1128193339608201117840736e-02 -3.2233620255404660248643722e-02 
1.6143071782201606963961370e-15 1.1694628585219913450337989e-15 1.9754023289435778744947650e-16 2.0987063740196782144387205e-15 -3.3252883971904415028042479e-02 7.0334480223582115931968417e-02 9.9250899131274786246770248e-02 -8.2107484452284412723699347e-02 -4.7893045598172923060786843e-01 5.3715814534373192146166076e-02 
-6.8928836273865756734124943e-03 7.7323386108464663493688995e-04 -1.7855240882013271685367122e-14 -1.0272973394884369108091761e-14 4.4137825675556680016242694e-01 -7.0192810630691729323338279e-02 -2.6048432599462706393822486e-01 -6.5665838454107561261707815e-03 3.6285530457819824406363541e-15 2.7281713328586004609797199e-15 
2.3622936558336346535291739e-02 -3.1071547428652354638778377e-03 -1.3775267425840191995445316e-02 7.5352051177920986724245722e-04 4.4531168018757505411286957e-02 -4.9945740802632594690368961e-03 2.0008928879117805913813193e-15 9.4636698882274222766490098e-16 -9.2136954813884885115108426e-16 -5.7397633438870436753565566e-16 
-7.0454672459576594967245455e-02 3.2997462468870156215849931e-02 1.2881141246584970616595456e-01 0.0000000000000000000000000e+00 
14 (band)
7.5991456506159416051104927e-01 (Ry)
0.0000000000000000000000000e+00 (Occupations)
9.7403754341979731368184048e-02 -6.3382332683399644768229564e-01 8.3137112097793758325181557e-03 -5.4098638342628291297842225e-02 3.3836586090357268957160662e-15 -2.3584581916589117683237713e-15 -1.9986805282389719096158842e-01 2.2927757366704665242806982e-01 -2.5560685066691285483031493e-01 -1.8960311736086898903863585e-01 
1.7412722688192345526792474e-15 3.1596352550725624527664846e-15 -4.2273057736786412430518567e-02 -1.8557208425680662977619306e-02 -7.7292713071122398638124196e-02 -4.9046991109034654421350297e-03 -1.3592069822284651853250281e-02 8.8445897389770197771774463e-02 -5.4789447272794204681159778e-17 -1.9841420324807426837035914e-16 
-2.6406383657046489673305842e-15 -8.2525345135726705664292848e-16 -1.7881666305379947945475294e-02 6.6910095750662590408097685e-02 1.3891793090626380902108394e-02 -1.1886403116660593237696730e-01 -4.7906507637344231120835047e-01 4.2628177722971788421446604e-01 -4.0889594473554446985019695e-02 3.6384358293001545225919813e-02 
6.5827063197706078286952165e-15 -1.5413721593121490295484475e-15 3.0014800727196833118881614e-01 -4.9260715148430000986934374e-02 7.6090887867481180051321132e-02 3.0902165135208103929898016e-01 -4.2436869630426987249368263e-15 5.1942892522331551554995272e-15 2.0743140968373513510769612e-02 4.1244435960965580845183354e-02 
5.6428686119237084217736822e-02 5.3047365157180670358627594e-02 6.6850406581782539916503083e-02 -5.9484823837564274051636914e-02 -6.5779049422158942629269141e-16 -1.0567803842806094560931699e-15 1.0326466995015634921919433e-15 6.1748338678999896438242623e-16 5.6428160876280303304142194e-02 -4.0156911775456424762431595e-02 
-8.6470595520336798744942541e-02 8.2731347932976012637951158e-02 -4.7863673533556311268100103e-01 4.2590094321198079807544445e-01 -4.0776090945602486148580113e-02 3.6283444254900751313464013e-02 -5.7410970019200865501245071e-15 2.6670003503572566496213275e-15 -8.3992823432922747439732802e-02 2.9275542853348723859596703e-01 
2.9842220904078375909307397e-01 1.1153216117832802367626499e-01 -3.0842949736722786263971207e-15 4.6882745395784042604324796e-15 3.8486747253473035934590030e-02 2.5419881502341895584962117e-02 4.6128474365767925535752880e-02 6.2150562459697217265741642e-02 6.6808929180308881945471455e-02 -5.9447994402524906298879159e-02 
-3.5749445086452800396323419e-16 -4.8648234906672719961935142e-16 -5.1886786825701969609909083e-16 1.3905192193316185712390163e-15 4.6466754074754271219838131e-02 -5.1366986928762785324931173e-02 -9.2222801907230464446563190e-02 7.6293336786084978151656344e-02 6.4027542151332550446340974e-01 -2.3067779421885092894228819e-02 
5.4546455860861764453062506e-02 -1.9652157187879377812922410e-03 -7.5106942461657532031088517e-15 -1.0342888200861212321573572e-15 2.5132691601772116918311895e-01 -1.7203289397407917071802785e-01 -1.5884498885983941440791511e-01 -2.7615848228871925362781781e-01 1.0477577938403057323511075e-15 9.4410977589646041140986661e-17 
-1.3451306147055398787504288e-02 -4.4118731313175736652443248e-02 4.0736591149707250883449383e-03 -7.7291227592691164050009434e-02 -8.9370742443488276895990907e-02 3.2198527608252066993521634e-03 -9.2263151230881321390433721e-17 -1.9606043425676219017479693e-15 2.5128260403786785504925755e-16 -2.5344996020394260632487448e-15 
-6.8545799112224997662323744e-02 9.9599199018396457339097338e-03 1.1969009328084199983432967e-01 0.0000000000000000000000000e+00 
15 (band)
9.8542254469095558189195572e-01 (Ry)
0.0000000000000000000000000e+00 (Occupations)
6.8205669408417698766706559e-15 -5.5368709581348880007317449e-14 3.8511909220834108395510298e-15 -1.6414024296884631347604518e-14 -4.7838678638119122576988218e-02 -1.8902540367277642641141711e-01 3.6030772544884180504168292e-15 3.6737013688851496897502537e-15 1.1982369127800113900036498e-15 4.1971526806606413121269681e-15 
-8.7802730877977352985652715e-02 -3.4693517791447875397992107e-01 1.2753336249280135788789580e-16 -2.8988824957240376669972259e-15 -1.7596529930124605712038346e-15 1.4316783307183295708173502e-16 -4.7977978074177304676153322e-15 1.3240936459220435817768905e-14 1.9586073745990421196561115e-02 2.2104462119993603663736792e-02 
1.9021682199562101045486884e-02 -2.0460345362550563796943948e-02 -2.7484418487478618018338673e-15 1.9497716902555063469995363e-15 -2.2814092487918881847878146e-15 -4.9571898060819618098649231e-15 1.5791216056501130682634172e-14 -1.0964321028827921174630365e-14 -4.3247070398984078898676082e-15 4.8203302493146762303291280e-16 
8.3628991553218873233888075e-02 -1.7614009815851183748947051e-01 -2.3955503579598455406778582e-14 4.2640636434291730755432989e-15 -9.2694378455515468917845978e-15 -1.5578637229341890382896550e-14 1.5349163837471371807374965e-01 -3.2328571600555744414151604e-01 -6.0762592629349743415745252e-15 3.0948651422158990662561562e-15 
1.1995110885935180420863939e-16 -2.1437894666241172552574354e-15 1.2279567988891810209577581e-15 -8.5233888640623662867602328e-16 1.0014147615344890646094100e-03 2.9516414058503019635093523e-02 2.7698373007017849933841802e-02 -3.6400904961489399802587741e-03 1.4641530019876310843514464e-15 1.6967873975206781961817452e-15 
6.1027833962914498269478867e-16 -1.5144437291256876414535748e-15 -5.3846786805540138642975437e-15 1.7504524727296638993429930e-14 8.6639864394285472356134017e-15 -1.9995931524802276365210821e-15 8.3637068137461023642487135e-02 -1.7615748293240396371572842e-01 5.5224687905356967078718817e-15 2.3080275162920787962540596e-14 
2.5126143752305144059010636e-14 1.1234424944285081329828726e-14 1.5346935302123815292318909e-01 -3.2323883707715672652938110e-01 -3.2695908556705713986734292e-15 7.7254571263789371801331491e-15 6.1125580323369006717354793e-15 5.7380306497890441569852982e-15 -3.0872159775944278692745179e-15 1.0529423251198245031614826e-15 
2.3514332693316337269395788e-02 -1.7886459400142634690311638e-02 1.4694442132561201866391976e-02 2.3773276943377153608283336e-02 2.3986554582122244886528067e-15 -3.0670711282540699243551460e-15 -5.6192564123862791704153872e-16 2.7516047787253123125536749e-15 -5.0784891474746819520807633e-14 -1.1356304266573725026458727e-15 
-1.5843428814758135817513224e-14 -4.8440873124735182169884946e-15 1.7673047417601478459303621e-01 -8.2419399762617195914771173e-02 5.6072112488532483103850867e-16 6.0860493657313778700374831e-15 -5.2431057249209507086711064e-15 1.3978975720041438656580920e-15 3.2429035802409572619708911e-01 -1.5123475726286217390992306e-01 
4.6441519795017538533556370e-15 -9.8499232549285774492902003e-17 -2.1288146806169534409129750e-15 -9.5160343751744299020028751e-15 1.0013207204131152316528443e-14 1.0548468652381140601961074e-15 2.9519363048633978641177578e-02 1.2068459254294190870215875e-03 -3.8313947783943304477294323e-03 2.7684214640579022509436768e-02 
-1.7024814655929839216330455e-15 -2.8114372826306159218002949e-16 0.0000000000000000000000000e+00 0.0000000000000000000000000e+00 
16 (band)
9.9004613720743850358019245e-01 (Ry)
0.0000000000000000000000000e+00 (Occupations)
3.5628920804321118076529729e-02 -7.9504519904122261664269899e-01 -1.3596127297333948646951285e-03 3.0339441213793325036185422e-02 -2.8982649925809057443465991e-17 4.5703776291061554730421622e-15 -1.8738177359353622164483966e-01 2.1084380404984048862360169e-01 -3.0146076028648238764873213e-01 -1.4027064208814205015229959e-01 
1.9707808728495713731436659e-15 1.1703042181167524937314323e-14 -3.9385980520675711868960889e-02 3.6399173417688834852867785e-03 -6.7562762139668303129624860e-02 -6.1527961696884458930867368e-03 -4.8935982813970522325996981e-03 1.0919948057410223951624317e-01 -2.0787176085392055384365684e-15 -2.7079001140905590054927260e-15 
-1.6598347715597554274841190e-15 2.4553866600348239271430653e-15 -1.7816791423809062722138918e-02 3.6327275085607874105519954e-02 -6.4169044282698164960443421e-03 -6.4776226125252883702998474e-02 5.3423343806809564515702959e-01 -5.8988212565401032527745429e-01 -2.0386687277018505914938373e-02 2.2510291464318848975167953e-02 
-5.0641599056267246003395665e-15 4.9233904097012422456623908e-15 -2.7877703679690918336930849e-01 4.3016305466673385171638699e-02 -1.4286763567428475973919433e-01 -3.0023870786621909001468111e-01 -3.5082898739197927266380352e-15 9.6182956432861832289705432e-15 -3.2667590206773955419095046e-02 -2.2300964326954303418304448e-02 
-4.8136063067825668460031352e-02 -4.7806936327030646882718656e-02 -7.3376950861057485542282564e-02 8.1020348950909176766188580e-02 2.4179401528699597634045549e-16 -2.5617568651002688665931251e-16 -1.5064554941981310261500608e-15 8.2802411607783765618279864e-17 -3.6883950356437301965062403e-02 1.6633796256083049902585458e-02 
3.6345610654282142770732378e-02 -5.4001228871553133559224591e-02 -5.3419903013132108426930245e-01 5.8984385468853861578253372e-01 2.0369000440173840038582398e-02 -2.2490721904160404509553928e-02 -2.7904997183140274768240323e-15 8.4129668338330338144459306e-15 -1.5170973585266533945059564e-02 2.8157954493749709490302280e-01 
3.1285571031222947357974817e-01 1.1259337336492086789618838e-01 -3.8942114749346881907160082e-15 1.2503803388431418275844975e-14 2.5267339049845516374404042e-02 3.0448923252174023984517603e-02 5.2388186541909603777256166e-02 4.3071862513041216102838149e-02 7.3405898970185332053084437e-02 -8.1052169310777619215535594e-02 
-6.4416149834927929412452013e-16 -1.8013121754901952874704972e-16 7.8403799390568779591176704e-16 8.8439808038594949225652679e-16 1.2882056620484583220331842e-02 -3.8326204201883373734460747e-02 -5.0111308436889295814253842e-02 4.1455679639978967876423610e-02 -7.8758805017062272213479446e-01 1.1397122415564353570260892e-01 
3.0030710269428856351581203e-02 -4.3457095410590652895255204e-03 -7.1023067046498347348644380e-15 5.7096745165518601121999948e-15 -1.9117499300457049815626931e-01 2.0729042577125827984119155e-01 1.6928975062387893735227351e-01 2.8617642029759782218434339e-01 -1.3164459698178884025343547e-14 4.7914280192852803847085201e-15 
5.9945207395741689770929383e-05 3.9567306661559047131770939e-02 1.2910753051181129286151261e-02 6.6580927337669043586387829e-02 1.0822481439317213625095349e-01 -1.5661088824460996093979048e-02 -1.9103864986439844960331348e-15 9.1764085443290692798461524e-16 -2.1568423513250324348320790e-15 2.3813854670249419044395597e-16 
3.4355837213094354842812805e-02 -2.1319515958060936827722642e-02 -6.5036271477297374898896010e-02 0.0000000000000000000000000e+00 
17 (band)
1.0213593624205243859393022e+00 (Ry)
0.0000000000000000000000000e+00 (Occupations)
-4.1903083866414991831561565e-01 3.2968307732394663833730419e-01 -2.3572710217891990058802776e-01 1.8546442754266234675952774e-01 3.9057569674085504514704352e-15 -6.7859584046725326164165938e-15 -3.3891009546641559513346920e-01 3.6024348641711501084472502e-02 -6.2683913061486462581228807e-02 -3.4955648999399219212236289e-01 
7.9800325397548709001735410e-15 -1.4427693107677551083127040e-14 -1.0111487533120783188778091e-01 3.4906176851847520170579742e-02 8.3908914346167151609989787e-03 -8.3823615704658793745807088e-02 1.2898942794786802390483160e-01 -1.0148571443812863523969980e-01 2.3664048761110504987938276e-15 -1.8627238087017386020929921e-15 
-7.7048299896440499951877028e-16 -2.9410440791712375397726518e-15 1.8442326306192295681807281e-02 5.9567738492401114958063602e-02 5.1220083219692569276304539e-02 2.3470910055680450911896884e-03 5.3301671282352069969334707e-01 1.3075131974952525215627475e-02 2.9985032927121513246504492e-01 7.3553124566138050610675236e-03 
2.6428832889886028758464617e-15 -3.2035840183435332550223634e-15 2.8409750071957790007459721e-01 1.8827218750788227152881404e-01 -1.7451690735030223056156728e-01 3.0929413460735710739157867e-01 9.4435144529258664401557203e-15 -8.1153200346400130805285818e-15 1.0016038500268409361382282e-01 3.7557375730610853548085970e-02 
-5.9896476522598995906321306e-02 5.9238650466126641092046157e-02 -1.6407749141183303187574438e-01 -4.0248688594357942549528673e-03 -5.0094487763060574451313921e-15 1.5478092423902741204699482e-15 1.9764282036243843327061909e-15 4.4216291839669260738746720e-15 2.3759848879633345408723955e-02 -5.7653312566582660958491857e-02 
-3.7969660306157115847724981e-02 -3.4457374500329533695275330e-02 -5.3026952281377126574568592e-01 -1.3007902319088132658819745e-02 -2.9813050399333396178747080e-01 -7.3135055934710618830152384e-03 7.2135872318376304191655316e-15 -4.0000406172716347264440151e-15 2.9344452522589609122505294e-01 -1.7420584448633691376784327e-01 
-1.5940055708692074665222549e-01 -3.1766019426222935617687426e-01 1.1675508046432460006245236e-14 -6.0107570491646606061063353e-15 1.0139698370936500726458007e-01 -3.2440802440876104206779473e-02 -5.6649521912728012518201126e-02 -6.1799665690394939288054843e-02 1.6425949533936057278538101e-01 4.0294281907952526899929779e-03 
4.1517143065781696696426951e-15 2.3964396582181091627944774e-15 -2.6923472197676112056517192e-15 4.3044968026213605476092973e-15 -2.0767997654966702247847365e-02 -5.8774133249470499051891892e-02 3.9378115441935201967993407e-02 -3.2576410185791937479393710e-02 4.0028814059791589796688527e-01 3.4802927584407017391754380e-01 
2.2505169750138231954394996e-01 1.9567068821655284049931822e-01 9.1773443179232812251192873e-15 4.9716076075632741161084746e-15 -3.3714587714026611475759410e-01 -5.2820669870403090528920842e-02 -7.9663988245696260026562641e-02 3.4636712545379089167596476e-01 1.3588710504514724115969054e-14 3.7358641230133815793812979e-15 
-9.8806264450844574764865058e-02 -3.9636802010711506827345119e-02 4.2566173669534058954244671e-03 8.3727225088256376772655187e-02 -1.2399566222429998785248273e-01 -1.0780767064657958975715246e-01 2.7647450493774072225340494e-15 -3.0696174778658583368341841e-15 4.9942417552526233910738884e-15 1.8141800413503802033110215e-15 
-2.1462025286764351006407736e-02 5.8524267927187664795063426e-02 -5.1106344775886589082425360e-02 0.0000000000000000000000000e+00 
18 (band)
1.1340380302953863012049851e+00 (Ry)
0.0000000000000000000000000e+00 (Occupations)
-5.1529847839055157366293406e-16 6.4951594125802864406336595e-15 3.0563165778356222106123910e-15 4.2700263751145011377997063e-15 7.4462623091093138594231959e-02 -3.6311408486692009489615884e-02 5.9412301897542182283022233e-15 1.8596461295912320609856790e-15 -1.1933063873585315207605071e-15 8.3550270871534058110414926e-15 
9.0904109782203049161530828e-02 -4.4328930007421343817419768e-02 3.5580202385963815032564894e-15 -3.4692394778966243145476508e-15 2.1822955878708427102005407e-15 4.5753334759120173801398978e-16 -1.9930253701999786160251993e-15 2.5633450734542032229196472e-15 1.1723095081114778825970291e-01 -1.9855249800622637446068097e-01 
-1.9632310661829097120367749e-01 -1.4879894605437427035354858e-01 -1.3961671139935772642586739e-15 7.3631650253602396457987517e-16 -7.6940031703621544148793907e-16 2.8750494262157484011614397e-16 -6.7302451043743253763320358e-15 2.3739667405296057065218514e-15 -9.4388403841040229131852473e-15 5.4127795559371380106749258e-15 
-8.0520200055841872899264899e-02 -1.9485841189474648049717587e-02 -9.2440248223820946776399320e-15 -3.3242358693807103764218371e-15 -2.3215572725675618921661747e-15 -9.6821629667051486749703267e-15 -9.8299143838197003408829744e-02 -2.3788432726333935685048004e-02 -2.2424387005448639060965228e-15 1.5243311429783877872619293e-15 
3.4923202612210023305686286e-15 -7.1300700521024155862657252e-16 4.0506935969147867911943640e-15 -5.7203534817438069279595092e-16 -2.1689012551147301977039206e-01 7.8261508726926651280386693e-02 5.6421535664471549054166388e-02 2.3979261634256660018493790e-01 -1.3904092533126125040141064e-15 5.1257607557682165657443233e-16 
9.7548596805960721459156309e-16 2.9908710409827097012084359e-16 2.1509195880045518140110419e-14 1.8670495482137391794288491e-15 1.1274275248452265086086533e-14 -4.5015930504606743469467390e-17 -8.0517774980015041630387884e-02 -1.9485309098202025640533819e-02 1.3986789186532403704220350e-15 3.9526605770432362373210794e-15 
7.5791296338727375112631965e-16 2.6350008449014766641729422e-15 -9.8306627215952818721333983e-02 -2.3790117132980619085724783e-02 -3.0409941530132192770648466e-15 9.9409412512850070263094065e-16 3.6178815175433791192660582e-15 -5.3695889882841864461079512e-16 -4.8750355821698601703073708e-15 2.4812582395558293365911787e-16 
1.5710880197667762003810310e-01 1.6876857157949073928726591e-01 -1.5981697307910311400824810e-01 1.8746193342820385852043330e-01 2.7720394612229987449537210e-15 1.5094747825951454791990346e-15 1.5144814548582549513090154e-15 1.9236901137050080926747331e-16 -4.9907857398624810003583833e-15 -7.6735637131425813598815392e-15 
-1.2785264424594231054201976e-15 -8.3264785229552976112903343e-15 4.9619608438664142280316582e-02 6.6337650069762416071839084e-02 1.9532922524420942791941198e-15 8.3568993564509612203149771e-16 3.9593744835693797102400631e-15 -4.7303515181159735215298048e-15 6.0582166748616467222277038e-02 8.0993602832689623460815653e-02 
2.2752086907127890620952828e-15 -1.3479745844993358716881051e-16 -1.3359177672996297540666123e-15 -5.3037813059431054321081867e-16 -1.3236720540696540271599849e-15 1.5531661556495303736464703e-15 -1.3477276255195324780600252e-02 -2.3018333874602889266292038e-01 2.4263382770665728460635080e-01 -4.2570729629909646873908713e-02 
8.0828821875630200356187492e-16 4.7638242844574326985076327e-16 0.0000000000000000000000000e+00 0.0000000000000000000000000e+00 