74 (index of k points)
0.05479317098908577376992213 0.03154399861226084289533844 0
18 (number of bands)
52 (number of orbitals)
1 (band)
-1.5200102775089172624234379e+00 (Ry)
0.0000000000000000000000000e+00 (Occupations)
3.3371161018850142854219598e-01 1.3504508721246023111861589e-02 -2.8344202339767726739339082e-02 -2.2854806737964833418530475e-03 -4.8420790766367238262179588e-16 1.7697609720223618894379198e-15 -9.8943369410858794665841742e-04 -2.1714548289307158274175080e-02 -1.1840794873263157938048096e-03 -1.2428313706075038574949687e-02 
2.6724221059207883877616902e-16 -1.3056576474462007011740933e-15 2.4539085558650530760615993e-03 -2.1307942068430583970606307e-02 1.5477310257550162819750739e-03 -1.2254102191310355801645571e-02 1.0060335279955492926440286e-02 6.0709490451349434891881174e-04 2.2392058758058469606190621e-16 -9.3139506330368065312730256e-16 
-3.3364895254405659907459361e-16 1.3523284203037228034342422e-16 1.9691961710215435954474117e-04 3.3559448745117508028368292e-03 6.2635081127762615160747828e-04 5.7351457688424797853876669e-03 2.1055756593219709937869766e-01 2.5925146471933091518735637e-01 -1.7029992967578479884371845e-02 -2.2772715422451014072313669e-02 
-1.7417612947851946444399207e-16 9.3439238228839274467841645e-17 1.5633998801974569731187970e-02 -1.5102273600484257196074900e-02 8.5395698733177344275091514e-03 -9.1071824505519170800393880e-03 9.6962130050531799606864563e-16 4.6756089947223123292032714e-16 1.7606122060986176269814507e-02 -1.2250490943863637585686810e-02 
1.0215470593742739802145536e-02 -6.9428130027776226856905950e-03 6.1976304815760455135809082e-03 7.9478479214215025372425316e-03 -1.0010262799702555035590385e-15 -3.3255918452244226749406447e-16 -7.5287246843311407506624049e-16 4.0981923517459568609383798e-16 -2.3871061201340207369447910e-03 2.3670377495033211728836520e-03 
-3.8877831037995962126796456e-03 4.2625526233068672388171194e-03 2.7466963623886847534194544e-01 1.9170614655979581475442330e-01 -2.3350605955523809353913123e-02 -1.5135729870081243708668239e-02 1.1188062944376563692154205e-15 -2.1163093066421654800330277e-16 1.4893192413948531244161089e-02 -1.6366151885694308482088744e-02 
8.1261924113790739987450706e-03 -9.4476798975302346550453336e-03 -5.7790569498977492623830838e-16 4.5419270856853832196287838e-16 1.0247182061718759088497777e-02 -1.8600384257305199037224597e-02 6.4871097087217527432656539e-03 -1.0545562505224148619475955e-02 8.3833018744283067935629816e-03 5.6045821672543686547962594e-03 
8.8720229819735962770491885e-17 1.2813440296049190281706137e-16 2.9539644880860336853401160e-16 -3.2541450592496137506218250e-19 2.2784240141803229623418403e-03 -2.4760210163721485532306588e-03 3.8421862958274298656402568e-03 -4.3581048869767236367267493e-03 3.7841386838200444242552578e-02 3.3281028400959794533164882e-01 
-4.0885542583952265427438277e-03 -2.7524985763249867898316836e-02 5.3868399859660940751690168e-15 2.3570584607183244801189825e-15 2.2125476552606177654825004e-02 3.4841806014819661461989764e-04 1.2460756735015126803189922e-02 -1.5231593428771195500304181e-04 3.9021045484924695648154155e-16 -4.2274254122114896867472929e-16 
2.0728937214334813149418935e-02 -4.6141301119228816940420757e-03 1.2200345792679326284435604e-02 -2.1078528088005177819341807e-03 1.3399178758380953391943224e-03 9.9947842234466045818752633e-03 -6.1241117481560347867302074e-16 3.2180872443032713424886080e-16 -3.4432969379371771690710100e-15 -1.0772871823239109744736791e-15 
3.3640396078344378220925659e-03 7.1648997431244236143085824e-05 5.8099461045465735156700937e-03 0.0000000000000000000000000e+00 
2 (band)
-1.2179546737991704397074955e+00 (Ry)
0.0000000000000000000000000e+00 (Occupations)
-3.3396655197095881373314796e-01 1.4349232174116299809440989e-01 1.7218537473839497925487407e-02 -6.5234229384508596316649687e-03 -5.1848234798691548683236602e-16 -9.7321451189389752540846005e-17 -2.2492873556678498470073890e-02 -9.0095147004639858367980310e-02 3.9104378297510122841629254e-02 9.8236952436977664770978436e-02 
4.6449403220890859439515148e-16 1.0911341454089645104421481e-16 6.0902014445317446955652230e-03 -3.5748413584215932292664775e-02 5.5101545628838122237169728e-03 2.8323489157243558755894242e-02 -1.0713467595367291013142008e-02 2.6852750824370857918310662e-03 4.9569595764691290586058171e-16 6.8143512194478724654862171e-16 
4.0484808445095222925676241e-16 -5.7636461443350500051351930e-16 -1.6511816077040865347047571e-03 4.8447816479180172422047690e-04 8.6412841838953338008399996e-03 -2.7841062587442289011363528e-03 3.2849122238464428802373618e-01 1.5561883256945319153885521e-01 -1.6280114892982797125675631e-02 -8.6017985702584384699598274e-03 
1.0840660268514675964408336e-15 -3.9445291371757391988266120e-16 -5.2706562919901389641097467e-02 7.6453143164903480943905834e-02 4.7828436115487232838106024e-02 -9.4297889291784370291438222e-02 1.1264546623061925948748707e-16 8.9213214313918102899598167e-16 -3.0842803228732472431428135e-02 1.9072522549924378343355613e-02 
1.7601832155209065633449939e-02 -2.2863887380045730401967319e-02 9.0991978039174255254994961e-03 6.2604863637385869956641926e-03 5.7055819913299194485676135e-16 -1.0052729598896722046465807e-15 -6.0911177001600266294564936e-16 3.4887740068505414240006243e-16 1.4553584233825828109232248e-03 9.1817844304190737725335225e-04 
-7.8029726861541370136476914e-03 -4.6407604189348727538599881e-03 -2.6383256579769093219667297e-01 2.4775525598387718173576388e-01 1.3563815573819942850164466e-02 -1.3558420723389127959812583e-02 -6.6585133370272240128569029e-17 1.5599097634451238304940301e-16 -7.3394876126566935270467695e-02 -5.6386932968362758755720421e-02 
7.3830990957539144314836221e-02 7.5000407016803591342402058e-02 -5.5425717765343351793380997e-17 1.4489053938805789143548628e-16 -3.5370759533560322540601817e-02 -8.8914473678385896882048200e-03 2.4134673364674424922426965e-02 1.6483564057028526894654874e-02 -6.6894059357845295568645305e-03 8.7258639113528060904378947e-03 
1.3769236810231841742302186e-15 -3.4335212528635784966557306e-16 -1.4424047033774021310226539e-16 5.3533050930199700789719179e-16 -1.0610098302447799542558293e-03 1.2968260733874567569579028e-03 5.9802376173180831625542098e-03 -6.7832480724888373838088462e-03 3.6031956629341704845259642e-01 3.4060237655418455771094699e-02 
-1.9140233649353355360744899e-02 -1.2080237089178644249720662e-03 -2.5752206797059536165160786e-15 2.5837851481425853954104917e-15 6.2404398343899308149174132e-03 9.2343656857883038568957090e-02 7.4333251812616386866583440e-03 -1.0498010266335862372688581e-01 -2.8624371423361612294292169e-16 -8.6891147579585995851340564e-16 
1.6721529869393927242304798e-02 3.2412017911611523679482616e-02 -3.5960419956295995060069348e-03 -2.9004462146491584439988998e-02 1.0969150629296559734671135e-02 -7.5271989809501838476074598e-04 -1.3944593503570551120762517e-15 -1.0911841161467566080504491e-15 -5.7735039291695867565611225e-16 -1.1601185094031976137065377e-15 
1.6744219830028277302969020e-03 -6.1731250940218402364217942e-05 -9.0429915610121102548246697e-03 0.0000000000000000000000000e+00 
3 (band)
-9.9354336212213723023012335e-01 (Ry)
0.0000000000000000000000000e+00 (Occupations)
-2.4455175192961151053872015e-01 -2.0754455865113480284023240e-01 1.1394498711937151025352932e-02 7.4908954256408533112221448e-03 -1.0079616219768049826068694e-15 -1.3074067125326871209510669e-15 -2.0789168232887778042794480e-01 8.9241634490958871017696197e-02 7.7855351152644788892409622e-02 -4.7292305170096332611606726e-02 
9.4521681725981057517913434e-16 6.8101554031700896589604035e-16 -3.9588480938327036406931825e-02 2.8092944537514180636250671e-02 1.5333692638085927306690337e-02 -1.9209010904967002697496525e-02 -1.0025070491695726310199532e-02 -3.8136221303015065825503527e-03 8.5088471751807997422803826e-16 1.3415990278507846774379759e-16 
2.1283447776566496479525107e-16 -1.8239212006513114642932389e-16 -2.9656492760916572382079437e-03 -1.0670818923544711509521221e-02 2.8121083586273888654805120e-03 1.0669430335840890400334047e-02 6.0435043509639019276846739e-03 3.2069265543927938377777309e-01 -1.9163136174031106251369749e-03 -1.3500957643586615486430702e-02 
-1.5831493600122425446605848e-15 3.3472400739280909907364152e-16 2.0442237412975655663771590e-01 9.6925300429254290790481718e-02 -8.6961149112613642109259615e-02 -2.7125198182074025665677652e-02 1.4423792848808951292102023e-15 7.0358804956117483835721003e-16 4.7253160850764787392908062e-02 1.1117560227152642471359911e-02 
-2.4549244597261404843280275e-02 1.2011742464483055048418692e-03 3.7690578915382071112372131e-03 1.0041909914275021914464858e-02 -8.8429024252544487984231869e-16 -7.8641202313415396532000263e-16 -5.5330339895606922081697017e-16 2.9857419999294188519553725e-16 -6.0430803419037788792866905e-03 9.2813055174965700122591272e-03 
6.1435771774275577811197380e-03 -9.1652144861399838238202875e-03 3.1114730426408143681982210e-01 -7.7502275630620051649621871e-02 -1.3599928708245348496497229e-02 8.7686177464334214004537671e-04 8.4111146986053146871994427e-16 7.0573328247323072724047996e-16 -1.4508172709619782114742748e-01 -1.7224105339050971297254478e-01 
4.7485897667087842433097933e-02 7.7559120669136574766078240e-02 -4.1865428841008725694772488e-16 -1.1050708296127449785422087e-16 -2.3361821737920437924707073e-02 -4.3281856740520228965518612e-02 5.7159821959712059369351778e-03 2.3805852598814479514910403e-02 1.0680095294157086402431212e-02 1.0417956973216846439100891e-03 
1.2809697068082502784913648e-15 -3.2348410718026558605703543e-16 3.3744639936932902507577447e-16 6.2157401459870115997439308e-16 7.4432211349240683107009176e-03 -8.2728989773593348405755776e-03 -7.2812638537843223790479996e-03 8.2589726632990596161265628e-03 -2.6390071904538564551145896e-01 -1.8214186275005170290164358e-01 
9.6515379460208241407803698e-03 9.6215779744214958296710805e-03 3.6745053062836714258253951e-15 3.9703662429146459510663871e-15 -3.3255653222675790603446444e-02 2.2273246179895692109518279e-01 2.6774967401942011135940191e-02 -8.6910464253992292249506590e-02 1.4408346969408375694860310e-15 -8.9915111946525172484386069e-16 
-1.7016749944355369361659314e-02 4.6146766508086266289634381e-02 1.4076986708187307073547601e-02 -2.0030714306747032099620398e-02 -6.2814112559587270689931415e-03 -8.7002095607387024134293796e-03 -2.8180542250534399390737461e-15 2.6902599409517721869149282e-16 -1.1547007858339173513122245e-15 -5.3648722957906625901691310e-16 
-1.1127883553604335856168639e-02 -1.1227631266332352942549644e-04 1.1010332999576637885708053e-02 0.0000000000000000000000000e+00 
4 (band)
-6.8005745012078233635577362e-01 (Ry)
0.0000000000000000000000000e+00 (Occupations)
-1.1050205620562657260474992e-01 1.1482539410421291337094374e-01 5.6598728702716982752463082e-04 1.1332698353166692495364032e-03 5.7103181309374869625907679e-14 -2.8346705699376973689617634e-14 -8.0050021729443865403652580e-02 -1.8463822626179404728929967e-01 -2.4508683801209196762016518e-01 -2.3889655518216623697469458e-01 
3.3772479229505012878462118e-15 -3.3315586858546482406715625e-15 -1.1679936332089080330831621e-02 -2.6931991459870616156813128e-02 -2.9231691059276032618186036e-02 -3.8686967441266234546404235e-02 -1.3821864978968353976362948e-03 -3.8274648246881121105289481e-04 6.1975809484322176863340299e-16 1.4021834449635684403631247e-15 
8.3440045702221281091591385e-16 1.8594859190595019965292509e-15 4.6487290452210741631411395e-03 -1.5073948704676667920132616e-02 -1.0246213829609948989252111e-02 1.9238401841263023245298669e-04 1.5920812010371646061379636e-01 6.9534200152009395523577950e-03 4.7578413983240253060102987e-04 -1.1739981179691855173174986e-03 
5.7757554911470334026302007e-14 2.3222710472078131535477036e-14 -8.5561148206808171345905123e-02 1.8214985724264018407403398e-01 -1.7120116526672113366203121e-02 3.4182747674052138542322155e-01 4.2655044457695949288080474e-15 3.1713704156056882141829640e-17 -1.2477904438602836073579638e-02 2.6571695044487191050830432e-02 
-9.6882583871482352844139996e-03 4.7511165649872122429542287e-02 6.2695395778560730759565445e-04 1.2899081826354338864426552e-03 -8.6134374291498424965963251e-16 2.4621628518429857927227419e-15 2.8937097617392918466437627e-16 1.8902097142581706411937196e-16 -1.4381395462700299892055966e-02 6.4815180191524351949183824e-03 
6.9202521619976887015668332e-03 7.5585725813149626933773462e-03 1.5899421518039263956367790e-01 -1.0096538405368060686839726e-02 4.8821952899388842972427938e-04 1.0931893397743489004803052e-03 6.4389380584262523290337513e-14 5.8242632388485848441505391e-15 8.9017630288753410439106517e-02 1.8052846105586678460142025e-01 
2.3526496584797766675745123e-02 3.4152797151150038335032377e-01 4.4759894387219188073550645e-15 9.5191964321371989218194466e-16 1.2952344291226644545922397e-02 2.6332845979544161618690623e-02 1.0584962269511478949457484e-02 4.7259813775746034592017963e-02 6.0325432272116002486994635e-04 -1.3079583775581771210028137e-03 
-1.2274346547009734570245810e-15 2.2880009060019795064974951e-15 8.7355793165092821798578464e-16 9.0886384101977256155762676e-16 -1.4505903353035823344363564e-02 -6.2201376595457397861155258e-03 6.7768438367324934645807843e-03 -7.6868204634452565876534536e-03 -1.1271828623943896952042110e-01 -1.1258636016786884026519289e-01 
4.9714805754728919051643743e-04 -1.0891579545587448674126563e-03 3.7916525319093041978277612e-14 4.7297013059949534214511446e-14 7.6547981888398453076405303e-02 -1.8615872319672205348339844e-01 2.4062556067817530980335050e-01 -2.4350398541835632792995625e-01 -5.8527725157353524556667007e-16 4.5306198268653242056647391e-15 
1.1187020300583954204864945e-02 -2.7129920324525262642634260e-02 2.8450148319035469673954353e-02 -3.9193372972874555848488143e-02 -1.3800532990457324133276584e-03 4.1246064915485228675323670e-04 1.6738229671583158529598153e-15 1.7521865810786065618474641e-15 3.7969890705349534658385238e-16 9.8584511763055305526201929e-16 
4.9271318915514719302684021e-03 1.4994489518307878989089588e-02 -1.0247576358567983892400299e-02 0.0000000000000000000000000e+00 
5 (band)
-6.4204602864708049114739197e-01 (Ry)
0.0000000000000000000000000e+00 (Occupations)
3.0994057287291868007924932e-14 -1.6491846249232736371490664e-14 4.7903878411216297693415885e-15 1.0039366617434931490977754e-15 3.1447999708879054159282873e-01 -1.5844401002475941298008877e-01 8.3469879475836732427869187e-15 3.7754351273799012917979573e-14 4.0986906268620453390793395e-14 4.4900729186866852310025984e-14 
2.1476523600282057535615365e-02 -1.0733554864545441498435707e-02 1.5206402411522427298736901e-15 6.8879185380965910279158690e-15 5.3238919719644666453086101e-15 6.6352630496271006264742170e-15 -1.8758748580716091672733824e-16 3.4093233596079252201891860e-16 4.5894258403652299360686584e-03 1.2377486621593547511110955e-02 
2.6847222011860336077226918e-03 7.0988950175812637333194743e-03 -4.9822467123484222030359173e-17 2.5582826204755022311900918e-15 1.6527046926084882515380594e-15 5.3898391479092545194308038e-16 -2.4770579549527206830245597e-14 1.0585098431458461282789235e-14 3.9094504211360358052945254e-15 6.1462510516312293001223854e-15 
3.2681995931797347409997201e-01 1.3111402317482312440688474e-01 9.2256914883600812031472629e-15 -3.3499797798446361480205990e-14 3.6381906382104358473149648e-15 -5.9937028427133924659195790e-14 2.2254038203151055297368544e-02 9.0115509007245332695479334e-03 6.0305396296425241700075214e-16 -3.8807414003968891055815697e-15 
2.1863683206922999655560013e-15 -7.4648270980656175914184179e-15 -1.4412177844277001309616872e-15 -1.2248715671491673615105114e-15 -6.2494479658038804351094520e-03 1.1627957891849796667749217e-02 -3.5495210880905625483450194e-03 6.7084233478052132659819051e-03 2.3996471258553973568605881e-15 -1.3350589615144206867813210e-15 
-2.5464210928647403614346882e-15 -1.4990891234854787956213579e-15 -4.0991434732632734433668125e-14 -7.9692041576917514216338262e-15 -3.2475222441958248920167406e-15 -4.3750677239994529343054477e-15 3.5024158548634354293227489e-01 3.6791357571446484109323194e-02 -9.5038829699281951019299623e-15 -3.5560462937911043332235922e-14 
-6.7782937449818704581640562e-15 -6.5681126233503714564642682e-14 2.3855986372395159011983168e-02 2.4299835368311664685059270e-03 2.9013530651352556662013612e-16 -4.3392160567288409885246708e-15 -2.6780193891639983348838662e-16 -7.7188343015065973755819830e-15 -5.3224997921002850138536792e-16 -3.9566934090509147247249041e-16 
9.0923477363492183345172748e-05 1.3202934211239048326036460e-02 3.5578707654252122311033801e-06 7.5906392585169731729299869e-03 2.8376255248734765122079839e-15 2.1035066171906197525676476e-15 -2.1825780963009685061178657e-15 1.8005098437601372302191955e-15 1.9307577499474021582085656e-14 6.3035766030557808946692075e-15 
2.4121902263326087396226623e-17 -6.0283502683485317060097825e-15 2.0402131163081618780985593e-01 2.8705065162159437708311316e-01 -6.1654577391927328163066587e-15 3.2483483871604729187566228e-14 -4.1551833499197745742704997e-14 3.7969861329057228603809640e-14 1.3953489297066806393288196e-02 1.9501616400333529610655603e-02 
-2.4207362899827659966838524e-15 5.9788200537436084339624888e-15 -5.9533151683292868257317608e-15 7.8685023154866809717607134e-15 -2.2916983614979845823007851e-16 -1.5759281608053426622900635e-15 -9.8435383290369302816680275e-03 8.7994597578402635601468873e-03 -5.6914696712315766130574346e-03 5.0224486052939448441079229e-03 
-1.5033142138682259896436509e-15 -2.9056537479769909659195987e-15 9.2406064840991866470678022e-16 0.0000000000000000000000000e+00 
6 (band)
-4.6260255291999141658010331e-01 (Ry)
0.0000000000000000000000000e+00 (Occupations)
1.9287713049657953523485787e-01 3.2416571812749483960658381e-03 -9.1895387816566739824786225e-03 1.0820316637180499297343772e-03 -8.1664940048028659955333331e-15 9.7056986054481165521250015e-15 -4.2601346300172093783942273e-02 3.5560868515912930076794396e-01 -2.5130082840507612929048520e-02 2.0397789553899359216160292e-01 
-8.0592044967715631430003559e-16 3.1056228197972285798335715e-16 2.1971375563225870042316501e-03 6.2846874896347437733368224e-02 1.2993759663656387348673604e-03 3.6165899743961060774921634e-02 1.8535432179993156787123354e-03 -2.7466148923941946513593848e-03 -5.2253419031031526706484605e-16 -4.5803910641164214246542869e-17 
1.7259862984218436690044342e-17 -4.9823362864627243274174332e-16 1.1883631383035136996895176e-02 2.1908639971919552369428175e-02 2.0540860517965026099673764e-02 3.8187383032587771114485520e-02 1.2512033201134145632416050e-01 1.4682301702134456511394944e-01 -6.8887949618088306635854678e-03 -6.1776143870390376466872340e-03 
-4.1026572332068173952026590e-15 2.7332061167934295174057483e-15 -2.9491878698165924221896717e-01 2.0321250146695415961239917e-01 -1.6962489936271474277873494e-01 1.1604264926429816440212051e-01 2.1196846608552878360103765e-15 7.4192799058443191582543601e-16 -4.5689143415690483540636535e-02 4.3209481269965391292409151e-02 
-2.6269148997016090324452264e-02 2.4891614916769111420791205e-02 3.2860363577487186614867198e-03 -4.2600573195361417233595347e-04 6.0953457802890947479133166e-16 -1.3023541096940186049750321e-15 -4.2407089184525648602381757e-16 -5.6500762191068670547724144e-16 -8.5751269267512857108481938e-03 2.3402487014357375993967025e-02 
-1.5060863948470396694867546e-02 4.0661696359366790443079509e-02 -1.8859291001097269746544782e-01 -3.9765466184999334608995980e-02 8.6597403338370473879770373e-03 3.6514877358657521488893849e-03 -1.4235175192575798477591308e-14 8.7140107793680139741889586e-15 3.9304515694546918180840578e-02 -3.5506266464776342628439920e-01 
2.1775051483915786043610296e-02 -2.0474597819325454639560746e-01 -7.8254324373466158485402006e-16 1.7686571615792458383721120e-17 1.6391715207899976158856248e-02 -6.1353889167239064605929855e-02 9.4654963187584418432551914e-03 -3.4698203933801879950138414e-02 -1.1709923143881255987869272e-03 -3.0914007835879005192669666e-03 
5.7863704115412106807157408e-16 -2.1443988926180330164854521e-18 -9.1555342514469861785334916e-16 -4.5826275784419213882673301e-17 -1.6579283844439417910932022e-02 1.8705344447869406976359130e-02 -2.8557324098099096804093122e-02 3.2391925879819677414062085e-02 -9.4890212731773962429038249e-02 -1.6776300407132554992628570e-01 
2.9877676620957693831570623e-03 8.9105392503526364977872731e-03 1.3001009764835937696490421e-14 2.4929780970476613200565062e-15 2.9232897775439198317926071e-01 -2.0532440075606772644789544e-01 1.6798232461942888549266684e-01 -1.1906723759664743222952410e-01 1.1653646608296505527102187e-15 -1.7874351060054921230204682e-16 
5.6862267189208753892515347e-02 -2.8278447862369202048249406e-02 3.2287151893810539515783375e-02 -1.5846160398599096197358449e-02 1.5445028367272828438011567e-03 -2.9227543161377709732273722e-03 -2.2866017572574751666427773e-15 -2.6274073383301166707015888e-15 -4.7852464998522698646807903e-16 -6.5549891786981148377386980e-16 
-2.4995163056492457342994129e-02 -6.6238109920325593388268359e-05 -4.3182839437066591892211420e-02 0.0000000000000000000000000e+00 
7 (band)
-4.0444897791075662407678237e-01 (Ry)
0.0000000000000000000000000e+00 (Occupations)
-5.1344970904282360990578127e-05 9.4686340024374704427145844e-04 -3.3946472670984837241570098e-04 4.9105342052874201286272182e-04 2.8290897745832636642671244e-14 -2.0925312398944280446881344e-14 3.9085011037494565844241379e-02 -2.2298161640245139913929506e-01 -6.7895390148387441131561104e-02 3.8744381484308376695224752e-01 
-1.7873585000634340718731781e-16 -9.3094809592184808120097223e-16 1.2567547449710003704126393e-02 -3.4900398363563914228002716e-02 -2.2250567380889076096739387e-02 6.1000946721335200240154961e-02 -2.2739637095564591007246236e-05 1.7802171415764317385921345e-05 3.7456433579579836969218077e-16 -2.0585229566794576815013723e-15 
6.3751615054246183492297625e-16 2.0142097061285721193848096e-15 -3.0173997587523000013520758e-02 3.1875362630741033154180286e-02 1.7362657645986552534811409e-02 -1.8536543406518599108601109e-02 -7.4420775644057357567362487e-04 5.8765757038903299047660767e-04 -5.9283665815845765223457420e-04 7.0103204256335982513803629e-05 
-2.3978113434200627145912550e-14 -6.8905216277870861047121850e-15 1.9310836034297040875173934e-01 -1.1814228924014036348211221e-01 -3.3552592147955229151534695e-01 2.0529210817480492146103188e-01 -1.6690321418849975641385934e-15 -1.0710413471489534453436709e-15 3.4490243393536582083847009e-02 -1.3652991082208035256151391e-02 
-6.0472049612773193238979275e-02 2.3650252964833751168072240e-02 -2.8391597667768581070291134e-05 -5.2844663186099594121003520e-06 -1.7540544058634670016778484e-15 1.8796690399146509771765157e-15 2.0842404452970436416743175e-15 -2.2841942601046571595628238e-15 -4.3864484986679462552583431e-02 -1.5542940861989276712940011e-03 
2.5386597916758932985681341e-02 7.6548560164122468087166684e-04 -1.2940494932505569591896233e-04 -9.3760692580666105122588760e-04 1.1841559510947403943692535e-04 -2.6777731645895308520977096e-04 2.8655666922495468616344270e-14 -2.3808280915586495439650573e-14 -2.1788374593751774765948426e-01 5.7323131397234945716423482e-02 
3.7942709380991579415365322e-01 -1.0154771543056410887384544e-01 1.4389990348829711921521009e-16 1.2056893322556438227602580e-16 -3.4255038491224215624342264e-02 1.6527729008937789428879128e-02 5.9037011501130234880641012e-02 -2.7956914128875201552837382e-02 -2.8540265596696187677672185e-05 7.8219564929333379454945430e-06 
-2.5940160240097849323523289e-15 4.4827170819821228052116035e-16 1.3859414170496982132752153e-15 6.2364280573201312388449775e-16 -2.8934393067200761540114229e-02 3.2839102968607460086847283e-02 1.6627785790887496947254576e-02 -1.8860520790874506918965992e-02 6.1773230559279690421448095e-04 -7.1711867001925111431148707e-04 
2.7917236736019895859683970e-04 -8.8259467945349390216591701e-05 -3.6496158967155479184877574e-14 -7.8982502187639883416615665e-15 -1.8708782185659761365670306e-01 -1.2552854276979247272194584e-01 3.2709170460191006046812845e-01 2.1745775407377668231312384e-01 -2.2282575135159929883752770e-15 1.0448651127916506020371673e-15 
-3.5050895886820164493169472e-02 -1.4765100262415953302763683e-02 6.0012666959728247495498010e-02 2.5796076813646331982177173e-02 -2.4741352429065374956152629e-05 -1.6235616512527521748676662e-05 4.6572630367019868444197376e-15 1.6593789224460651394586886e-15 1.4667820793025437797407981e-15 -1.6803844953195114271620967e-15 
-4.3767632104768736112099248e-02 1.2879906981501333326778358e-05 2.5143637461802360172358206e-02 0.0000000000000000000000000e+00 
8 (band)
-3.0493651872185922879765485e-01 (Ry)
0.0000000000000000000000000e+00 (Occupations)
9.4525100789403257349003698e-15 -1.5198210666076574630154817e-14 5.3778638964211324016168782e-15 -1.1030193666162726149602228e-14 3.6783400701488594419785727e-01 -2.5131460235323560548081900e-01 -1.0853113175982814566939391e-15 2.6060775955742458293382439e-14 8.1057123712333430969140796e-15 -2.8750891965790454510218566e-14 
3.2149648574244446552761190e-03 -3.5357819506429410960635096e-03 -5.6690055231145287687143967e-16 3.1563462404016130206831209e-15 1.8492446058311434636564297e-15 -1.2099406390053915267450359e-15 1.0253220953450900444002823e-15 -4.2305114365662217229318024e-16 9.5440680798082912217328300e-03 -2.9943585218147689142043077e-02 
8.9506844177028449527355747e-03 2.6994198132718971727683765e-02 1.5559627009105991540728811e-15 -1.4019466856436588654675516e-15 -9.3577166171600154940878942e-16 2.2956173158112847766939267e-15 2.3920087015765521553528057e-15 -5.1294897930943965273543182e-15 -2.3610922091692390144593280e-15 -4.8490563991982134195236708e-15 
-4.3176685849342483214385879e-01 -1.0971903198310500870960027e-01 -1.8833247389126880246134245e-14 1.2510776017525571381625845e-14 2.3089487791803911914222387e-14 -1.5277721990367751692702506e-14 -4.7783235877892141219014377e-03 -7.3326170868456830298498517e-05 -4.1728758712933011962244927e-15 3.0335726170139717815162266e-15 
3.1587519337442769614000812e-15 -1.7795802222666588655870240e-15 1.3822325505656968034055516e-15 7.0097330794510709927682279e-16 -2.8772620201189081506898404e-02 1.2642937079119686422101765e-02 1.4329453026956484595899610e-02 -2.4565590982552093501922741e-02 3.1654097667795529962562900e-15 1.3747405251890187980211951e-15 
-5.5567120548023228430948954e-16 -4.4777402136337631449743693e-16 -1.3679806544936448529001975e-14 1.2551349922940519192837201e-14 -4.7848811330637365239033503e-15 9.4645700739101538204674676e-15 3.4150652032011741265904448e-01 -2.8602433483371192401989447e-01 1.6188488502162449935349064e-14 -1.6870449282057503429869027e-14 
-2.6120592736739534342471658e-14 1.8230586697683797182799320e-15 4.2935221472947190934910111e-03 -2.1506544032282928768928798e-03 2.5500478035777083338275366e-16 -1.4905636726249327260240982e-15 -5.1512798270362499636204770e-15 1.7271319452797779686476380e-15 -7.6238910186458113266687016e-16 1.1236974905259364798738061e-15 
-3.1404029096502514284416918e-02 1.0775540783135202638209904e-03 2.3558238770156680191858456e-02 1.5924919330766680591882078e-02 1.1661125489976964716180158e-15 -2.5766867995036055786230341e-15 -1.2381703532545307605469179e-15 2.3651443388716551888083407e-15 -3.3907463134181903106908273e-15 -6.3176480073164182436574670e-15 
-3.0969786039677411321134917e-15 -1.5595631569333360344694316e-15 -4.4039233371554498130961974e-01 -6.7016534846261147095880517e-02 2.3473484382522679915376239e-14 6.8147739144465779672809781e-15 -1.9636645678139837672522161e-14 -1.9894440930273890655179017e-14 -4.4525868148466716048283764e-03 -1.7983652153244688784439198e-03 
2.5569127143818453140931110e-15 3.9961181416947350067998964e-16 -3.3136071861179613807756829e-15 -1.6079240134408777266860533e-15 1.5969204582948543151918395e-15 1.0449531471770209935038031e-15 2.1576142302754695856403799e-02 2.2843910558767558521831020e-02 -3.6338845518532865777605600e-03 -2.8202633790250619671979848e-02 
3.5988981242155461726304378e-15 5.2549712519785793548147634e-16 -3.0246456951870037558045492e-15 0.0000000000000000000000000e+00 
9 (band)
6.8902251744441131431351266e-02 (Ry)
0.0000000000000000000000000e+00 (Occupations)
-6.3098084806233801229680353e-16 -2.0552469251790581918538468e-14 -1.0604655547912481413428307e-15 -1.3407011942997429803125991e-14 -4.0415821070947732795985985e-01 3.6811308575144924271072000e-01 -1.4069420440742421131977435e-16 9.1992936384121056060027707e-15 2.0743307232257432493874614e-16 -3.3843598714437212210454049e-15 
8.3063851852697087596588688e-03 -1.7285214625086559037114853e-02 1.9300945066556452431876003e-15 -2.2908445210434992308134753e-15 5.7441631656103754682980752e-16 2.1088407377254359683788717e-15 1.5828006953921964732254088e-15 -1.3406192720914992395346251e-15 1.7801453682845757436892242e-02 -6.2886148571334399282051209e-02 
1.0560691561170509888967217e-02 3.8408202953204406693288320e-02 -3.5125542142228682564132358e-16 5.8493779804871478105918333e-16 -1.8495669100379087215309498e-16 7.4786625447261369366459042e-16 2.9407299922582977153984576e-15 -5.2048618766681714101780221e-15 7.8956161261359109971503841e-16 -2.9222814015978105202714255e-15 
5.4340032070815447173828261e-01 5.9725996346879348108949159e-02 1.0968117221470778833692849e-15 4.8449286030566473479601738e-15 -1.3456978041881904963045034e-15 -9.2774386503939813773591869e-16 -1.8458941912190392209414114e-02 5.2002060501512431534010261e-03 -4.8067205116118329881064264e-15 -8.4099831954653214921379899e-16 
3.4201218001119320840574103e-16 -8.3526412845892919379374188e-16 -1.9710397347640893957755956e-15 2.1785677180003077000087810e-16 -5.8943908710259118599594785e-02 2.8234288751713014498090359e-02 2.1826507564386182086435539e-02 -3.3321491981699882800604939e-02 3.8194030087192657324070958e-16 8.9838393175432498745431537e-16 
2.5387746758864414020609865e-15 -1.3764155692340943540932798e-15 -1.1936083407770553516583984e-14 1.8160410663806045879886145e-14 -4.1950782150879073537602782e-15 1.2462428292826213666078565e-14 3.3816903412513965587748999e-01 -4.2954041125932856948210770e-01 2.6726668676860318138041733e-15 -4.7368590146094807213607716e-16 
-9.4264852129248737164930409e-16 1.4035974436052511595100976e-15 -1.6659328724411951588857406e-02 9.5431232154277595425284630e-03 -2.6942417612870851915614800e-15 -7.9981610804337928239361622e-16 -2.0763797890728589435133392e-15 9.7031414927905274722092906e-17 -1.4757830195363090781578384e-15 1.0479244819337434721164641e-15 
6.1450292039516296593859579e-02 -2.2268773932650882257933134e-02 -3.9070011585471242643308187e-02 -7.7793513127795699269029228e-03 -9.9592660490301370663836043e-16 -2.4129645977389485588736412e-16 -6.1880359615601679840273389e-17 5.4290288374401006063679562e-16 6.0772767731063003554324301e-16 1.7992879226232233032504819e-15 
-1.9448156515968886756450249e-15 2.1505074949669127766827287e-15 -5.4583821209124561146808219e-01 3.0395834698284444203020271e-02 3.4391606519264897778297944e-15 -1.6445223010253678414927576e-15 9.4040323968220567358369054e-16 1.0390352275787741605421128e-15 1.8175414116526067420664958e-02 6.1853662741889747778145647e-03 
-1.5454744613653103928276099e-15 -4.8200092549516796446385209e-16 -2.3468223428345347221669625e-16 -1.9856778282091756495855770e-15 2.4567520228064053740116395e-15 8.1267233703614704943563557e-16 -5.7341861087315405820508118e-02 -3.1367939862993785005151892e-02 2.0002084705544573989266510e-02 3.4451425508515237661200104e-02 
7.4589433766429949761795331e-16 7.3865482855419742677235005e-16 -1.3303689651720485418529325e-15 0.0000000000000000000000000e+00 
10 (band)
5.1432851905707699380343456e-01 (Ry)
0.0000000000000000000000000e+00 (Occupations)
1.6868328912460039958887137e-01 2.2109104724392494856211044e-01 3.1600632407296769255111712e-02 1.6664820735197705126040546e-03 -1.1293027788122379326630849e-14 -5.9021809402935057786992443e-15 -9.9160842070604188203120088e-02 4.2134464616048444840501475e-01 -5.5633456522165634916543553e-02 2.4802818657596464868575481e-01 
7.7517078292795328314807123e-16 5.2998632669313672699511142e-16 -1.4176672428072537024412725e-02 2.0388774651552057232128945e-02 -7.5640677486189461867227557e-03 1.2001833700954867012455907e-02 -5.4362000500201748676154523e-02 -1.5408287051870042660972615e-02 -3.5421920983646026889459094e-16 -6.3090842459991323544069154e-16 
-2.8927827733115611028678795e-16 -9.6967038963204664386638005e-17 -1.3652724080583961141499572e-02 -7.7597335161838060235695025e-02 -2.3955273510666535985436099e-02 -1.3122156485222161159676091e-01 -5.4290581354023842441947068e-02 2.7274133529326999303421530e-01 1.9647826511977717345303063e-02 2.4806048544598419125506439e-02 
-8.4597557476686391414963173e-15 -1.3474821046394241171270903e-14 -3.8163152465128014068085349e-01 2.0425856858551239003674027e-01 -2.2283975323810226165655024e-01 1.2229271113832917983188509e-01 -1.4890208274896029455797380e-16 1.8324179963450033766421061e-15 -2.4669047249816000721978071e-02 2.8492596776567014060788097e-03 
-1.4004916067220894715372737e-02 2.2630640824101433405957096e-03 -2.4392309271858904351493180e-02 -5.0967221394173312098985207e-02 1.4822342926265131176650425e-16 7.4773381663098148539626414e-16 -7.7556057521067262074835867e-17 -3.4790692813984638986017624e-16 4.9177911650245202668241262e-02 -6.1557097923474468625926193e-02 
8.2588841760194556251839515e-02 -1.0474749365948754498134576e-01 2.5913644528989110416006270e-01 -1.0238002718966066062478149e-01 2.8220506287127272715409276e-02 1.5143518429946489778359364e-02 8.3093893911797075885484536e-15 1.1806228164059578887260544e-14 -1.3188304447345761127863284e-01 4.1288708343466090644469091e-01 
-8.0611120766025154416034582e-02 2.4051490056372665238271225e-01 5.5317594905100623486133960e-16 -1.3925872934635246774473234e-15 1.5658503616036156813606794e-03 2.4169121942340665576409720e-02 5.0591336799556477221706530e-04 1.4608794660869145465298402e-02 -5.4505771785995540956726302e-02 -1.4860439757906102054008102e-02 
3.8305618671937889728086490e-16 2.4240067394601327981298939e-16 1.7594570190389330684540131e-15 -6.6607258373449614417483273e-16 -5.1627132877793413534561751e-02 5.9450054144565327163274304e-02 -8.8285260346652738583372866e-02 1.0013997108431545168816257e-01 2.4816639771206366882339012e-01 1.2667598940401403329047980e-01 
7.3032348456585488571946030e-03 3.1183102577033661173544488e-02 -1.1971039346678956216021968e-15 1.3817937780505705854938655e-14 -3.9692699393704838906060672e-01 1.7412019575812065497188996e-01 -2.3372197996355145721558699e-01 9.8588063507992221290443524e-02 -4.0652906045876570076997465e-16 7.8000849617302877287802028e-16 
-1.7094010488756285204292595e-02 1.7157888804534771748366850e-02 -1.0623652075985036760674696e-02 1.0040460464918698341163505e-02 -2.4898333248723404642621659e-02 -5.0712767911262716935549832e-02 1.0056456814969720564122337e-16 -7.7165307910690055650377471e-16 8.3221678258300348045081913e-16 -1.6259035182170798981564256e-15 
-7.8735779248699136467770643e-02 5.8894233501724079643535603e-04 -1.3350019102324225950262360e-01 0.0000000000000000000000000e+00 
11 (band)
5.8448027190404439057402897e-01 (Ry)
0.0000000000000000000000000e+00 (Occupations)
1.0360361623190023072638155e-01 -6.2766998418020747418921701e-01 2.5239786803557540117992630e-03 -1.5545520902723652945098820e-02 -6.4263933245027278792486933e-14 5.2823200345121698834120718e-14 -2.1133716759709714194670482e-01 1.9164358144070850475948475e-01 -1.3366220429885625198274113e-01 -1.8057321672867976403153989e-01 
5.7412518377598665825001134e-16 -2.0850754631539609376344793e-15 -2.7341237730012957207748059e-02 -2.3200817775334062892378384e-02 -4.1845388922088888605799184e-02 3.0337582632585791131418773e-03 -4.6001162665535201556910039e-03 7.0235409258780356900331299e-02 3.0993006263378997911510820e-15 3.5883892059163716557200197e-15 
8.8561337383368018737376300e-16 3.3176046448873775451174569e-15 -2.7826614556096980479527048e-02 6.2826774260581919051560362e-02 2.5147896217688571474102588e-02 -1.1996883670555633094600978e-01 -5.3933650391294696291311084e-01 3.3737138865664006992517443e-01 -1.3330004361479574903626144e-02 8.3871730778550951379557432e-03 
-8.1294983336585862546356660e-14 -1.3354375311815542007570532e-14 2.8351374837817316931776190e-01 3.1790174519031211275432725e-02 -4.7057567098756539203385785e-02 2.1967670981807699281951329e-01 3.8957401362010459036016314e-16 9.0267230294256922258528230e-16 6.7789468571968769516900011e-04 3.5851941158728861669402477e-02 
2.9948507859098884992254952e-02 2.9382429107427998626889121e-02 5.5726469433997678770698059e-02 -4.2996911375513098552136881e-02 -4.1964802686974043319842764e-15 6.3232390899297905329629203e-15 -3.9432680447268595101922515e-16 2.8753449424218974413726289e-15 6.5529129219770346215234724e-02 -2.0675039669662387264992276e-02 
-1.0662055458019603637609407e-01 6.0473099851656442194069996e-02 -4.4002605999630517441545408e-01 4.5902620125897164449213506e-01 -1.0670571903802911206682325e-02 1.1543192793172840637794252e-02 8.4574747060445132197041952e-14 -1.3420788397878902511731703e-14 -2.6975934824695166347474640e-02 2.8425098790601827092316967e-01 
2.2477224901881059926367357e-01 -1.1585678533904053208458684e-03 2.1945417687504151739908270e-15 3.2556360905658689575495685e-16 3.4853881077090670403961781e-02 7.9837213062347173186950045e-03 2.2622833958188433289837604e-02 3.5362297789817025150949092e-02 5.3507804942127590308587060e-02 -4.5717415631599707392940246e-02 
-1.5415066509072191183124577e-15 -4.9593298951301708106395668e-15 -2.1333292001154480607370917e-16 -2.5282308313036757845782187e-15 3.3689267618376698976145889e-02 -5.9895050144470149411368709e-02 -8.1064072488941263383566138e-02 9.1949141262585395995010629e-02 6.3531508934191827098203476e-01 2.6508945142154700241876597e-02 
1.5715252502848026106008206e-02 3.7046374635073264780515956e-04 6.1765143370740677514086129e-14 5.4930969473865225728087902e-14 2.3105931835948306796169049e-01 -1.6774360370662444452705131e-01 -1.4951360984330766545902236e-01 -1.6783797746651141213902747e-01 5.5368445958421131751215193e-15 1.9049998549252136379370720e-15 
-1.7060607380221214091076121e-02 -3.1424011644762266104446979e-02 1.1564902495900971496345377e-02 -4.0355145291962518649953040e-02 -6.9678485835823797400756519e-02 -9.9033273895578061152278337e-03 -8.5305824432270150186210729e-16 -3.4085403713497456405333592e-15 -7.9060594345385331628903949e-16 -2.6943256982615143782116205e-15 
-6.7207052539527314949374670e-02 1.4338614766395179483948752e-02 1.2258070169246695901854594e-01 0.0000000000000000000000000e+00 
12 (band)
5.8975762285466959422564059e-01 (Ry)
0.0000000000000000000000000e+00 (Occupations)
-1.6586275202224015634655530e-01 -2.7971457123637355479672806e-02 2.9966791489735294939933397e-01 -3.4570425260741416417786809e-02 -2.4809676768539960711405385e-14 -4.3077225258030864862305867e-15 1.1622045540891523529580809e-02 2.7746740296578129014726244e-02 6.2310313609231227083284921e-03 1.6052521377236783628461581e-02 
-1.1485152109332335430589851e-15 5.7317137227184836322512842e-16 2.4705971454619668481456074e-03 -3.0125403401296962924149625e-02 1.2814587819421907610717426e-03 -1.7302847751855032765178066e-02 -1.2701384251758268684184827e-01 1.8304987659918045550533350e-02 1.4852147749881239521445418e-16 1.5438143708462723641039146e-15 
-2.0769531065544653909794670e-16 6.2613692511032783349535259e-16 5.4604394545792779569470810e-03 1.3699337441551273641948683e-02 9.4774688837689913256667751e-03 2.3610398070016906657553335e-02 -8.8705306305507825026523960e-02 -1.4291334281727474664336341e-01 2.2410560644833649179830104e-01 2.0192238776337773087377059e-01 
-1.5272686600776731283729135e-14 -1.9919237183848833755341815e-14 -1.3127340426997230471428679e-02 2.7067073594104873457411031e-02 -7.9205190083354026775452894e-03 1.5289688454254740657134448e-02 -1.8332537036047611261610028e-15 -1.2701963369145242784113330e-15 2.4231233775129423779759463e-02 -1.8069064449520146065086834e-02 
1.3826501532237883695941605e-02 -1.0481342104573576623494091e-02 -9.7726534990369928745934658e-02 -8.3169183734659438145264687e-02 -1.6270953105829082643810293e-15 6.2231317375097569220674920e-17 -5.6141001972248009601737736e-16 3.6096683496450816596930657e-16 -6.6649712602986771470270355e-03 1.3155470477075135310451870e-02 
-1.1442858324651623488921182e-02 2.2722990710555078519572447e-02 -1.6637919383689614427623837e-01 -2.8788625004656787087498060e-02 2.7078906212985770496359805e-01 1.3216649809733033160696891e-01 1.7017020871219501265809890e-14 1.5476492527141808139610572e-14 -2.0895910043163226643692099e-02 2.2217827642341710092654949e-02 
-1.1121849175638950923961090e-02 1.3162348514262914300765317e-02 -1.6167527381394983682461604e-15 -1.1743460570313931159372400e-15 8.0874572400617995848737252e-03 -2.9122572455994130691259159e-02 4.3133175036976223459816993e-03 -1.6846985793358047744927575e-02 -1.1369052051258154989454852e-01 -5.9503393681222059574675853e-02 
1.4325766658069691166988229e-15 -2.1728100720142970450202669e-15 1.0069831438141894854702226e-15 3.3364726942156814219068426e-17 9.5922437689987816167302981e-03 -1.1157663360993032297674432e-02 1.6836839055055882741207540e-02 -1.9097645173172077270873359e-02 -8.8433868731677134356061742e-02 -1.4384113435528933511164951e-01 
7.9936466529235375433337651e-02 2.9052514642850735260282136e-01 9.4357550915994632217858648e-17 2.0148799067770011427348765e-14 -3.0484551705899122497900322e-02 -9.8134039189412373971332926e-04 -1.7228234147159311034913642e-02 3.6179506657596158247791607e-04 1.1431498484037677411092308e-16 5.3871899496151304326683426e-16 
2.7193495408493837534047444e-02 -1.3192611512970282491852281e-02 1.5489558577602266856154678e-02 -7.9056443937483445588698672e-03 -3.0550735908952662139848044e-02 -1.2463081821694317607995828e-01 1.6641758209600720406687758e-15 -1.9715674971780973835445585e-16 1.4667820793025437797407981e-15 -8.4923178084210317016883625e-16 
1.4712951417787613686560810e-02 -1.8344693617237408343745297e-04 2.5459756489966702680538546e-02 0.0000000000000000000000000e+00 
13 (band)
6.3774743676678047332728738e-01 (Ry)
0.0000000000000000000000000e+00 (Occupations)
-2.8132237866866638409391044e-03 4.4637931402420616411319543e-03 3.2513453702091854591316178e-04 2.5969729651575956808073897e-05 8.2568153287291169816472685e-14 -8.4958019679483619552742941e-14 2.5603712592685567983608053e-03 -2.9268956889520936215376423e-01 3.1590327072949508924182282e-03 4.9911736551157626085029051e-01 
4.3739131529939704354603927e-15 -1.7084735822919754834972459e-15 -3.9081086559686062376073323e-03 -1.8108667863059646485623944e-02 8.0966549360395601020456979e-03 3.1614579925853147912562235e-02 7.7268384378345600360660228e-04 -2.7061007689619526184188203e-04 -4.3244178150926893500777853e-15 -8.1665052197130813501647700e-15 
-2.9064477750883099521352101e-15 -3.5404358059664717193892182e-15 6.4416171791956688963409761e-02 -1.2633192743012580661066124e-01 -3.7500880573324513189703566e-02 7.4941324980722173743075132e-02 -5.2087589170092263302080937e-03 8.4172906426438487414998235e-04 1.9553514547804295986566103e-04 2.6106110569934504184175239e-04 
1.1774432040540893857048422e-13 7.1198047592187557210402648e-15 2.2124288948707351853961711e-01 -1.9163852194292568809075306e-01 -3.7230435510274900723359792e-01 3.3244186140496689851886458e-01 4.4017758196870378471403454e-15 2.9586921750327885741380848e-15 1.0999033595178064892650127e-02 -1.4906992487204367980879738e-02 
-1.8360032385461078074939678e-02 2.6980487316688450682988787e-02 7.1397260827623168499833639e-04 4.0064104981111375858304768e-04 3.0670871118575580243660970e-16 -6.8932239175532916017347781e-15 2.7569318140239472155167159e-15 -5.6389004975542196835182648e-15 1.3736215593784095734264383e-01 -3.5225519054385645567606389e-02 
-8.1014094724043472783847619e-02 2.1429761773890793757901818e-02 1.6390148536793644473696929e-03 -5.3872610332142967237700759e-03 -5.6646073327354731774541108e-04 -2.8151974459952877616331079e-04 -1.1207507295709257833057738e-13 2.9391497252753687942806976e-14 2.6935450491257106886422434e-01 -1.1408725921302831363135510e-01 
-4.6316044864874156283818252e-01 1.8657467769103341925784889e-01 6.0420822166192476001724097e-17 -6.7541110216805587311515961e-16 1.8493225315200062519593871e-02 -2.1673811883670540678892280e-03 -3.2609696838924714934471183e-02 3.5210110248390102949400671e-03 1.0074904118476633863021874e-04 8.1943185962670729571843964e-04 
4.4044947402488412828721335e-15 8.7411040638085345055621620e-15 3.2582531158333627905422703e-15 4.7749211907790581998182860e-15 -9.2905093370724445289710047e-02 1.0717203503463322566968685e-01 5.5462852466510156879131443e-02 -6.2910257277855763380358667e-02 5.1249441062213157982441203e-03 -2.3332164578222513995342524e-03 
-1.6343612741206298144547304e-04 -6.1108081395545854608286618e-04 -9.7236406482931597353963600e-14 -6.7078170470812021309304584e-14 2.6370544611657087408218558e-01 1.2659853758991287953072913e-01 -4.4624523128882037648068604e-01 -2.2403773142042487931391292e-01 -1.0245155228969263576139613e-15 3.0819792236908421187602997e-15 
1.3855565950548605347325548e-02 1.2438658125547827348889030e-02 -2.4206328790219590330057287e-02 -2.2132408207513578485281514e-02 -5.4803837236274798982299528e-04 6.1747298264338851964128096e-04 -5.0752510654111783537953609e-15 9.9401122089483286165301784e-15 -4.0362513955275671069839830e-15 4.7387459545160834120662829e-15 
-1.4183017042936832408095427e-01 1.1849994368523767036827099e-03 8.3867922798227481639976588e-02 0.0000000000000000000000000e+00 
14 (band)
6.4873838767505453972717078e-01 (Ry)
0.0000000000000000000000000e+00 (Occupations)
-2.8234597269273784719332909e-14 7.2465047880663067167535224e-14 -8.4966078321443466202102495e-15 1.1964545444975524765194076e-14 -6.4515263127565847245392661e-01 3.3542795841093842046376494e-01 4.2313082768804595244300963e-14 -7.1351720296247359943684241e-14 -1.8605070215774245647696380e-14 9.6670971482745161826443508e-14 
-1.3251692664302899826722637e-02 -6.7309635439083415064942528e-04 2.6310429240423304719247425e-15 3.8182304798794616929938270e-15 4.9932515040476620274614227e-15 3.9925718883266995712340886e-15 6.0828667357588249991863363e-15 -1.2557104825604398783955882e-14 1.3850349748241036484941446e-02 5.0291837469158426343618373e-02 
8.1672294015222440810575222e-03 2.8932086803031761834681390e-02 2.6194213076385621106399029e-14 -2.3384354686153268673238992e-14 -1.4320950798545689143667966e-14 2.3910068781417632991513628e-14 5.3949624593120973135767995e-14 -3.4121161636334103183769406e-14 -1.6354291016019560870724903e-14 -5.3068412448113863542987933e-15 
-6.7825531467496358306590309e-01 -2.6211364146264487517967723e-01 1.8290932306244316428303782e-14 -3.4673570340129060636675835e-14 -5.4357801294312227315572920e-14 1.1186274800351481076361364e-14 -8.2586045681629222103836696e-03 -1.0385367964498209980561683e-02 5.5922089477844364202585868e-15 -6.0052729732099366682743406e-15 
-1.1044970296053859825241090e-14 -2.5400395551687793880631439e-15 -1.3728558598253492948063281e-15 2.4700926939735832750862342e-15 -2.8565063370279260290818257e-02 4.3647889511691018160632893e-02 -1.6301192868414124403919629e-02 2.5259461473711289358767829e-02 1.5175278565897226929375908e-14 2.4473839624943675512852521e-15 
-1.2864288488507567572316054e-15 -3.6423119220991417745197345e-15 7.7261064718807533748044220e-14 -4.2928279250235540076607387e-14 -3.0587998584762583151869790e-15 -4.7429253858375556938534755e-15 7.2543751141811496641054191e-01 4.9932055677878998956042977e-02 4.4905989549277105916686567e-14 -4.6875121298638138238507088e-14 
-1.0354729844343512798373171e-13 -4.8649209625904598636084849e-15 1.1903371919022701086454674e-02 -5.9369867336502915589058205e-03 3.7580055265389182538601092e-15 3.0446149690933273315343568e-15 -9.0775795419059853354797290e-15 -5.7923611421309096396741360e-15 -2.9672408122014586711312010e-15 1.4695391764378360277553093e-15 
-7.3827520194877128967281266e-03 -5.1637297085967190368727131e-02 -4.0679402022846186670612667e-03 -2.9783924933360194503562113e-02 -2.5421585738864398992689194e-14 1.8461600345950491406995264e-14 2.3091172185539993111853445e-14 -1.7209990556426133632992363e-14 -6.1129736489580126280326731e-14 -1.0028659201699663229427478e-14 
-7.0908352034620737965194015e-15 -8.0062765069977439403182465e-15 4.4228584615828264725578833e-01 5.7717936851968387745870359e-01 1.4060435517786351552227903e-14 4.0765245548538353081354552e-14 -3.7614146257200602367805172e-14 -3.1036160150889782834486565e-14 1.2325240556564566463126909e-02 5.0026512711476870884363954e-03 
-1.5464558462240394220420120e-15 4.9494353140817093767955336e-15 -9.0535744407926459577836708e-15 -2.2357527102794614675670776e-15 1.0347927496289367670232317e-14 2.2951030906628119729875036e-15 3.3851406640748503418247850e-02 -3.9686241270345049003687166e-02 1.9651074666360957010624588e-02 -2.2747869930666870380564504e-02 
-1.3433381706320809009272460e-14 -9.5387300861028719912333456e-15 0.0000000000000000000000000e+00 0.0000000000000000000000000e+00 
15 (band)
9.0251482995579601631419564e-01 (Ry)
0.0000000000000000000000000e+00 (Occupations)
-1.0604432102420902062078767e-01 -9.2916764889084391132456631e-01 -3.1840025152857914791937333e-03 3.4508689546874748987903558e-02 3.7817973624968052327475279e-15 -3.4607194675725409408301701e-15 -2.0679730675472976497708544e-01 1.0643175664715603945253974e-01 -1.1632659028831474068432783e-01 6.5759230182109607021345710e-02 
1.0486266014550703311751577e-14 -7.8221035212169031394829234e-15 -4.4519905979464841072612558e-02 8.5221724425560418936242968e-03 -2.5898094090403056544147375e-02 5.7106921871573623761264571e-03 1.0414173653240606232106558e-02 1.1107727723455829149656893e-01 3.1418681344882362033230501e-16 -8.0119466474715909193148657e-16 
-2.2567404893141023786763208e-16 1.6515912412081856936776258e-15 -7.3979173697728134451168103e-03 -1.6067198177684354626348906e-02 -1.3061769820931023664001280e-02 -2.4744064927077508153629992e-02 6.2685057123203768991714924e-01 -6.9401461015811305443889978e-01 -2.7990968670108383464789625e-02 2.0432650321661402492701143e-02 
4.1623640330959139276351984e-15 6.8107201716744932802912780e-15 -2.1659315149511468301390948e-01 -8.4736365448506351105706358e-02 -1.2625488090027753296240576e-01 -4.3770503893658663230326056e-02 1.5572635588347251758446094e-14 7.4731718420080284450750803e-16 -3.5834117953778943377329824e-02 -2.7759060539507149356630578e-02 
-2.1410370336091139042977716e-02 -1.5649898556950259109754597e-02 -7.6433278633632473209047475e-02 8.1268508341406406336737689e-02 3.6934280167633395071662077e-16 1.8830693554699656261940846e-15 1.2109159822867404236624073e-15 3.5081401085291477656886000e-17 7.1598526757102182171976779e-03 -1.6174688508691054122934361e-02 
9.9228936447468170378716223e-03 -2.6161321864261333908219243e-02 -3.3098066927015379334875433e-01 8.7494685011562534082685261e-01 4.5224784902102369010812311e-03 -3.4394857061379097151743167e-02 1.0749111631495474135950819e-14 -4.2698820462714381834536672e-15 1.7370870164129206814074280e-01 1.5303319519382224678238913e-01 
9.7307134592157756847186079e-02 9.2784322125688795113163110e-02 1.2890920370558386482115655e-14 -1.8224273555960558022542589e-15 4.1751782489305444556748625e-02 1.9867998165438844476726743e-02 2.3224379087079260325365837e-02 1.1252801122644789932891740e-02 3.7244919334781211028850834e-02 -1.0517934297512442076705241e-01 
-9.1901437071888699078749231e-17 -2.6822142098330812577249939e-15 1.5260914101490945697753090e-15 3.1480376403479296688332717e-15 -1.1357169756078658306996942e-02 1.3763826775952104491951289e-02 -1.8376703689014846354599086e-02 2.0844278748426488256928479e-02 -8.7518876139112300460709548e-01 3.3034046965576813192910777e-01 
2.8790731706381994525756340e-02 -1.9353365903137659254085179e-02 1.1214546289883410154346029e-14 4.1631995232769861541430528e-15 8.3731769542653641802409936e-05 2.3150348776232182457235353e-01 -5.2481844281774513161220597e-03 1.3435053194932808362516141e-01 1.0215685058624318335976300e-14 4.4771611894686202817427049e-15 
1.2707743803293800044507122e-02 4.4457417149068825801272453e-02 6.9177067686128374673915076e-03 2.4862474739051707711690042e-02 1.0352669654120563724752913e-01 -4.1618521215881824903970454e-02 -4.1028157912735486280733944e-16 1.7997393422241310555717137e-15 -7.4899510432470315212725985e-16 -9.1818529008748891120333599e-16 
-1.7835029941305754336289269e-02 5.8304320548996780952666352e-04 -2.7788256422742935169978296e-02 0.0000000000000000000000000e+00 
16 (band)
9.4496232240474431485210971e-01 (Ry)
0.0000000000000000000000000e+00 (Occupations)
-1.5806897939792180229853368e-14 3.9667662294622402399939690e-14 4.8857085602462402963463916e-15 -6.2402500489851773557558685e-15 2.1107086666711832867449061e-01 -5.2584704465702375442148764e-02 1.1363415298673390386456088e-14 -2.5064935150317480898986963e-15 6.4126162464028198559251650e-15 -2.5191291889655814093485303e-15 
3.2045377475829905922211083e-01 -1.1848489158667105392019891e-01 1.4756453186475958770529098e-15 -2.2754478790276972948480961e-15 3.9751189360837938974188819e-15 7.1612917223516185581929242e-16 -2.1073992016260076250492574e-15 -1.5781671427521214107009622e-15 -1.8176416973587072867246661e-03 2.4113642870278458041344294e-02 
-7.1861160369636467581955230e-04 1.3708689756976616402894820e-02 1.6920130631190511969778861e-15 7.7689010274385551256951844e-16 -1.1410753726483646602919102e-16 2.9799132394806811788999446e-15 -3.9077364150333926846956537e-14 2.2015887577244003319863453e-14 -1.1331577667192086534730739e-14 5.6124345762359528845931721e-15 
1.7902803746408293972258718e-01 1.2355170456579703253119362e-01 3.9934450805516665391518289e-15 8.1241957938411307156164365e-15 6.5129863352957550185668223e-15 -3.2727862732911418553504704e-15 3.0079671229853982561408543e-01 1.6202045908320933387258833e-01 -1.0587360118758872229197539e-15 2.9278249976488980899780314e-15 
7.4048340621667667366775019e-16 -1.2251997909580631958015524e-15 6.6700846807430450988479682e-15 -3.5757677317531586942732900e-15 -1.9289938467481490547150713e-02 1.4583204988480298266995128e-02 -1.0758266316920735150564070e-02 8.5266806756307093884128534e-03 -3.2277701014209569747245353e-15 8.7646973828397733271413728e-16 
1.7105454198776156202571946e-16 4.3149123792615070786622360e-16 3.3179922712978322337014702e-14 -3.5403290116596065418716429e-14 3.3878800194811698671630601e-15 -1.3552328045644293688856864e-14 2.1649561989669441341987977e-01 2.1103113389732558458078415e-02 -9.8570808436383103818605932e-15 -8.7206292141861014492255523e-15 
4.8989503116042634322268859e-15 -8.3138502087298589554001262e-15 3.3431056566180838984791990e-01 7.0259154137087387326232601e-02 -3.6189492893677945402626472e-15 7.6587908611541924451188352e-16 1.8517553229920141172300934e-15 4.0380677364936317762141330e-17 -4.8860566285736844363751562e-15 6.2374643201774844356551024e-15 
5.3337828133675109498756939e-03 2.3592090862902134751344363e-02 2.7147273366158429508399053e-03 1.3461227317222230343007894e-02 2.4263065126703572867521155e-15 1.3461190654016122828799107e-15 8.9124935601810324776532756e-16 -1.1030083546855679817169254e-15 3.4767430578711643513948137e-14 2.8495214885674628451343400e-15 
-6.1411224491442920461788367e-15 5.2769510934006189167786480e-15 1.2734144327097840498907999e-01 1.7635150029092039325462338e-01 2.6450194915969584083230127e-15 -1.1683288996388656262886002e-14 3.5374129664471368181587990e-15 -2.9845067717780773390666416e-15 1.6838137451410753464564607e-01 2.9723326827579626963071746e-01 
1.2514163828323814053517557e-15 1.1107712123357302485470751e-15 -2.5778804648090296998136490e-15 -1.8450061389255161107921112e-15 5.0939391540755173906790420e-16 -3.7679915791793618344355114e-15 -1.4169394650451453201989160e-02 1.9602659146746217316836791e-02 -8.3021342226361361654740634e-03 1.0938416372923183070287045e-02 
2.6439301649446964335879241e-15 -3.7996601172857915032272857e-16 0.0000000000000000000000000e+00 0.0000000000000000000000000e+00 
17 (band)
9.8951974837723544187184643e-01 (Ry)
0.0000000000000000000000000e+00 (Occupations)
-2.0317831003356187635766616e-01 2.1000239088631716954935769e-01 -3.7739061646802901650588069e-01 1.6414898099560976119093425e-01 3.0058377594522291451319681e-15 -1.8516646209448457775266608e-16 -1.4164900572463617889340526e-01 1.0929297691301467776447964e-01 -8.4011268867055594045112343e-02 -2.4837311626898800342999607e-01 
1.0185525211450486180546181e-14 4.6981996723537051145376390e-16 -1.9467010182983954247326608e-02 1.0083214891324326911714593e-01 -8.3523774178817025704013588e-03 -8.4003525198651535221827658e-02 1.4765019145114166576604475e-01 -8.8324136295052813050432405e-02 -3.0997907398731137859862461e-16 -2.5489453624292156888380622e-15 
6.2856113776140788930690134e-17 7.8336069715289809110866503e-16 1.6643886783538820728356455e-02 3.2283258273050952080751586e-02 2.4348952189609723850693968e-02 -8.2895591507668037190015298e-03 2.9188934525423870791627223e-01 1.3529226625546980633529870e-02 3.7270286024548510139808855e-01 1.7453121017415135218797673e-01 
9.6341936565254307834255483e-16 6.5675223590106661115348183e-15 1.7565604001233742215148936e-01 3.3975744767087145969952644e-02 -1.3074977498930553942990684e-01 2.2726987156697506242686302e-01 1.1748259338905763388155603e-15 6.9064299426801751426640696e-15 8.8509075890828986521441379e-02 -5.2079076651541114650889597e-02 
-5.7488447849377150022931460e-02 6.1817738701765399811360879e-02 -1.6389573587440942059600957e-01 -5.2344243714180914428535374e-02 -1.4836461057787465940892563e-15 1.4563876306700817423231335e-15 1.3298191700296506519424913e-15 -1.0570783187429214706151378e-15 1.3209229579297016021754985e-02 -3.3834065465285625973201888e-02 
-2.2320341072533812776246265e-02 -1.2782434746625175384093787e-02 -2.7084893810308396933095310e-01 1.0679459066125052135731721e-01 -2.9663130647723529031978273e-01 2.8441588602435302624016344e-01 3.0478284417358572140288466e-15 4.6995286054216078145413178e-15 1.5574073136626109814528718e-01 -8.9630835050797136309697066e-02 
-1.9611818987384291301800943e-01 -1.7307481445783876039534732e-01 5.4516453364418746361904280e-15 3.3297299656959131505034460e-15 1.0046386752839034373074867e-01 2.1784510920512437093243818e-02 -7.4539058506102512380309122e-02 -4.0415895288432299170544582e-02 1.3861048354150709571719347e-01 -1.0193809561578277833593376e-01 
-5.8558674524790300072249300e-16 -2.1216779412050767090789906e-15 2.2641688288165379350679991e-15 2.6406555729363826743976577e-15 -2.3326830283906512669700462e-02 -2.7839672826660152860078767e-02 1.6929114686130678629760737e-02 -1.9202311331424536805512204e-02 2.5922342110958673799814278e-01 1.3254225671210845272085521e-01 
4.0950930708547433889421541e-01 3.4418826473067522242477168e-02 -1.2408174661599617610181040e-15 3.9093686297058851527481146e-15 -1.7022627511849988679593082e-01 -5.7548911872222767438511681e-02 -1.3004822967490302365600741e-04 2.6156685356989090029955491e-01 -4.3378420593012466550471005e-15 7.6031989505440035716915845e-15 
-5.0097144844871203950287253e-02 -8.9765414682942051838310249e-02 1.8977153375254962597296071e-02 8.2640084007186018211221779e-02 -1.6812965136269447663508458e-01 -3.6560385912104982619741378e-02 -1.6075590640812237669702850e-15 2.3572622578008506016810504e-15 -1.2483251738745053192838418e-15 -1.5343062215189321169019807e-15 
-5.4565371150276818432156567e-03 3.5908419582345689480273876e-02 -2.5599290703555131060165095e-02 0.0000000000000000000000000e+00 
18 (band)
1.1292877097250848539289336e+00 (Ry)
0.0000000000000000000000000e+00 (Occupations)
-1.5722956769638818386169987e-01 -4.4946435489556824105505939e-01 -2.2020046250944436128094139e-01 -4.1450732452695870922099175e-02 -6.6884068083343836362853997e-16 -1.5483990996253697984400968e-17 3.6529248247377182901018955e-01 -9.5319767485147921526333903e-02 1.5779489766755194768421688e-01 2.0281024233006661461331532e-01 
3.1182235547362015245917403e-15 -2.0355900347009306071306662e-15 1.9882527663726240474417750e-01 3.2230709755992070775221237e-03 -6.1553096043085953059659232e-02 -2.2119973481909444013027155e-02 8.4793308004401102273561719e-02 7.6902888028760954530760330e-02 6.5427534295713276991534052e-17 -4.0771696619109782760813916e-16 
-1.1325213566333554992151109e-15 5.1091370529073071935203085e-16 -5.1804882461351231537349804e-02 -9.9899690826535145204978505e-02 1.1323503456335842765057009e-02 -2.0631519010957499737912713e-02 -2.3317040931412957860402457e-01 4.1517575013477192591437870e-01 1.1452852535020931201703576e-01 1.9258666566341214876345589e-01 
5.7412868404563623766531143e-16 -1.7646388411041418143429789e-15 -3.1307266571866132487400591e-01 -2.1097384151854231548739449e-01 4.7778569691157790622071388e-02 -2.5248451913368274990290274e-01 -1.5686903967853052170748501e-15 -1.4294976216031467392359954e-16 -1.2906785334946602183947562e-01 -1.5127249600689007813514309e-01 
2.4113355791971130548390079e-02 6.0799859636179336142003393e-02 1.6108869135682893358740841e-03 -1.1446119129575998973891160e-01 -1.1081730830767058923765327e-15 2.6064575091161612377005388e-16 8.4629938772663596913228574e-17 1.1084314794181015627273804e-15 -4.0676680488255304024569625e-02 1.0492426668091719976771969e-01 
-2.2964297986120665862053158e-02 5.1499830320009421652516224e-03 4.7382173613597305950051464e-01 -2.4291849570649837186664399e-03 1.1218027825581744494343184e-01 1.9405259971267294072383436e-01 6.5207174290120010702061512e-16 1.7770297225944838979845144e-15 3.3677002078445095190062375e-02 3.7640914336003777895811595e-01 
2.4458228863616021664384448e-01 7.9703247345591976547041213e-02 1.8261418052896434938228527e-15 9.3256913210958607610356452e-16 7.0715245058831976976421174e-02 1.8546321712478558429992859e-01 -4.2004418462907262832306543e-02 -5.0209418015774026633479821e-02 -1.0120600712806697429879677e-01 -5.3634359432400496858761585e-02 
5.3575405117339750286968774e-16 -3.8243410122367914823358274e-16 2.8870169341498460640559265e-16 7.1283617758018855970696967e-16 1.1147488812587696971334594e-01 1.4994947162696737816278691e-02 1.5664314343095654680215745e-02 -1.7767676950984030714852935e-02 -3.1516609468144773931186364e-01 -3.5381248047197222383886128e-01 
7.1374854069153934044145160e-02 -2.1247695520081139042289919e-01 -1.1058339873633948667790159e-15 4.2899195297784446544257914e-15 2.6007766408146448799953987e-01 -2.7418532477131107860657266e-01 -1.0195888140367603824643083e-01 -2.3617258531599980009296758e-01 -2.0487799023697722298902181e-15 2.1613782496093398572790234e-15 
9.2353181557911778742919751e-02 -1.7569331417598293976212176e-01 -9.8846199277942137229047148e-03 6.4712063147239443083869048e-02 2.6697006633035525596797655e-02 1.1138478454155133212655215e-01 2.6448960307855705364497152e-15 9.0009501592352151549142101e-16 1.1442980760516299088793927e-15 -1.4237622330285151899760804e-15 
-6.2471790348012340432504175e-02 -9.3534884047630537096118530e-02 -2.3686728099796435648149995e-02 0.0000000000000000000000000e+00 