3 (index of k points)
0.1988789169233483866694456 0.114493032000057892716427 0
18 (number of bands)
52 (number of orbitals)
1 (band)
-1.1715481947548280761139949e+00 (Ry)
0.0000000000000000000000000e+00 (Occupations)
-3.7401874040293414669378080e-01 -1.4231940214875551942164122e-01 1.4852849113650945858666752e-02 6.4018814933632511854355585e-03 6.0931934619609331648429238e-16 1.5706641996720523776477123e-16 -9.0517688245764629795253597e-02 1.9146890103802272076194413e-02 -5.2483522966599895076544868e-02 1.0990773178492545952833481e-02 
1.2766894095535789318921218e-16 -5.1029522522317392794251795e-17 -4.4855677882028953395998627e-02 -1.0380879178386464862376970e-03 -2.5031918329723436278388959e-02 -4.2398884318489298049861813e-04 -9.0359367408508108748810272e-03 -4.6185853516350384995181599e-03 6.9103012602140219704226384e-16 -2.5211175994663478952094452e-18 
-2.0025433899479870739941998e-16 8.8842015391602102345404765e-17 -7.0637922313560395221054833e-03 -2.4954569833503456588452707e-03 -1.1999871808781644583197235e-02 -4.2439266169383149662763799e-03 3.8221700905519645496966064e-01 1.1855373629481125163920296e-01 -1.5225517873673582308624574e-02 -5.4566307302715572752349615e-03 
1.8954040524040019919727161e-15 1.2230686258982170674804672e-17 8.9136829087822125328166578e-02 -2.4792760761415646303396088e-02 5.1689842364887862713462852e-02 -1.4264553072025750943274680e-02 -6.9816762752382290532254289e-16 3.0999601595687367032508821e-16 4.4832347527712840262736904e-02 -1.7804718295928851062165377e-03 
2.5009146036633324305942239e-02 -1.1486149586877290873498936e-03 9.3081097574758391716143180e-03 4.0421004660675923653156971e-03 2.5599790394905662616914810e-16 -1.4504118593052392508054228e-16 -8.1863196333314469062879417e-16 -6.6901056672541456317796750e-17 7.2065444914088125707984922e-03 2.0469935849719549797454121e-03 
1.2242671159997459834345435e-02 3.4820740120335793611749953e-03 3.9930914825352942232328246e-01 1.5343514787465437412827818e-02 -1.6540622657121521743572856e-02 -2.3608398922427692445680236e-05 5.6659535354893742531949502e-16 2.5534128096276838804672663e-16 -7.6540063133716598753331084e-02 -5.3263372806905573408897681e-02 
-4.2522429916088094747905757e-02 -3.0416119824542540289735726e-02 6.8570230039451629997733362e-17 -6.1191945427260744832777546e-17 -4.1169780961550689335481934e-02 -1.6471119875345427430168854e-02 -2.4227487532248976470627966e-02 -9.5996740056607937630062111e-03 1.0095237028102247919814083e-02 -7.1976224053766030362006001e-04 
5.4665765900793919449178596e-16 1.7064355847707470933197962e-16 7.1751437850231650805761251e-16 7.0047538991729622874473902e-17 7.3331801686080423652303040e-03 4.5151471741468069548419706e-04 1.2795291142333287820465060e-02 8.0501148463386646564332594e-04 -3.9948463012788304471456513e-01 9.7595910057410046462011977e-03 
1.6509465900309529262646180e-02 -1.0150324768370092443775521e-03 4.4478928850914321887388670e-15 1.5757236137230626031461375e-16 7.9733463653460664999350627e-02 4.8352279378560278355614344e-02 4.4348365579824779170170501e-02 2.7686095093899062979936332e-02 8.0285730350222400252437889e-16 3.4013624011600337919690616e-17 
4.2122771977370805640550344e-02 1.3853545947256587500540093e-02 2.4782448637977946837018806e-02 8.0594747128116765028105206e-03 -1.0030122138843947446340543e-02 1.3522271319369178876196314e-03 1.1374379945918563500499982e-15 -7.8872005464953228750800118e-16 1.1056351196258097920468507e-15 -3.3015829244172461285219419e-16 
-7.3470606563296987981392938e-03 9.8304363291420803578832266e-06 -1.2820589647414840778205658e-02 0.0000000000000000000000000e+00 
2 (band)
-1.1690155758347482439774012e+00 (Ry)
0.0000000000000000000000000e+00 (Occupations)
1.0906385204196070159987642e-01 3.8833790170776549821596291e-01 -4.6836348621132305181102851e-03 -1.5465213833590733122358429e-02 2.4409557996693230127935599e-16 7.1819910159074361570015795e-16 -4.2572864237548774246633343e-03 7.3363298434779219969747999e-04 3.2356559099070321405822170e-03 -1.0210158563366970863039995e-01 
-1.2192484740187751857640633e-16 -4.6177765800832866445076416e-16 -6.1424385643658874212036380e-04 8.5185172950088400289914148e-04 -4.9432421540984532171147947e-03 -5.1276109254283219751613387e-02 3.2762927612210819214300095e-03 9.4919711867570491503620644e-03 2.6426137983092849752328775e-16 -8.5347075196614279978554501e-17 
-2.0391825920674712258803373e-16 9.9325769565544102064761703e-17 -3.8835535295540877381847977e-03 -1.4579972593716548218134577e-02 -1.8911489232130646379048677e-04 -8.8372468707913817004273582e-05 1.3323257804435367779305466e-01 3.8072342963454847142301674e-01 -5.6454615898293451434208912e-03 -1.5140608900507772360821690e-02 
5.7558994266480385200629425e-16 1.6518733638532431024916712e-15 -4.2028204452475214844553442e-03 9.9950255357883206579205915e-04 -3.1817405246178133426671053e-03 -1.0210327999290337575022392e-01 5.1373628460805518165791393e-17 -1.0690908650416874042231692e-16 -5.5954357383732489933381160e-04 8.8873948557638372466871424e-04 
-8.1531413344006764543081545e-03 -5.0864538822561006226052882e-02 3.8658335480275586061582604e-03 9.2675208252475330811259724e-03 -8.6603172724197634562268785e-17 4.3885240568859311714466431e-17 3.1518349508717478779611275e-16 3.7485504049516542331125466e-16 -4.7913742776600123235430928e-03 -1.4307352004540307977009661e-02 
-1.9429067050415801259921622e-04 -7.6323463489140182594572259e-05 6.7649486142209794281576762e-02 3.9702714161865060304990038e-01 -2.4231338467966771071937515e-03 -1.6370308149362220589972949e-02 3.3595494405983341678485050e-16 -4.2805657456589759516943887e-17 -4.5575831274710758289625545e-03 -4.9908962795583607097160694e-04 
4.6603192037730778451987135e-02 9.0822802635851546115830502e-02 2.7021049290646646514885726e-16 2.3438670433208729198645351e-17 -6.4704861836012601827849977e-04 6.5207926842640769049541660e-04 1.7512203831548531912654099e-02 4.8517261384048715466832391e-02 1.1026461047873744019537368e-03 9.9505037385228759655442232e-03 
-3.4911940973498378008522408e-17 2.5616310490889966254786976e-17 1.6371421445066949269729434e-16 1.2832961400106122223445077e-16 -2.7340575419896730006985575e-03 -1.4846273767067659499208077e-02 1.6909350777220832906522219e-04 1.0638461777488956994108804e-05 9.2445535823828958732484296e-02 3.9199595286604849153633268e-01 
-3.4462524992181463312501677e-03 -1.6185855252549431748665398e-02 -1.3228579177374893300011831e-16 -8.4817612790040470928306226e-16 -4.5799278752928522170928538e-03 -2.1193177621080304482564793e-04 5.2214042246338847330644484e-02 8.7717345941568505840457703e-02 5.9666476275457980756081356e-17 1.1123138461932580942310261e-16 
-6.0482741967994948541209599e-04 6.9142105785421751652786160e-04 2.0524071546011796174369124e-02 4.7321923274741127529718909e-02 1.7252675838949334350541642e-03 9.8616329705915797138038315e-03 -2.5684351869979067941618887e-17 -1.7116780467320643648488747e-16 -1.1533969308596452238351552e-16 -4.9376300694217288566689857e-17 
-3.6608677468755812869916078e-03 -1.4645305143612966092270256e-02 1.6942783490242569409932327e-04 0.0000000000000000000000000e+00 
3 (band)
-1.0941185171666929498712761e+00 (Ry)
0.0000000000000000000000000e+00 (Occupations)
1.6144674745983335351073862e-02 2.7660741746821221331842366e-01 -1.5377163757184647563391877e-04 -1.4261103552716050679727289e-02 -3.8490242835117705572243895e-17 1.2572196041277994087645209e-16 -1.5102486510428798222038793e-03 7.0008137041282104268136166e-04 -3.6668660083335927191150461e-02 2.4225449452782549242257915e-01 
3.5949129275245105880266374e-17 2.2756551539651322976517740e-16 1.4658250129573422576578778e-04 4.7408679029210115674075610e-06 -1.0845774620399638646373042e-02 5.0893222838148448328166040e-02 -2.7680731622131173053080744e-04 1.2631466143733591916964443e-02 5.7084193658569681895297285e-17 -3.4733773759006256369665353e-17 
-1.2203578483328160483264844e-17 -5.0489328257057189757115448e-16 -1.5310973089288572486499351e-03 -7.3220333337260731787488055e-03 3.3548593039159878281818550e-04 3.1727494139732065076692225e-05 3.3481140366870915103802986e-02 2.7504786339966807995338627e-01 -1.0489303055129426366087753e-03 -1.4223307121466107275087332e-02 
2.8359930590938336056277731e-16 -6.5981628755681750345334189e-17 -1.4633100473781918658688905e-03 7.9352921731267855171010339e-04 -2.1385017289119106348449506e-02 2.4407890483780811385905452e-01 1.5636149973301991623228510e-17 5.4839747122015547766957109e-16 1.4659093577174464248513708e-04 -4.4724785037940362197872446e-06 
-7.6287610591402408438677085e-03 5.1473808511457316838821896e-02 5.1687522137247674663962371e-04 1.2623921705869782516895583e-02 -6.3418072161431603350735392e-17 2.0930964916353415644967286e-16 1.6414622522232161627152347e-16 -8.6212756211390515847579105e-16 -1.9878303151689008521074697e-03 -7.2114465780261849045529310e-03 
3.3681611138632549205806921e-04 1.0599551309382665344877017e-05 5.7759375951267691307045027e-02 -2.7113520380990185909553247e-01 -2.3471086809311921678178336e-03 1.4032128884824862299907089e-02 1.3219181494565793894010664e-16 7.9158202592930848451979286e-16 1.2188194438088463360247982e-03 8.5572766467473205739824316e-04 
-4.1896459429975260735368181e-04 2.4504127317150231624154344e-01 1.8817421325976247865982268e-16 -5.2940206452300066647923056e-16 -2.7774702430236747341396608e-05 3.3695921449643185738298534e-05 3.0286887170699623023084612e-03 5.1913155068879522635594270e-02 1.6351963700293676087782480e-03 -1.2535431141609354108168439e-02 
-2.0061508170798268167945876e-16 3.5545106834876714286207661e-16 2.1280437285049243190391014e-16 -6.6982287998291522521481960e-16 -2.6226155470516366446931400e-03 7.0091833376473367325787400e-03 3.5420943202469257378439682e-04 2.2284968557161277885950157e-05 4.0620680706774763002453454e-02 -2.7422692164394790736992036e-01 
-1.4613925353166286411760177e-03 1.4151815857290573480442575e-02 3.5620176862187841510536226e-16 1.3765420644274756218319788e-15 1.2701459667367408744309554e-03 7.7750877535953438670496274e-04 1.4968130985215207656713332e-02 2.4458404719771809077144553e-01 3.1911214210839404548561751e-16 -4.9546865068578744126623190e-16 
-2.5604110971648571734582411e-05 3.5373418210151190074763683e-05 6.2823662689139867301713060e-03 5.1620543377723183964267406e-02 8.4486344961339659466459384e-04 -1.2613370161311737022158397e-02 3.0427841190975422972345019e-16 -2.2452183896670631487074549e-16 -2.3440548492066802671730795e-16 -2.4632614832544926464334460e-16 
-2.1773301511028202506747853e-03 7.1600277081475816043365512e-03 3.5490976537386203929283490e-04 0.0000000000000000000000000e+00 
4 (band)
-1.0916140097799269526035459e+00 (Ry)
0.0000000000000000000000000e+00 (Occupations)
1.6312559322548439433298029e-01 2.2953715302499971828709135e-01 -9.2475152905304933148578073e-03 -1.0826455667708761998468958e-02 1.6562902416667667490076240e-15 6.0946371126411584701985808e-16 -1.7886905081088658175936246e-01 -1.1093656577934045415201325e-01 -1.0333437584075745585554529e-01 -6.4057896335655936659314591e-02 
-4.4671586018368689810204183e-16 -2.6396856271036079493724011e-16 -4.0967168205146099746460919e-02 -1.9298011833516443697122966e-02 -2.3391340177516921350342471e-02 -1.1184026368868357423358439e-02 8.7200984296265694750704967e-03 9.0200087187441990721481488e-03 4.5118985352034599263366912e-16 4.4090040158343659244665381e-17 
-7.3657499415357142175209220e-17 6.2946724130040560329181209e-17 1.4582415731949384396504144e-03 3.8791556828377902338411687e-03 2.5041970042926041395414671e-03 6.6329595210806273353210116e-03 -1.7721645921965034631284652e-01 -2.1884147313917287624995822e-01 9.9090662075523167073853870e-03 1.0224435841074731162736455e-02 
-7.9778048536826130346852069e-16 -8.4971466712737435700227568e-16 1.8548185819792903372693615e-01 9.9486377179682783378211752e-02 1.0715269764525151008349724e-01 5.7443073565523743162497539e-02 -3.0008356876553117767754619e-16 -1.9705812309559618005610412e-16 4.2098061045668710988820749e-02 1.6687581840133233757050846e-02 
2.4047433537014585580582349e-02 9.6932028453278768626022455e-03 -9.2692623409094156150533905e-03 -8.4546702812225999618123140e-03 -7.3303696066833245548237355e-16 -3.2865497946900689412120128e-16 -7.5106261934886862980971373e-16 -1.4121002774775776730732932e-16 -1.6989382672079637523476769e-03 -3.7799373092251833602950306e-03 
-2.9157425178814675575944548e-03 -6.4626310597186804526859127e-03 2.6714306025358930396507162e-01 8.9322252814059518999378895e-02 -1.3077347311403121621342649e-02 -5.6067386475122556188654954e-03 -6.3915559962849692181230513e-16 -5.6272092961595512913738384e-16 1.5818560929340663712139303e-01 1.3893131133424413414800824e-01 
9.1550023542790820441084065e-02 7.9893340359264278238704549e-02 2.3648229855339685993647899e-16 1.8572659542098716833727508e-16 3.0432259255228348571176156e-02 3.3446187387681867997368812e-02 1.7402012105772520639268564e-02 1.9313365215238593314284188e-02 1.1171188552911976918369241e-02 5.7210184413850600354534137e-03 
-1.2528001843426419915965167e-16 -2.9853417091466373884557132e-16 5.1672534475799558555622901e-16 3.9323361749413000856145312e-17 4.1208713631619804315664446e-03 2.9278670532989080517449754e-04 7.0874070212674430968569084e-03 4.4590185443470328665455105e-04 -2.7222450510676243773389160e-01 -7.2371944209807970160852619e-02 
1.3403592186258207405447074e-02 4.7745415977742625829316481e-03 3.0201945075310474472560174e-15 8.6303477508712039012250272e-17 -1.6659703534510819644687274e-01 -1.2872460553757858470191877e-01 -9.6385914832216160186284526e-02 -7.3987215560843547224045835e-02 5.1756773791293975243819331e-16 3.4305473614566151776275437e-16 
-3.2472311625516482591624623e-02 -3.1469331607836076303286177e-02 -1.8580369445748385476280262e-02 -1.8182573319736591854756114e-02 -1.1508370484281644705037984e-02 -5.0082845853332384755685069e-03 2.9600687573940557322032307e-17 6.7440350305129774492381596e-17 6.6663293977438529839161063e-16 2.2912237968901789571517188e-16 
-4.1311239941900571026600630e-03 -3.3457303843441219784893975e-05 -7.1014200515741735322827743e-03 0.0000000000000000000000000e+00 
5 (band)
-5.9427572812887052844388336e-01 (Ry)
0.0000000000000000000000000e+00 (Occupations)
-1.9919393369642328546487153e-03 1.4780821359328358277629434e-02 -4.0176558819289727442214399e-05 1.4364350808447959306768382e-04 6.0485090701627509938222524e-15 1.8084946543612966754602050e-15 4.4259038055237698294774873e-01 2.6642368453595247773657562e-02 -4.0271243339566695912390415e-04 -4.9299138289488342312694158e-03 
-2.6268277769233896005238820e-17 -3.2756433676845846755223418e-16 5.5470825810365810559776634e-02 2.6982964101932571665543037e-03 2.3052806657879437030045366e-04 -3.2620338206465482322471416e-04 2.8143404080638637597411300e-05 -1.6532372302981504508245791e-05 -2.3411478301386344998473192e-16 -3.3869459098232031461187676e-16 
1.1385824310917277408280118e-16 -1.2485966378130602680589820e-17 -6.2859203721045853879845211e-05 1.3438678336792422851608819e-03 1.3663969597483154733152944e-02 2.2372901970037564756133008e-04 -1.0599132474521330039840539e-03 1.4876729690569358635632291e-02 -3.1077829048502795704009283e-05 1.4588276743170321136933154e-04 
2.6018354630050521409333607e-16 7.1969434008392767415727994e-16 4.4338991769308855328546315e-01 -1.2006841085717666339771625e-03 -7.1146962276736897944767746e-04 -4.8948992466377053492387894e-03 -6.9889697392442624721147232e-16 -1.0012309668755013452997528e-15 5.5530794240170038011950027e-02 -7.9007003280251800192424128e-04 
2.0959069228573728505861384e-04 -3.4003467119752802186316565e-04 2.7049793258019429751173868e-05 -1.8266888406757303409122528e-05 2.8068378968202761306707410e-17 9.1149214086855987306014756e-16 5.0245351496492247942740763e-16 5.4088507129783741190134957e-16 2.1646994018049880623665027e-05 1.3451629795649742808716365e-03 
1.3651054936097166067621167e-02 -6.3468020828328763210945951e-04 -1.6224644848291658576905361e-03 -1.5085483018143719391446211e-02 -5.4925754617181658454039272e-04 -2.5046442283465503164663346e-04 -7.5029358352246138505030640e-17 -1.3857084362957692900041100e-17 -4.4537371494703459351427455e-01 -8.5705185127831085695193636e-03 
5.8080236756996692255861081e-04 -4.8394055472163240855243416e-03 2.3164634074339993156886642e-16 1.4727191597146810407422918e-16 -5.4025688375754180037269236e-02 -1.6449360454439819652361354e-03 -1.4099981312328967088948195e-04 -3.7464732131924950719881195e-04 -7.8471145032264885601364091e-06 7.0319522242202718576020715e-06 
6.0553599978059155747283028e-16 -1.3127852762271138550425501e-16 2.7453411740540127357975425e-16 -9.3046858133249860022233046e-17 3.3601994851822442273228675e-05 -1.3448514433700067133292677e-03 1.3839972539139539300934167e-02 8.7073726708914583882759075e-04 -2.5664882378513180841150820e-03 -1.4953839875433475731236754e-02 
-5.6390050310932545926667636e-04 -2.1548202182769364554371094e-04 2.1395506519148680521601051e-14 1.2948498663688019119547312e-16 -4.4503301896671793036475151e-01 1.9411640393645835517277831e-02 2.7578749844269547777594886e-04 -4.8663249676479548161411870e-03 6.9712930344172613203486927e-15 2.9114651342365806910316348e-15 
-5.4022367409636701252040325e-02 1.7506109010927237579907656e-03 -1.6424588211081089295963198e-04 -3.6505458882001544243869895e-04 -7.3900900798928047984647990e-06 7.5108006721616351131025867e-06 1.2047113357929737917180615e-15 1.6267985716047862365599385e-15 1.2790680795671132153661744e-15 1.2846225481724833046909175e-15 
-5.0908231838589647995016452e-05 -1.3443075729789016187210038e-03 1.3867336560153863470046254e-02 0.0000000000000000000000000e+00 
6 (band)
-5.9355579345687881076543135e-01 (Ry)
0.0000000000000000000000000e+00 (Occupations)
1.0109986116577098728269712e-03 1.7895735633275539067099658e-04 2.0989678088823710000454525e-05 4.1198462595636378691388302e-06 -1.6760179932107815564571166e-15 -3.4520819099065411137615002e-16 -2.1790811049840802526844641e-01 -4.2250911075419061990743330e-02 3.7724346997955132687607716e-01 7.3137076593422195580629364e-02 
-8.8932137221436448299025676e-16 6.9567096107374929094460405e-17 -2.6902066514176765921195766e-02 -5.8644146701245748395936452e-03 4.7142341054335130945407428e-02 1.0305965662622131040482287e-02 -1.8682221850356399168308075e-05 -3.1886986776412384880785567e-06 3.1524192908913132151503057e-16 -9.5309822069478960805387180e-17 
-3.4733547190761182192313149e-16 3.5188220037978683638060698e-17 1.1434155563099051428066488e-02 3.2653441674081636059145950e-03 -6.6288649659229925692471852e-03 -1.8847923165036389869797517e-03 -1.0202404622313043965065038e-03 -1.1512309679178461818693791e-04 -2.1206947061858799630229555e-05 -2.7937638940669917708703451e-06 
-9.4288057484091648023610777e-16 -5.2612850493781133871406526e-16 2.2013107527602665536292648e-01 2.8484975085222925123007442e-02 -3.8109138120078733802387205e-01 -4.9305443810285100314505513e-02 6.6692399870228818172167370e-16 6.1595728170548103968776716e-16 2.7217211075009201809438153e-02 4.1636478544536340701265331e-03 
-4.7696433351113766418993833e-02 -7.3255371069320153465387335e-03 1.8845576797778458046084271e-05 2.0093400930343285892831773e-06 -5.6076274953475228370659691e-16 -5.0825261678847344407144481e-16 8.0734560201930908363088184e-16 -5.5198512897743925998094310e-17 -1.1616625525690919829013836e-02 -2.5409441884042260895171239e-03 
6.7341315038975295761969342e-03 1.4648432342858818885900085e-03 -1.8072522963706913034370727e-03 -3.3909801770142314336631273e-04 -5.3493030257988809575420142e-04 -1.0188398574759345571738578e-04 -1.2758439770157651427944880e-15 4.4227348626414393045849862e-16 -2.2036931675141704922715746e-01 -3.2920014662066621191627291e-02 
3.8194151820494631754954185e-01 5.6957970250780053100836398e-02 -5.9805321510517974957244979e-16 -1.0866277821044797589656050e-16 -2.6645098621037553721091484e-02 -3.2892170883031552480746385e-03 4.6576175095428766492755557e-02 5.7939633410869391394459882e-03 -1.5393298957026414715059878e-05 -4.4090286776058506916769336e-06 
5.6121538195955456832081898e-16 -1.0817206710819784754981758e-16 3.2054292723175627382174156e-16 -3.0243706695979921968825374e-16 -1.2037522783177214205641015e-02 -7.4543994931141905474492049e-04 6.9875940767194803446282769e-03 4.3962215622013510810117687e-04 1.8249782374837324357141899e-03 2.2495057460959061446104101e-04 
5.4027208822676840022092293e-04 6.8094389366281718456441752e-05 -1.1405984842399833917909728e-14 3.1753427632160798461376552e-16 2.2200153306667191888124080e-01 1.9017950646509684808904694e-02 -3.8476426440838223941298679e-01 -3.2863270349400224012992311e-02 -2.2140218523044276693814039e-15 -5.4604733670679045405298624e-16 
2.6799052255183527376791730e-02 1.6096669844841359712367401e-03 -4.6848073621525189447201143e-02 -2.8579880460090829365216170e-03 1.5639768999017249450885284e-05 3.4337752271750961933875768e-06 -5.1816017370547056789605328e-16 -1.1672760015088574460455970e-15 -4.9861975983124751460637851e-16 -7.7332672784040342326472361e-16 
1.2060576043369786863879156e-02 -1.1873315552637049222336682e-05 -7.0014097595481597155475662e-03 0.0000000000000000000000000e+00 
7 (band)
-2.8999278335681399898504651e-01 (Ry)
0.0000000000000000000000000e+00 (Occupations)
-3.8623740799666634681298054e-16 3.3286073862941897620752686e-15 -1.3807435703082420513413781e-15 4.2363564302778201717342168e-15 -2.6413201228055549485418396e-01 3.7085954596740339228588823e-01 -2.8842665361407532759418302e-15 6.4359625119686028846104654e-16 1.1733700650146045387645216e-17 -1.9884395008846120672373774e-16 
-2.8419173644055467642388635e-03 4.6832801087870190581696761e-03 5.1471438798510712911619110e-15 -7.4689987033892500789616785e-15 -2.5179676964205176013468639e-16 1.3981273295307206389244952e-15 3.1612344025317156512365461e-16 -1.2387674595274779139602444e-16 1.5654139954694345354679896e-02 -3.0992823073516032744700865e-02 
8.9880409626296401542910885e-03 -1.7806838551115537067071060e-02 1.4457324394572236431855191e-16 3.4941712778476581051039288e-16 -2.2664635501225082293507744e-16 1.0993966705532548605050654e-15 -4.9937904822590488948879797e-16 7.9843911798834086693128640e-16 1.6749003149598211475228902e-15 2.7053202719395797023867076e-16 
2.4032434452523626644548926e-01 -3.8671272564161590645781530e-01 5.6448046716873297801578814e-15 -1.0806283032697503942366666e-14 3.8676767975768531481043350e-15 -6.1392439428218312122342805e-15 2.5422438985201120664747521e-03 -4.8524841930307578349856890e-03 -2.4474296667172343009657786e-15 2.7841647200581648857128998e-15 
-7.6531004835968473544954435e-16 2.1216929294946744730303788e-15 -8.4636503185176330554549804e-16 4.6714820910431957262187576e-16 -1.3677194622869703888312642e-02 3.1914597397358794583777097e-02 -7.8522044731808085527013930e-03 1.8336064584590153203613738e-02 -1.2137218088301469844980940e-17 -1.0308888904572443664850099e-15 
5.6540518644514922936532488e-16 -7.2647232597141744408090488e-16 -7.4804584081051619859582583e-15 4.5586692043500651172095311e-15 -4.9300364109963894945194988e-15 1.1888530585060505063379759e-15 2.0452681697513711012170745e-01 -4.0674438552494907028744819e-01 -1.1992022976576367157733576e-15 4.3450314528075654853485483e-15 
-4.0784542203229453244166736e-15 5.7241584414826417822293582e-15 2.8265341510602922173167606e-03 -4.7218073074665667041016626e-03 -2.8773586228403066378210042e-16 1.3607360610252484187655701e-15 2.4489502244165017205736382e-15 -2.2574154227532365220634153e-15 -1.2460010598018676627906474e-15 2.2796757830407767411856826e-15 
2.0090668101635327652543239e-02 -2.8314790914962088136386242e-02 1.1544677699809997861724042e-02 -1.6261102756514801692677707e-02 -3.1172140781364834258034611e-16 -1.1052405682131682078696073e-15 7.6953135491626937220280789e-16 -8.9106726890303960770022700e-16 1.0731087114291665550819941e-14 -2.2518015955357830221999239e-14 
5.5868476834360533548882845e-15 -1.1284682388332332026214893e-14 -1.7858353873943341727503764e-01 4.1878411348962424343156385e-01 -9.3902460325154066649692091e-16 6.8420085204505117501165036e-15 2.5826626107570855550251760e-15 -4.0318287544997644748665921e-15 -2.5244718976289437506466129e-03 4.8899694471766013900704273e-03 
-3.0786440307231676579071974e-15 5.0323689118948324208008318e-15 -1.7358287260770164892018808e-15 1.4877095434918416725302094e-15 -8.6006985782257105870008659e-16 1.4878946519761931592895771e-15 -1.8273123325493328961144357e-02 2.9520421630785276256858651e-02 -1.0500853825257271470516862e-02 1.6953911495108300172551807e-02 
-7.1436636869572900547138190e-16 -1.5793599564378032262157577e-15 -6.9836320569129827338681176e-17 0.0000000000000000000000000e+00 
8 (band)
-2.8894828406809419663048288e-01 (Ry)
0.0000000000000000000000000e+00 (Occupations)
5.2082215531651187733109541e-15 -8.3345726579829256346644494e-16 6.1455814945848119455326993e-15 -3.1219331374968016175090992e-16 4.5034377252926782730924060e-01 6.9894331582091226429120923e-02 -4.1863648004576785331420809e-15 7.5082162818632115913348339e-16 -6.7742775818486631347172050e-16 4.6230063415348225919319124e-16 
5.3384850063366504069328755e-03 1.0375644835504385567886976e-03 -5.0668039392756674192699284e-15 -1.7640067533546817194309839e-15 2.4854090457793847776408411e-15 1.0896285807688927423356353e-16 -8.1765489242238759009902826e-17 -2.8327515265701110302018799e-16 1.8973921504666403647920703e-04 -1.2098074023785439223832583e-03 
3.8972730423284425438357204e-02 9.1176159101203080314945737e-03 -7.5080196153633297509267297e-16 -1.6367687708084896327504470e-16 1.0143825326366207152725160e-15 -6.9357560001928175706687830e-17 7.3598109660014618760884216e-15 2.0512454777457830038429051e-15 5.3947635896989417546970785e-15 -2.9108358401922305056596621e-17 
4.5384382335962597521117345e-01 4.1479091641407048185463680e-02 -5.4003604972853789173752763e-15 -7.4791544121566775299219315e-16 -5.9004456888356458884437383e-15 -1.9834619746476980018269125e-15 5.3930999386269306769547960e-03 7.0031084001075279144021835e-04 3.6981261384841859300618326e-16 4.4630559666913999471745066e-16 
1.4320299685483869982413600e-15 3.2116596137725917721630459e-16 -1.3105912005424606391487911e-15 3.8729800603356769434897305e-16 1.1340037256159067342170532e-04 -1.2193339477450638140554329e-03 3.9468326482040454183941591e-02 6.6525063870698864301744813e-03 -1.4755482702595861204965777e-15 4.1170380274311506854177491e-17 
5.4555902991954152360306621e-16 2.5991360235509622019951261e-17 -1.0055265291357971053429705e-14 1.9140212789667291358119256e-15 -3.4309925812031553620945511e-15 2.6872283106272307929176622e-15 4.4930441044849062093291536e-01 7.6089927884450639372637681e-02 5.5096541250891538540486318e-15 -1.3396536473259706478724644e-16 
3.2746469376445436063441881e-15 1.7322834383020699770533516e-15 5.4175479993543995682614423e-03 7.0798935758374518037450152e-04 7.5979583517879177533419429e-16 -3.0343673657735430229657734e-16 -6.0981104141776749523184199e-16 -1.3531211357845533091116370e-15 3.5758014963290905748175372e-16 1.8087216937067487033660580e-17 
2.0435508502274007339855055e-04 -1.2073211455471959552970818e-03 -3.9850901007324197877768057e-02 -3.6733406863413893030101409e-03 -1.5113687797131918353253298e-15 6.3275680301947420965516687e-16 -7.7861211739987753521967736e-16 -1.8418024942090995098109227e-16 -1.3999849104224890374286571e-14 -1.8553258135824126932016614e-15 
-6.9800538088511388680691044e-15 -9.3111587887927791793677659e-16 4.5319553692902897479299895e-01 4.7727724433550076932331052e-02 6.8344801467169602464383229e-15 -4.6878128449188962479689614e-16 -5.9996552606805016072002350e-15 -2.0287872651697108783020996e-15 5.4513127254563068305182050e-03 3.6642164885091019644464128e-04 
3.8299731021846757546124458e-15 1.2474434209963792346447802e-15 1.5279928034214949426788758e-15 1.2191675723583833862709942e-15 2.1373166758226813400065177e-15 1.8578092892066612620459834e-16 1.2814351482340045917419913e-04 -1.2177703350667763715353686e-03 -4.0002915327450074001180980e-02 -1.1638334096630523640386601e-03 
-1.8999599132874226432131089e-15 1.2528327430157525132603904e-15 -5.9689437919468959197404220e-16 0.0000000000000000000000000e+00 
9 (band)
2.3098822050017682461220403e-02 (Ry)
0.0000000000000000000000000e+00 (Occupations)
3.6806772452951974583562244e-15 -1.6975433489364764213873435e-15 4.3864051036482950337200686e-15 -8.3193646086658402911112422e-16 -5.1489267631580204476193785e-01 -7.5145680010340262788837151e-02 -2.8142998493089397265776222e-15 9.1491229374621296655113475e-16 -5.8197114258771389721967042e-15 -1.1148132656596524591223420e-15 
2.4824017753480202147509104e-02 4.5644235472644583209711477e-03 -3.8696868149466270076668189e-15 -1.6062467515067269050695799e-15 4.2240246759539374464065470e-15 5.2281116235414484189895685e-16 3.0488222347483154081207793e-16 -1.0545017867768595657010798e-16 2.2814623162429920229243852e-04 -9.2972927496594824636755305e-04 
7.9017397720846982434039774e-02 1.6260787067906984360021738e-02 -1.4827396271258905824093903e-15 -3.4750006772306966329957165e-16 1.7802661360445961412913727e-15 7.9772317325829276131546734e-17 1.0024653714747825057213243e-14 1.8038754470299430981610849e-15 3.3619294769820472199470918e-15 -7.0672335214187436768216431e-16 
-5.1859508952154398375711253e-01 -4.2667018527882037692844364e-02 3.0591928195074386063011411e-15 -2.3391369940865868629895500e-16 -1.9847965348073823139973907e-15 -1.0872928092715613536476711e-15 2.5061635750746769080166132e-02 2.9967037284667034924279250e-03 -2.6772164988238927830715528e-15 3.4247415394151808575473204e-16 
3.3264859591526092445784456e-16 9.6534149981273568679556457e-17 1.2267028075240753267694227e-15 9.5831537068211461936288257e-16 1.6931785320731127181606568e-04 -9.4222008697259103642690503e-04 7.9882498204347673897984805e-02 1.1267156664339045973877163e-02 -1.7314286855218599410351104e-15 4.3304634028509813927543944e-17 
5.0504821248388861941754480e-16 8.2786789706862390183359174e-17 -2.1271601173307962931851532e-14 1.0288935842128286241266389e-15 -7.4348451185841538262710980e-15 3.1822132153175988576293538e-15 5.1302723105023861904783189e-01 8.7084446947654520210235773e-02 2.9912283406524268170369027e-15 -1.3528575836787346003439168e-16 
2.6611896575467753316165219e-15 1.4649989044004047147182116e-15 -2.5040488107746946416787281e-02 -3.3046647014094371677672690e-03 1.1489630290381737329992810e-15 -5.4189348615375421585424773e-16 8.3742258110337781208398567e-16 -1.6584493757061688304095782e-15 3.3615240890649842661976007e-16 6.0654219524078849116444101e-17 
-7.1001080024857569829993542e-05 9.5459686261541772805960804e-04 8.0189186793657871166196571e-02 8.8659479680920430522128584e-03 -1.8080483487005091998528461e-15 8.0274066156864782318812449e-16 -1.3227147172476845052821968e-15 -4.5299664469992567108012354e-16 -6.0308284077156163078199539e-15 -7.2236212627667255019323864e-16 
-4.7659279856815380423055961e-15 -2.3002642341399955323319821e-16 5.1748296666835136292661446e-01 5.4699359314146246691112907e-02 7.1735618129368741519420351e-15 -4.8567556665016867116369433e-16 -2.6990694598188846300293677e-15 -1.3002153179404110929065267e-15 -2.5198578037983469790628277e-02 -1.7258384429679020973663617e-03 
2.5151277420980354529341215e-15 1.2673171959126524729056849e-15 2.6212530711343843330359361e-15 1.2685614732425494250545670e-15 2.9470458333877201598473331e-15 3.8312104976817360959764551e-16 -1.0921342916418752102603908e-05 9.5717137839306811429584965e-04 8.0587649229891353264143561e-02 3.8133323455616253278011030e-03 
-1.9053907893136407623185891e-15 1.2467447552544314582339387e-15 -3.4923042533351725549744721e-16 0.0000000000000000000000000e+00 
10 (band)
2.4261704926781056668172454e-02 (Ry)
0.0000000000000000000000000e+00 (Occupations)
-2.2354135928289111318300663e-15 -3.7045975359337083275057719e-15 9.2510001537740504139375938e-16 -1.5434855276828362419408969e-15 -2.8905963861419042837397342e-01 -4.3318588963479287556879171e-01 -3.0419086165471092878730060e-15 -2.2365053412611024082817447e-15 -3.5156308520694769321679322e-15 -3.6575433244993053102339568e-15 
1.5526650664329962048260114e-02 1.9922422841618714350886421e-02 -2.6200157032922750039526981e-15 -4.2635627935297751725823247e-15 2.0357423157977953464968633e-15 1.2906287422995240759484805e-15 3.7335201693217917668163589e-16 -1.7930277328589495430859350e-16 -4.5289527321863178033201081e-02 -5.3309177182781955495194381e-02 
-2.6083114342084042641678465e-02 -3.0704325237707039142343035e-02 6.3575495169704631376786132e-16 5.5491022005332664031620810e-16 1.3801635126755326803256951e-15 5.8230631911810011157642946e-16 8.1605440158311398451429409e-15 9.7028742633708127571375854e-15 5.1489963199599910666131534e-15 3.6568958371995081702640861e-15 
3.1568921251123771565261222e-01 4.1418089135114766197176550e-01 9.1511869897616129952072677e-16 4.6595931026882538985547701e-17 -2.6487113840700368745742645e-15 -4.3992900994439924168327816e-15 -1.6746951646550829739812372e-02 -1.8908184029283434807178210e-02 -9.1448612135332766761321182e-16 2.3086282197152260750209833e-16 
1.1110759250693791779880195e-15 8.4811785346269977303331012e-16 -1.9560438506239955100173335e-15 -1.0960215799002742954500943e-15 4.8547469716086755209261128e-02 5.0360230749160198038261171e-02 2.7959585807296041121139396e-02 2.9005964964906896103036260e-02 -1.1823472045596155242951479e-15 -6.9135496143775853608974275e-16 
-1.2471260230747902254475144e-16 -5.4285596606121291053460216e-16 -1.5305487968111018636699285e-14 -9.6963621290515533811850561e-15 -6.6497289107221101387011284e-15 -5.5572474811709306834259354e-16 -3.5887098943444267762359345e-01 -3.7740716743575747349481730e-01 3.5839152103113556499998565e-15 3.2433013141467994273807033e-15 
2.9718045728438468738741441e-16 6.1147404684462778565156956e-16 1.6020680141676169744302527e-02 1.9549948219634179918946515e-02 -4.3623948815462553144316081e-16 -7.1951672009727177946772458e-16 1.3555861103456629873867180e-15 4.2103149661765142225759385e-16 2.1413043096814783971064937e-15 2.1787251548829179443257153e-15 
4.2025443770876670657177243e-02 5.5924502670854206454187363e-02 2.4204701375889436237853758e-02 3.2206837769911844659986855e-02 -1.1811035132341450807256492e-15 -5.6020989425373357009568646e-17 -6.2527418557690032794087385e-16 -1.3634187616376133155635088e-15 -5.1134006558017332447233652e-15 -6.8392998339768061421932605e-15 
-2.9375249345121644263132494e-15 -2.9271394127814917799301076e-15 3.8186043162895361158248875e-01 3.5412874472948052684273534e-01 1.0444106202146395430109939e-16 -1.8698248992531857613918315e-15 -9.5810420566323991943837246e-17 -1.0455596589039511714184130e-15 -1.7216618394399973990260833e-02 -1.8505424033216321538786175e-02 
3.3168244783438615770291638e-15 4.6057429683326446884415873e-15 -2.3805024058673745436222150e-15 -9.4915175531196602041256850e-16 1.9697892544604322968646552e-15 1.5587364974697461998530292e-15 -4.5454044734512491499067721e-02 -5.3175348991750970295555589e-02 -2.6179223002972526468390413e-02 -3.0623459158256309542434082e-02 
-3.3802169082288795651624243e-15 -1.2859508990434773161919852e-15 -1.4070161451439798729220741e-16 0.0000000000000000000000000e+00 
11 (band)
4.4590431334963476217581047e-01 (Ry)
0.0000000000000000000000000e+00 (Occupations)
6.5874947352596979754935091e-01 7.4906244633345664407642062e-02 3.2199109753377336273771903e-03 8.3985309107317829280248134e-04 -3.6288557984176344909309412e-15 -2.3927535644677234295100150e-15 2.2250263637712705544480229e-01 3.3856806792846000364605175e-02 1.2860927468294877651366903e-01 1.9609676871023509758806824e-02 
-6.4724784390516283585200299e-16 6.1711088666378616211724606e-16 -1.7676776314146269708516002e-02 -1.0439499591576601594811180e-03 -9.8065312380315513424156038e-03 -6.1497774035202019959900355e-04 -6.0830783190617694622392975e-02 -5.8280219236241416480570621e-03 -1.1615653621876149331595152e-15 -1.8294631007758912285842925e-17 
-1.5151200638692868067332323e-16 -2.6704206820897396616877243e-16 -6.7672072913072464639405723e-02 -8.4260141797256708773300460e-03 -1.1704674407888703002722508e-01 -1.4579629047458266682957273e-02 -6.6215298392625532297728341e-01 -3.3395212586855398118057536e-02 -3.2662920283991598267847589e-03 -6.3601594985922922306786909e-04 
2.5980540501022014103011420e-15 3.0549109667647406141957163e-15 -2.2418946473831016796829374e-01 -1.9818941983520396710183320e-02 -1.2958679545873749705542366e-01 -1.1495538479847191085103653e-02 -1.0223103769419556260429084e-15 -1.0801143638336586163365929e-15 1.7707445394267194022086542e-02 -6.8044005949807881070134918e-05 
9.8257950607635070883194572e-03 -1.9929689216956203434705230e-06 6.1076692059211713792254983e-02 1.9969251736264171520618405e-03 1.1909800316787658919385441e-15 6.5642709943272877082237915e-16 1.0339643270307533404495132e-15 2.8871038665269277571309804e-16 6.8067611344775708070997666e-02 4.1602227498523432908106301e-03 
1.1773124154866577983913345e-01 7.2014336100170110027685055e-03 6.6320291249460250337932621e-01 4.8816780204625591366163206e-02 4.3399811223932887802035019e-03 -1.1609903295195858619059948e-04 -9.6954675740312949706710544e-17 -7.5261981231495386479586487e-16 -2.2360331715099115990064149e-01 -7.8479819453043109245271580e-03 
-1.2956764206495210989267264e-01 -4.6520393686690503232128435e-03 4.4827689775812497696121023e-16 1.6568597419404415481150334e-16 1.6574773603236149510653519e-02 2.1308273044032882345688584e-03 9.7204537766164313128403052e-03 1.2717709335373951484715604e-03 -6.0766691994310735591700023e-02 -5.5539886387890565269676024e-03 
1.4726489338676544350695903e-15 3.1416904281971897452536481e-16 1.8872123007893631463540722e-15 2.7428859767627113892027868e-16 -6.8065148895147531415972253e-02 -4.2669729273764169311111694e-03 -1.1770864055499406786164940e-01 -7.4055999533852844701753426e-03 -6.6495946403920336287285409e-01 -7.0775960118699444978407342e-03 
-4.3241272425073775526049857e-03 3.8837960744839356355684323e-04 5.1976686423415617809672503e-15 1.0180113741820590179609368e-15 2.2365486594550565424555089e-01 -6.2076727069646352868970141e-03 1.2960407388626146718557663e-01 -3.4927599281592541097252180e-03 -4.7754402870426307701862136e-15 -6.2837080660221292988081756e-16 
-1.6675862827130134846687071e-02 -1.0858839578691673911914339e-03 -9.7811278389394393228961633e-03 -6.5890904139565345531970308e-04 6.0995520641252298776890939e-02 1.7274569505640467899365564e-03 1.4130331353288185587013438e-15 3.0228464815625895311346479e-15 -2.6014943991195523358659863e-16 6.5493847736819556847375344e-16 
6.8198763317245086890139305e-02 -1.5293030124377592418594141e-05 1.1794137090933975997586458e-01 0.0000000000000000000000000e+00 
12 (band)
4.4667097818828421784687066e-01 (Ry)
0.0000000000000000000000000e+00 (Occupations)
-2.0532063486024701437493434e-01 6.3039527928820249247365837e-01 -8.3202377355648393653098083e-04 3.2539614344490094127726465e-03 -2.3609245611300030942551778e-16 1.7113330835698010749770928e-15 -1.8242824754808956155827104e-02 -6.3099002839272621406818686e-03 7.5798063788805603024911761e-02 -2.4853314313153965220415387e-01 
-2.9284998039484777922730650e-16 1.4211472139078048079108821e-16 -3.2647160513617767829686045e-03 -1.3950155896110625480810441e-03 -6.7695874514784471626116513e-03 1.9101990692590557069374668e-02 1.9448065341171653919172257e-02 -5.7979195723434732989698404e-02 -2.7003956263036979175526695e-16 1.3672898952605808694700161e-15 
3.6319796080740173734000807e-16 -8.9497780075306180755272235e-16 -4.1503225666032851626230382e-02 1.2977320975394582291961854e-01 -9.2791317326418321087544427e-04 -5.5001811478040630795649513e-04 -1.6533263439419065843338785e-01 6.4204352754475157993852008e-01 -6.2606403570832601379603233e-04 3.2997836898798413307609678e-03 
1.0310737905731458225780462e-15 -2.4724418236784943598389334e-15 -1.8603028624823114006714420e-02 -5.1519726906011217501535349e-03 6.0042968446583785957493262e-02 -2.5280211954878684110781251e-01 -2.9296777264344135173506419e-16 8.0563672118528807409558703e-16 -3.3458676335885728647667747e-03 -1.1872696282212748253304113e-03 
-5.5568052973666449273482115e-03 1.9489363190368914208194795e-02 1.5769145205435191464671263e-02 -5.9085941152036421109006170e-02 2.8087287470981277444141227e-16 -9.5609770554273759890273378e-16 6.0266837152522724579296899e-16 -1.5714840610707527636402440e-15 -3.3272801269128828016707899e-02 1.3212314106933933932630509e-01 
-9.6061807153887280447124297e-04 -4.9066863071765137727098249e-04 1.7865469778131240485841147e-01 -6.4053559862896380927566042e-01 1.4185015536591922408193867e-03 -4.1442274777545723418725743e-03 -5.3801230985596101758932247e-16 2.6700390504186781322472607e-15 1.8930020751278239798942593e-02 4.6278701312572386589172524e-03 
7.4147828842536539495355896e-02 -2.4760019383191217423600961e-01 6.3667803434812990131084138e-16 -1.1575659891483815864590177e-15 3.2460396698657870140358739e-03 1.0683104988464591986185859e-03 -4.7051852598577080175057397e-03 1.8810753193596773530371635e-02 -1.5886897965979418501092368e-02 5.8962243517832926831268026e-02 
1.5242793499690778446701114e-16 -8.6213374898299281399740796e-16 3.6521747696488212825850354e-16 -9.0951896728983682920636093e-16 3.7294705491960747356650074e-02 -1.3103806922679078761362348e-01 -1.0875557014113435352897774e-03 -6.8423203782971148134706141e-05 1.3808260052923151950388103e-01 -6.5048946922429862205206064e-01 
1.1554842684916577510989555e-03 -4.2251182409460876637785631e-03 4.6923385786088929982632449e-16 -5.9548069607604579458387339e-15 1.9183253049526324818252476e-02 3.4301122465765165013562576e-03 5.8454570233619912444922306e-02 -2.5176739210466037022229102e-01 -2.5579399419594773575479527e-16 3.0132206360327234157903891e-15 
3.3067141232750816431940066e-03 8.6238191500535897951462694e-04 -3.5147636857987452248253124e-03 1.9069075496120985874215492e-02 -1.2153278898670709026741399e-02 5.9843441575221770212245076e-02 -3.6446788771803486277791789e-16 9.3491898672839266530625610e-16 6.8424722476842394735215086e-17 2.0431279347041835280015399e-16 
2.8993164465049615224900847e-02 -1.3312124946425113458658984e-01 -1.0897059870370786466287072e-03 0.0000000000000000000000000e+00 
13 (band)
1.0675262006718055918241816e+00 (Ry)
0.0000000000000000000000000e+00 (Occupations)
-2.9438747216341532020322802e-01 -5.5846791105047755010559740e-02 -3.9348751593185943287167561e-01 -9.9734261419986966479278578e-02 -5.2295923813356797691225318e-16 2.0701102987995919107937216e-15 2.2981985610619048987501856e-01 -9.4019452240198080061883701e-03 1.3325962221402284924032244e-01 -5.9785539552366789850523787e-03 
3.2983733292765760763624603e-15 6.7055365712880796188008480e-16 1.4514418621246594209850400e-01 -1.9786841826400763250104475e-02 8.3195480521773376714200765e-02 -1.1436358348758673617040493e-02 1.9121746408738982125896655e-01 4.0043390451236754445929478e-02 -2.6996390647065291429711856e-16 -2.1751282699348275871712716e-16 
2.7224839690857359379242146e-15 -5.5834761680793422697769763e-16 -8.8789687943054678570531379e-03 -4.1524460171101689257011635e-04 -1.6212439863624573260780792e-02 -1.0260300518731453600640435e-03 2.9731321476062672060081127e-01 3.7251847899470100222707458e-02 3.9897342429169913025077676e-01 7.4830173083215156815128921e-02 
2.5419526644087058884909225e-15 -8.5013373597542413204882532e-16 -2.2877600609235537731933618e-01 2.3813900795881269567555449e-02 -1.3262126828128217859159577e-01 1.4334197555507636329119592e-02 3.5729272677653964334388770e-16 -1.7204765805141607314666664e-15 -1.4361535123788837786662498e-01 2.8861475872872823650316931e-02 
-8.2313218363105650210442832e-02 1.6637678752222842537555891e-02 -1.9335448539136898538082221e-01 -2.7957730053934776864865697e-02 1.1573526933814460289522642e-15 4.6929388275060244361795434e-16 2.9623989752011839499743753e-15 -3.6183362812879820954668716e-16 8.8875216019005838508082462e-03 -1.4308985211892132072275530e-04 
1.6244873276949862300755356e-02 6.0178940616949921915690425e-06 2.9970260068197940306333749e-01 -1.8590142227066962926640414e-02 4.0359883997361711838181009e-01 -4.9566440689529728258477803e-02 -2.3232709074109595114670353e-15 8.3401927459852218357461016e-16 2.2682468829901999973763793e-01 3.8089095723632601653285690e-02 
1.3083619478587288353921281e-01 2.2571104903592102003395681e-02 -4.4507475860839820864007450e-15 1.0777092842666429969459910e-15 1.4087382321966890330600108e-01 3.7837553533767075142346670e-02 8.1484467076483477199211336e-02 2.1808542248824398790407741e-02 -1.9489008033971319533428357e-01 1.5720571680704394784688915e-02 
-3.2435322345877381980214234e-15 1.8126414146151324622212547e-15 8.0379633513147711483566490e-16 1.2355002059468029103979501e-15 8.9741699629257241227486830e-03 7.0103438326427677113050763e-04 1.6204114904959650983462538e-02 1.0194764973919757597431435e-03 -2.9794392137188019376026205e-01 3.7371940828713409721295591e-02 
-3.9969012729467073841149727e-01 7.4810813484180296861758563e-02 -1.2384787083091901925784467e-16 -2.5448208342842490975628181e-16 -2.2876873569875996738964830e-01 -2.3771495573445659138522856e-02 -1.3199527084501735951782564e-01 -1.4311293339891631437588160e-02 1.5941308374951185074586411e-15 -1.9877260208531333317881646e-15 
-1.4297168055321457513784367e-01 -2.8917349216989469973260185e-02 -8.2693045791794858589973671e-02 -1.6649056050961820452105400e-02 1.9351840642167353334635038e-01 -2.7926800118969506009358739e-02 1.6539557161274793912503763e-15 -3.8331653335078960993633278e-16 2.5581361591342264307323488e-15 -1.7553828702936077816831585e-16 
-9.0004798015665722632494550e-03 -1.3615825771337558948784197e-04 -1.6236153244599357825528330e-02 0.0000000000000000000000000e+00 
14 (band)
1.0700741504804229808911487e+00 (Ry)
0.0000000000000000000000000e+00 (Occupations)
-9.5612886737369510298245601e-04 -3.0623449084655129937004858e-01 -1.4329106658832373513701164e-02 -4.0435151864393459320012880e-01 -6.8513736363212870688122591e-16 -1.4838021726483068111962153e-15 -2.4647445351348655495637985e-02 -1.6911692377509423765302721e-03 2.9963982567272860746410146e-02 -2.6791591358260014033021434e-01 
4.5210949127845328310067431e-16 1.7610294799567367346896877e-15 -2.7133403558991034398850672e-03 2.5555681143826867313118001e-04 2.6848740314035245135837471e-02 -1.6656544357353439411717488e-01 2.7382102658626639515859758e-03 1.9644264373966346948208184e-01 2.0595226399870527261272505e-16 2.1875177397488544047497773e-15 
9.6740523846524226109331887e-16 -9.4431107655418117434830366e-16 -1.1419710848065637697618113e-03 1.8618684702663056140803377e-02 4.2435539774751188102364097e-03 -1.3754524594682430646552795e-04 -2.0182864943733364038180866e-02 -3.0557017120352669703464699e-01 -3.9690273368412076759881302e-02 -4.0265389123625194844890984e-01 
1.9317294288934668185303393e-15 1.8426493002995724949953162e-15 -2.4704998642926065399727520e-02 -1.4020620262541181634541321e-04 1.3082276088417513215667043e-02 -2.6926869675913756019269840e-01 1.3427920861654712787892381e-15 1.2442504101394128031666252e-15 -2.6919396533750172481602725e-03 4.2542457922407851591412031e-04 
1.6337029720523813663968227e-02 -1.6792261107182235302381912e-01 1.5067542691663021736658834e-02 1.9588307541038971204550023e-01 5.8105317136795831296962235e-17 -2.1005770702963348516133462e-15 3.6880364420702738594753717e-16 -3.2594295989508065814119585e-15 2.9359219695288506224439828e-05 1.8653649939127863593979484e-02 
4.2265437555803900618323077e-03 -4.0372879073904337048073199e-04 1.7906855223594687204213827e-02 -3.0636217147293087759152286e-01 3.6471796069349027291650600e-02 -4.0368612719787749787414555e-01 -7.5788078914066359932979736e-16 -4.0476875471750865882622320e-18 -2.4673825785586508962943242e-02 -1.8026966687520809551337209e-04 
1.5172062143216563656622498e-02 2.6882986409170495090137365e-01 -2.0471965436935663171592377e-15 1.6980497702058975219467364e-15 -2.7546548299441746265880937e-03 2.4726247305226223011792586e-04 1.7802795092465021481453746e-02 1.6740757976721873379055694e-01 -1.3436232576808490937758656e-02 1.9616490625121943414121972e-01 
-3.3169478790484923217556979e-16 -5.0447674936614233324479394e-16 1.6478829966558285263594294e-16 -2.0578896273291667136105096e-15 1.2443551638079228954802957e-04 1.8704815593459038491896962e-02 -4.2256042532286533161545172e-03 -2.6585248555520228901788427e-04 -1.3651197753397317953549805e-03 -3.0688201645159979280563789e-01 
1.1052165657936565551500152e-02 -4.0517962786210204306769356e-01 2.8438239565241854777968777e-16 -2.7714042837390945375774894e-16 -2.4636456852455967947435056e-02 1.3693683942683830632308650e-03 3.2022090375721602717451475e-02 2.6734672809912984892122267e-01 -3.6830184124867210349735311e-16 7.2409720482741374343750845e-15 
-2.7336934086340733407460846e-03 4.1974076514747200947891281e-04 2.8279274249798390383769942e-02 1.6595939239635937312300484e-01 -1.0924228643182675758949163e-03 1.9662148764213147056345576e-01 1.8219924897160729814198112e-15 9.8815094152140258682334590e-16 8.8206919470147324161295217e-16 -6.4504760275251963883968444e-16 
1.2986750601361209123130180e-03 1.8660092541883801370294904e-02 -4.2339590041534655787125452e-03 0.0000000000000000000000000e+00 
15 (band)
1.1872858608805654245799133e+00 (Ry)
0.0000000000000000000000000e+00 (Occupations)
-1.1880031598577599216692846e-01 2.6954382285887218406728039e-01 -1.7891254882831797434761256e-01 3.2650040470348873355987962e-01 1.0870850826565153065121488e-15 -2.1787029492292544411356766e-15 7.9899062147208883832849580e-03 -9.9227370253653218723499663e-03 1.3789467386476580990084528e-01 -1.4663034189996454470517051e-01 
2.3901705890279464996041726e-15 -3.5837100674493042453246466e-15 1.9223492500764355339626377e-03 1.6557609422711500393732287e-04 1.6903740579125833831675152e-01 -2.2878273432438406276290266e-01 7.0250259041368903756286102e-02 -1.4143552745093351807881277e-01 -1.1433032170257858048968300e-15 2.6101373888668765714422768e-15 
1.7467628527444116774460321e-15 -1.1138614734558549197727941e-15 1.2515095444777250138779223e-02 -2.1903941237379410955643522e-02 2.6815071795193053116879156e-03 4.5055677666196482233917919e-03 -1.0164109402644247448499470e-01 2.7647147325703819165099162e-01 -1.5805837574417103130741680e-01 3.3709014262820197194159277e-01 
1.4468599920271552034686195e-15 -1.0707068654786200258284132e-15 7.3510861469459299818995923e-03 -1.0404847132575140156163229e-02 1.2841557487828134109797418e-01 -1.5499947862696103473290066e-01 2.6430027405506012984729309e-15 -2.2024226361463031689564442e-15 1.9289525418798927902663820e-03 4.4544059657073212243894034e-05 
1.5433846233625653221466223e-01 -2.3894523038806217418716926e-01 6.1230825953823349305782386e-02 -1.4556748700776211968843654e-01 7.6263686041840677217159227e-16 -4.8450526411259579615201551e-16 2.1848903985853852567852405e-15 -3.2038112097438589033064240e-15 1.1115039912679045355781149e-02 -2.2646548157757687841362682e-02 
2.9591227784662391814274329e-03 4.3283038289201724441168651e-03 1.8618206272851101079623959e-01 -2.2915807908129520731321804e-01 2.0907654798543279239808612e-01 -3.0794937418984119625875451e-01 -1.2631473273034591641319550e-15 1.0635282909882952563371403e-15 5.3958221331312497190402233e-03 -1.1559279914427379731822754e-02 
6.7490620225003322696366581e-02 -1.8920901908178536232618683e-01 -2.0284367038110447035762535e-15 2.1446416175121750640202236e-15 -1.1781973693394062491918151e-03 -1.5019608887658839058154570e-03 1.2698793384548293095015481e-01 -2.5534444540409867441255187e-01 -9.3704376709682957180547191e-02 1.2666763175239922900594536e-01 
2.9797737683102025639107389e-16 -1.9618856206189773577996513e-15 1.8885383842174760260173383e-15 -1.3790804282619043837804900e-15 -1.3788535518682164260351186e-02 2.1113624879508515602699603e-02 5.2441291056167099737805870e-03 3.2993263770329773164335929e-04 1.7142572011710741075596331e-01 -2.4039635640398360205693962e-01 
1.8932768198282315386116181e-01 -3.2046973151339802621251351e-01 5.4987170891899825075888232e-16 2.9762736235446398654392486e-16 4.6593615195933621442314632e-03 -1.1875276791105556645211649e-02 5.5476910295023738883823938e-02 -1.9307342941066077401934820e-01 -6.4947811626541958662705407e-15 8.2543716795297850147742448e-15 
-1.2701813703918226824973736e-03 -1.4250174872762789990421339e-03 1.1070414177988022186305272e-01 -2.6281421980919467129567124e-01 -8.5565946121679267721837903e-02 1.3230142861127311415536667e-01 2.1964404509818477567472173e-16 4.9686180161916779622861667e-16 6.6934282977346816746246297e-16 -1.2025982287060848833435766e-15 
-1.2435591518198547619777905e-02 2.1937751272529518176135355e-02 5.2544976564641307850700436e-03 0.0000000000000000000000000e+00 
16 (band)
1.1891987360001774476359060e+00 (Ry)
0.0000000000000000000000000e+00 (Occupations)
-2.6690443141678282801265709e-01 -1.4527256264394688978214276e-01 -3.4881445825017931561262685e-01 -1.2248860279705783837833621e-01 6.1022509066142945286348660e-16 -2.1675506255121874418909665e-15 -1.7487521408708917025620622e-01 2.8782802673910829610592899e-02 -1.0947550254800561542189996e-01 1.4855419028945691245491290e-02 
1.3322925875837544747087768e-15 2.5472289479405740522952033e-15 -2.4545339053079034963289473e-01 -1.6864068966611744926353822e-02 -1.4163197526800055947582280e-01 -9.8072212680516204774683331e-03 1.4560375076304943320337770e-01 6.4287739170916263775623634e-02 2.2083968911080635304990402e-15 -2.9645249994502631353256584e-16 
3.9526008450571342566928513e-15 -1.7632450376287783008740358e-15 -1.1164390859820719562045532e-02 -3.3770070105687650593995208e-03 -2.1922598566923620633239977e-02 -6.7207851823110681052653170e-03 2.7549949617148039582303909e-01 1.2822683251257782632848148e-01 3.5581727560171538815581016e-01 1.0034465846638915276223258e-01 
2.8298406700546090204528022e-15 -3.6675248098687671765937247e-16 1.7272285066516945839509845e-01 -3.9706511932971554068583231e-02 1.0832669817251988630957271e-01 -2.1700128933547526560721153e-02 4.8638174706609493575610209e-15 -4.1354506716857678040636891e-15 2.4602794798485941307752967e-01 1.4186456670764943654994283e-03 
1.4196829743631619868970972e-01 8.9472364814488166990386064e-04 -1.4935309556273362874279087e-01 -5.5018346846959033380475290e-02 -1.5283856022580519969307525e-15 8.8046844190584610969859829e-16 3.0666767419785205028849294e-15 -1.4494238168101146086897765e-15 1.1354404509384213861622470e-02 2.6693253563242983622538773e-03 
2.2301340919628417913678220e-02 5.3309918945256178426927995e-03 -3.0172496997026920784179538e-01 4.1689867515063719349832638e-02 -3.6953710894679048237776442e-01 -8.4292835913434352446138575e-03 -3.3493023637657622108854339e-15 1.2834157581036259436603208e-15 1.5309385738794992204425682e-01 8.8533236602145071181269032e-02 
9.7023697902448441388045808e-02 5.2510000435765979975855089e-02 -4.5270823818911210214034686e-15 1.8656056688773136184081592e-15 2.3635489905989115477780160e-01 7.0879868089167394340499584e-02 1.3615848677263001076376270e-01 4.0894449610332450628646939e-02 1.5856581805798236617377484e-01 -8.8341660298414340785067012e-03 
-3.4145089395969012820335955e-15 -7.0329328575109244954120505e-16 2.6694857817154682510583908e-15 -1.7686295178546140739969189e-15 -1.1627416915784316228665851e-02 -7.5006834813957294454123126e-04 -2.2883216378678832708670754e-02 -1.4396899441556083691640122e-03 2.9851185622437736988388224e-01 -6.0553069703987771887909730e-02 
3.6933719097123796082371427e-01 -1.4790776730396526517097300e-02 9.9691595228426012567473039e-16 -1.8654841411706287962621845e-16 -1.5835080955318167617029701e-01 -7.8745693641073297164290068e-02 -1.0012937400531295162320333e-01 -4.6314215546725996663912639e-02 -4.6212350808916552268523588e-15 4.6729861385758237880299584e-15 
-2.4033909039822615172354858e-01 -5.5899155955192889044802484e-02 -1.3845759283813241502514302e-01 -3.2264291632671963927503356e-02 -1.5769822276245032410812996e-01 1.8773163916573465392900744e-02 1.8038815035745983191805347e-15 7.1872948823210634623038444e-16 2.5689757191305579070157582e-15 -1.2354262014279720827290646e-15 
1.1651570045774103240310282e-02 1.8496710660284790684985967e-05 2.2928460457887780976626857e-02 0.0000000000000000000000000e+00 
17 (band)
1.3836207043515553749557512e+00 (Ry)
0.0000000000000000000000000e+00 (Occupations)
-4.3515342253333836805562207e-04 -6.8713901511745917316531518e-04 -3.3875006000913870582436083e-03 -8.5363645265507798187698540e-04 -1.0984427276624947550115013e-16 1.3437837496987981460074627e-15 -3.8832245621732208729071090e-01 -7.2654249589160641020768594e-02 6.6958826327743614648113635e-01 1.2632696034170118326578347e-01 
3.8454868594902234579426772e-16 7.0755035150708914329134153e-16 -5.0911035025817737154074649e-02 -7.3087764113001288390769616e-03 8.4591510067505218395389477e-02 1.2620848077577059842546703e-02 2.1023104981239626801170495e-03 5.7133268655013740369708053e-04 1.5863786578451497189942230e-15 -5.7124815411704633017944380e-17 
2.1418915738694596665871034e-15 2.0323962329686601332775834e-16 -1.1877255104472325686337797e-01 -3.1462601672277733244609266e-02 6.9459157479822133951508079e-02 1.8342127198593877190901935e-02 4.7744056246845807678358398e-04 6.5845959363176886913748831e-04 3.4344164177983636451751970e-03 6.3924907377005402153713476e-04 
4.9038944299711159441289861e-15 -3.1436894749222864586243255e-16 3.9211818862321384804303648e-01 4.8127914253289133528213029e-02 -6.7619911926311637717645908e-01 -8.4033888020263458606962104e-02 3.0521253138292821115943191e-15 1.4608339188762944607991980e-16 5.1269495594658855142089493e-02 4.0976238715415905233818705e-03 
-8.5217057653132838312970421e-02 -7.2843988518646127922062661e-03 -2.1340363447628803161837396e-03 -4.3820012368993212920065261e-04 -1.8699481652212067342702364e-15 5.6999091349554941634102617e-16 2.9042271706281415171002763e-15 1.0775572305777134158156857e-15 1.2051373365098538847917098e-01 2.3942727228926027893685102e-02 
-7.0473807393546028521313929e-02 -1.3944556616288725225949463e-02 -3.5116241225265553901890847e-03 6.7880531365020757572636967e-05 -5.0489416392385235918260911e-03 -5.0938238680345651610004154e-04 -4.0260739273609498998990172e-15 -2.8449562624871153060064564e-16 3.8955503442061495400494664e-01 5.3087298685993850044795295e-02 
-6.7553715299120475901162308e-01 -9.1120601435262890688271398e-02 -6.9269286348427044671926745e-15 1.9999104536891877060662587e-17 5.2497849796177310788269921e-02 9.4261019318564835678397884e-03 -8.4451746720948614455259928e-02 -1.4805835111449719074250275e-02 1.9218389188138992450943787e-03 6.8846627795162438148701689e-05 
-1.9077840422596010208571117e-15 8.4995496693535814332213707e-16 1.4035705494762913641461040e-15 5.7035685488790625458575979e-16 -1.2254483595253115590928417e-01 -7.5824450707882755720601331e-03 7.1663808794169350790959072e-02 4.5087046844508715109922647e-03 3.5004324806656157524631379e-03 -2.8824328783854519242524361e-04 
5.0709630910105258846942711e-03 1.9135156864222291339672211e-04 1.8467902480588319581086340e-15 -4.6649635773202120164217873e-16 -3.9211971561875336167446449e-01 -2.8522180031649638914936773e-02 6.7992564463548210706989039e-01 4.8523466945241844339165027e-02 -1.0124030702495071222334689e-14 -1.4748080534044548163736785e-15 
-5.2986127120093928777322390e-02 -6.1111344099228819340408059e-03 8.5214766568745117791827681e-02 9.4738501260716034835240862e-03 -1.9223695242716325615878192e-03 5.1962489389827546597093455e-05 1.0297822706036017801026749e-15 -1.2422670749406679009083664e-15 4.9645184783198129823578716e-15 1.1964706342649355908744356e-16 
1.2277912737678997601165065e-01 -1.2717106758899628191766817e-04 -7.1805500548589945575272964e-02 0.0000000000000000000000000e+00 
18 (band)
1.3847744105900208211323843e+00 (Ry)
0.0000000000000000000000000e+00 (Occupations)
-8.0760084344532129599358861e-04 -1.3377373284516845541869401e-02 -6.7491927359510130168818165e-03 2.1824856159987599674154879e-02 7.8502746097963520265137833e-16 4.9770994789848891048698477e-16 -7.8542669900617012590515742e-01 -5.0012056804314905522623746e-02 3.4683904720991740044944152e-03 -5.9836731446974988912756999e-03 
1.1134711505470800832080972e-15 3.4068887836787876027788408e-16 -9.9551208823583522966593762e-02 -8.4357007373545359052435799e-03 3.0732512459775004551310040e-03 8.4723921160691356702088228e-03 3.4787010567698460443419872e-03 -6.7977502661954042340042292e-03 4.5765813479120938987959676e-15 -3.1307522417217885509125104e-18 
4.6940665472477700096035496e-15 -1.0682662119496304753120344e-15 -3.9221057179202436018816691e-04 1.8419191729017304979404424e-03 1.4185389407780715775864167e-01 3.9522754045265198058478617e-03 -1.6459794461901088372113300e-03 -1.3300266417583452016604184e-02 -5.3654806889161903160623268e-03 2.2205575110060216115215326e-02 
1.0362490141496302354127243e-15 -2.8674213066604126967967351e-15 -7.8701712186294570106070978e-01 -5.9601895219717551666072097e-04 3.0858284574134457571570334e-03 -6.1896477712034729881662720e-03 7.9643052888725957851347836e-15 -2.7657543457943636369299604e-15 -9.9884449285685225627950956e-02 -2.1681826871515659516109764e-03 
3.5991727902117010701177335e-03 8.2627027432826821717881671e-03 3.0450023640372718934654639e-03 -7.0027659054833855251098740e-03 1.2545729121730783507070184e-15 2.2054804505464471178092016e-15 2.6051782940566834561157790e-15 4.0037267059481127726718192e-16 -2.7578157328963213718725500e-04 1.8629116714447154466716139e-03 
1.4182214324799483073924478e-01 -4.9626032144088165487527675e-03 4.9347094324014174199222182e-03 -1.3196337679137040699295369e-02 6.3282478768541608471487336e-03 2.2383012032050866174648363e-02 -4.5004918648026005235632916e-15 2.0189396047877345873865439e-15 -7.8600825141031982479233875e-01 -2.0998720789069058589859651e-02 
1.1225911987889293681963654e-03 6.2079369531934415482599121e-03 -1.7888573354434997001293123e-15 2.3317512876599279795065041e-15 -1.0103213292638663078903960e-01 -7.7959184870642420084330126e-04 5.3729517159033061968198552e-03 -8.1697801140350363724440541e-03 -2.5939752323119145971386246e-03 -7.0574433633891165904006293e-03 
-1.2455322362467636375327324e-15 -1.4749814595130348727611585e-15 1.4870324714614643964450351e-15 -1.9912945316691027013543817e-15 2.4035571164114557379809511e-04 1.8700918449843062073972844e-03 -1.4153396787127381362125789e-01 -8.9045624937291387168691870e-03 4.0963670116848319852076443e-03 -1.3480150690133863022879268e-02 
7.7212014792508347829635973e-03 2.1941490298810928383232977e-02 -7.2719428777147228734013578e-16 -2.8000037753380894657929231e-15 -7.8577576425634076962012387e-01 2.8396581850485942688511187e-02 1.5101756008461717471769159e-03 6.1251989224062686548166745e-03 -1.4980226876368282621190444e-15 1.0139484577327939972916347e-14 
-1.0088172006729381746659158e-01 5.5658066134045098768967641e-03 4.8493646843168879828622764e-03 -8.4910293489579603820605058e-03 -3.0319971500591259665202681e-03 -6.8806400585492769050866002e-03 3.1005212821628080255369196e-18 -3.8740993130312442817035625e-15 1.5175383994864056936011806e-15 -1.9736200950540175399466975e-15 
3.5730546176214618816005530e-04 1.8513095858761748156023907e-03 -1.4181380502044713121101438e-01 0.0000000000000000000000000e+00 