124 (index of k points)
0.03111710944748021304140373 0.05381905179633480335033013 0
18 (number of bands)
52 (number of orbitals)
1 (band)
-1.5210405588947708555025429e+00 (Ry)
0.0000000000000000000000000e+00 (Occupations)
3.0075499154342355545566079e-01 1.4430062160760875888954047e-01 -2.5784352774309807210251222e-02 -1.2371210018832613092287787e-02 -6.9635216035800743376018255e-16 7.2864038056438439506711115e-16 3.9435944825314261930060411e-03 -1.1594413609214961058402338e-02 9.8584445179891733168631163e-03 -1.8595799161526958137580223e-02 
3.6805141640028069092141797e-16 -4.4983779156032588164403353e-16 6.3558700201297863019433976e-03 -1.0501842527608853256060328e-02 8.5220659864587156029358539e-03 -1.9349101995680965254686967e-02 9.0808393474229448516510388e-03 4.3569379730207247192197428e-03 2.2829657862732395148642758e-16 -7.7738982785577008353788691e-17 
-4.3768796536329479323626358e-16 -4.8182500027442123528456499e-16 -2.8815592466289036144289071e-03 4.9409941599900530917466313e-03 -6.9842132962927294670407719e-04 3.3053182465564122372025935e-03 1.9967624413417053852448646e-01 2.6721832246890980799847171e-01 -1.7118653166494548351073135e-02 -2.2909199005755220834856800e-02 
-1.3442001813386095877849379e-15 1.6567804277583817217151576e-15 8.8664733997408443078036555e-03 -8.4479591521271525655922829e-03 1.7351948838346370473928459e-02 -1.1912285518807897571891274e-02 1.3985095386331470241171553e-15 -4.2897802921826199674916795e-16 1.0498056765157347605676996e-02 -6.3621210569261392453466186e-03 
1.6516647616734062009591355e-02 -1.3199004061725189487774834e-02 6.0289202443342682080640316e-03 8.0682508911107866239609265e-03 -7.1564329141751986700014080e-16 4.7338606165157591135315945e-17 -7.7812482542065438757692173e-17 6.8275433242250675173579387e-16 -4.8427911218570096618663001e-03 3.0437117358530735126975753e-03 
-2.1502843204430463659726502e-03 2.6056090278387521869118970e-03 2.0039075634234290723689753e-01 2.6817460263120601604569515e-01 -1.6654336983936431082486962e-02 -2.2287780312083255163102535e-02 4.7016083147458158014942280e-16 3.6785485912361933025122403e-16 1.1442451118215974520397893e-02 -5.2008572065621906654886430e-03 
1.6084121772423187746170470e-02 -1.3955260544762433660981316e-02 -1.5382094525570522467045197e-16 -2.0834421064145076273383110e-17 8.5115529224350557763179026e-03 -8.9130456072170228393192204e-03 1.7546200047152099577019158e-02 -1.1635217503625762403007826e-02 6.0297730383353457389583596e-03 8.0693936456572457754932159e-03 
-3.5606183089215068129945594e-16 -8.0844545589490430364516581e-17 3.4490119460222923949267666e-16 -1.5760068033617446798936683e-16 4.4069149999419639229802925e-03 -3.6756752807410508418484163e-03 2.9613736632092668016325021e-03 -1.5481687375956164690049555e-03 5.3342775412469040086094196e-02 3.3049753559616523723718728e-01 
-4.4332927960018097407468574e-03 -2.7467398977693742445627123e-02 -1.8125421785717334756099533e-15 2.9611817893681770453858218e-15 1.2549877659200337626232979e-02 6.9222396299575524383773661e-04 2.0719223162733342580299478e-02 -4.9154919993257516208640112e-03 -4.2182636206434479804649874e-15 8.3178670697845570987257325e-16 
1.1672347355151092146430258e-02 -3.9554041978522597872158784e-03 2.0940055420770906785543630e-02 -2.1820864845886402301478046e-03 1.6050883671497376530695744e-03 9.9446954722628953804441920e-03 -1.5644639223988049903717444e-15 1.0495701419279926067001147e-15 -1.2356149049268292854262396e-15 5.0040474329880936823664292e-16 
5.6083496302128067398373723e-03 -1.2156903435743119691603287e-03 3.3416403776024643755560017e-03 0.0000000000000000000000000e+00 
2 (band)
-1.1404107080917951222431839e+00 (Ry)
0.0000000000000000000000000e+00 (Occupations)
-2.6066536285249886084613991e-01 2.9670793094109743082142927e-01 1.1939086139179932999354605e-02 -1.3589926409786977357097015e-02 -6.7571347821195737396758174e-16 9.5371726522382640718262078e-16 8.5852345832984455764602671e-02 -4.8866994503612239120204919e-02 6.2660625682853521301041155e-03 7.7367248571101832066432280e-02 
2.4681046590949546356255689e-16 -7.0295916153813503601507161e-16 3.2056680262793457725223334e-02 -2.6329461656943744379821837e-02 -6.9091885642799943934022622e-03 2.5436364746924594593124880e-02 -6.7046410407483533755446103e-03 7.6317043483913882262470452e-03 -4.6923750893142278651292198e-16 3.8398185573965456323607247e-17 
-3.0140008988510971625341309e-16 -3.2377155949085018833718773e-16 -2.6796794694776068790353918e-03 6.5262439030495805747378313e-03 8.6408106629536195891772010e-03 -7.8344543835893454275520753e-03 3.6846618552824556003244538e-01 -1.4217840130137060494774914e-01 -1.6876619892215061202733750e-02 6.5121101554324704874243679e-03 
1.2364638267236231938473773e-16 6.0436970825538090953622180e-16 -9.8722540964147217912305621e-02 3.5310540099633396654565942e-03 3.0290932431983746964121451e-02 -7.1466174544135840918102076e-02 6.2436733729598115702769202e-16 -7.7927393509051865410887684e-16 -4.0607079979259531887780810e-02 8.4815302967144144685729401e-03 
1.7907514569429672929290476e-02 -1.9340797814496046846954869e-02 9.4774152534128665303914119e-03 -3.6570100985550274552693395e-03 6.5863131771651281003659471e-16 -3.3797137661498488423556548e-17 3.5865397802756512105966508e-16 -2.4573584339836863804182536e-16 5.3983244613313025039857962e-03 -4.5420958324778881731731417e-03 
-1.1287188990069522975812077e-02 2.9396681962347848138250583e-03 -3.6773422627849733368421425e-01 1.4189572297975214243415110e-01 1.7255314727746839248423427e-02 -6.6582150036799611636517682e-03 -2.8156475113829178983951846e-16 -7.6240249490415681962240303e-16 -7.5369504596680125807495187e-02 6.3600855976855344420251015e-02 
7.0331502375078999711455197e-02 3.2563117577266736946128844e-02 -6.4047190179422407970938440e-17 4.0890687119055745094136315e-16 -3.5885257781512386321409736e-02 2.1068206400251011933821843e-02 2.6345229158312451211987337e-02 2.3240154270817575676844058e-03 -9.4454990323509374627874990e-03 3.6446841950794253012224644e-03 
-3.4263462527034589976331157e-16 -4.6660883933266520275069051e-16 -6.7649454517769747029529246e-16 -7.3711338481142018025257156e-16 -7.0313476010924712278349347e-03 2.6121922187024443351432978e-04 1.0309190894670763882778886e-02 -5.3895147550394569349596630e-03 3.9162711339299360879806500e-01 4.4621311411567096683050693e-02 
-1.8376446284749995557783464e-02 -2.0937849296814832825153196e-03 -2.9349740798725560673756233e-15 -2.3705232333671564555837264e-15 9.6258749141749977429327600e-02 -2.1444913564901198210765898e-02 -4.7241665875785342210146922e-02 -6.1441857540023847583654515e-02 -3.8338609253845193743275114e-15 -9.6428942335699663774673526e-16 
4.1562460379823494560636021e-02 -2.0452222724555314120609140e-03 -2.2270529243522626389184538e-02 -1.4265191001965993322642134e-02 1.0059202786996427822496791e-02 1.1461300720857214852088646e-03 1.6843351842338643049452789e-16 -2.2251454714271805305129624e-16 1.5574977793195328933646690e-15 1.6207897601661557495301096e-16 
6.3522272408433949272832386e-03 3.0261020554429715265221112e-03 -1.1632982687068296398513745e-02 0.0000000000000000000000000e+00 
3 (band)
-1.0703760568768307948062102e+00 (Ry)
0.0000000000000000000000000e+00 (Occupations)
-1.3792614804335079359276506e-02 2.8505517229654608879485522e-01 6.9530384512875298419487535e-04 -1.4369987071801020722672249e-02 -1.0633098340485049137116733e-16 -4.4976577389489368786656739e-17 -2.9851818023812204394573655e-03 2.1423546835945805888457016e-01 1.8719458976899944202543224e-02 -1.2304449852961747702284612e-01 
1.7402227682146942731218084e-16 4.8757828190665902480356368e-17 -3.4015943363030765045351700e-03 4.4595790364821724649502244e-02 -8.9682394704954093711535279e-04 -2.5922965207689691036208046e-02 -5.6851409364302649129818690e-04 1.1749554434397679880675014e-02 2.4444856855191931396764190e-16 -5.9920961012242361918235702e-16 
-1.4964727140486204780059555e-16 -4.0569685589460937571447452e-16 -4.8040383065997560585458359e-03 2.2913215099225631848911533e-03 -2.4838916427949164766886270e-03 -4.5040848561756427481661547e-03 1.4428799571009456870207543e-01 -2.4622685022174189972687941e-01 -7.2737387906972386653059459e-03 1.2412602462231615840781984e-02 
-3.2870078184400679279309608e-16 -7.3191340155288657017648909e-16 1.0189992186183323419346181e-01 -1.8847321597018037997450790e-01 -7.3595279853849018825151518e-02 1.0036982388161506951629320e-01 4.9692176499682480959981344e-16 -4.6335837141819902105733025e-17 2.3675557933153790202140954e-02 -3.7945003871999984090823688e-02 
-1.1215238406330858486614765e-02 2.3388519530749017627524466e-02 5.9473412080223234110754049e-03 -1.0149106868927261493329439e-02 -7.8020420673573860640423495e-16 1.9437110567757559644822830e-16 -5.7056250449094538438554875e-17 1.4209610277404647543168863e-16 5.3189161128131597772172867e-03 1.9511457649146191073441514e-04 
1.1450900880590874492126474e-04 5.1423132704720916907881190e-03 1.4344060334626734798391112e-01 -2.4478017693805584342747750e-01 -7.5465611626216698437641384e-03 1.2878145453849673685020605e-02 3.4140000254671174316313267e-16 -1.7765829090651891644706988e-16 -1.1329668113324312117562442e-01 1.7999469936082726495563122e-01 
5.2071689405415982898617244e-02 -1.1194183226243155371282256e-01 1.2693294734499650920942956e-16 -4.8412755918534449973365616e-17 -2.2389009119025339578090694e-02 3.9919241542895375629562693e-02 1.4668788146718722553707437e-02 -2.2070318755408158128972218e-02 5.9341873571537384970953077e-03 -1.0126646173938273071124527e-02 
-3.1843387960205253028093885e-16 -1.1877900580453374817544979e-15 4.3276847365388277950669732e-16 -4.2760666390290167457928772e-16 -2.8411097918265865863718389e-03 -4.5971953458854020180268662e-03 -4.5938182224393477037782674e-03 2.4015901291123027683216407e-03 -2.4052326153664183028269008e-01 1.5046960613342316714913238e-01 
1.2654183241286596009467225e-02 -7.9163667302366777511757334e-03 5.8728322971585403736084673e-16 -1.7045982942756679573260669e-15 1.8379475488661009552338044e-01 -1.0702204366379110267448738e-01 -9.8008324575317315452416267e-02 7.5078645177865749316126198e-02 -6.5863649574090243145324739e-16 -9.5424184653963083714167859e-16 
3.8335646347329749294985390e-02 -2.5003835582250152902439311e-02 -2.3224623731203503790299081e-02 1.2762804088549845396571847e-02 -9.9505330968867010399403483e-03 6.2249846112042497847660627e-03 -1.3537311549417205330240133e-15 4.7682311347155611821790022e-16 -1.3368522605825990290050892e-15 2.0629048442788055810059952e-16 
3.8793929034568750205402843e-04 5.3903258718226414875074326e-03 5.1837053358651796752809560e-03 0.0000000000000000000000000e+00 
4 (band)
-7.1121039322249102188067127e-01 (Ry)
0.0000000000000000000000000e+00 (Occupations)
-1.4076603556397149219492348e-01 1.0053689327337385350791266e-01 4.1774189594168120720496518e-05 -2.9833879925000861277339936e-05 3.2697667775309561525315461e-16 -9.7381774623849423382840671e-15 -6.1310116785040780218452028e-02 -1.8954585417748445741459307e-01 -2.1922776144808314713330333e-01 -2.4699152706624288855508098e-01 
-7.6478870974569075303818350e-16 -1.0917629779718008171662109e-15 -1.1623265753776923503437501e-02 -2.5997519519342145860596460e-02 -3.0715794135294405275971030e-02 -3.7384734664039249996125847e-02 -1.0816935336809968548621441e-03 7.7255841416421465461805695e-04 1.5838336421004278275047365e-16 3.3329403240439913211252468e-16 
9.5504935711058978461954653e-16 6.0744810011638162256234389e-16 1.3342115248997313964318678e-03 -1.0334162250651901179820946e-02 -1.2579008769265147271720906e-02 3.5833651066772718649100504e-03 1.7132570858665696622580299e-01 -2.3879808515560041470848773e-02 -5.0842354616525975430363360e-05 7.0850747715123230108247299e-06 
6.0022575596299992675715082e-15 -1.0215275645428200604583056e-14 -3.3482597766392133142865362e-02 1.9638094842138009710197366e-01 7.9850231679588823396898078e-02 3.2045212798914735063959824e-01 -2.6088517924332576869520325e-16 -1.1003287185293393424973841e-15 -1.7439680015375602639693398e-03 2.8424107788128059881582743e-02 
9.9002473600517115759345188e-03 4.7360991305838054388210878e-02 1.3165239313504342733018859e-03 -1.8349970648920410631887989e-04 1.3486407779828842603844609e-15 -4.6422730349658538035997137e-16 6.4541905695224566999551956e-16 -2.1861995536205323330615125e-16 -5.9701594254166490127744282e-03 8.5400366656775694718106706e-03 
1.2807721440941256807466431e-02 2.6522139046899241565657945e-03 1.7124304094393574815491377e-01 -2.3868166508956158156085081e-02 -6.5650844356168747140145570e-05 9.1517951111910744721456012e-06 3.6006064421596122359589762e-15 -1.0255214724699049155312795e-14 8.6031751976033910001007143e-02 1.7978709993735408900761286e-01 
1.0769705937370574466704909e-02 3.3019196100609554678229074e-01 1.9475643422519810906818566e-16 1.7444531172141742047210413e-16 9.3806952836238688409054021e-03 2.6832200096645830722508208e-02 3.4551480617357084590413052e-03 4.8187842709723982537184384e-02 1.3164488325950207160686123e-03 -1.8348956708277397269213349e-04 
1.6975980742066520203136888e-15 -4.9826823213301582438840909e-16 -4.5060607067623390954793221e-17 1.9073847723854642714439925e-15 -8.0781585128545975449387839e-03 -6.5935869885831530773367959e-03 1.1591080525736680018056290e-02 -6.0596704589674765112361499e-03 -1.6281422271492179687513158e-01 -5.8184167313444778990572104e-02 
6.2420003638791188294021595e-05 2.2305422303081634538557410e-05 1.2205265144896972115874510e-14 -1.1633829124580940632838400e-14 7.0530040283790403077279763e-03 -1.9918614104933543562658826e-01 1.4343247439927092612421689e-01 -2.9760685974406686504778463e-01 4.3831420737424390505039359e-15 -1.6061991554980498002021771e-15 
4.1180461809376279341821103e-03 -2.8124830696062974588755878e-02 1.9263271887175109631229475e-02 -4.4304995083479459250241916e-02 -1.2516516562556809829404036e-03 -4.4729641341829668842872136e-04 2.3961712032024256371664836e-15 -6.9905013685617350368400177e-16 9.1892368979852440905730697e-16 1.6534889457032408674288756e-15 
4.1041102791237174182703562e-03 9.5858391991313126462292971e-03 -1.3079478346835350655030794e-02 0.0000000000000000000000000e+00 
5 (band)
-6.4328733562616347008145112e-01 (Ry)
0.0000000000000000000000000e+00 (Occupations)
-3.1482913757833352057481273e-15 1.6363319389711367950432695e-14 1.5536850889265375112353075e-15 7.7833845036056598033585642e-15 1.6428014708187194115041052e-01 3.1118663353979419960992914e-01 -5.8080942315088685555043926e-15 -1.1527289021743892777463975e-15 -1.1347686952892360243721282e-14 -6.5832824773997159629785442e-15 
1.1236590699486737054968444e-02 2.1284842683343529329276222e-02 -2.0319334077160418292515392e-15 -6.9430809017161302580207331e-16 -1.1924297404911136191635487e-15 -4.1479774269548837782463495e-16 -3.2993228708560525399034549e-17 -2.3215905342537711352377780e-16 -7.2467913078449533448299746e-03 2.2510700784995618661810113e-03 
-1.1033554622007384071746827e-02 6.7351923742198990807672487e-03 8.6450669563818622754929805e-16 -4.6067206755604193279712542e-16 -6.5636889022771520876673215e-18 1.1018948800295228756398494e-15 -1.6198441117727526400824848e-15 1.6334323282470153189994287e-14 -2.7505794708296149535238167e-15 1.1542248592888503749944103e-14 
1.4141208562509152701913706e-03 3.5188504924374830462596719e-01 -1.1018963521567945102821347e-15 5.1613454495057180717948442e-15 8.3923929873881124431000798e-15 9.9402459082162069150898222e-15 9.6723674057594410946592234e-05 2.4068571688683960962951147e-02 -7.0713486673233068527576068e-16 2.0479418284392848172794917e-15 
1.2321018297088315477644711e-16 1.7439137144141480047399231e-15 -5.9174006093721134202963938e-17 -4.5763815832370105928536476e-16 -7.4650442371651300893509173e-03 -1.3625033192398515024396088e-03 -1.2898363520370652313129511e-02 8.5694947981033303685549640e-04 1.1120923532939808712263888e-15 3.9002225285508371128486698e-16 
-3.3409702769671744353448080e-17 -7.9070579301460737394854708e-17 7.1098695100214560203009762e-15 -1.8423481633566192303530392e-14 2.5959086030314885925112018e-15 -6.5954179552900465691757198e-15 1.4142498774632403235607114e-03 3.5192076369314445605240849e-01 8.4701041882687731071138205e-15 2.4203366217903719064135109e-15 
7.9810941642900730340010457e-15 5.8323958619567519497358042e-15 9.6580188214619860920251426e-05 2.4032761601985641597423182e-02 1.1947590652620216119508706e-16 1.9857253260525547002448306e-16 -2.0102277301667513337444609e-15 3.0050258651158582225437316e-15 -3.4691294794060875529902160e-16 -6.6031786191261223682464379e-16 
-7.4552583470407392252088385e-03 1.4219361247918716611993162e-03 -1.2907261195676427920076001e-02 -7.5294074638180923369351616e-04 -7.9218660900668742976392777e-16 2.9517558374665730303370693e-17 1.3285833676066798005480793e-17 -4.5939423341023384445031269e-16 6.9782485158348306053227594e-15 -1.9788672432492119779944106e-14 
7.0114547571757019459057386e-15 -8.5999311475518055695168648e-15 -1.6179018117700125212188311e-01 3.1252865675934432543314756e-01 3.2192469024712154170706651e-15 -6.6128441125051205324337470e-15 2.5040507186633667062217856e-15 -1.3718000558382105402568351e-14 -1.1048693453674197223479680e-02 2.1342664569293141180184037e-02 
-1.0552342823483651656858992e-15 -9.3901777561985300608504852e-16 -1.9036944258357787710264091e-15 -1.9948159591213137496670381e-15 7.3324961268622511577632938e-16 -6.3401128691366344041926065e-16 -7.2656540001566046263481446e-03 -2.1938667493997987718856724e-03 -1.1089626607521692672198022e-02 -6.6471417200726981566738516e-03 
2.3009148003944658269487387e-16 -2.1461363800726180608802814e-16 -1.1134818243653984462655782e-15 0.0000000000000000000000000e+00 
6 (band)
-4.5327082604752516603596746e-01 (Ry)
0.0000000000000000000000000e+00 (Occupations)
1.8714203580509683466637227e-01 2.9574958575727783305353569e-02 -9.2077871333286764876646657e-03 -1.4551593731368384077029532e-03 -1.7686253264613176535157418e-15 -3.2029975382193506545547991e-15 -1.2915802290053660095203725e-01 1.8249136261629300692632683e-01 2.4802935019105193902022588e-03 3.5132480403057542162059690e-01 
-6.8506794517128485790089270e-16 7.5280362723006467926787955e-16 -1.3218405456510620016308266e-02 3.4715979232647325991578668e-02 -5.4531944668278972687680550e-03 6.2794623687435685566171628e-02 2.1170584475024897125328138e-03 3.3456310691058060990954459e-04 -1.4332406808483422204109361e-16 -1.5894969388560908975738524e-16 
1.1034534218629393903562482e-16 7.9404201085488088523710857e-17 -1.3104878639516384652985437e-02 4.0192918038138347736065725e-02 7.6929882718930440999027809e-03 2.5546819234955359112504425e-02 1.5214398091355313402672778e-01 1.1291159733088154681901472e-01 -7.4858043465870771626669011e-03 -5.5554987155485985317326936e-03 
1.1325463199772757818473739e-15 -2.7277197716650945844715819e-15 -1.9900782691972068727537248e-01 1.0188609882518298577203097e-01 -1.6056934375263376413300875e-01 3.1249440895769742265741797e-01 -6.3665740824845352556691348e-16 8.6457298077726171237325559e-16 -2.7797973759892222189726851e-02 2.4641390215222158666108498e-02 
-3.3925140633421349556364532e-02 5.3122376894701256455633143e-02 1.7211430127497713560291714e-03 1.2773158075867520333535055e-03 1.2577407081451182928024489e-15 1.6511229446254060058431474e-16 1.0695899572336686262079436e-15 -5.7816929147761182666760991e-16 -3.0234809921273260446827891e-02 2.9547669512185112394853093e-02 
-5.0181863186797865533650409e-03 2.6203813608821440589435880e-02 -1.5215366214017275736658519e-01 -1.1291870877127491157310146e-01 7.4940445031149438559481268e-03 5.5615903459056773017188391e-03 -1.6944399037889541446879098e-15 -1.9565782958459865096562341e-15 4.0170475090324508915529123e-02 -2.1981843541666498675901664e-01 
2.5246470430699291531695394e-01 -2.4438786627181868782443530e-01 6.7308733693877767259799582e-16 -5.7030985419439287790306070e-16 1.5591897590355036085085771e-02 -3.3719947586832388353172973e-02 4.1004521433895380067014003e-02 -4.7903080657168396749856498e-02 -1.7193994202496852390094073e-03 -1.2760357019516263988451188e-03 
1.3421590479456990899337468e-16 -1.2674541803488464731484277e-17 -2.9458261976145257218393837e-16 1.1138844512768160800074631e-17 -1.9494009022873782371876317e-02 3.7494997322706780096268631e-02 -2.3649085230930507600666246e-02 1.2363442979907032781561327e-02 -8.2524329925385025985562493e-02 -1.7056115226982448973558348e-01 
4.0645863057587119926417074e-03 8.4006623758576814964271762e-03 -1.6345460845002627501740033e-15 1.2458347106025198423251395e-15 1.3744022837078054277704098e-01 -1.7619306241566118353958359e-01 3.3695905405674508870106365e-01 -9.9611505313870127298336854e-02 1.8001646840372347013969623e-15 -3.6463781412347687124475211e-17 
2.9439913471911289405413825e-02 -2.2659073910745709812264437e-02 5.8531660996744137859248980e-02 -2.3454649335088343514721387e-02 -9.3255563906108915415288374e-04 -1.9274183404422925991461568e-03 1.6625162562708069241262333e-15 -9.2379491172296675455505447e-16 2.2012635281049395175958488e-15 1.5330378235787350986563780e-15 
-3.4646944164909897201365396e-02 2.4196703743432593225470839e-02 -2.6685838090217076784549377e-02 0.0000000000000000000000000e+00 
7 (band)
-4.0976284018291930788535637e-01 (Ry)
0.0000000000000000000000000e+00 (Occupations)
1.4779692199024169196874823e-02 -3.5440031427000320829456825e-02 -2.7681873600771816912313739e-04 6.6378840325647184283930358e-04 5.9492069441304749587631411e-15 4.9501281078880373066558761e-15 2.0335205220043373053329105e-01 -3.2083675807850770000939633e-01 1.9158508578858063353678176e-02 2.4252339898940489248957419e-01 
5.4617287166657578388382550e-16 -5.6911358349270072720023710e-17 2.8683084620237775386186740e-02 -5.6963314831406257343626720e-02 -6.8968264716992716545362896e-03 3.6974972587132982904112311e-02 -1.0416460718040369132220135e-03 2.4977802223216990368248602e-03 4.1780445515492892067998422e-16 3.9769862547671306725322282e-16 
-5.3946097997971928811330478e-18 -1.9283619304801781427291414e-16 -2.3483472465991278577135404e-02 1.6226723358161748711481209e-02 7.8585428599107914893195925e-03 -4.1920479749595770946335449e-02 2.9517042170206120310638198e-02 -2.4559709904004523028930862e-02 -5.5284829000243340679787707e-04 4.6000263600487478754530457e-04 
-8.4459037370863205089683389e-16 1.5061738774263232214026652e-15 3.2885371443336153252090526e-01 -1.9011448385601054100746410e-01 -9.5381790289496642953892547e-02 2.2380116529972643446555480e-01 4.4691528303582690090866009e-16 -1.0350825122170318364831783e-15 5.1809930160730127690627000e-02 -3.7192334111395872198180257e-02 
-2.3242350501411657148764789e-02 2.9572080690559748861190315e-02 -2.0803221506425053147215642e-03 1.7309512781895977640012063e-03 -1.3973048998286993979284868e-15 -3.2009355308118507967205469e-16 -1.0346195823143497837271776e-15 2.3890380480834259662189784e-16 -2.8328913946792481926006957e-02 3.5003806362233387539095730e-03 
2.6385860866689890558145493e-02 -3.3509247449635549964686021e-02 3.1073870746015419541663505e-02 -2.5855474051381763245238687e-02 5.3351340418605897042425568e-04 -4.4391481215354244849180532e-04 5.4218326750709930429988184e-15 9.0976528971513460603879337e-15 -2.4533107032011527981474330e-01 2.8714643597493183513336135e-01 
2.3604011311447814502884057e-01 -5.2816366508995543638249615e-02 9.8598507813097648179513116e-17 -6.1905277550518631616754519e-17 -4.7207377275571685282251622e-02 4.5249553711936556232853235e-02 3.4068536484811409725814713e-02 -1.8021060226167062712221423e-02 -2.0895611469641381038875316e-03 1.7386356839921748417693292e-03 
3.8969201042869863012080071e-16 -8.5677771881393688767187466e-16 -1.3496087924098236083772749e-16 8.3550329780059482273305315e-16 -8.3722215802512576360294716e-03 2.7043172862485059804171783e-02 3.7372245815816496072869768e-02 -1.9537737957434013480462198e-02 3.9516514089437307366559082e-02 -8.5168125364995343751228773e-03 
6.7846546076198721575423178e-04 -1.4622425058908976314153705e-04 1.9153326554289551666558264e-15 -1.1141585214475142184112736e-14 -3.5044707789353396476528246e-01 1.4080928717033519559365118e-01 2.3364920628025198645616456e-01 6.2550395481672918518434301e-02 -1.3145560903973225352906968e-15 -9.0545120172043910533933680e-16 
-6.2799285532524076747229458e-02 1.8229325740976673464466273e-02 3.8540744723443487451675082e-02 -1.8651020008133211910972271e-04 -2.6572795863446688029163578e-03 5.7269977173382644736188141e-04 -1.8392966311318548113351378e-15 1.0375967479785385383116866e-15 -3.5718615739061285268656300e-15 -2.2029496287334077897385840e-15 
-1.9948487493821477622990557e-02 2.0086939522183596545934492e-02 4.2171174536773804730760418e-02 0.0000000000000000000000000e+00 
8 (band)
-2.4937266528411716759450201e-01 (Ry)
0.0000000000000000000000000e+00 (Occupations)
1.3840752328044943440965674e-14 4.8546437998861031194812779e-15 7.4977558297252284457668334e-15 3.4635156358768290721034312e-15 4.1676774896243856671773642e-01 2.0954533074201198150632308e-01 -3.7127190329381584777280943e-15 3.4955893291259671549363194e-15 5.9689452946309000191691835e-15 -2.1872448362451064355564733e-15 
2.1547167986614712553716799e-03 1.0833617059064146181945887e-03 1.0301455913133831895319413e-15 2.7349668033499752718596777e-15 -1.9847403367757096480775654e-15 -5.7172615813772218157607323e-16 3.6346475561116611616932778e-16 6.9862695743828428561813297e-16 2.6503014311231087862807954e-02 2.3719324880777836045409046e-02 
-2.4950112219818437742091533e-02 5.4324079864667279560208613e-03 1.5817370886361449605557200e-16 8.2030189162850837228098345e-17 -2.6756255520272787167311940e-16 2.6425470020251503681699773e-16 -5.3371999591423283731784749e-15 -1.4429659536659511256608883e-14 -4.5815341964489293756558643e-15 -9.0984753726159861488452416e-15 
-2.7225954994623696725497553e-01 -3.7878666776176778130391654e-01 -5.6674452135851711590623640e-15 8.0543199484338487109192275e-15 -2.3728583237860167974723059e-15 -2.7722186039082150927171903e-15 -1.4076005563505855633366082e-03 -1.9583507709332419188807961e-03 -1.1762845369928024994681547e-15 -7.0531142222029906840092421e-16 
-7.2395149646354285893090964e-17 -1.1357438232216934358509635e-15 3.9561053003430868135468575e-16 9.8961656432883706583817799e-16 -1.2497996971648786534991871e-02 -3.3298892054809042795326945e-02 2.4627691833032205881437449e-02 6.7450686646007024932503171e-03 -7.2874686288561565358862758e-16 1.0328731080796814112034773e-16 
6.3692769212695467822851872e-16 1.3549014360201720065214282e-15 -6.0835160445131700913210375e-15 -1.0113585598423237769055754e-14 -3.7872621395419703414972647e-15 -3.6755528719200186296383290e-15 2.7224495281170829619199480e-01 3.7876653063668774823469221e-01 1.7965659891215708962339080e-15 -6.7126667039163978589355088e-15 
-4.2550295517472086961927437e-15 3.5729359178926077689493432e-15 1.4197546989716536280923265e-03 1.9752660373146607372674133e-03 8.3196065237615159353798608e-16 -5.9732521266247444225968299e-16 -2.5885578567106858858610814e-16 -1.5079226187925235259697278e-15 -1.9401100686863602460220381e-16 -1.7774448017026733050210938e-15 
-2.7575149129325966790293734e-02 -2.2455304529974389610158525e-02 -1.4564347873221956605749305e-03 2.5489656959061354063456051e-02 -1.4171878980077513505924425e-16 -9.3618224530289177196199112e-16 -7.9166589316421925885395965e-16 8.1705851324936163366570571e-16 1.1355771755626549625488432e-15 1.6688351949155374061810036e-14 
1.5475032323742960607291952e-16 6.9357487081151566712588984e-15 -6.5783419751531263530708316e-02 -4.6179426235911497089503541e-01 6.2039801929109009325397265e-15 2.8450539233812953236805470e-15 -2.1841396466641526581982603e-15 2.9429346747615432482225608e-16 -3.4305877257934222403917834e-04 -2.4082545550637825607087628e-03 
1.9763448006907439707654699e-15 -3.9591808628309035007429507e-15 1.7214078837427827975324417e-15 3.7918724195452906953503769e-16 -2.2056756255288242257682756e-16 7.9506378971613506286462989e-16 1.4033742301670530661095171e-02 3.2675428505970709192052226e-02 1.3099954726083686690207841e-02 -2.1914264768750142675646231e-02 
2.9643679342180918823825638e-16 -1.0644629947278373159748257e-16 -6.6404362882788500240122387e-16 0.0000000000000000000000000e+00 
9 (band)
6.4362326412784644225073549e-03 (Ry)
0.0000000000000000000000000e+00 (Occupations)
1.3690070400773455576784125e-14 -1.3898216308168282656210657e-15 6.2483360789317237702211914e-15 -2.5404555609738072524006036e-16 -5.1314392994097146605270154e-01 -1.1500319934730379722864768e-01 -7.4466892058920199141682292e-15 3.9853780377405282699415547e-16 5.2368961692781609708426499e-15 -1.1570544069885857468878824e-16 
1.8357729185846355379752026e-02 4.1142411783186144669244300e-03 4.4959566720594732488437720e-15 1.9150615589489601050729084e-15 -1.8579953062220250937263497e-15 -1.0291978623109053376877633e-15 9.7457994948966197895325984e-16 3.5105999241463206662922051e-16 5.8836941222068728229999124e-02 2.1827883887317614530765297e-02 
-3.8274068750318385179198799e-02 6.3684717971115023527062249e-03 1.8821342319508756046069749e-16 1.1350400477649921746763709e-15 -8.8039200555614745852637806e-16 1.4405619913847712838911248e-16 -6.9327998162393874520654435e-15 -9.4034405677666025537390266e-15 -2.8641912524116198459496672e-15 -3.4996413951726106065241224e-15 
4.0146946110712761202066190e-01 3.3965379505276854787965135e-01 2.1688688068738336654298244e-15 8.8973582148318103266997706e-15 -4.2163162460742373857888368e-15 -2.4029944053957817911785744e-16 -1.4362573686202501077602278e-02 -1.2151118402966305104273559e-02 -3.3040293817975713115781415e-15 -3.8458530544059903092765884e-15 
4.0176580839750547588396849e-16 -1.3461133574709678314179659e-15 -1.4130070900565252266877017e-15 -9.6719909587780396997378958e-16 -4.2028735844207958105567258e-02 -4.6602870412724088644562670e-02 3.6869104452229906065952036e-02 1.2088461797318476864671055e-02 -1.4129715170456321768260013e-15 9.7825436880158822225688873e-16 
2.3112859453695419636929668e-15 1.2287219921684814136652092e-15 -1.4808529179662385083302283e-14 -1.1015199428571849078168874e-14 -7.7797564496137222999101988e-15 -3.3915988345308541074946890e-15 4.0148096029664404049697168e-01 3.3966368951450165436511952e-01 -1.0782733329886948521636284e-15 1.4390381789448020437875564e-15 
-5.5723999055308651332318268e-15 5.0644659264976326857692481e-15 -1.4381280083885464304849222e-02 -1.2166949040171102375262890e-02 7.2235722456341742982732908e-16 -2.3074642819180674138148315e-15 1.4768186206270066216156972e-15 -4.1487871407170515234536463e-15 -7.7009425105720040284378302e-16 -1.4442443014851552844743014e-15 
5.2925391640951668925652029e-02 3.3729239605537905677401511e-02 -1.8029671067014297475283868e-02 -3.4360161997438944114779957e-02 -2.5142541301746550150803576e-16 -8.8890733817272891301657611e-16 -6.4864394720797700892048981e-16 1.7899473797103191374800925e-16 1.1005740299676237662315425e-14 2.1676725233866626950254381e-14 
4.3889314281300697581398244e-15 9.1118661263539466217774482e-15 -1.9842902340528273397168846e-01 -4.8701571445463487375349132e-01 2.9714950034949058311508815e-15 1.3874290097885670605739403e-15 -1.5722106328408453466909422e-15 3.5738757917594583767981355e-15 7.1078426352903806978433821e-03 1.7445183830196588081751230e-02 
-7.0833049235869067996111146e-16 -3.5695378482148973173539177e-15 8.4319588592976706878832924e-16 -2.4999447840042868264898046e-15 1.5929713221820889435440411e-16 1.5022914363742684100829346e-15 -3.1276048530192661345505911e-02 -5.4411096966086903992110280e-02 5.9032214328110679097370850e-05 3.8803173664956301658346405e-02 
-1.5229080948882859338126468e-16 -3.6755821171953018586040436e-16 -5.6117576334818872124273623e-16 0.0000000000000000000000000e+00 
10 (band)
5.3057242575322760558265145e-01 (Ry)
0.0000000000000000000000000e+00 (Occupations)
1.4903186804935589226950299e-01 4.9199695463568171582835475e-02 4.6511361866626702021854101e-02 1.5354860060552089073837578e-02 1.0808564137740329926720182e-14 1.4580364503054759833556688e-14 -2.2369682461763612524308087e-01 1.8685513526400726602716418e-01 -4.9763307457528771493571185e-02 4.3447643616285297474277627e-01 
-5.6970811970971485108817811e-16 -3.5043161807620600585125446e-16 -2.1977891386879788021557758e-02 4.0674695545392935969175596e-03 4.9283646204006728575031104e-03 2.1210969143621249966003006e-02 -5.8980734429419340303368813e-02 -1.9471344046557613471915005e-02 6.3950073549973875283945996e-16 -1.6129314427115956653787081e-15 
-6.3047834250812274709824434e-16 -1.0722217700140294708636294e-15 5.4394573883385401169565654e-02 -1.2254131978488530529958211e-01 2.2436531502412621064124210e-03 -8.0143301609611153346612866e-02 1.0927855105284706160873043e-01 1.1264681978539409223927237e-01 3.4104689576921864979652810e-02 3.5156061483444453474866975e-02 
-2.2182811943021752292571964e-15 1.8707620534599997003875364e-14 -2.8481016994542968090442514e-01 6.1953837768171204913869587e-02 -2.4539163139308006744698787e-01 3.6197942979144465125429520e-01 2.5677813583028922144793994e-15 6.5262495070393868633756387e-16 -2.1361328528908866963842428e-02 -6.5776638611603210904377192e-03 
-5.4594235379147940112609660e-03 2.1080528562566647199361114e-02 -4.3247941463958605723405526e-02 -4.4581115194025425219059855e-02 1.1413036208968368000430834e-15 -3.1585575034344730412293649e-16 1.6495732975034476168637044e-15 -1.5070017082152721357758353e-15 1.0497757365688843711470923e-01 -8.3395765789929771072408471e-02 
3.9118407326069026819226337e-02 -6.9983805131039286684391243e-02 1.0864817231778961525989757e-01 1.1199800723223876652845377e-01 3.3838472690611839932550708e-02 3.4881590683283669740433197e-02 -1.3061867239687870504267219e-16 -1.9656127855828732068380303e-14 -7.0838967765576216217837668e-02 2.8261744407125272138259220e-01 
-3.6921633666322134503801067e-01 2.3450400232713597414857531e-01 -1.5789943087948087382572613e-15 5.5968272746609451853876044e-16 6.2865826677275804534872350e-03 2.1846521706385263472682823e-02 -2.1357154098242722706224583e-02 4.5612010179509748786230716e-03 -4.3227558419562404912195319e-02 -4.4560185729999216008856422e-02 
-6.5363083454083856058834648e-16 -1.2994513002768345689764240e-15 -1.5542280121753919975991804e-15 -1.1795888352564905472511258e-15 -8.6643067963684622379005873e-02 1.0233970204574094342575563e-01 -7.1017343176974875862406122e-02 3.7126969790976842300533889e-02 4.4396166500144190747434436e-02 1.4958930233171813251047411e-01 
1.3827272954139366301085090e-02 4.6589420744215015446343386e-02 8.2807960381365566160737214e-15 -1.6237222891333467074872519e-14 -1.9371328806631807339933005e-01 2.1763717760068995721312035e-01 -4.3584561355771972435135808e-01 3.6761821349780329781786747e-02 1.6195598437003089228090014e-15 -1.2383767542659329901681553e-15 
-4.5502148253860220245003987e-03 2.2273014554579174950621479e-02 -2.1039972751331664085894246e-02 -5.8525321464434430090983952e-03 -1.7663859622798684656519441e-02 -5.9516552507980748087934586e-02 -2.2992836675586378965007766e-15 -6.0894279459592422426466910e-16 -1.8689973351834392353793312e-15 -1.4454888342108653192747962e-15 
-1.2419697513569938340793897e-01 5.0552420398178865568183937e-02 -8.0136601611098409736477777e-02 0.0000000000000000000000000e+00 
11 (band)
5.8940026180538762634597560e-01 (Ry)
0.0000000000000000000000000e+00 (Occupations)
-1.6934191471165019327038692e-01 -3.2332159946266092465094744e-02 2.9327395625442687077111259e-01 5.5994611992820242374335749e-02 -3.1059146260901102904756227e-16 -1.5079112921449225112058827e-14 2.9837437574916331195495900e-02 6.5434471434341889839458872e-03 -1.7611201242921148413245191e-02 -1.8987575479717244686383992e-03 
-1.4189325902551526139473288e-15 6.1259905672771099853981025e-16 1.1317476570192191998032172e-02 -1.6221368779036987595176811e-02 1.2710820209175799355705294e-03 -3.1550544877554625999849236e-02 -1.2252039948979545624929699e-01 -2.3392758023075707618509966e-02 -5.9804529221508531679772810e-16 3.5017839138453765991766870e-17 
-4.6141559937257032333196205e-16 -3.7307212941603987422739091e-16 -1.0781671210042784864180376e-02 3.2061539126081686768010570e-02 4.1917501852214433810672745e-03 2.0442912743301080991109586e-02 -1.3509204942647282110534945e-01 -1.0710831352775795899390232e-01 2.3395834801256532031743518e-01 1.8549528669101500444327257e-01 
6.2033505257785000237662600e-15 -1.3009984928522666203354570e-14 2.3410490857330223252175116e-02 1.9622392804517677089570782e-02 -1.4727422732908224123349328e-02 -9.8418854439717984305957543e-03 -1.9337635813339624461156950e-15 -1.3328304085577827309498775e-15 1.7544884083465647761634898e-02 -9.1320930503316424808879503e-03 
1.5743679782750347184716588e-02 -2.7371318537340483256770085e-02 -9.7740244517822205683188486e-02 -7.7493961188344839818853416e-02 5.3050291433287661234850578e-16 -5.1560026202578108730143198e-16 -9.0124740297506512805543010e-16 -1.3563623514444108118729097e-16 -2.4408739572265261696948357e-02 2.3417945206799628543592462e-02 
-5.7563764019129236293448315e-03 2.0058603684314901122176522e-02 -1.3646434041127364356071894e-01 -1.0819681272986511610945115e-01 2.3374679006425519434131388e-01 1.8532754685076283096556438e-01 -9.4381450650084161996799956e-15 1.2160015283889749264952881e-14 -2.3262594610459923216705391e-02 -1.7547890873351630613985463e-02 
1.2443647981646016598133997e-02 1.1415070633222057505662406e-02 -1.5033022477872019527454003e-15 -1.2471025551599672103897015e-15 5.2735275494611016933177439e-03 -1.8904320485833368825634437e-02 2.2886835696695501107811310e-02 -2.1781859915187620768683985e-02 -9.7656716509888191746213693e-02 -7.7427693158172536391781193e-02 
6.7172943119332140414008985e-16 -3.1345325836205132190750160e-16 1.3021643499538412317713503e-15 1.3875242993091394108175728e-15 1.6904909602949866331833562e-02 -2.9257615037416136866132987e-02 1.8667198288707768927263686e-02 -9.7589754269018103710608969e-03 -7.0808032567278147983991232e-02 -1.5910779054691473466398577e-01 
1.2128572434742750096869912e-01 2.7253189640222424960924741e-01 -1.3637999151922758223712530e-14 4.7799885368585934302966931e-15 -1.2485526340946325254965821e-02 -2.6328471548914024469301154e-02 5.7390484158502804920565232e-03 1.5881169224401803230506403e-02 -2.7961840947779122477236521e-16 2.4161570674361083161062105e-16 
1.3431715716547290573323892e-02 -1.4309872073363828423597788e-02 3.0373845047513566008934305e-02 -8.6997819858915387269959751e-03 -5.0671788463850744865801801e-02 -1.1386066836781078004392498e-01 7.4916727042543357550565155e-16 1.2700036573866176731790512e-15 7.0606565995818824762151963e-16 1.3687336761163973198068713e-15 
2.8536128439746628882023316e-02 -1.8096225574203216729385346e-02 2.1064232559773986286355552e-02 0.0000000000000000000000000e+00 
12 (band)
6.1472190296202122716806571e-01 (Ry)
0.0000000000000000000000000e+00 (Occupations)
1.3496283509522805088565178e-01 -2.3603884592317783686077348e-01 9.8813760903640641963807667e-04 -1.7279000783773611205074161e-03 -4.1062596106431526373851184e-15 1.4628596588010822663580623e-14 2.7536159655755243491626061e-01 -3.7910007604611306586406272e-01 -5.7296355092866846359100919e-02 2.7745991595101177074056409e-01 
4.6209313873977124257243200e-16 8.0173634141856454344744878e-16 1.8245916960680966245611501e-02 -2.1405662861098434524009804e-02 -1.0313739483497341709039574e-04 1.8349319878009223705461750e-02 -1.0863764707886127899860718e-02 1.8999668444772063735648260e-02 3.2473088083355834834919001e-16 1.3509902940936451998296315e-15 
-2.1817482380061042888500822e-16 -2.4921453492635897924039783e-16 5.7120697938269987536941130e-02 -5.7758484101225381068811515e-02 -5.7224728175196720725281807e-02 1.2434146557787786879778480e-01 2.2896040896791591823244971e-01 -1.4665072371752307933689963e-01 1.6762203412517828748917736e-03 -1.0734709976783773921482634e-03 
-1.0909125118976715589645359e-14 1.1954089397250729287255795e-14 4.1966199458795389043430646e-01 -2.0838590838974091479229855e-01 -1.7932231391439865109127538e-01 2.1934079647632159781878158e-01 6.6748769551460113121572215e-16 1.4339188716281351928784499e-15 2.6086755649059850670212768e-02 -1.0516514059561388183539066e-02 
-8.5925678742985109326291138e-03 1.6213449806669055774932531e-02 -1.8429978226530446816511244e-02 1.1804435065200107740635005e-02 -5.6933872595061982247110877e-16 3.6464816764073688123721562e-16 1.9402968725618275304325096e-15 1.0371818935511244953393384e-15 7.7379843638531300986649342e-02 -2.4721982467130705629632104e-02 
-1.0831966692859973377949245e-01 8.3679862172824776012092229e-02 -2.2820290152398123306731748e-01 1.4616542748041194688113364e-01 -2.5692188058190432858873820e-03 1.6457615838808281605309958e-03 1.1820755502788457676239596e-14 -1.1238916384211025372575082e-14 3.6569245752701190488309635e-01 -2.9445210849623054683021905e-01 
-2.7455848198816851235548597e-01 7.1695913728655580321458274e-02 -1.3023306023168547911249229e-15 1.1089224086596289248514775e-15 1.9527592704633112141721085e-02 -1.8867541995386281905577874e-02 -1.7956555236219307047917937e-02 5.0129107088259239333183359e-04 1.8921360858816706901341931e-02 -1.2119346953313223091974749e-02 
-3.2244165110708193957406079e-16 -1.0370064298724653647952948e-15 -5.2193896591325968069735349e-16 -1.4042127933438491289327828e-15 -5.4912671459172501808865263e-02 6.0011994810261592991906809e-02 1.2147740155740364975667234e-01 -6.3506850807825698801423187e-02 -2.6995209114349333345828086e-01 2.3806825527035897771543915e-02 
-3.0393257180852117915748067e-03 2.6817092023997783634126080e-04 1.3282221170520121721005261e-14 -5.3561646441705125599618394e-15 4.6049645915292086728598520e-01 -9.1520646838253616461855700e-02 -2.7653114201406753247525216e-01 -6.3664680737769707707940370e-02 3.2149980385716958772738380e-15 3.0693161800558203342638049e-16 
2.6046679947161123502841207e-02 -7.6734269733737467400480625e-03 -1.6145409686973324903114246e-02 -7.8749549033328737623893545e-03 2.2383023108609671758539861e-02 -1.9740171840792663723873623e-03 -2.7559199026942337660197869e-15 1.2560491574238389525873446e-15 -2.2427968022201273979995596e-15 -3.5931878840734575282437522e-16 
-7.6467125246169331820311754e-02 2.7742021636472290191388623e-02 1.3707618023811873886330659e-01 0.0000000000000000000000000e+00 
13 (band)
6.1531457826177426984060048e-01 (Ry)
0.0000000000000000000000000e+00 (Occupations)
3.4017257460897515342068687e-01 -5.4559840027947659191198682e-01 1.0982404906081738582557250e-02 -1.7614539834688025532472011e-02 8.9713235561865218966001161e-15 -5.5249815140754122435332098e-15 -2.3342572778370634933864380e-01 1.3449250298201068098968847e-01 -1.1359030822360347001698244e-01 -2.3272959022345102164663899e-01 
8.3944028786780899682271259e-16 1.4332292555069783778022720e-15 -1.5225245289212097077324870e-02 -3.1178366984825733876363074e-02 -4.8801256976817974919669041e-02 -1.7888634504546363501731321e-02 -3.8783570481402622476263531e-02 6.2204452105142644946500496e-02 -2.7516216348404217543343493e-16 1.7858781457186576882120268e-16 
-1.5087849928168330879993324e-15 -1.3637089725437948101634990e-15 -4.5645940661192790921418805e-02 5.3410875184833256357208597e-02 5.8729941814853935111440109e-02 -1.0559494970443117356495577e-01 -5.5423572877638160871782702e-01 3.2591065010435416038347967e-01 -1.7893393001694402055790079e-02 1.0521963599858838445122444e-02 
1.1473885172915183453661183e-14 -1.9713239160477097730907034e-15 2.6917255883087115586604909e-01 -1.1042523358232358976493970e-02 -7.1585586793380881487358636e-03 2.5887173527736784262032188e-01 -9.1164775483406660205770246e-16 2.8085019399479306704413297e-15 -9.5214693394107818846805458e-04 3.4684176192812554706534911e-02 
3.4960115166023930655114782e-02 3.8462400790024720009796511e-02 6.3189215001315024444750179e-02 -3.7157533670934737857205477e-02 9.1091636630720117428584487e-17 -1.2394445452261816570391519e-15 2.9466509365896802481081438e-16 -4.2102845963858213504857532e-16 6.5196642695460424454800830e-02 -2.6185325434158690516284196e-02 
-1.0096840616788595179631471e-01 6.6369273196022163241458713e-02 -5.5381455031868598304356510e-01 3.2566303692163567351514075e-01 -1.7814146679787229432534446e-02 1.0475363153236466606799127e-02 -1.1540270928580063680686436e-14 2.5107251538495617016346590e-15 -1.4084803034742157668013363e-01 2.3008726843430588049344010e-01 
2.2993012578006574719857724e-01 1.1949450307370368395964988e-01 -2.2572622179830153079788828e-16 1.9884390538095881821350196e-15 3.0844993624958294553550786e-02 1.5991372217403196365204110e-02 1.6580724610205904712145752e-02 4.9278910451964683114844945e-02 6.3185095399693677609143094e-02 -3.7155136324832326033540397e-02 
-9.6995309664094935566138036e-16 8.2662609545001408193542182e-16 -6.9006366179964558725633347e-16 2.1428703338661439802234854e-16 5.4584208736275036111251779e-02 -4.4233817606429415292268459e-02 -1.0707916293175041844154549e-01 5.5979633559417388277701377e-02 6.4167083051216800004823426e-01 -3.2023663619872480556871608e-02 
2.0640154763857776476498884e-02 -1.0300807953261474463058089e-03 -9.6558672632066290140096502e-15 -3.2922763537111939506286242e-15 2.3141854781195292378725981e-01 -1.3864982681879492454335434e-01 -1.4840357095687425892371891e-01 -2.1242217194372992050688254e-01 1.7524520574272626193540315e-15 -6.6341988399908407484986539e-16 
-1.9926204408730871509014548e-02 -2.8461974544656355734506548e-02 8.1368263291348302823635663e-03 -5.1352930794856851970386913e-02 -7.3208685040734022830832828e-02 3.6536106240493866625929087e-03 -7.6269524001614346401660771e-16 2.0339170993726755761534477e-15 -2.3673966245656898559193339e-15 1.9707105174724363464774975e-15 
-6.8866073466176319639586723e-02 1.3911520001517095612708630e-02 1.2082907972671728946689740e-01 0.0000000000000000000000000e+00 
14 (band)
6.5222245833206504705970019e-01 (Ry)
0.0000000000000000000000000e+00 (Occupations)
1.9778003725451387035939291e-14 1.2435263409776589286143072e-14 7.6628356136979587388812757e-15 1.1233414052784794669736496e-14 -6.2814233971200117423450138e-01 -3.6969809990658175635758198e-01 -3.0738071612432754193254568e-15 -4.7538446870316504187119732e-15 6.7479750413087318343141375e-15 1.1082705343081912943980069e-14 
-9.9726637414961905037102952e-03 -5.8695295695226426535562325e-03 -1.1472877642344126214465479e-15 -1.7641636464829243853321733e-15 2.6020826563890966743417822e-15 -5.3641520400178815364181576e-16 -5.6906832544835625579492530e-15 -3.8688701606824854409874317e-15 -2.4008038348695595609605391e-02 1.9396280422194149550829678e-02 
-1.9940283531637056912977357e-02 4.6250044281325189410303267e-02 -1.1955893503042789220817015e-15 -4.3663530080017134581567186e-15 3.8036970915414527388877846e-15 3.1481838030677158949194993e-16 -5.3787258151628773941261965e-15 3.5058083876173240875143167e-15 -8.3013445088995030342871473e-16 3.5495749571299375647883955e-15 
-3.8538232587118326222253017e-01 -6.1864363483311490821137113e-01 -5.7455212178523696759682395e-15 -3.1588021402787144013324207e-15 8.9850937754394100592384921e-15 3.1876952484336928656019992e-14 -6.1184805250718565794443293e-03 -9.8218936836313979615864511e-03 -1.4048394729665381201144093e-15 5.2609163818848716695580111e-16 
8.1782649558284273946226319e-16 -1.2067401113694881118031079e-15 3.0827608923561735596386795e-15 2.2765143304510225426963038e-15 -3.0262229330318440867486629e-02 6.0662241574185021136811358e-03 -3.9098612774746022147098756e-02 3.1748700484223839335395922e-02 3.6698031895166404799918248e-15 -5.1383327946395602870290368e-15 
2.1683927310172053914463035e-16 -3.7583635260604684302126944e-16 1.5211898966210557864535737e-14 -7.9592450937297566505253784e-15 -2.1039753374848495066085313e-15 5.4052519407111698086464805e-16 3.8539072181172501219137416e-01 6.1865704099457086151403473e-01 -8.4268030112639711543611525e-15 -8.5556258007320823609196136e-15 
-4.3508999348015349907207875e-16 1.6722347337310729530349754e-14 6.1319931854048881358920653e-03 9.8434531840783223016755343e-03 -1.7459870503747384495948483e-15 2.5929281454008593229484570e-15 -4.9068003816045800677588854e-15 3.3978780339433439545205248e-15 -1.1136159538635784950147424e-15 -1.7571396139068845765322744e-15 
1.8786730968798796143071073e-02 -2.4483747856318238689254940e-02 4.5729585517278889539305453e-02 -2.1097651119080261528093700e-02 3.6014182240901005956819620e-17 4.2614864786796452362225453e-15 -3.1227155959225337711339223e-15 -2.5846652108537702785432309e-15 1.9793678352717713095502015e-14 -1.2820916443257411713855632e-14 
-9.2181150189261624033489283e-15 -1.8609461403320537821497623e-14 5.4913282915291357355602742e-02 7.2680607743068548209919300e-01 8.6340643910895073544221448e-15 7.3467776223178353249144742e-15 -1.0872321064580043326253226e-14 1.0373676443949402172709877e-14 8.7376147721380419738229639e-04 1.1564231573863301832938433e-02 
-5.3478921752801107178641482e-16 -7.5197926365176017170569492e-16 -3.4755166780881994681090516e-15 -2.6029128774700984260386402e-15 3.3937331165967758165850879e-15 -3.8193723331021883619374460e-15 2.7992091532682703697298976e-02 -1.2993767013908152224699322e-02 5.0300180476105030291655851e-02 2.4895217203076058440358587e-03 
-1.7488310621719642883943327e-15 3.7497458810534012619900580e-15 0.0000000000000000000000000e+00 0.0000000000000000000000000e+00 
15 (band)
9.0347171515194835134110463e-01 (Ry)
0.0000000000000000000000000e+00 (Occupations)
4.0151395265703204717766539e-01 -8.3147917422766348671814285e-01 -1.4981884426432501289383481e-02 3.1025419784442065385121623e-02 -7.8994903037391171162216238e-15 1.7798057333200631173163654e-15 -1.6331214333503044078277355e-01 4.3578252792894456302263961e-02 -1.7181346296920479987946351e-01 -1.5376004302938578449655438e-01 
-2.5613187870722569343510246e-15 9.7576504611072556390912930e-15 -2.4681606851294807247754193e-02 -7.9589267067227131846607335e-03 -3.9110262757336783367989597e-02 -2.1175406457394019277273856e-02 -4.7865374295218164613086032e-02 9.9122546765729235840325373e-02 -9.9647153568319290647006687e-16 -1.4621758104040653946036259e-15 
-2.4430159206381379368935260e-15 1.6573693453990611342278302e-15 -1.6913274423247783018187107e-02 1.3573485575784360879225687e-02 9.9519767714374238881669399e-03 -3.2958599311543504417620909e-02 7.4104410663381692359052977e-01 -5.5083999798118465918150832e-01 -2.7650953575386272298430868e-02 2.0553790408046706400524428e-02 
-9.4085202143948001622048229e-15 2.2425768091406431606938415e-16 -1.6491743769359226701176624e-01 -3.7042664884407223990780977e-02 -8.1025287558440961532824076e-02 -2.1586319664533668016836998e-01 -3.1216723463870616940624425e-15 7.1598417742763499635039932e-15 -1.8185589146654190795260320e-02 -1.8488119928047198892162584e-02 
-2.4849172988238601295085672e-02 -3.6885350660983751147625753e-02 -8.8341548926048923950915537e-02 6.5666917600054830472799949e-02 5.4568689445624642679430454e-16 -1.1825850140700064197656926e-15 -5.6971839067060060767184892e-16 -4.3200780893854435624773413e-16 -2.1277146380212559606537326e-02 4.1930185197385783091306166e-03 
2.4089065818229705995268120e-02 -2.4597317297682282088988615e-02 -7.4094882387709282145493717e-01 5.5076893880331423414276060e-01 2.7631806673519658523741072e-02 -2.0539511270949998428259065e-02 1.7877907843089354269195708e-15 1.0153664213712382018756532e-14 -1.1692481760871564766546271e-02 1.6841651194466544794181573e-01 
1.8324246282271544616904180e-01 1.4004559659567161755688858e-01 -5.7283571251771777505263969e-15 1.2101173477302771299810381e-14 1.2016204188806473007744557e-02 2.2999448199537829429228708e-02 2.8333859506086311180750315e-02 3.4166128213193258655877571e-02 8.8398809127147010000769001e-02 -6.5709388837199178556858215e-02 
8.0585663939171868139334566e-16 -3.0133675278388606707808419e-15 1.8281300868423266351326302e-15 8.0508664485387874773380804e-16 1.0077839070763887699411221e-02 -1.9137770207891244278464171e-02 -3.0401693421612859674629803e-02 1.5893621230611089389928026e-02 -9.1180056535480935586690521e-01 1.4481475261181542268928979e-01 
3.4003280109561259680894807e-02 -5.4004819305666570961044215e-03 -4.2138048399798855010580041e-15 1.2181788680480685813815399e-14 -8.8388621412335277582883464e-02 1.4383423525073105175842159e-01 9.7507556791955316000120035e-02 2.0900441544530359849751733e-01 -7.6560298460348686699620267e-15 3.6868450510604813428758557e-16 
-6.7499986531223410413105057e-06 2.5949253072638726880239091e-02 9.2805359732492133384429422e-03 4.3405109879375430859127505e-02 1.0878224036585101841545509e-01 -1.7277077803933355709675723e-02 -7.9737792658544508482757135e-16 -1.3760667375164494160118725e-15 5.1916592643984425259306697e-17 -2.9794718439872859479343149e-15 
1.7797470113190945462111614e-02 -1.2290937573531834914319916e-02 -3.4305541224757526985733591e-02 0.0000000000000000000000000e+00 
16 (band)
9.4324437179149522858523369e-01 (Ry)
0.0000000000000000000000000e+00 (Occupations)
3.0908040568893574774883235e-15 -2.6944407348296486458662127e-14 -3.3085176660109047345104888e-15 -1.0516039987852465409204266e-15 -4.7471200453933652674276544e-02 -2.1173675703081962229390456e-01 -7.9488612804932637963273985e-15 -1.9216402254775008203737530e-15 -3.2863858263750572356130091e-15 -1.2931155552361423650668238e-15 
-7.4620241349254601281870691e-02 -3.3282954767678785135132102e-01 -3.2882499607443980853144772e-15 5.5195480884639480652141851e-17 2.8477784547047374313454602e-16 -3.9195969301134024931885039e-16 2.1859876917783980360410483e-15 4.6206714175238862568799322e-15 1.4552203616189536561353890e-02 9.2253601604320653595259216e-03 
1.9016998446829171121041924e-02 -1.1483880231945220104505800e-02 -1.9730294982514094644681588e-15 8.3747567157172207287176474e-16 -3.2229918145329860666183277e-16 -1.8324108952003055558782492e-15 2.7648204504219092258973902e-14 -3.2151689479390487531036439e-14 1.2009192075791495921733604e-14 -7.4593477360628847812185627e-15 
5.6027652258737729862314580e-02 -2.0963509089091114656611126e-01 -9.8337208747875603658149954e-16 4.7139135849417878426449348e-15 -9.5060917448972314378183971e-15 -7.4234181342784421213178600e-15 8.8069884826714905923239485e-02 -3.2952599838611179583480748e-01 -1.2035540479948446204002919e-16 2.3258646424639670463518143e-15 
-2.7958467969220111274053077e-15 -2.8041301960948127533142397e-15 -3.9713081999759489770766009e-15 6.2848673666580728020966242e-16 8.6221421462062547425020398e-03 1.4917525431095320087582223e-02 2.2173368268999869845625739e-02 -1.3665557857832424937249982e-03 -1.3249146029572821825925987e-16 5.2041077666853386880304876e-16 
-4.6113168451611198435256624e-16 -3.4295689294090458844489833e-16 -2.9308606011022660653812352e-14 2.3032748987396215868775485e-14 -1.1451005478801941065651342e-14 -1.9053574616626169757561455e-15 5.6027063150383485390371163e-02 -2.0963360742047490448136671e-01 5.0660000669126018137381693e-15 5.6767667472548483965831273e-15 
9.4290285237053478800383840e-16 -1.9723763615803832092772757e-15 8.8056746925694040495358195e-02 -3.2947691097332937326669366e-01 4.7807923925433385300096431e-15 3.2999253179524318607192695e-15 4.3085654289985858018213114e-15 -5.6186623393933518092983895e-16 5.8416562346024892772718200e-15 2.8967965227832680104024277e-16 
1.4921464417045653821913831e-02 -8.6326383221302285114751029e-03 1.8542542385105997837513314e-02 1.2252681227399309094039381e-02 1.2565468060351109954951409e-15 -2.7643031625618622699764922e-15 -1.3476568568165881688107289e-15 1.2885682022055254029958650e-15 -3.0390900866141221314749466e-14 2.8850611182904426722088587e-14 
-9.5653310870788608555687049e-16 1.0494022489107291495005090e-14 1.4677380303576120779140979e-01 -1.5982093701326033352572153e-01 -3.7797946466529584177327353e-15 1.7015181524173437699930986e-15 2.6380435984642131581054775e-15 3.9895118256363591858600422e-15 2.3068155080639293763589137e-01 -2.5118727607349677910519858e-01 
2.1130024644953634796269290e-15 -2.7720497236917442003677762e-15 2.5574507236798306662555453e-15 2.0924610035842911899357491e-15 -6.1085786211934889687185519e-17 -4.4944746253097555006272510e-15 1.7222922280986169979444256e-02 -7.3721967750905764878155413e-04 1.0755848798422052575718411e-02 1.9449056326444984915680081e-02 
-9.4531408766052118899863828e-16 -7.9563935711427202867934428e-16 0.0000000000000000000000000e+00 0.0000000000000000000000000e+00 
17 (band)
1.0469463978888762234475962e+00 (Ry)
0.0000000000000000000000000e+00 (Occupations)
-4.3733780417336010071238661e-01 8.3719358081951272820830923e-02 -3.4759440178376083130373786e-01 6.6539910483360373283368006e-02 -2.9778400499369150676455997e-15 2.1449702365030125230837863e-15 -2.8822291267349775534256651e-01 -1.0265776732867568088458654e-01 9.9384218785078137781141550e-02 -2.9200534262033295274108013e-01 
2.6692554527242218207311536e-15 4.0866637823580308097784778e-15 -1.2349911142270059150050088e-01 -8.1008013624217500847635165e-04 6.0984733219969521067493901e-02 -5.3964136864342260313520683e-02 1.7532839024144947215333445e-01 -3.3563026839065229767200549e-02 -6.7590344026935297656764639e-16 -1.8005601953010320622004663e-16 
-3.8476685085151836548208686e-16 1.4368582992370466202039884e-15 -7.1106303649072083450377590e-03 5.0458837318230462254398105e-02 3.3319592582262136382098561e-02 2.1886713450733463054431738e-02 4.2635717405986484074276177e-01 1.2842447587782837570280492e-01 3.3886707969058571521259182e-01 1.0207120132787474153790441e-01 
-8.5313421054878346583048103e-15 -1.0709085672352400800679692e-15 2.0786324026089236793879422e-01 2.2450821350487820682317874e-01 -2.2335956786600946744059115e-01 2.1273186527892640196313323e-01 4.7561482296083446701534973e-16 6.2577217739388621003303636e-15 1.0907004766220328162429354e-01 5.7934544573908813847040733e-02 
-7.9046259504971017051389026e-02 1.9569226139460875468767398e-02 -1.7092626423645626565495093e-01 -5.1485273519959920407451648e-02 -6.2244642357175642506259581e-16 2.1122425699984358011848050e-16 -3.1716443462740541511118838e-16 4.9919738262219917312815908e-16 2.9678845344268740824578146e-02 -4.1422475381432295737926808e-02 
-1.9387914643071171849619816e-02 -3.4832918931883921631609269e-02 -4.2342517154094577724876558e-01 -1.2754169466559867052168897e-01 -3.3709037571367017616097428e-01 -1.0153651058084700586903182e-01 7.0437917578540329826196296e-15 7.0570583719132123563472055e-15 2.9789554272398821588296869e-01 -7.2258743493509136612829025e-02 
-6.9001415251902148417784133e-02 -3.0095424996036107545549498e-01 1.3933667984231068715074302e-15 8.1400292631686049713551820e-15 1.2261559737851396301167028e-01 1.1953069919925202180266410e-02 -5.4973891023548354661798498e-02 -5.9763772598739439700921139e-02 1.7097236510413299503952089e-01 5.1499310485488496158534844e-02 
1.4193775635555829091800694e-15 -5.4420397834946684183258096e-16 1.1881267110707394859672521e-15 -5.5502492490514548612460405e-16 -1.7407561052923230249245279e-03 -5.0939914476760869699312195e-02 3.5222966254786741702176300e-02 -1.8414121756594584167210371e-02 3.1615134112004023014819154e-01 3.0919910944351558512721567e-01 
2.5168923472169779653739852e-01 2.4615465363247956975811803e-01 2.6606294662249267497834120e-15 1.0442697680987003325882799e-14 -2.9747328556585583836380238e-01 -7.3977866694868846253463346e-02 -7.8281609576464059041533972e-02 2.9867481560734110423993570e-01 -2.3561149091789673190866829e-16 3.3486549576549689505889386e-15 
-1.0312457136825718684303155e-01 -6.7400173450198913593922612e-02 2.1029740104310013643074129e-02 7.8432054930681449622653645e-02 -1.2765689555158693524461455e-01 -1.2484969214184112040744168e-01 -1.5748276368771834928134400e-15 4.1754125674509634900412256e-16 -3.1149955586390653922988854e-16 5.2704349451406931743204553e-16 
-2.2057596113138306509471320e-02 4.5949619937794221324889321e-02 -3.9745908366178250847866593e-02 0.0000000000000000000000000e+00 
18 (band)
1.1888304009846375475234481e+00 (Ry)
0.0000000000000000000000000e+00 (Occupations)
-2.9023046869151032656208855e-02 -2.8389101585814324746337434e-01 -3.4093818878791266879790811e-02 -3.3349001398708189025654747e-01 -2.3987545344883189328796342e-15 1.6166151783105590258101838e-16 2.1478312581752478926944150e-02 1.7487096528503992542979972e-01 -4.1940713383224470511834170e-03 -1.0194758818117628795807406e-01 
-2.2324526864104814524687075e-15 9.2733616331396590863492238e-16 4.6056613339187091327175949e-02 2.4620554971545341449434829e-01 2.1073434635915821999674336e-02 -1.4722797253633163050423605e-01 1.4573170207614817572849830e-02 1.4254772965887568814125075e-01 -2.1596500391083066297069394e-15 4.2925650231301941196456767e-15 
2.8378462953621538446555062e-15 1.4973941102119804451018532e-15 6.2821411143610034200079895e-02 -3.1833972085745468327822039e-02 4.2111859567315140795429329e-02 3.9835712565737688151124019e-02 -1.0580525402482571228901520e-01 2.6503149691172550594941981e-01 -1.2429053689724381404069220e-01 3.1133557514785520359268389e-01 
9.3109774832572052438163388e-16 -4.0007573196429533117440517e-15 6.1982867380401471257833634e-02 -1.6492209240240024437085253e-01 -4.3515112358342468434901917e-02 9.2289414164303071319572780e-02 3.3853808011493767019991535e-15 -2.1551384793362374732584637e-15 7.3250519407676989436239978e-02 -2.3952608573904082822636497e-01 
-8.6885489130059043172416011e-02 1.2071071751565339014167222e-01 5.3127002361147722397927140e-02 -1.3307800021385080002644941e-01 3.7508943828318951767379202e-15 -2.8771472319615211078127725e-15 -2.4042269837877374999293186e-15 -2.3236262365846169873009613e-15 -7.0421112457308573939762653e-02 -8.9353069654301078839075956e-04 
-1.8863952991394032643324152e-02 -5.4812808625140485574434024e-02 -1.0651167359686007640728889e-01 2.6679978671372944765138868e-01 -1.2433026902815616510089569e-01 3.1143305181527725089551950e-01 3.7990123472617223434484798e-15 5.0820354003958820373552376e-17 -6.7855161117170381679386537e-02 1.6059544130855907262400706e-01 
3.1782720912716388994567751e-02 -9.5827064018457336347367459e-02 1.0993757763961286923487735e-15 -5.9598512528938695453957545e-16 -1.1241358052101969866587439e-01 2.2472044452861511532049121e-01 1.9808467163806062205644309e-02 -1.4796841087301942918585951e-01 5.3136353422814058822254424e-02 -1.3310038156797279751408780e-01 
-3.0382317950275337508715822e-15 -1.8420079846547302703995111e-15 9.1404682719177105244147054e-16 -3.8063532143521316394307395e-15 5.1487689454726134896667133e-02 4.7808164178275193434419776e-02 5.1344624825697099401722312e-02 -2.6842321178961663780127012e-02 2.1799830971772499177419036e-01 -1.8709248986292631444783297e-01 
2.5446762752031465426583168e-01 -2.1839136453572974283510177e-01 -1.7240246213225538192542749e-15 1.6234430429624508251253880e-15 1.3453671786259002729480017e-01 -1.1088322779434314768742809e-01 -7.2562259844096366201426918e-02 7.0197478539689106558085996e-02 -2.0830102327973032425158502e-16 5.4516316722890705185269460e-16 
2.0373340836531728115232909e-01 -1.4706729612848112864753602e-01 -8.6107512574231923063727834e-02 1.2195295103418501980740984e-01 -1.0875450563947837434586319e-01 9.3336172686302593115570403e-02 4.4324933701922416089914049e-16 2.0240036084421222755056376e-15 -4.0079609521155975240152929e-15 2.3043521779161048648551761e-15 
-2.3479241774162142031290301e-02 -6.6221808591993849835155572e-02 -5.7937731270447122289279918e-02 0.0000000000000000000000000e+00 