156 (index of k points)
0.07441047911353963761893482 0.1286977325564527818713145 0
18 (number of bands)
52 (number of orbitals)
1 (band)
-1.3805392704470609288591731e+00 (Ry)
0.0000000000000000000000000e+00 (Occupations)
1.5325497735248008734920688e-02 3.4785200715114783509562812e-01 -9.9580456147704485281302311e-04 -2.2602663803269418263397483e-02 -8.9294111822480546533544476e-16 5.4975137838417685594073927e-16 4.6591551357082441886525714e-02 -5.7079288956405210830880037e-03 8.0954038595130173305847165e-02 -1.4532394630465406137886930e-03 
4.4463911129897675017564661e-16 -7.3291197110953143514774703e-16 1.8563100980782426541182417e-02 6.0991807186341895352654774e-03 3.1404166755299375846099963e-02 -5.3828544398729361031286089e-03 4.8251438958970931103475976e-04 1.0951905453868898687730393e-02 4.3891356789840442850716479e-17 1.6371177766969739352033094e-16 
-3.9254917273573065973265680e-16 -3.7861816070455017635507601e-16 -4.8053774697394656401083779e-03 -1.8242968776276740835995405e-03 -2.5593635285968002746059824e-03 3.6493924515388909135538142e-03 -3.1154517954459104434050687e-01 1.5548469655387181509453853e-01 2.0243530642440422939731803e-02 -1.0103044336081248161240964e-02 
-3.6165118046960027276510336e-15 5.0453565974772455307640176e-17 2.4164943714466723123646119e-02 4.0241876266074096124558679e-02 3.4254574220388980809737234e-02 7.3364108491690394053819091e-02 1.8936715163536123307094720e-15 2.6359061377405147915222032e-17 1.9784145393908422749795761e-03 1.9438996871539358096692141e-02 
1.7690707590396169412993999e-02 2.6499729743266520892719385e-02 -9.8088071962922906976700688e-03 4.8953400895787452240526250e-03 -9.0183455568617613489608159e-16 -6.8511280356203839992290272e-16 -7.5414785947655788226790991e-16 -9.7401009420298464667496336e-16 -2.8794497539662289309347898e-04 -5.1319391476841343113779459e-03 
-4.3748728273879343431129740e-03 -8.5375329049716848495155119e-04 -3.1244538260277210373061507e-01 1.5593388348041958835210608e-01 1.9629486699015655931654933e-02 -9.7966133103137877091715069e-03 3.4558209892656142149423225e-16 5.1403920293334862174851610e-17 1.6721061721553062695555525e-02 4.4365799689590798560168139e-02 
3.8935491382436154816915064e-02 7.1735130157293880426294663e-02 -5.4997140576259507566399008e-16 -1.2719829865197526800938742e-16 1.4966611492781643072413900e-02 1.2713979767380603758120117e-02 9.9572283674905469330607133e-03 2.9939172685782632077344800e-02 -9.8227833829349874006364729e-03 4.9023114939438054704634595e-03 
2.6120737289463618572635946e-16 1.3401012387434366743774624e-16 -2.5540822051102633067458057e-16 2.0268608591517502509750734e-16 3.8366219616636451118785178e-03 3.4014009803548708038567483e-03 -1.7518843047397434156686735e-03 3.9347965708512681187736248e-03 -2.6953567703605096905761229e-01 -2.2200903569850022334364326e-01 
1.6933683116789815387148721e-02 1.3947786796459100272516096e-02 1.9315142385058328859414836e-15 1.9170385501344932421100080e-15 -3.3729106263991913416955271e-02 3.3320646419691762885051389e-02 -4.9696811239746660482374807e-02 6.4746647330001225184581415e-02 -1.1596339836203033232998907e-15 -2.0480289499375747374772085e-15 
-5.5273291460848075415390745e-03 1.8843921396881312124715890e-02 -2.3300825569692189959125628e-02 2.1273739343201026469332149e-02 -8.4737703368822411137406547e-03 -6.9796094195521529018888529e-03 -2.3641850333542152425992652e-15 -9.9826152616603097836733657e-16 -2.9103547541834626799447920e-16 1.2682546657416018729391149e-16 
-1.5468396772231204037983954e-03 4.8884029824528439298059190e-03 -4.3071710752170542027550404e-03 0.0000000000000000000000000e+00 
2 (band)
-1.0772867526039326957487674e+00 (Ry)
0.0000000000000000000000000e+00 (Occupations)
-1.4488785899825934455620313e-01 -3.4140829940427752653420157e-01 7.4138124487685974628448093e-03 1.7469621246651134693905760e-02 -4.6143593185098579485906920e-16 7.5732468769922755315047193e-17 4.5454119399301801118795652e-02 -9.5202035508051646717220251e-02 1.4161567776623612546771369e-01 -1.6208781054266575838429532e-02 
3.6347044024822769299395572e-16 -6.0752877774990379499060375e-17 1.0414793425452970043743051e-02 -2.8051390408563914302675357e-02 3.7624956233894085722013756e-02 -2.3042224525344975893936805e-03 -4.1567061051403925153735486e-03 -9.7947089513580019859428916e-03 1.8036940006667262041643327e-16 2.1542686118960328571956932e-16 
-1.4018109085237016693212513e-16 2.1008252643102365172842749e-18 5.9009158738668084087652943e-03 2.3770141070696693130770427e-03 -6.6263594457043051288991364e-04 -8.1977604843101754134027104e-03 -2.5296079969962709244057919e-01 2.7122491110246382817194899e-01 1.2943823947213876912609720e-02 -1.3878389789553982613945493e-02 
7.4592656390393841706832450e-16 7.6681733110318804682064608e-16 -1.0545924303547390965540842e-01 -2.8022479596990362837871658e-03 -7.2407743701740023833934856e-02 -1.2277965395161434536408507e-01 -7.1808316643586869181419878e-16 7.2630361163709792068190650e-16 -2.9862298404282498764938936e-02 1.8951411457205982746820894e-03 
-1.7408460353208601856245252e-02 -3.3434896154227830566973978e-02 -7.2572271830910924095281445e-03 7.7812070207211522787638103e-03 5.1804038676674980675045951e-16 8.6744361339101170269917578e-17 9.4003185584544123763484967e-17 1.3162854193476445453845485e-15 -2.2860827407794950816288804e-04 -6.3575736309292307790741461e-03 
-7.2195085331519092547436500e-03 3.9396776381921943394059937e-03 -2.5309730533199903401708752e-01 2.7137238791919815472652999e-01 1.2811655078643648802971811e-02 -1.3736726543090672578162348e-02 8.1268097796534879705118508e-16 7.9222372075049603917800611e-17 -1.1915763773864163077575995e-02 -1.0431830202936000218105761e-01 
-1.2789500685095839260796424e-01 -6.5393327350470042969021733e-02 -1.1175501667016632535109742e-16 2.8618040287779487930752802e-16 9.0581833907565217911539435e-04 -3.0355028696304998947486098e-02 -3.4346664257944636844399611e-02 -1.3994658326060241404498186e-02 -7.2751896667124695688988467e-03 7.8005017925986139606941983e-03 
6.6661055734762125814886898e-16 8.9950655026928413053224375e-17 6.7739860581517856467712840e-17 6.1031432992504446868588682e-16 6.3608746205155684838583596e-03 -9.9276534142861590226392110e-05 -3.2961627110587501249261422e-03 7.4033026595182712184528562e-03 3.5085496066938459680528695e-01 1.2083879950150153148591414e-01 
-1.7760093715963938543200840e-02 -6.1167992589414021953331257e-03 -1.9125810461233026454839686e-15 -8.6139050396510332644113521e-16 -9.0452933204699936808879102e-02 5.3315667859162016450902399e-02 -7.7201913919191129942465324e-03 1.4343576501084434604571527e-01 1.6343696917388196585321680e-15 1.6608076355811696987562305e-15 
-2.8099128091263032847013648e-02 1.1518996246528606652859139e-02 1.1852903803673603064239295e-03 3.7069379466419895285955732e-02 1.0085199203140129270428460e-02 3.4734665589261286104683091e-03 7.1400817553243809172218169e-16 4.3698782149522655812161195e-16 -7.4914687191018765958917267e-16 -1.6999938906948270381275943e-15 
-2.6778944176580475773630230e-03 -5.7705687116649502857446130e-03 8.1039236722830546022500187e-03 0.0000000000000000000000000e+00 
3 (band)
-1.0186620798399204090856074e+00 (Ry)
0.0000000000000000000000000e+00 (Occupations)
1.5793771280029747505757598e-02 3.7167182076140653501639122e-01 -7.2590801136935417803286441e-04 -1.7082714604643313427434492e-02 -5.9002613173577714481145563e-16 2.3122069725894862208162072e-16 6.7110199251134913800420634e-02 -1.2047591328387802223076619e-01 1.2758578775057077825394458e-01 6.2585944504321089354448304e-02 
3.6324241077546429354468508e-16 -4.4790513465986418433382112e-16 1.7820018825857292243952656e-02 -2.8317205681146123685820726e-02 3.3518764111194254695647032e-02 1.4510191617923523521582752e-02 4.5532821360940584076715254e-04 1.0715126333046619960809309e-02 -2.1399175676808058500314904e-16 5.1739931907429057192326725e-16 
-5.3539622824950549407149183e-16 -1.8146379177879545626295064e-16 8.1916280111705881694650344e-03 2.8906802113112528562766101e-03 4.3981093884685670825085424e-03 -5.8128026893854989332055538e-03 3.3311519805928374582393303e-01 -1.6560087675264817397291495e-01 -1.5310582942689360264054699e-02 7.6113159611346861699310296e-03 
2.0038471894396185788602514e-15 1.8199834475289920322181456e-15 -1.3735640049678438101565803e-01 -1.2306249130965542237792221e-02 5.2812902839892289508227918e-03 -1.4201141383130999606976275e-01 2.4634680056910499797458816e-16 -1.1962676344509278059422587e-15 -3.3117109260473051590700777e-02 -4.7617520696147282166510450e-03 
-3.7758995676336060132172179e-04 -3.6522741328595322019001657e-02 9.6035563199689880087284166e-03 -4.7741975372220003814849321e-03 3.9765239495256192392150183e-16 -1.1931124759014970025705440e-16 -7.0827558680174474869456263e-17 -7.2141486628796490084592206e-17 -6.9106750304506747717425696e-04 -8.6591701255780070822787309e-03 
-7.0991317417963273328496143e-03 -1.6535930004916120361624365e-03 -3.3257462484772210009609239e-01 1.6533299524656064338756778e-01 1.5519029466107768858162963e-02 -7.7149848001503776306897464e-03 5.1927660426614049754490579e-16 -2.1012194470166999827824362e-15 -7.2988868001055459688863891e-02 1.1684666524464894232782086e-01 
1.1630968557536992824541500e-01 8.1515924622549279510153042e-02 2.6890796342429016635181406e-16 1.1020291655319628635199075e-15 -1.6257101083398305119143146e-02 2.9377448481162561633173169e-02 2.8989396408914229474884650e-02 2.2420622826491327928000175e-02 -9.5777888371143590079404007e-03 4.7614100727637366505806682e-03 
-1.4646456012919296815797381e-16 -8.7594309211516113536441762e-16 -6.2082322532385945847308607e-16 2.7487770156566901335973648e-16 -6.4759324105122164499936943e-03 -5.7721473369439441417072523e-03 2.9597523725433672048268363e-03 -6.6477126683219377872857692e-03 2.8630949331595267892680567e-01 2.3657505034761094897532985e-01 
-1.3360147270065694802276823e-02 -1.1039371855248128473370173e-02 6.3047233170691084126359488e-17 -5.2338048448797893147390457e-16 1.3643198742980272575309186e-01 1.9152828428913921954279687e-02 2.7161091580283978907939257e-02 -1.3940969847855788632529084e-01 -7.6392372418219738202369369e-16 1.4007899534772701147266352e-16 
3.3449993338226582939576303e-02 2.9027160679618788097222648e-03 8.6912083563954051212974150e-03 -3.5602420274275868583568894e-02 8.2454022244274165209798610e-03 6.8131055361519404084402751e-03 -1.9565799594190941114857172e-16 -2.4309333880414836136778851e-16 4.9853299029994502349265784e-16 1.0736195013160414342717551e-15 
-2.6391199701183989077823977e-03 8.2638024690971142310891295e-03 -7.2768274562028138416347467e-03 0.0000000000000000000000000e+00 
4 (band)
-8.9146923611163342293650658e-01 (Ry)
0.0000000000000000000000000e+00 (Occupations)
6.8315159411212397766455240e-02 -1.0374640529808944189316122e-02 -1.5207427961780040082118148e-03 2.3094845833013244451592527e-04 -1.8957756790283562768820936e-15 4.8429535889241606487809243e-16 2.2045393400810681105994604e-01 -1.4347041863533629979521322e-01 -1.6514104977511342986495890e-01 -1.6515855579933066965558908e-01 
1.7519073351781742835246566e-15 -9.0640447208410038209449082e-16 3.8377759696355789875710229e-02 -2.2695416145734774449049809e-02 -2.7967345995655923385214692e-02 -2.4925768550050617089475224e-02 8.2593680709319716726213301e-04 -1.2543078222365666718474131e-04 7.6201424415062178420894600e-17 -2.5676989514594069573151365e-17 
-5.0902822786336050896817922e-16 -8.7079597685203365018509307e-17 3.5959948644250436244895752e-03 9.5620267267589546117401156e-03 -2.7762506386014920711780007e-03 6.2407831090225268644289258e-03 -3.7263984347502221439185632e-02 -5.8189257101724428666855715e-02 8.2952373510444821214093736e-04 1.2953324729308990370668653e-03 
2.2156183549949009994507979e-15 8.2364448893154301449081943e-16 -2.2073344233818242843270241e-01 -1.4304001355070772305566607e-01 -8.3710932196633919266659518e-02 2.1803989246309327110218135e-01 -7.8185404467827622952673266e-16 3.5170532274577671851102074e-16 -3.6342935479885631055996242e-02 -2.5828770664595320644130183e-02 
-1.1395478207031684014793882e-02 3.5687665324094099139617953e-02 -4.5052548573993114744418165e-04 -7.0351352306757299059913890e-04 3.6309903304443373434622855e-16 3.0885681486825148743229475e-16 3.5405051550389965519437749e-16 -3.3497153404660175861243748e-16 7.2727232015842788181991807e-03 -7.1743314267824244423454871e-03 
6.8304419264620282181699196e-03 -2.1240125420533828570768264e-06 -3.7264261668965334428627045e-02 -5.8189923672586088554403716e-02 7.1780076820249227864678687e-04 1.1208839294573440248381502e-03 1.3815995873745207102536149e-15 -3.5710379342068245378923443e-16 3.7428548744642367585022669e-02 2.5848795239740496310076878e-01 
-2.3129461414502211491495132e-01 -1.5191898469248669989450917e-02 4.3800604362707191777533534e-16 7.5244019863525812933265252e-17 8.4345515597443986022252460e-03 4.4996769574022286997116993e-02 -3.8231863505912414002985145e-02 -4.6558812322322271071151079e-03 -4.6147640310186042837681253e-04 -7.2061785757241564320807470e-04 
-1.1266723160210958379474603e-15 -7.3510942984950864204289724e-16 4.4874152042997476798066143e-17 4.0919458511052894010741777e-16 -9.6721662733484370377823325e-03 3.5824395395939456765432851e-03 -2.8252483137708797600318178e-03 6.3456116061704308239921346e-03 -3.8002399747067858171156729e-02 5.7710571199898766381330972e-02 
7.3202254732208926757408562e-04 -1.1116481981083142782651407e-03 -2.2414771674468493192091575e-15 8.6866646361245985124723688e-17 2.2091693248035051966304820e-01 -1.3932920275092749995415886e-01 8.0197505104351030080778173e-02 2.1747724590548300760417533e-01 1.3060878211808816706036776e-17 -1.6579459274990397537405005e-17 
3.7675953262682151945206499e-02 -2.6007181274790212160974434e-02 1.1296940674144407071310958e-02 3.6820262744699898405098537e-02 -4.7061780734124615370450595e-04 7.1468136024822252576338411e-04 1.4271731701766418298058096e-15 7.0274603329411782980034185e-16 4.8505912569724377999079867e-16 -1.6646535116144593591837109e-15 
7.2067458108155220061763480e-03 7.3788541313938409149653097e-03 6.9461366737805533763672194e-03 0.0000000000000000000000000e+00 
5 (band)
-7.3575661821777282867174108e-01 (Ry)
0.0000000000000000000000000e+00 (Occupations)
1.3524401184385698160284051e-01 -2.8745621073262206390808160e-01 -4.3358454008820546121683037e-03 9.2156889417613491177760920e-03 6.3917812960789412952576059e-16 -2.2872417054876641043504036e-15 6.8295666955135586606573384e-02 1.7792233652851571767961047e-01 2.4772582999589215502211914e-01 3.2258508175084465996462768e-02 
5.0580071633402978331291022e-17 7.9395593069973395123359840e-16 1.9344960099162700206676391e-02 2.5800838708272877397575940e-02 4.8303642406812896670231794e-02 1.3070947216453993044993354e-02 3.1976307442084551946326343e-03 -6.7964566229512957812319840e-03 -4.3039187255773410316462832e-16 5.7528100632520858684086649e-16 
-4.3392197503229670292595730e-16 -6.0610991311827754216169403e-16 2.1105744193701175825950145e-02 1.3769151966717185775479493e-02 1.5570778115595304558205214e-02 6.5694579098767025282512577e-04 3.1761301096018274003895954e-01 6.6325784720553809803433865e-03 -1.0182497975062931860890103e-02 -2.1263348603406395653792060e-04 
3.9241256284939303514793082e-16 1.7542608216982219726750415e-15 -1.3476179201929752715649613e-01 1.3475873022685841418066843e-01 7.1289558909580080792167678e-02 2.3942952405104020452419888e-01 1.9040216740502850492831010e-15 -9.4991847074958701234406246e-16 -1.5701934870903627716742790e-02 2.8166646953420346188856627e-02 
7.7059569099063515706937721e-03 4.9444006300088924610314223e-02 7.5094656706763823761363597e-03 1.5681308909647889704430668e-04 -2.6574506501632816870880741e-16 -2.2893372865543152594773529e-17 -7.3370081471887080097549639e-17 -8.6355038663609922331579098e-16 -3.9942666889568184673819928e-03 2.4881475387724755199414517e-02 
5.7330561792120517117243850e-03 1.4491817544510749576902597e-02 -3.1755598103054272218770393e-01 -6.6312938777943197798947494e-03 1.0230092020906082078690602e-02 2.1363070481402596234588032e-04 1.4281553072535243299543170e-15 6.8794627431059438503969961e-16 -1.2880426081152393513740151e-01 -1.4027351246369026971372307e-01 
8.1099394207671399170678228e-02 -2.3626609659799630014376248e-01 -4.9091513201633388430079793e-16 2.5024747161896487433235974e-16 -1.4530827941803360625616648e-02 -2.8827678157073384490605150e-02 9.7754547148309126058940421e-03 -4.9130316993474559827959069e-02 -7.5043585554494468894959347e-03 -1.5671223642099371686775555e-04 
3.4228218029179054176996247e-16 -5.9109785105341751207161587e-16 -4.7639528572483761618790651e-16 3.9868480590559607305225630e-16 2.9543135484074670854548472e-03 2.5012092612648664097241280e-02 -6.3362464353403820382926170e-03 1.4231442497875369801452194e-02 -1.2310366534638235436194265e-01 -2.9279901421459864074847701e-01 
3.9657919280284559260252308e-03 9.4325455322512158362613377e-03 -1.3352586843071089223144873e-16 4.2883718252740009470451795e-16 7.5756817462318284950306690e-02 -1.7472292497005384448449661e-01 2.4882591469501971759292758e-01 -2.2010095835574308015258893e-02 -1.0887669816541120348207227e-15 1.8677316027426514326183938e-15 
2.0425174253736230745026603e-02 -2.4999844905643144044038451e-02 4.8858813555902609604419951e-02 -1.1052777961674531415070533e-02 -2.9091338563408445337665764e-03 -6.9193132794897185475213597e-03 -2.0272904758190783864606265e-15 -1.1943397380887977384243453e-15 -8.8927506377828029618566860e-16 2.9045600434291791442191722e-15 
-2.1648056015666706369815486e-02 1.2872234310664719403316525e-02 -1.5578253254447642014990372e-02 0.0000000000000000000000000e+00 
6 (band)
-6.3344123589818213115876233e-01 (Ry)
0.0000000000000000000000000e+00 (Occupations)
-1.1973556149352931887719365e-01 -3.9234381011953284312809842e-02 -1.0384764178533699430229120e-03 -3.4027799486274767915006123e-04 -5.8811643921416558874170750e-16 3.5694501970338108291501491e-15 -2.6370511345176528283928974e-01 -1.8566034538538966902621041e-01 2.2024469678883712431272102e-01 -9.9492964322218643835604723e-02 
1.7885052726124746141073549e-15 -1.9772475490620218814764506e-15 -4.6733101053276548952908342e-02 -2.3326387730289499522484675e-02 3.2492142316957475789429566e-02 -3.2125130313559735473205592e-03 3.8763266898335178162193770e-03 1.2701675852615952611035510e-03 5.7696947537899134189845843e-16 -8.2093239853297950556215179e-16 
-6.5505429066234150111575409e-16 4.5318610186219588599994909e-16 4.8134815982176157311833720e-03 2.2126592015349465236706550e-02 -2.2423978236413982800812050e-02 4.4823433442211756128070732e-03 -1.2858449796241705476163020e-02 -1.2534193874517099431820100e-01 -1.1152699570238927551102392e-04 -1.0870989437206657335366344e-03 
-3.6386949669086638112058397e-16 1.0365418790788575079849008e-15 6.2350632547415546502733719e-02 -3.1642147419252808493439488e-01 1.8047293426961963369592468e-01 1.6073610798244761244113477e-01 -4.5140926831701190601096522e-16 2.7366386029856628944346401e-16 2.3016509052837669235813678e-03 -5.2180508829537355919292452e-02 
1.6150521583017787841107804e-02 2.8376402254662237700788552e-02 4.1628827779356192620441313e-04 4.0578243395630007872565415e-03 3.7231769384679956808817205e-17 3.9724877033934323140788983e-16 -4.3637437019906819249796897e-16 -1.3120308386195329469781708e-16 -1.8255828280423325171710758e-02 1.3397030010632065416542602e-02 
-1.3215478036144593515510692e-02 -1.8662190173689315042526715e-02 -1.3024379679004570442568678e-02 -1.2695589928737915919043644e-01 -2.3927837447478700338976410e-04 -2.3324471241371463881009163e-03 -2.8858157731505802886569038e-17 7.8582614353275391466785657e-16 1.2441958409148576314429135e-01 2.9528446472053249127753816e-01 
1.4302156321595088650511229e-01 -1.9278008362586709911745686e-01 -7.2535599291889327458534244e-16 -3.7121529420480784932158286e-17 1.3306878816681258492771178e-02 5.2015579377886117518059450e-02 1.0508974760806380488453726e-02 -3.1941812201444541585715342e-02 4.1469558936029979334669804e-04 4.0423484371570530399031540e-03 
-7.0703185168678344304843905e-16 -7.1727749013732268790698431e-16 -3.3266155034367024396477920e-16 1.1530829689098937744593450e-16 2.0539795138761442888641895e-02 9.2062925864292641242592197e-03 9.1683351248630882979195889e-03 -2.0592417839532944912050993e-02 1.1068249263880791666281311e-01 -6.3535979201962092255406844e-02 
2.0334731925161567134274776e-03 -1.1672833857822827174910429e-03 -3.2221548054503054999716409e-15 2.7426444779836114874805111e-15 -2.1914977746468555785952503e-01 2.3376595784667028588010851e-01 2.3428548023629341967577489e-01 5.2245975328022525863147507e-02 -1.0616790547656529920383814e-15 -2.4640303174516545295511849e-15 
-4.2106201043764696079207965e-02 3.3313080847028997411030105e-02 3.3454682561492331271946199e-02 -3.3914793152082485863663130e-03 -3.5241971608254846204388855e-03 2.0230145058438018038082795e-03 2.0995441049786083053996116e-15 2.4253788500017806457562765e-15 8.9466460961936079358641227e-16 -3.2038524207546662933204140e-15 
-5.6079447268477791363472384e-05 2.2508573091710590979852569e-02 2.2541207630464497185807105e-02 0.0000000000000000000000000e+00 
7 (band)
-4.7697717811355899719671925e-01 (Ry)
0.0000000000000000000000000e+00 (Occupations)
-9.9279011167900280014039835e-15 -2.0618875050179214594117884e-15 -6.2668589278455676490300521e-15 -3.0117483639193445523900773e-16 -3.8596082335950443464867021e-01 6.1711237467595679573317824e-02 -5.8542639842227533633298764e-15 3.5812986815692639165117854e-15 1.9308446812922992928852524e-15 -1.4267567178890694866509565e-15 
-1.4752692841376036092526647e-02 2.3588080347715159601484913e-03 1.9734567760185145978944679e-15 -1.2503718768818946442268364e-15 -5.0638392612056847495197169e-16 4.9693656091314196997261202e-16 2.8503116185250297560107912e-18 -6.7428139502358667346775579e-17 4.5129080025727991154482766e-03 -1.7083539171799857342426421e-02 
-8.4960976929122911105451976e-03 -2.6940649218831415334651780e-02 3.1635581372698117838865738e-16 1.0557101261494168107165409e-15 -6.6338923086761274982217219e-16 4.2277149605429691311285775e-16 2.6576917595460003729388021e-15 -1.4398674521811025160672223e-14 4.7867064021826443048971204e-16 -9.1006040502615204728734717e-15 
-2.1336043036376331483161550e-01 -3.2749253541586753613046312e-01 -3.8114972814022162389693665e-15 6.3218978402690660893404621e-16 -2.2756338506032769978187806e-15 1.6962605996362721782820713e-15 -8.1553391296870780813321744e-03 -1.2517841870572546381090717e-02 6.2412017997132228301957213e-16 -1.7400255250835234218492073e-15 
1.6695243469274129697225578e-15 -4.2237470685293480983451530e-16 1.3048407129530203236082566e-15 -2.5997581888840071503258469e-16 1.7442154662007713916693774e-02 -2.8257547700919400691932371e-03 2.1155833462790714361023703e-02 -1.8719320683033911778547775e-02 -1.5643497212860516528602992e-15 7.7103824273445766785393779e-16 
-4.9222877912655973210638038e-16 -1.5106201496795079060821536e-18 -2.2504469994476773238745795e-15 1.0161616082712544326649033e-14 8.8085937584242662516684284e-17 4.3167354839042430493772914e-15 -2.1337836506272125913774573e-01 -3.2752013782318489809597395e-01 1.7952210656098685794347322e-15 -1.1695615111327752113244666e-15 
-1.0568820951061315176132491e-15 1.1592315753215513575809311e-15 -8.1358323176341298954561410e-03 -1.2487908554146408268703539e-02 2.6790559717626376376806390e-16 -1.8912955081398322677588311e-16 1.1265106765257987039306184e-15 -1.9892492195517292708210960e-15 1.8617067052574192509329463e-16 7.1974412589845960228743375e-16 
9.6349179179677207213172707e-03 -1.4815091736632353056069000e-02 2.5675944902278851483812261e-02 -1.1791317771437376596410651e-02 -6.0262485262122961213383072e-18 2.8502512667088010464270124e-17 -3.1874779695685452960945580e-16 -1.4464704801055887131224113e-16 -1.5336864092719552759476735e-14 1.6476754615329334562327619e-14 
-6.7222332134237097643302080e-15 7.7663357319627741619588833e-15 2.1241573424644036305330985e-01 -3.2814527758465966700285321e-01 2.1878489392938941897868053e-16 1.8775348226433201318556519e-15 7.4616930241853155490464487e-16 3.2222551149298617013630310e-15 8.0991310081536017906334024e-03 -1.2511742663199536262919054e-02 
1.0174715557167612477750920e-15 6.3097659630368067436498989e-16 1.5230161219103924946089728e-15 -7.8803572625582205210064500e-16 -7.6052298188047413855279312e-16 1.3527468874100334804479088e-15 1.7453133931142783552559195e-02 2.7760948168901139303244019e-03 2.1215252429218345309180904e-02 1.8660181825919584103212756e-02 
5.9760874518067640346497561e-17 -5.5154641456388146655429563e-17 5.1502582572802530447959983e-16 0.0000000000000000000000000e+00 
8 (band)
-1.4795003889942021091385982e-01 (Ry)
0.0000000000000000000000000e+00 (Occupations)
-2.8171287030665377369441866e-15 1.8148160622617802699603426e-16 -1.6756122954442182322717703e-15 -3.7003642469272412939369861e-16 3.2882343864698238000698893e-01 -3.6923963397088988003247323e-01 6.8213378089061182588218897e-15 -3.7178554086426481281468312e-15 -1.3338406923808574200856046e-15 3.5820301599003474620394639e-15 
-2.9713855480566486733096099e-03 3.3366092606407771192778000e-03 -3.9202490766207485718263717e-15 2.0191398897403408411012015e-15 4.0682383283364307177212933e-16 -1.3655859718104656606176841e-15 -4.5884522905352036909342160e-16 7.4199254557876120234356696e-16 -3.4671237983401353988099913e-02 7.7508375889829631000260690e-03 
-1.5693403155798153758571090e-02 -3.6308941701294172865743803e-02 -1.7722118901193291282256517e-16 2.9050694984121281937397199e-16 8.9005151726160806843317125e-16 -8.6182357363156191981790463e-16 -9.6718560567087556151632767e-16 9.0872194018820243958699947e-15 -2.2542547380316605303684837e-15 4.3228260551310503041319792e-15 
-4.7106173201295575836411444e-01 -1.5021186947625725371935346e-01 -3.8899887202592498299975600e-15 -3.9246993223321909228060220e-15 -6.8222736193969726949983550e-16 -5.2160365411385709138078032e-15 4.2567156172471087849373816e-03 1.3573745199145963516440538e-03 2.0797198868637420870863760e-15 3.3470640092190660300281297e-15 
2.7865334953696881286541100e-16 3.4328777420087687155514183e-15 5.9900363388663061741437583e-16 1.2251207845753466425016461e-15 2.1182805424277077743777653e-02 2.8521202306172301760289756e-02 -2.6786786641649532048070625e-02 2.9104814232237333215813635e-02 8.4232033396761269178594527e-16 -2.0038009316369244117061661e-15 
-1.1999353129634711502424941e-15 -4.3084182437220840134007207e-16 1.1542425090615187836260532e-14 2.2782875793370746555324683e-17 5.7068313007802625642904034e-15 1.8291851336071708041870278e-16 -4.7106620273293881018261686e-01 -1.5021261068345051481465191e-01 -6.7560489092167350774472162e-16 -9.6399029435643313076205740e-17 
2.4848083941343858215921050e-15 -3.4891345997605329091117178e-15 4.2841181584362952872169217e-03 1.3661151109413613435883406e-03 -4.5839224570055966593873071e-17 3.3547458702204817777596151e-16 -8.0218457392890676642468969e-16 2.9805571025435804127412797e-15 2.2899986466496781364256709e-15 3.1004523482980094169315246e-16 
-3.3787840328831253433605752e-02 1.0995993817786925764168338e-02 4.9935884829701137482826923e-03 3.9245394368313556154870270e-02 -2.3336735153209485250191121e-16 2.6664497457831984778762099e-16 7.7896619987102647639442157e-16 -3.8640684931386805178956182e-18 -7.5166306614099215374288824e-15 -2.0488414730362395890849697e-14 
-4.6770973393282564403024690e-15 -8.7467443608172155399019439e-15 5.4373837852168427353660718e-02 4.9143736276640281879224403e-01 -1.4173587482062031218939839e-15 -2.5091516680151366761033765e-15 1.2853844276176617447991100e-15 -3.4344944635531536719499229e-15 -4.9449958460032162558400737e-04 -4.4693857578687427867247806e-03 
1.5957147902067537131064942e-15 1.3434555070813211098400302e-15 -9.3582821465022162784181352e-16 2.0889213834960810359503038e-15 -9.5522392705602203385749481e-16 -1.9158896440276324195404015e-15 2.3788092959675991716617105e-02 2.6394254440487683460725421e-02 3.3821376339736503036093040e-02 -2.0524410041403914894964089e-02 
-9.0479031421663486520364791e-17 2.8580709698393970295272627e-16 1.1774285074717445871398374e-16 0.0000000000000000000000000e+00 
9 (band)
-7.2203585625293095762167184e-02 (Ry)
0.0000000000000000000000000e+00 (Occupations)
3.0406797259665526021125176e-15 4.0600901050387252333603005e-15 2.8412122638076839355466554e-15 3.8444895572087769684311397e-15 4.4700917820778479638832437e-01 2.5982807842315214230666243e-01 -2.3007439002677039687787087e-16 -3.4561043503451876823239508e-15 5.9205793765958929947777370e-15 8.8408472904604066090249720e-16 
-7.1140754146379082956119788e-03 -4.1351247624789311263526770e-03 2.1780943585824732210416470e-16 1.8846810101539946267846612e-15 -3.5090769942885906083172009e-15 -3.8641936364033018239381619e-17 3.7870679701564820927342687e-16 3.6794881760567197031771836e-16 1.8715986851841906468685295e-02 3.6021061103013479742784853e-02 
-3.6029863472732140405874190e-02 2.2542527314592143705684890e-02 8.0263736979424914363072164e-16 2.3816054683882358706322368e-16 -5.1075160381155962230334326e-16 -5.3003772545078415704587182e-16 9.4338827191268986842459404e-15 -3.8777034234678294385536679e-15 5.0251734128937229860957903e-15 -3.7322976564796576751149723e-15 
5.5549748183955069413819672e-02 -5.1404480467733082438286374e-01 -5.2918323018860640944118374e-15 2.4835832720330190166412419e-15 -1.9470434986749767069958891e-15 1.1915591410514012460451744e-15 -8.8406928986875348008833697e-04 8.1809380450621749236717051e-03 2.4225537003068400858133512e-15 -2.2428412347772960367270373e-15 
1.4880020352640293280071136e-15 -6.2510242991561751838103004e-16 1.0897349709006049772715981e-15 1.2878037739437190464214897e-15 2.5294399082497830144600215e-02 -3.1748990249779715511202483e-02 3.5248289154143533363772178e-02 2.3746046224555630854702315e-02 -1.2858681261555826875038154e-15 -6.5254364510890311922411265e-16 
-5.7256371384911554198726899e-16 7.2005670142947316475775030e-16 6.4065825118454426698352599e-15 -1.0883614027854928861550293e-14 3.4719843979842454843962242e-15 -5.2218676252400868797730574e-15 -5.5549199305308286089832848e-02 5.1404613257981313090283493e-01 2.8210218287794841704871383e-15 -1.0810387903471028719462293e-15 
-3.4358710510101073642911656e-15 8.3464926347795776544164580e-16 8.8222185743225267628986330e-04 -8.1640239144081319655477103e-03 -9.5610718364496650710377985e-16 -1.0559856013222032855276504e-16 6.0987367343760705554254392e-16 -3.1413617010798954767803289e-16 4.1902543188573118173795050e-16 -1.6051819455122928078781454e-15 
-1.7925652426167705544290953e-02 -3.6413583629947079978173008e-02 -3.9502196218703156116447417e-02 1.5664840681793579246772197e-02 -7.2807789686253350675342683e-17 -4.0771567993741955148134773e-16 1.4963838328161955379715964e-16 -1.3947500417328827894198940e-16 -1.0892582096702747986957784e-14 5.1489414050826901235848297e-15 
-3.5828211138111202578416612e-15 2.9651841605155922252693463e-15 4.9219840426979122316453186e-01 -1.5833467970726244899992707e-01 -1.8118912419699490902840895e-15 3.5725896830322148665004860e-15 -2.6248143325971558691577811e-15 2.5351930781667033495597514e-15 -7.8170389195430720064017294e-03 2.5146579113486181022985022e-03 
8.6409806925981726732774403e-16 -8.7720758338767239036928801e-16 1.7184645572722663978547824e-15 6.1268444020211219629946082e-16 -1.5769731221314669579768651e-15 7.1625648998403786104216228e-16 -2.5974444225273011360721753e-02 3.1186637120201397138652410e-02 3.0377534737088845995245379e-02 2.9715587205772713008666841e-02 
3.5980207149968928825052574e-16 -1.5839777158807573545268860e-16 5.8652633088391801064134398e-16 0.0000000000000000000000000e+00 
10 (band)
3.2211038812576175960344926e-01 (Ry)
0.0000000000000000000000000e+00 (Occupations)
-2.6436333857648476911462715e-15 4.4520228986019069279835224e-15 -1.5592539522472181243768972e-15 1.6223880381971839078109112e-15 5.0510274298187685104721822e-01 -3.6796911067580700960277795e-01 -2.7656709200067507412452791e-15 3.1126686735305300148026515e-15 2.8301836249765525967059310e-15 -5.2821934770448340766329995e-15 
-3.9405858590094988702645651e-03 2.8707531282800499705665231e-03 1.4415081097310680221059607e-15 -1.5425005261707646634677541e-15 -1.7021479541000063749245397e-15 2.6090393448379368193777426e-15 -8.6949876831728573631000946e-17 3.0956625085290532134348623e-16 2.9055977261357446295164664e-03 -4.7686386455633597569736537e-02 
-5.1729471791665003477245222e-02 -4.1130522956121171040955176e-02 3.4570717458585164038983202e-16 8.9262060914093854616732793e-16 -1.1894410485800890887181020e-15 5.2643804764248493193744612e-16 -3.6464067037309198452585640e-15 -9.7587806348451831572293395e-15 -6.6836851439488819236184956e-17 -4.4649462885107931009209126e-15 
5.4160030373541767634293365e-01 3.1176779559965833721335571e-01 -1.7335525281778562200269310e-15 1.8853092945762373228574921e-15 -2.3456789426613114834742233e-15 1.6730189392927695445358224e-16 -4.2253441446829798078255180e-03 -2.4322638209669476816454647e-03 1.1227401724194351601398737e-15 -1.4114493510783580738734129e-15 
1.4246654522430727019744506e-15 2.2415480182850762168697557e-16 -1.2066169666870072730271708e-15 -1.6029814065650955105210417e-15 4.4745494801262275519349032e-02 -1.6741405148084410187125926e-02 1.6534330705030297892221824e-02 -6.3986514818554648953430330e-02 -1.4349473320162936295179683e-15 8.4822293000138373172387108e-16 
-7.8522857270757652212118963e-16 1.1816675976309471327703721e-16 7.0453395667771378543373163e-16 -6.8692685209956944813760267e-16 8.7539560033723802604770192e-16 -6.8289089591514982088734697e-16 -5.4160124702393352968954332e-01 -3.1176837156973802311910049e-01 -1.3595004889035517887050793e-15 -7.9559224615118892605383248e-16 
-6.7700670079965995035795825e-16 4.8601379045331313177755465e-15 4.2136808745821263677555635e-03 2.4255924839380448715386862e-03 4.0795781867478805374915813e-16 -5.0966417139143656871934527e-16 -5.5899932767096265959137061e-17 -1.9231826286481702290006187e-15 2.9326205047312591714059261e-16 6.0911429504222414204626014e-16 
7.9924889060801040246984073e-03 4.7096863644311211249959825e-02 -4.7023632085246312717341510e-02 4.6430869227628894513326685e-02 3.5201961614043350051912543e-16 3.6355853286101194101601162e-16 -6.9782431774820682931912115e-17 -2.8673986373225952996443987e-16 -6.0039393267176440581030080e-15 1.8114453036639680701454792e-14 
-5.3450559691645403514116556e-16 9.3745619860605054173663196e-15 6.4525506512381564094837927e-02 -6.2158497994918948670317604e-01 -3.2909026956126926831387355e-15 -1.4596287965304412693533251e-15 8.7160799948482308763774500e-16 2.5853492637440630603383536e-15 -5.0203058131696731702930947e-04 4.8359663673754882395883214e-03 
1.6893025319763635927598419e-15 9.4185635644562660836712346e-16 -2.4463033911100605254851735e-16 -4.5451295678251683066377222e-16 6.5366953749626643389006428e-16 1.7485963272349418733962149e-15 -3.9774287740945768465650190e-02 2.6457522158076313134600355e-02 -6.1542943939654898288793561e-02 -2.4073089601508907559024308e-02 
-3.9059179065763234118982232e-16 1.1809336205149822102656132e-17 4.2326602568437174114394584e-16 0.0000000000000000000000000e+00 
11 (band)
6.8022591818655442352792306e-01 (Ry)
0.0000000000000000000000000e+00 (Occupations)
1.2857440314727780483750053e-01 -3.4291797976084081867043096e-01 2.6578513834995171755126719e-02 -7.0886578002290479005864654e-02 2.8750963830331404791312450e-16 1.0753056941741349114595459e-15 8.6006690709816424611489083e-02 3.2888285352521851034879319e-01 3.7379031369809678775339989e-01 -3.1357359945602653050755748e-02 
-6.2679369012198826809339148e-16 -1.1592625303955732806108123e-15 -2.6903893389096239507907171e-02 5.2144704342065695268360059e-02 6.7905070667237388271075815e-04 -3.5726740269203929867281033e-02 -3.0496088409361757354254507e-02 8.1335087293914851147569323e-02 -1.1777696302425288499755013e-15 -5.8299602727749323482314611e-16 
5.3473150912024983281044200e-16 5.2456385386853560483052668e-16 -1.1889625325402894406856547e-01 -6.9716229678672608782719067e-02 -8.7558015073201350686460387e-02 1.0833855527795914486244300e-02 3.6556708387351827260758341e-01 -2.2018746016078449834196817e-02 7.5568566836466954939055540e-02 -4.5514881996432110522476933e-03 
-1.3001851696843465911569419e-15 -1.7430922219386247720258162e-15 -2.6546736424867800607785284e-01 2.1233972946347515198262101e-01 1.8068059118764462356310219e-01 3.2872025584888869831345914e-01 7.1664284174835462006713556e-16 7.1101025773622079255817466e-16 -5.8579357074945895278439423e-02 -3.3687675934968505653266391e-03 
3.2914196092616747335579674e-02 -1.3911030720338501964761235e-02 -8.6707176170282229676899988e-02 5.2223973379537380612447350e-03 8.0580401383870185301687384e-17 -1.9668475989555048131205534e-16 -9.4472531535140827188388022e-16 -1.0116993702927269219321944e-15 1.5329482008312647622894076e-02 -1.3697327732011668754985578e-01 
-4.5510272640134109833898179e-02 -7.5581700916139166190887977e-02 3.6380869896255862983025509e-01 -2.1910909643043013916852146e-02 7.4836748309987946581323115e-02 -4.5072995218382316817695710e-03 8.5501992399467758661490640e-16 9.7398981829763511862499653e-16 2.8846429144122048837672878e-01 1.7936127608638829933340730e-01 
-1.3953793893286414729004719e-01 3.4867150310333316909350287e-01 -7.3898071058643673162403670e-16 -1.2535379417958606147392046e-15 5.8500827390326318178104259e-02 -1.0562358752403633310734676e-02 -3.4798773357493886781988124e-02 -1.0078266000681054825882654e-02 -8.6620269393134358137942286e-02 5.2169629142411726857586629e-03 
-9.0939608406627845717905839e-16 7.6820367894818361946587688e-16 3.8298030611679990641738234e-16 1.3084495021057692105740659e-15 3.1510557282044118765362839e-02 1.3420242007577784515426345e-01 -3.5845645326015071474579088e-02 8.0510637561592698907553256e-02 1.6799094095225175493624192e-01 3.2344381453383369562359917e-01 
3.4556470798379992914739489e-02 6.6533487602512431102752544e-02 1.1599275732994418368644681e-15 -1.6727006461830981621737747e-16 -4.6525681458884485253157948e-02 3.3647804647677215239554016e-01 -3.7528246073107845992566922e-01 1.4343226470743378891947728e-02 -2.4755665812422460264664747e-15 9.8384322191569766960674508e-16 
3.3443625015800823585543355e-02 4.9147066784997146815516800e-02 -4.9469821368835313613043780e-03 -3.5889461412851521304734348e-02 -3.9997570377148100595476876e-02 -7.7009623656483741638290041e-02 1.2097554128626338331437417e-15 -2.5631836595155002707075971e-15 -1.6384219356884678571672281e-15 -7.7341186378284850195975984e-16 
-1.0978351296491251076758999e-01 8.3371368319721278483669380e-02 -8.8129864685087835884935714e-02 0.0000000000000000000000000e+00 
12 (band)
7.7378401632632076712070557e-01 (Ry)
0.0000000000000000000000000e+00 (Occupations)
-9.9077556196778826524962369e-03 -4.1054129582949738797026384e-02 9.3098709496847009692288566e-02 3.8589351549729894452767098e-01 1.1892049566786413499747650e-15 -1.6486638019332864254673068e-15 -3.0231133079057892487639947e-02 6.0835688367992843406106829e-02 -8.0453025001193043119762649e-02 -1.1546540788388154341603808e-02 
-9.1523349218288841408615417e-16 -2.8184596553292611857885748e-15 -1.1917288411529086689100154e-02 2.6775221438299634524327075e-02 -3.3186004191827642162415657e-02 -5.8121187637900084688169500e-03 -2.9183654823159908137109042e-02 -1.2096736333963248322120876e-01 -2.9044973254035621596158830e-16 -1.5144788181835016038698243e-16 
-3.2739457899254095030860022e-16 2.1706882965315502625460881e-17 -2.6570182952824150657278324e-02 -6.6861872217272647067609626e-03 -8.3904152022271118183116556e-03 2.4772832634718661148909291e-02 3.3474966333888217517866792e-02 -2.5749403996603192901204693e-02 -3.1466461161295744553001441e-01 2.4200693628756814179681101e-01 
1.9642293043196454302730118e-15 -2.7451924535116272333573424e-15 -6.7872276356433183797101094e-02 -2.8734106299408632145819809e-03 -2.2174903434569903648565514e-02 -7.8193896780314187111571300e-02 3.6725684964432233062494634e-15 -6.5373073567593422466465290e-16 -2.9307579805403358857995855e-02 3.4789930321438289340107985e-06 
-8.1883292499097416056175192e-03 -3.2680925060946039439890853e-02 9.8639123497723801836656321e-02 -7.5862454598960932239393173e-02 -9.7523595331666942141349497e-16 7.4987814076271313304964745e-16 1.0324399248255957547574647e-15 -3.5108807464417127546922703e-16 -4.6989310578923609851287324e-03 -2.6992587290283240331056902e-02 
-2.6043798039477032701949355e-02 2.4109930925943602944561128e-03 4.8761752715924949752590578e-02 -3.7498472587599751548737004e-02 -3.1385368464332302762542781e-01 2.4138368670599796850240182e-01 -1.0854745107419191866224376e-17 -3.6921662321616187935440696e-16 5.4655485459484433319321539e-03 -6.1913806550074772239167231e-02 
-6.7516544513031503949029855e-02 -4.7882049924321865019827271e-02 2.0696296005689956482821664e-15 -9.5490333874411173119093521e-16 6.4790667000370998074298967e-03 -2.7982953689018146004041654e-02 -2.9395679894614883120862459e-02 -1.7171403767383870003770951e-02 9.6894327291297113746715297e-02 -7.4521459472620649178153940e-02 
1.0375628502537220442852151e-15 -1.2439818035892958418463460e-16 -7.3769769068961555539705417e-16 4.3320621172858340703071597e-16 2.5627664205779377565308508e-02 9.8218576275021507449025648e-03 -1.1510660766701881485563064e-02 2.5853367365933032501201794e-02 5.4089750914447634611015303e-02 2.9294074833320214723553221e-02 
-3.4817076466982399551852723e-01 -1.8854001750615340116112861e-01 2.7407479946345808738869055e-15 2.7294227303780985539819167e-16 5.8784115604994455206444570e-02 -2.0189586795336608021633751e-02 1.6280976534310712816600031e-02 -8.1154816807271198952911107e-02 -3.0664470761086244854050581e-16 8.5512581500531970089940820e-16 
2.8198974073229056414024996e-02 -5.4627706964780744711140947e-03 3.7305577478774576763442816e-03 -3.3838528967717829143424524e-02 1.0748921422036752937323456e-01 5.8206764292915096070668568e-02 1.5181744437408069249030019e-17 -2.0533575893500164211841437e-15 -6.8986186765830228678860547e-16 -8.6657977517155181921852055e-16 
1.4509966908711263364195609e-03 2.7406945625194658461287744e-02 -2.8300033841746816826168143e-02 0.0000000000000000000000000e+00 
13 (band)
7.8195783004079211231385216e-01 (Ry)
0.0000000000000000000000000e+00 (Occupations)
-5.6341415378884918130353299e-01 -4.3764727648555018513221171e-01 -2.2823950904861806110446310e-02 -1.7731267992192458610167805e-02 -2.1008179533198734539787827e-15 3.2639659563839231435451399e-15 -3.4534758229003836849102527e-01 -1.7213774536707768247900674e-01 9.2207696846849235283727353e-02 2.3787400310077377874051763e-01 
1.9883405183604514000332186e-16 -2.2497348386798202629666428e-15 -3.3725302266573185805409452e-02 -5.9012413136691477255624250e-03 -3.1918414722212073986185032e-03 3.2624154179376724238537122e-02 6.4095920260488645214813630e-02 4.9788896455137010566005529e-02 1.1389638902374281627798346e-16 8.3620203340414078641689337e-16 
4.0355122311953624750713304e-16 5.9804171926594800360751873e-16 -2.7437679508993544769124284e-02 -6.1079705898468901470454995e-02 9.2216817870947806468073793e-02 4.8738416237943171793745023e-02 1.7064949982970911701585237e-01 -6.9271162507394701268736981e-01 6.9149821564833714726550085e-03 -2.8062673095990808835864527e-02 
1.5154836767301714032887688e-15 2.2756472736506979010754989e-15 1.6790139009528186331277055e-02 -3.8550544380812268308034163e-01 -1.7980446592189619492430097e-01 1.8098799613103158656635117e-01 -2.3270250471640889975659716e-16 -2.8597056130356315056215925e-15 -8.3262640378927305073730736e-03 -3.3209847774183953728055485e-02 
-3.1101886744441156751328492e-02 1.0353546679229160693003209e-02 -1.9414260746939516338871456e-02 7.8805505416231214077527056e-02 -3.6364689625466174315829995e-16 1.0005905436138533118571863e-15 -1.1530416774720676092054035e-15 -5.2003650306804937428999807e-16 4.4639178214661352772640868e-02 -4.9908922026037277897003719e-02 
-7.0167998189150839610794819e-03 1.0406795489451768632616080e-01 -1.6996162517725285634462296e-01 6.8991361892238645125985386e-01 -9.2788198408833358343805742e-03 3.7672001042546143789735424e-02 5.0845545990321013116592173e-16 -1.0802709665610982662316379e-15 1.6402634668248569638215884e-01 -3.5138660006696292859018627e-01 
7.3698700571631220457291533e-02 2.4468354830701216640065354e-01 -2.8223627825438936654417528e-16 -6.6463432986599198129241783e-16 2.1754912329038984808438073e-02 -2.5137249948794175569144471e-02 2.1281099985273294744603234e-02 2.2875354982489354283003991e-02 2.0263385406724520459986749e-02 -8.2255924254394041650328973e-02 
1.2435263190194769421990463e-16 1.2506269959975488507699674e-15 3.0113902936763746320171029e-17 1.1851788552009239290471249e-15 1.6833687379007457318724761e-02 6.4794947968120603087882614e-02 4.2268144771384394409174945e-02 -9.4935807491800791590996766e-02 -6.9939707359417446763671933e-01 1.2534547879907254053222232e-01 
-3.8189121465703648738987397e-02 6.8459595284662399378161624e-03 -6.5632264465337077158487345e-16 1.2058172755617041043361373e-15 3.8772315799409412528930829e-01 6.9237177677490477356592180e-03 -1.9355358202696593128422364e-01 1.6684887821789176620690398e-01 1.9077537311157277941921496e-15 -3.4923777093491267235583855e-16 
3.1812540520589224768421843e-02 9.6498606756163021747063624e-03 -1.2241873463945670413854927e-02 2.8745497321347446978423434e-02 8.3386387322753829920429780e-02 -1.4944974819156879239367974e-02 2.3335240243403598030455880e-15 4.5129486597227614836502466e-15 3.0181456710050726279596654e-16 3.4072103532470362015014691e-17 
-5.2346252894536191013763471e-02 4.1732818271318507241662843e-02 1.0392017901512533295527163e-01 0.0000000000000000000000000e+00 
14 (band)
9.4380564801316924050667012e-01 (Ry)
0.0000000000000000000000000e+00 (Occupations)
-1.7810474691422911730498413e-01 -6.4761257590847731702154988e-01 -4.4166244687714739658446206e-02 -1.6059293748543007618323486e-01 -3.0928951419055537802536713e-16 -3.9146782175009844655676962e-16 8.7502789234392835959752688e-02 -3.5989103051321280624108567e-01 3.4948338655049049350509449e-01 9.8060850801754861905124017e-02 
4.6840387772571263984565278e-15 -2.1235681162846242448691136e-17 2.1484836738113105569780714e-02 -7.3802141060037573794261334e-02 7.7216611172042662336600927e-02 1.8019824903418135697563685e-02 3.5456726694199768024073904e-02 1.2892494452191960441211904e-01 -1.3566600408157221444537910e-16 2.1748487096943665554535118e-15 
1.8686261506304111495869074e-15 4.4896689404485445711957941e-16 -6.2817839816439319244878448e-02 -2.0836098043725145845250779e-02 -1.3628920713999390090798158e-02 6.9947488721972858605191448e-02 -5.1918180010856040951239265e-01 4.2611454772656420786347553e-01 -1.2874491845556729208155389e-01 1.0566690452492247254134838e-01 
-1.9192839186195272222102984e-16 3.0995103112879338492183056e-15 -3.6436740691699887051413498e-01 6.6443094029901228481094222e-02 -5.2564654675171018638479836e-02 -3.5915390157099119639028117e-01 1.9215655265438948634112503e-15 2.0376595981020183475408473e-16 -7.6160281100379742524886240e-02 1.0390660105039015159711369e-02 
-1.4944896038748198274781487e-02 -7.7870207479077774292974823e-02 1.0335724744499905081163149e-01 -8.4829830769850927962849596e-02 7.6895166665448625696982605e-16 -9.1407846723465828715105732e-16 4.3363649276280918045525683e-16 -1.1904477514880421877801249e-15 6.5155945769550180357576608e-03 6.5861756795585493784450648e-02 
6.9443592053583885759238115e-02 -1.5999568151512912062006677e-02 5.1214072466101712155506220e-01 -4.2032248348226763923207727e-01 1.2585556362332300794903972e-01 -1.0329127853838129813546232e-01 -8.2666618548832578255272925e-16 1.0023394482044004614834513e-15 -1.3779062269669281604045352e-01 3.4861704543055244132077064e-01 
3.4621702682199007039542948e-01 1.2320218291781565023157441e-01 2.0315423501948768890259015e-15 1.4324443395227922707671757e-15 -2.5053201416679118929131675e-02 7.2727623922056422456350333e-02 7.3520930382600019337147046e-02 2.9880487898733459894984321e-02 -1.0243178743820224863014801e-01 8.4067344055505643929393500e-02 
-1.1217023286925064752582857e-15 -7.2591777509925169494912824e-16 8.3251458159652919763927525e-16 -1.6218978159414751053475359e-15 6.3903300138189927936949175e-02 1.9721701060341097905270757e-02 -2.9149763850779365770282681e-02 6.5471441539176750135098359e-02 -5.9229009469551496813721769e-01 -2.9690327667878374517940188e-01 
-1.4555134779182093973659562e-01 -7.2962430558658197821131353e-02 1.4948942174466252273704396e-16 1.0225738367792610481513453e-15 3.7452201363096626618442997e-01 -1.5917329350256345654734957e-02 -2.8268356731225331712753501e-02 -3.6639583450808688169786365e-01 -1.9697435694006602482211640e-15 3.3072170589651721302484232e-15 
7.6630045520890935351054907e-02 -6.6937512681561027461096813e-03 -2.6064724367356809087148406e-03 -7.9318201333789806195539995e-02 1.1846210167168830240669308e-01 5.9382824805306558269002437e-02 -2.6023775581328470380078614e-15 4.6515943676059486750338450e-15 -1.8324455859673655663787739e-15 2.3002978065006760603893309e-15 
-7.9751433666577810355224898e-03 -6.6400108053725592771598940e-02 7.1667415118540689356052553e-02 0.0000000000000000000000000e+00 
15 (band)
9.6363477906133154782253314e-01 (Ry)
0.0000000000000000000000000e+00 (Occupations)
2.5993164600627388649556337e-01 -5.4372610817235045299611329e-01 8.7523283372264309987187403e-02 -1.8308044466342032752237401e-01 -3.0024957060520597726308157e-16 6.1316319264481110293551475e-16 -3.0106021163110924243611066e-01 2.2081057826241495822827687e-01 -1.9315478755326298543337771e-01 -3.0322913336121287697366711e-01 
3.2463451557348172974910601e-15 1.7887169540531891833044805e-15 -6.4679204696696801502042717e-02 7.9800003866671909147356700e-02 -1.2435842616397825913243658e-02 -6.9962799426666971713828502e-02 -5.9739150208817912157677199e-02 1.2496227426306609487038912e-01 2.9081874746340479097505752e-15 5.2412274075784607412012826e-16 
-9.3687064953241971595121579e-16 -3.1647423525359564749067686e-15 7.5668426642264655090919234e-02 5.0067519451919700879116704e-02 5.6064903295341854405631210e-02 2.6715661964804848782506497e-03 -6.0244224145017444271843488e-01 -1.6306042446523755229392805e-02 -2.0285123507589142288765061e-01 -5.4909724641104690201487415e-03 
1.5503402678164768103766187e-15 3.8580869519899159311131171e-15 3.2417272063490260025631073e-01 1.8522043541709570790843031e-01 -1.9845046748908076739148498e-01 2.9979007860019052378319770e-01 -1.1483683676224476403511999e-15 5.1404000579645198143061970e-16 9.9208333650472990683510943e-02 2.6629807953006498499881616e-02 
-5.8856084735995212176007385e-02 3.9817141719933786536689269e-02 1.3845681944629653625788990e-01 3.7476933558689019126974884e-03 -2.0330975575087215367273722e-15 -2.3414487795746915959354115e-15 -1.9930606714042709843065477e-15 2.1586688815130528026750575e-15 1.4961833121123466194823948e-02 -8.9490842236731107939284868e-02 
-2.0363053403140367325629967e-02 -5.2304461602798044128626032e-02 -6.0864354609498505510600808e-01 -1.6485283725217292349896070e-02 -2.0405842807834428942470595e-01 -5.5264974614548136033764791e-03 -1.7109301870652388776556080e-16 8.7777879283896609323094561e-16 -3.2945273881159453654987601e-01 1.6631406476417293083258642e-01 
1.7954534264991250935850076e-01 3.0793396015124185893796493e-01 5.7112129978826644153152670e-16 1.2288827697145497512945897e-15 -1.0064862132596943955498148e-01 2.0478728083505398638308748e-02 5.6745065990959936419457676e-02 4.1667724811369169501951149e-02 1.3976316175571018574075310e-01 3.7853917738424596589608129e-03 
-3.4814119922694663850124747e-15 2.5985345643316537787416266e-15 -3.5296170954108995828991352e-15 -1.2024819833830528748394212e-15 9.8015056864177319689845902e-03 8.9543185780698586473391742e-02 -2.2610953693701824757100738e-02 5.0785033473338049569978381e-02 2.3249757676810600681704955e-01 5.6272871579433680899740011e-01 
7.7949333397037481874214393e-02 1.8866447908111227960148426e-01 1.9595124787154422833527261e-15 -9.1571618580213064465361027e-16 2.8593595947060373996251315e-01 2.3332402861783757552771590e-01 2.0828400056743581747475957e-01 -2.8927085748365577444474184e-01 -3.4791925737703243789705337e-15 3.3482586625900598551216863e-15 
5.9645731396945962654587703e-02 8.3617641708300341485404772e-02 1.4985063071532170667077288e-02 -6.8786987795778992138551189e-02 -5.3388671792666722581977012e-02 -1.2921965910436716828968429e-01 2.3861570869194341060346287e-15 1.0936707159816657579438952e-15 -4.3116366728643890459097513e-16 4.3813578836550042357654043e-15 
7.7815139107601391521562562e-02 -4.5374615801604949172354253e-02 5.5591140047913226163167622e-02 0.0000000000000000000000000e+00 
16 (band)
1.0636779832859890593255159e+00 (Ry)
0.0000000000000000000000000e+00 (Occupations)
9.1777659822368655549070680e-15 4.5538845718205045220570524e-15 1.6580420106059844599631837e-15 4.9659940599550271564264482e-15 -1.7295898876474091743205008e-02 1.0564144765702832007292500e-02 -1.1544257896474494572529715e-15 -4.5659612227620595161410092e-15 6.0036053462543825128169818e-15 1.9655837492622407131067763e-15 
-2.9059869428824755543949721e-02 1.7749552706988899752893474e-02 2.3988900694944306855397704e-15 -2.7731792221052520039006216e-15 1.2094326440077272960763329e-15 -2.3198957261291929234213076e-15 -9.4875631093518802814359255e-16 1.3542120378062541421996312e-15 1.2020492874733598731573636e-01 -2.1044202284797086655032672e-01 
-2.1016293644489492109528328e-01 -1.0862309125825182765101573e-01 -5.5522077208164205143694120e-16 5.3608632512204858646919569e-17 2.0641689751394279703065380e-16 1.9945474137702539149970960e-15 4.4871012220654907382466963e-15 -1.5265369356272232181479561e-15 2.9444113051016054976635784e-15 2.7165025373284107243283450e-15 
1.6685702313907063709663703e-02 1.1503765073553110648285625e-02 -9.2799310358903114894183565e-15 2.2212845854893710841930011e-15 -1.9071595366731156995361064e-15 -1.1875974711906848306080175e-14 2.8034736992579079029042077e-02 1.9328118229011492096303115e-02 -3.0223253206757678345545988e-15 -1.9741591181452703497371007e-15 
-1.2233999060732448055053817e-15 -2.0076710268616371444442948e-15 -2.3859413770887759036289722e-15 1.9580306601798924990174331e-15 -2.4114010327252924370533549e-01 -2.4218184680334358532816097e-02 -1.3751164318322219026757836e-02 2.3617438745454449877669845e-01 7.3960284394626021995405157e-16 3.0585450166595241041948568e-16 
4.0211904391573940901119305e-15 4.7252683676762566345442066e-16 8.8344100632002255816384740e-15 -1.1238010141200677593226310e-14 7.4837995798115292186808698e-15 -2.9642339119572918344989984e-15 1.6699527716011318412281383e-02 1.1513262862363038419033501e-02 -4.8960019845820909936319663e-15 8.5044883683341771854637364e-16 
-3.7714076819353770525977900e-15 2.2821914972407990817689570e-15 2.8011861662320503008061223e-02 1.9312503258022757635092859e-02 -8.1304432506880948133441076e-16 -4.1700895946951040354614330e-16 1.1916761513317390278548856e-16 2.2076193353243451786843906e-15 -1.1116638450114470627691208e-15 1.3245008936359849107976682e-16 
1.0839903622740412747482708e-01 2.1676357956478889410512068e-01 -2.1584393767978135580953847e-01 9.6837842810942348359404264e-02 -1.3147562189434769920327114e-15 1.1289397883540533549056338e-15 -1.2517009588211422684731906e-16 -5.0462101384900314647157697e-16 -9.7344904120052884283671204e-15 -1.1453661368350086152253270e-14 
-2.4499012669012648281230722e-15 -3.9660986738283945697617918e-15 3.7255791441000015926099387e-03 -1.9938643577659773131749432e-02 -6.7809682563737804985692974e-15 4.4308424095911116901871938e-15 2.7861476153681840226818435e-15 6.7003116481090103871766333e-15 6.2493990443942114970665713e-03 -3.3445211727010704105822470e-02 
1.0384852485666285988082862e-15 5.6884012915945033100968934e-16 -4.3604860930048302495646749e-15 4.2109844315049713174006192e-16 2.3377800081820904497671863e-15 2.5266373382872126376806718e-15 1.5393352336441523675603094e-01 -1.8719313786939467680880966e-01 1.7625741008615380955859564e-01 1.5779574969912948945172104e-01 
3.2334268153838770187475529e-15 2.2571184243939246452400944e-15 0.0000000000000000000000000e+00 0.0000000000000000000000000e+00 
17 (band)
1.1273487325747508780438011e+00 (Ry)
0.0000000000000000000000000e+00 (Occupations)
2.5339197807576338503662033e-15 7.7941099687770296851723420e-15 1.2169111800462837233725049e-15 -2.3354744286447906615115747e-16 9.1223219785051795627239812e-02 -8.7323186953756098960255372e-02 1.8571677864736167896849253e-15 2.1057912368700117574449575e-15 4.4988260368002236784988700e-16 1.3948914694458258093953668e-15 
2.8513716479611306287011985e-01 -2.7294693405651759832153402e-01 -3.3252152916658743380355850e-15 3.9141166930807728010777734e-15 -3.1947751344449297646757586e-15 -1.9032751285526679485079435e-18 -1.0175860797884181871870000e-15 -2.0187318439632084262571571e-15 -7.9324032076785885858605241e-02 5.9881930626947500739820640e-02 
2.7360631634152601798781745e-02 -5.3951876767061229811517364e-02 -1.4712564081156554736199191e-15 6.9813428280929380735520083e-16 2.1908107588930188623784094e-16 1.6718935346745055295323727e-15 1.0246532113331692588129220e-14 -2.3584869656092060630912298e-15 9.6379733862576920662627802e-15 -4.8130598221711718019287371e-15 
1.1687752697992996597786686e-01 4.7819018128452378535442335e-02 8.6006423039919107477034285e-16 -1.4751265076070147089718011e-15 3.0492470347970751358715616e-15 1.3804642840941699255722458e-16 3.6532516502734219132619842e-01 1.4946824196651470328944811e-01 -1.7193254115097901506559044e-15 1.1092664484005417442165615e-15 
3.4265677718659455438581762e-16 -1.5931531175318613957924182e-15 -2.1697465177755771589178628e-15 6.6936774992890485678982138e-15 -8.6968856246815079424905548e-02 -4.8109933731517832977697680e-02 6.0416063415506683631495122e-02 3.0509754967849057882833819e-03 2.5584996391758103799433169e-16 -4.6635272629349135825887719e-16 
2.3117301627828198152757556e-15 2.3969412828281566904929401e-15 3.5449793992414494762144880e-15 2.8695294669054919448553140e-15 3.6485959559373435619192926e-15 2.5523405783805102426334724e-15 1.1691869999330395391012871e-01 4.7835775630595982199633198e-02 -1.1527323651400457525269252e-15 -2.5919591298300763783766331e-15 
-2.6627409137875852659285412e-15 1.9444335925361082027850573e-16 3.6527227760794012123568564e-01 1.4944654052439321212375489e-01 -1.3353110992937050217120497e-15 -1.8600690439525118793429146e-15 9.1309532520790117593788315e-16 6.2952847024374981087938100e-16 -8.3470875003471455111961913e-16 -2.2135932621442548401142096e-15 
9.5759742106938425254547553e-02 2.6659750966530806198795389e-02 -4.5240939148041614537021360e-02 -4.0162439083887953306106766e-02 -2.0989780399494123208616179e-15 -7.4190580339800318993541515e-16 -2.3610863186193582700307558e-16 -1.4536916710975534740761082e-15 5.6966021139801999927751738e-15 -2.3875289687123803612878284e-15 
3.0639218031328805907860439e-16 2.1757011203245409543233943e-15 3.8549640224669603702500886e-03 1.2626711009083069203740024e-01 -9.0937472008161330251375370e-15 -2.4020053330098354865727796e-15 -6.2063935664808907208887662e-16 2.5509306953688560665978441e-15 1.2043411791883288503024474e-02 3.9447821422229673027359809e-01 
2.4504526258125091123806404e-15 2.8271996610601702183902687e-15 2.3987945067323389942109434e-15 -9.5260178126359701608433418e-16 2.2426727693891555260490226e-15 -1.9118063396693182516694021e-15 1.4594101660349583990394784e-02 9.8324375038494296608071465e-02 1.8289066067627920281202236e-02 -5.7665190111002920247962322e-02 
7.9170427027645250452484391e-16 2.9993411777780988374172565e-15 0.0000000000000000000000000e+00 0.0000000000000000000000000e+00 
18 (band)
1.1569701758512098699327453e+00 (Ry)
0.0000000000000000000000000e+00 (Occupations)
8.1575745084599082801446457e-02 2.9819557327375113137124529e-02 1.4681892865039763984569277e-01 5.3668400978867283890316742e-02 -5.1787322319389337583975357e-16 1.7421389675633634111078629e-15 8.5406950397229383642461187e-02 -4.3577687113176527544666783e-02 6.2793003549136590379919909e-03 -1.2707189708567154240448360e-01 
1.5998770979571228124413489e-15 -3.0352094865598284381085250e-15 1.7742710529348343362343599e-01 -6.6762366171966819328176257e-02 -4.6413812855430613968366060e-03 -2.2934071803835043290575868e-01 -5.4460142314270251762131636e-02 -1.9907501593757849500665458e-02 1.5094963042035731785478846e-15 1.7045356392952702039614387e-15 
1.2003124479215025089735553e-15 -2.8562828579255046878298871e-15 -2.9205770580016974374837346e-02 -1.3770696014308309029772204e-01 1.4546515396746650949921786e-01 -1.9957319729655850770733139e-02 -5.9383235767573872010416380e-03 -8.6651858020505040380854211e-02 -1.0688114264036742417918191e-02 -1.5595467061668302766186400e-01 
1.0024321613007334259024426e-15 -1.4796010088581996074425988e-15 -7.4548334423684997629422355e-02 -6.0298489408513566978342624e-02 -1.1863997591854995306004383e-01 4.5948370547172490141463186e-02 5.8043870603447171998043599e-16 3.1370104338214627013153422e-15 -1.3315656157114377777794800e-01 -1.3493302538760978959153647e-01 
-2.0762535136188020601366588e-01 9.7521386590018993567596794e-02 3.9645278190037908094822683e-03 5.7848926003587805566574787e-02 1.9017383176228135848045179e-17 -3.1108213693787200516479383e-15 -2.6357381111528898959930480e-15 -1.4397610373404958847883684e-16 -1.1392251083080053020157862e-01 8.2691265760215112989861552e-02 
-7.7397927209351180533047909e-02 -1.2477165741171419854893543e-01 -5.9937843355413293611189118e-03 -8.7453590256158050819657035e-02 -1.0736493835085000880802397e-02 -1.5665900211445263345844126e-01 4.6546129171748709618520714e-16 1.2315047804568186225889148e-15 -6.5030588110428305670396298e-02 6.9070512494219638011117013e-02 
-1.2264629401073706693736654e-01 -2.8953109477686964079445886e-02 5.1711106826397415848088767e-16 1.1927082906800134048435307e-15 -1.1356556609982118577484300e-01 1.5246225984806988096309510e-01 -2.1919437353648069111144991e-01 -6.8628512068948807622881247e-02 3.9842634338124963827576508e-03 5.8134574850075046437147819e-02 
-4.8086700760695317830824554e-16 5.2317613410124027790995010e-16 1.1317678130022048736499427e-15 -1.8568767131361560820527120e-15 1.2415255554673093607576106e-01 6.6295242840637078063359411e-02 5.9672651592439590606531397e-02 -1.3402696983144815612298828e-01 -7.7454938408357695833750256e-02 4.1046174188462444809566421e-02 
-1.3874819431112517253978922e-01 7.3527231817673718849981412e-02 3.3400050304725614265470859e-16 3.3917925555680241977101075e-15 8.9549376055029397680762315e-02 3.1314889978351238830622805e-02 2.3434760277882271672922343e-02 1.2381925534306810476881111e-01 -3.9223849806742633170536543e-16 -2.5861068166807998111012583e-15 
1.8547248207537686548462830e-01 4.1735319267385218022781146e-02 2.6459118234249970336158242e-02 2.2815775490022810467749537e-01 5.1488030848922582138893489e-02 -2.7285267589093789575294124e-02 1.2703736464221019443369484e-15 1.2681827467539392642735335e-15 -3.4493093382915114339430273e-16 -2.5071079418738958944511125e-15 
1.0066324271845767876487621e-02 -1.4038370770049654612243728e-01 -1.4671078348326108131693957e-01 0.0000000000000000000000000e+00 