119 (index of k points)
0.02435252043715842654170167 0.04211925792756636421909633 0
18 (number of bands)
52 (number of orbitals)
1 (band)
-1.5326535664278904125268355e+00 (Ry)
0.0000000000000000000000000e+00 (Occupations)
2.4896472646021577945774084e-01 2.1601851416471656852635874e-01 -2.2680491724620006899204583e-02 -1.9679135347896295482605922e-02 1.1092861663174259391135077e-15 3.8834231623417096602962339e-15 4.9450643191918802754614148e-03 -6.8115707219291513063730292e-03 9.8234527746341726572865127e-03 -1.0678558754782761786028544e-02 
-1.0753732806150458176564440e-15 -2.7218174038623673139374378e-15 7.2331466977666458717521891e-03 -7.3515729256041564831924973e-03 1.1385290445823995075791402e-02 -1.3691062702515879173637003e-02 7.5258447586814408714062097e-03 6.5299286811918745565552769e-03 3.2775672157269126808202756e-17 -9.1433493857360844084467791e-16 
-3.8257596082735996412051197e-16 6.4091287796032801739815747e-16 -3.4889902918060315684112282e-03 3.5231977902202547305032798e-03 -1.4385572034862070811556123e-03 2.5228695229988200993131997e-03 1.5195982959083947916312241e-01 2.9249896354357218797304085e-01 -1.3843414997774097785487868e-02 -2.6646443179359994429811209e-02 
3.9452492675785300152149539e-15 4.3561545169224023258267222e-15 7.1053109501070920578369439e-03 -4.5128386989824655767256090e-03 1.3064655064773167403302523e-02 -6.3124186753797176252511747e-03 -2.4967293243607930770528315e-15 -2.4214938603626542720221881e-15 9.4315042131766328725728243e-03 -4.1726207482561169376245047e-03 
1.5625791674355571370114149e-02 -8.5384232156587649975598708e-03 4.5935264185738948483628263e-03 8.8418223774887737959060630e-03 8.9808360539778758140931071e-16 4.6776648141184058202406632e-16 6.8176345851672646145586574e-16 -7.0967990568893505029728032e-16 -4.5409567432806927089750104e-03 1.9914034701627135459656159e-03 
-2.2662668759719757985426902e-03 1.8161365324889887622877849e-03 1.5251810867447643249583678e-01 2.9357365047727751461437151e-01 -1.3484575155263217594026059e-02 -2.5955681906173286993544380e-02 -3.6809639236694664182464485e-16 -4.5934867132999710461545865e-16 8.4290465801824983327339424e-03 -2.1646041764975462728948230e-03 
1.2487878161193649573235120e-02 -7.7681051086431526092601629e-03 1.5883021533212258962773904e-16 7.0869714512626988834731685e-16 8.3922206449290690649656099e-03 -6.0668025206112516367618070e-03 1.6126336876005384346477456e-02 -7.3911395502542099472664816e-03 4.5942081712564072915050417e-03 8.8431358145823410477071036e-03 
-3.2513926468964548292471446e-16 -6.0575669620050376994539249e-17 9.0363835191903266544586648e-16 -2.2882060710161432479193106e-16 4.3339365579390803917547714e-03 -2.4419146090671407962890971e-03 2.6751010065908060672756896e-03 -1.0591474147565275998328360e-03 3.3736082368130387854066043e-02 3.2910353762097876995085244e-01 
-2.9827171113214487677134379e-03 -2.9096985908619484029191682e-02 -1.1970395283085192283159498e-15 2.8581037010419193608204740e-15 8.6339732529624891449460122e-03 1.0903409370017760546267560e-03 1.4470565691135047967086358e-02 -2.6255069084078364732848243e-03 -3.8384426043746070815760563e-16 9.0953480346104282691592196e-15 
1.0036228384069556876512230e-02 -2.5513878576221855204453348e-03 1.7714748771557906753537637e-02 -9.3560720948496277175887581e-04 1.0162113132200934623172728e-03 9.9133805698655552002263036e-03 4.3102664524514897616627786e-15 -2.2307610010065161108732140e-15 1.3906773798569061805518452e-15 -5.7878168499914300315512192e-16 
4.9285210260330393830519036e-03 -6.7500632748599613368323258e-04 2.8771441815882985333641120e-03 0.0000000000000000000000000e+00 
2 (band)
-1.1504932674248211643686091e+00 (Ry)
0.0000000000000000000000000e+00 (Occupations)
-3.1210900775257544026430878e-01 2.4784474630770766956366913e-01 1.3661359893051699954114042e-02 -1.0848446488755186800645447e-02 -4.6733762042771885612083351e-16 2.6971081384077360182484945e-17 8.7065494915825103472428736e-02 -3.6437519832671350084041251e-02 -1.3588096262507037836897439e-02 6.7348362837063024954886714e-02 
5.0706118529150716227224631e-16 8.6624105687402610943249613e-17 3.6290873503451268056174683e-02 -2.2394584225199166971354003e-02 -1.3763097092845483215839408e-02 2.2039684877821819064536157e-02 -7.9024824206583837299389117e-03 6.2753377667865220534970661e-03 -5.0464669318923953670367012e-16 3.5658322859736767028190629e-16 
-1.6633351662527842928624873e-16 -8.5489352937570527040114881e-16 -4.4081947872481944128431053e-03 5.7500999438723082723967650e-03 1.0190898741501650329177586e-02 -6.7974994319988657487385808e-03 3.8142935280765966066240935e-01 -1.1554522841445688530193081e-01 -1.6695590704630669520724950e-02 5.0575484545929850349610390e-03 
1.1210221321765603548081668e-15 -2.6266711501958693629475975e-16 -9.4364995594213685325968299e-02 1.8278027778970747790898699e-03 3.7426478334129528735552128e-02 -5.7616812271911566067927879e-02 3.7641811738199089982475648e-16 4.5547431045255756651579639e-16 -4.1986397136039882438396376e-02 7.4623962504287190411478292e-03 
2.0909953186306742822786475e-02 -1.5425446795714170544755461e-02 9.6576482431089683000635659e-03 -2.9255636907247889455518930e-03 1.0209376513367228405603010e-15 7.7109458798873503663863217e-17 1.0492913427342383341688102e-15 1.9356514619830130442295364e-16 6.2153888279881906731016983e-03 -3.7235429853518381415611316e-03 
-1.1977584457594872904828698e-02 2.5686350944908748622497185e-03 -3.8063205569541819217604939e-01 1.1530353057598685673212913e-01 1.7102850324523157649059257e-02 -5.1809015378167372345430408e-03 4.4574931842320857169846938e-16 6.0757784053321090456033066e-17 -7.9373679929505835950465098e-02 5.0767498855576048688575952e-02 
6.3003593241401728564099471e-02 2.7133702663203473903763552e-02 -3.7391036779941317074573054e-16 -8.4921656273970357024627287e-17 -3.9187636216078451656397164e-02 1.7154244361306990318549737e-02 2.6040496160013346105266407e-02 1.2493514289618479207177870e-03 -9.6242787862462902959137523e-03 2.9154471644371529603922966e-03 
-1.9171865813525044116891574e-17 -2.3852689471018548966050048e-16 3.3946522970913031263862796e-16 -8.4450149130157991096061258e-16 -7.2177615239180465886437155e-03 3.5129067641348488137964523e-04 1.1359913580272388428094033e-02 -4.4977079634556443518689228e-03 3.9634879577840409492495155e-01 3.2913493755935586959626704e-02 
-1.7809045134569628787701845e-02 -1.4788986991074646020621897e-03 -2.0867489269445192873569142e-15 3.6149820671917899193859119e-15 9.2488544003342304522519157e-02 -1.7983026267771148182239571e-02 -4.8590677368583752582242852e-02 -4.8421448289019439203961781e-02 -8.5519983849410220190043993e-16 -2.1995537685033835702477123e-16 
4.2750641223332032370141320e-02 -1.5236819891251366515527721e-03 -2.3751924074920681417832924e-02 -1.0747763580955702403252339e-02 1.0021675792397988224990968e-02 8.3221910337566982248519443e-04 6.5621074067621919273320123e-16 8.3843693430501475745038563e-16 2.9937114545895410978902264e-15 1.3641123164954236699229015e-15 
6.8402236688948209186733607e-03 2.3304134214778312976512620e-03 -1.2217897260816137916528135e-02 0.0000000000000000000000000e+00 
3 (band)
-1.0799277683332253463532879e+00 (Ry)
0.0000000000000000000000000e+00 (Occupations)
-1.1567125792550006502246163e-01 2.5643919110903329316997201e-01 5.8100566668891906463301211e-03 -1.2880693221381335489272857e-02 8.7157861329112662016744964e-16 6.4977168153572739050775861e-16 -8.1632940410252680107916490e-02 1.9810359071021121923905639e-01 6.2012281967839685825616414e-02 -1.0785761597341836370844703e-01 
-3.3025600669408736859471942e-16 -3.9837888623258252331219224e-16 -1.9130241675744841245432326e-02 4.0459276511111030849576764e-02 9.3725551784887908834953407e-03 -2.4154235714149666081063117e-02 -4.9836274804868421761661068e-03 1.1048524413576305686079948e-02 3.4537736900739824702558851e-16 -6.9165310349772242141910199e-16 
1.2875696294357892794659174e-16 -1.2669863848604745311356475e-17 -4.5286878985742323733276748e-03 1.2031268790928849668486755e-03 2.0648951739798276916459940e-04 -5.5450731216468065326585801e-03 2.0194997822269428189301266e-01 -1.9584969987869954577419662e-01 -1.0143753500568682135440923e-02 9.8373411679914188332496394e-03 
1.3676605937160966446476257e-15 2.7084468948894046015666990e-18 1.4882718417698573287744068e-01 -1.5414097074513749552338027e-01 -9.7362598240901793156254485e-02 7.7455231599354329441453615e-02 -5.7172012736679928405150163e-16 -6.8197156236076736246141520e-16 3.2680901945912513295589008e-02 -3.0575772277686680267194674e-02 
-1.7606148634643235817431872e-02 1.9007772719686150120210755e-02 8.7008927530383365495092463e-03 -8.4380625668324955174215418e-03 -3.2266379544320168750075408e-16 5.6173987823509683487987377e-16 5.0994002212998484673147157e-17 -2.9663873661888748656824927e-16 4.6535680642297372680560308e-03 5.4848212501507759286667465e-04 
-2.2332666601771579764634801e-03 5.0796647398946639939687486e-03 2.0065364135224719732697451e-01 -1.9459219326790697102147476e-01 -1.0583160685411317422643940e-02 1.0263460890981818129930048e-02 -2.4438416219564230587420170e-16 8.5690065793620700822220908e-16 -1.5725223848026059769722451e-01 1.4337044271523277649826866e-01 
8.0388406915226445770272790e-02 -9.3753775643365191982958606e-02 1.1547906653139541211919251e-16 -1.8706370715962831128167610e-16 -3.2480581733501046048928629e-02 3.2204669069074425002963125e-02 1.9592999178533056225948172e-02 -1.7781403334411527428216004e-02 8.6769506582650667014799950e-03 -8.4148362915965769365245208e-03 
3.5410684568256946673159128e-16 -4.4180959119368558570189769e-16 7.3026115599891084611964682e-16 -6.4672218363176797935888691e-16 -4.5314869238987157129550098e-04 -4.7174979924537868702927312e-03 -5.1733970762196795911691538e-03 2.0482928028794748775975876e-03 -2.5819720163581783012318738e-01 1.0706171368031462687309130e-01 
1.3618205900947507117071389e-02 -5.6468033074730302617316724e-03 6.9534570572014878606943248e-16 -2.2196159184994290913981504e-15 1.9898761378214629980121231e-01 -7.5414056466300963266213842e-02 -1.0925631720684134129406573e-01 5.7577109723862616996736818e-02 2.4199020919347765810840194e-16 1.4790154447214943851616786e-15 
4.2055010538515312512597433e-02 -1.7986244416238104937288966e-02 -2.4762881072456981862428549e-02 9.3200666490179003009775016e-03 -1.1165332536850905778558207e-02 4.6297183372074907775628461e-03 3.0803368512905988756063440e-16 -1.2487422871972615483867122e-16 -2.6415101069907712379373337e-16 -2.2890934971303195148410389e-16 
-1.3152998392944419137062795e-03 4.5530338653436081344794140e-03 5.5641298254617034546587462e-03 0.0000000000000000000000000e+00 
4 (band)
-6.7093062452491647462693436e-01 (Ry)
0.0000000000000000000000000e+00 (Occupations)
-1.4293689139088988637737998e-01 4.5457109410979773533867387e-02 -7.0272240240104588693270671e-04 2.2348234216801321494472177e-04 -7.5438149953695452190098390e-14 4.8046695724661438562697254e-14 -1.5299187578180883928524736e-02 -2.0532895165194534059516229e-01 -1.3124979805195302606790619e-01 -3.2180449320675730273677573e-01 
-5.0013532186506630046431950e-15 3.0801629056886055696438303e-15 -4.4914837665574747216368223e-03 -2.7680479570855828774789131e-02 -1.6804300548179440522034156e-02 -4.5001536090101545983799269e-02 -6.9539379505988152541107183e-04 2.2114971702570998535186675e-04 -6.4262885446229738002061284e-16 -1.1217110669469904045629450e-15 
-1.4228791840015215039800520e-15 -1.5294582350006876203991770e-15 3.2648964829360594026852471e-03 -1.0600795501577275903315467e-02 -1.2058466387382518747450888e-02 -1.6701963122395385719087813e-03 1.4963323864987654321367927e-01 1.0353627752973576514605725e-02 7.3564410311130479236396695e-04 5.0900743249010504953844247e-05 
-8.7917847207163010336626344e-14 1.6934064696943871244418651e-14 -6.1361803609287515759440623e-02 1.9654203770401726392158537e-01 3.5688409057323122741678390e-03 3.4752252403453853801806872e-01 -3.8182436450513592137465464e-15 3.1363668333041998124411192e-16 -6.0137881661855990822473927e-03 2.7390084475775199057689946e-02 
-9.4192682998170407238092139e-04 4.8027445707932270302364941e-02 7.2797143973925976245809011e-04 5.0371722967630649936410236e-05 3.5773562080055593660480068e-16 -1.9089575046439080068533718e-15 -1.3464463859923320725581410e-16 -2.8758947079299345356217360e-15 -6.9380370804894009317820291e-03 8.6544818319990862720558766e-03 
1.0596838232749331010218441e-02 5.9919268024535982108957910e-03 1.4953518437695459408764975e-01 1.0346957190453268116137053e-02 7.1367584117301707813396661e-04 4.9382928539298126535683764e-05 -8.7854322686447035574608617e-14 1.5746904667633271638320856e-14 3.3815467384265884831506810e-02 2.0318984700924710984359933e-01 
-5.1470641276996742519145300e-02 3.4382159943204487762002941e-01 -6.4988564589000130477374965e-15 1.6282743923306847407053329e-15 2.1231052003263806149391257e-03 2.7912393196218771018735083e-02 -5.6400449995398921343436882e-03 4.7631947910780916832784726e-02 7.2726353038253272603741451e-04 5.0321624975183457117999808e-05 
3.3784131766621061889465691e-16 -1.6099412338288703730810154e-15 -1.6023197612802271934211788e-15 -1.2693238744452382792465738e-15 -5.6784978030825147832238997e-03 -9.5390810096950412466654257e-03 1.1320429609646680269019470e-02 -4.4820751535877634622040411e-03 -1.3522532926172392553354484e-01 -6.4667930350452401677685543e-02 
-6.4537994720899327649732413e-04 -3.0863668552373602071980940e-04 -7.7815719398468294760916126e-14 -1.1789775669726761108398377e-14 4.3358345099535053335237933e-02 -2.0136944572670822939386426e-01 1.7442536445585465898489019e-01 -3.0072963170248762088121453e-01 -6.1564606380325151688042648e-15 5.2214855299010160864413230e-16 
8.3012239663742826145664822e-03 -2.6733854011196947486617148e-02 2.2778470736490648296257433e-02 -4.2210826102786508373654328e-02 -6.5766790392155914830862873e-04 -3.1451142541734318286081318e-04 -9.3768018501522587835217139e-17 -8.8527918249187365747500848e-16 1.3570110745717297216015959e-15 -7.5335152024444277738517170e-16 
1.7681638031680499759112912e-03 1.0959607683410246478650230e-02 -1.2175431172216564373878001e-02 0.0000000000000000000000000e+00 
5 (band)
-6.5733259195286142251291039e-01 (Ry)
0.0000000000000000000000000e+00 (Occupations)
-2.8763719900716580280276476e-14 3.6739541073036337086605230e-15 6.0737019815130341372377688e-15 -1.8911288133026188784092184e-15 3.1415712878823581766241091e-01 -1.5233623829438872054886644e-01 3.5496584127625448092222470e-15 -5.2077350781234893431727079e-14 -2.3972490156938693453145743e-14 -8.3979216152777329777849953e-14 
2.2217911034630929978384017e-02 -1.0773566626912103871838156e-02 3.2969851384981406194238730e-16 -5.8981845761815431351990843e-15 -2.2195842738300045845537275e-15 -1.1353882375915481932230256e-14 -1.0052047836490454971158104e-16 -2.4866744730536062328987543e-16 1.7817938140437510757818629e-03 5.6938994683608107338912419e-03 
4.9112890970137868668077274e-03 8.9608052636539550772631912e-03 1.3869674695276287050503604e-15 -3.2696495162593776611632078e-15 -2.4190071842328599364259435e-15 -1.2929179662739220936533837e-15 5.5748837227605540710828726e-14 1.3025168728075560834190225e-14 1.2192239505133004689808874e-14 3.4886854869835673956968157e-15 
3.4817462080027272719462417e-01 -2.5989699820045425449066556e-02 -2.1617339724482950974606370e-14 4.7140298596260513634434902e-14 -7.2796731184754194579158611e-15 8.6443977695805199561686807e-14 2.4623705640837920127772520e-02 -1.8380503585702992475070516e-03 -1.7224168033850509310969167e-15 6.9547698313147795172042678e-15 
-1.8414480116475308120505681e-15 1.2696955255893677249170210e-14 4.5748188015980837645289675e-17 1.2587376895031872745402752e-16 -4.3939420359835807718129619e-04 5.9499758894808029568990193e-03 1.2677086888072570947105788e-03 1.0139512130665245814853392e-02 -2.4871480036161113320192289e-15 9.4382616467408221107575335e-16 
1.8641191757606825541656445e-15 2.0614753900609613607457796e-15 2.0912345268690161118082878e-14 6.1436824611906490865043299e-15 -5.8487388586117103804380626e-15 -1.1602409023974342088063057e-15 3.4821009571410371785660232e-01 -2.5992336483876950226079572e-02 2.1456766041675186465618907e-15 4.9910194926014794678795443e-14 
-2.7131586720249742477289484e-14 7.8790773042670815621440689e-14 2.4588231199565557111297309e-02 -1.8354028491915710952220309e-03 -1.4881527623837039841305654e-15 7.2190763166824443051457090e-15 -1.3206064823284419010455351e-15 1.3423919500997098795636202e-14 -9.3534058261250322339197466e-16 -8.3199718349243733309839341e-16 
1.3174330356476625716877216e-03 5.8199335019474846691922565e-03 2.5213849153352796807550651e-04 1.0217217210980478539483762e-02 -7.2580467753400495991790355e-16 -2.9836200597443374218976365e-15 2.8853004778952935444449799e-15 -1.4555592490530646486860246e-15 -5.3684149571183967154284617e-14 -2.9104191431985999776620117e-14 
-8.4061947655179583394676081e-15 -6.5078498316207236662048529e-15 3.3332597638915306692553031e-01 1.0401762243647708072735725e-01 1.4389137702692460930528375e-14 -5.0429567663136723916278514e-14 5.0183913042497549057719995e-14 -7.1511672896570488504314758e-14 2.3537216052073092059648829e-02 7.3450171994490212265538354e-03 
2.6273854449788288605640487e-15 -5.4855713844424223252537129e-15 7.3260985998621362236941546e-15 -8.6972372921447240573538181e-15 -2.0297224313547267395980229e-15 8.3893971614499909572275892e-16 -9.1754215855973601106976290e-04 5.8962167665194374632786634e-03 -3.5267760744969226492651071e-03 9.5925466835253218184087487e-03 
4.8800361539916152915418652e-16 3.0840507804196948561373083e-15 -2.8524464459016229352555621e-15 0.0000000000000000000000000e+00 
6 (band)
-4.1577947431131401234694067e-01 (Ry)
0.0000000000000000000000000e+00 (Occupations)
1.4284986926900036796617144e-01 6.3754530525336361446164801e-02 -7.3702559753143041809675395e-03 -3.2893895511062754000164432e-03 -2.0191402662963823197695664e-15 -1.6754778719840180630657357e-15 -1.6259951262496658008771533e-01 1.5745432617762017413198805e-01 -1.0354991529011101092372371e-01 3.5162427417303521171021430e-01 
6.5528233245221390693387241e-16 -1.0767771710855481713161593e-17 -2.1088388834211942157725872e-02 3.1662803266754913078528944e-02 -2.3085181892803098568922593e-02 6.0738076803013102411554769e-02 1.3419530482382819713133015e-03 5.9891339692681299505805370e-04 5.2471853457548697006857366e-16 -1.6520330832115060752275782e-16 
-4.5266788058977401228399589e-17 -1.1514875338550369788941449e-16 -2.3554881998316248847835652e-02 3.7807901002885058172608979e-02 -6.7538560441035913606278029e-04 2.7516388697253927470010026e-02 1.0934884143146894608378261e-01 1.1186400757291961594042107e-01 -5.6417856439450186911699348e-03 -5.7715692414033459289868233e-03 
1.4259284686391295038438675e-17 -3.2771923633581101514259625e-15 -2.0914400684472272962111106e-01 8.6540457237404860846297083e-02 -2.2571980498460075814648462e-01 2.8881271575540962137651491e-01 9.4179485973311255706457298e-16 9.9631490103578947261521013e-17 -3.1263343351818503879080424e-02 2.1676176249479692237365214e-02 
-4.3823236648606683774076487e-02 4.7974613353237882673596459e-02 1.0272416631158381994382012e-03 1.0508614591147793365655261e-03 3.5483431587532735870379575e-16 1.7543537211061945718468630e-16 7.1351561828489205344145220e-16 -4.3220900958563084845365798e-16 -3.5818792053542852782399564e-02 2.6481766935454967293317452e-02 
-1.0757415933605393720817744e-02 2.5335465164159808731936252e-02 -1.0935353788503571204060449e-01 -1.1186874612096178727149720e-01 5.6485950918990224245419540e-03 5.7785026174565629064616701e-03 -1.3679316718698557577622400e-15 -1.2646041902941371561840038e-15 9.1600122566048242100933408e-02 -2.0684530401323306114669265e-01 
2.9374731559652689227846167e-01 -2.1931967560703086173035103e-01 -2.3518677222870902970763417e-16 -7.3164918099655300941411114e-16 2.2451203202229721989091615e-02 -3.0717933004458158885441321e-02 4.8949300473506318631677914e-02 -4.2777220489361958422058763e-02 -1.0259093236781469810070533e-03 -1.0495144497913915047210276e-03 
3.7236060455559736814018424e-16 2.0489274331191448915253471e-16 3.6798249341620638665445722e-16 4.2294927067407965459140529e-16 -2.7254542717760999598342053e-02 3.5212592295686587218206398e-02 -2.5598748639567805995831407e-02 1.0135261575460029898065883e-02 -6.0492716054448746054728048e-02 -1.4426865186521958817067457e-01 
3.1247222037941446703968040e-03 7.4521023987302870139615152e-03 2.5038695697837857266524694e-15 1.9814488405600511032161725e-15 1.6131247507522605832974705e-01 -1.5859964574851637131303050e-01 3.5385630430862063944275064e-01 -9.5782678129109274922647899e-02 -1.8765224316833391697379178e-15 5.6846331615388466079010078e-16 
3.2182626163223003457058979e-02 -2.0295972667789773796753749e-02 6.1259253737863533784135939e-02 -2.1753814403933403875956998e-02 -5.6751432849620709816806929e-04 -1.3534762678673074864921233e-03 1.0539658122976775015617982e-15 9.5577417756558607828387614e-16 3.9363680025744831317885643e-16 6.0264042661147212892633493e-16 
-3.8303252739473478416520891e-02 2.2706773978543363934345933e-02 -2.7532153187041105008026065e-02 0.0000000000000000000000000e+00 
7 (band)
-3.8586222504502809549364883e-01 (Ry)
0.0000000000000000000000000e+00 (Occupations)
1.4819033562284616989401798e-02 -1.9511553233138384522149522e-02 -5.0532074952113620325278021e-04 6.6534092741386743202758325e-04 1.0793003743009667818073234e-14 1.4295480796915316392081859e-14 2.7382377785951539372888419e-01 -2.7306794102153919556741357e-01 -6.1095177749357409968666843e-02 2.3172407239498554742951342e-01 
3.7621194292077988479733969e-17 6.3977673407014500990387679e-16 4.2506656761471264815988036e-02 -4.9741694640056281773166091e-02 -1.7656522016005204989141930e-02 3.4015440843711351737166382e-02 -1.1301412637438612573959063e-03 1.4880264129208294054951267e-03 3.4260473358660424781370502e-16 1.5925228128794911796252591e-15 
-3.1911784007220911373638687e-16 -8.5736551005454133637165979e-16 -2.5701711745181460289089159e-02 1.2585505051149335070670432e-02 2.0967704580249185708495929e-02 -3.9844014931894725095595788e-02 2.0961070755483434541188714e-02 -1.2686133298788149215141630e-02 -7.1476368198963857736316641e-04 4.3259737455564328811874475e-04 
-5.5273872763574866055965566e-15 -1.8917881393111205289584221e-14 3.5511792356617172261579185e-01 -1.5309089488618540797482126e-01 -1.4210818016191051338381612e-01 1.9296095875230057092863944e-01 5.4506676410228081669601366e-16 1.1666758052612965901049785e-15 5.7832829038539326771406479e-02 -3.0600914040295204565644838e-02 
-2.8938537937066320659962315e-02 2.5126957785584852489435548e-02 -1.5985578303624480879518988e-03 9.6749922198872961853766128e-04 -9.0819843422357226424766503e-16 -1.4944513213381015789090841e-15 2.2443591346991917630488597e-16 7.0681788916964816739537543e-16 -2.8529880644926664673421968e-02 2.2402755212372095494632873e-03 
3.4162838854624379136826207e-02 -2.9327301318915567629463936e-02 2.2722403778276327457330552e-02 -1.3752493377324731538280389e-02 4.9515031959715231912877442e-04 -2.9968034798963372189462007e-04 4.1331869600473010574320924e-15 1.8272069270814740722889769e-14 -2.9866885000680248873905498e-01 2.4215084398655412067924431e-01 
2.3543839533880445147318028e-01 -3.6321901467082223780025174e-02 -3.1434657886269242364073467e-16 -2.7713633382495576099450417e-16 -5.5335307089056262608295356e-02 3.7906122338821797435048921e-02 3.6507588424692614947897340e-02 -1.4458757758447390862066584e-02 -1.6089219764158855640462376e-03 9.7376956237913586157672885e-04 
8.4570094651226542955315152e-17 -1.2433875651817511072610433e-15 1.7857934634392385422627795e-16 1.1855565806373792046173078e-15 -1.4957526437653342887834640e-02 2.4105598279269360023624458e-02 4.1402901902172120629508356e-02 -1.6392568506768841890552935e-02 2.6189387208543642160396558e-02 -4.4220702387701288360588592e-03 
5.7069881818371664961020429e-04 -9.6358750954624386442226580e-05 3.7152670093358129077987586e-15 -1.6872704295262505927943697e-14 -3.6683694492405616305319427e-01 1.1519882398092699815617124e-01 2.3227606759348964904354773e-01 5.2899404053304482919983798e-02 1.4699918174474371307826624e-15 -1.8457720907993776364067035e-15 
-6.5403641700227097000031051e-02 1.4873936054477256835104626e-02 3.9266521005976572078477460e-02 -4.0733220067518290108399270e-06 -1.8544063058545542065080891e-03 3.1310435896863999909178755e-04 -2.1032661076314122638106922e-15 8.3226532272827974720105380e-16 -1.7610067379938476234350400e-15 -7.6707650911198368653254419e-16 
-2.2781018951898823754476098e-02 1.6906585730058404370979019e-02 4.4529951585080301823538207e-02 0.0000000000000000000000000e+00 
8 (band)
-2.6406095871916562822789842e-01 (Ry)
0.0000000000000000000000000e+00 (Occupations)
4.4610899503291530888822361e-15 1.2801001477093936684386405e-14 4.5467156764705683114759257e-15 8.3573839123763229959423961e-15 2.7274558032685697339658759e-01 3.7351478788940029041043545e-01 -1.0866953576578197248614957e-14 8.4564288038893874347464856e-15 4.5870859794122750482702551e-15 -7.1585560522895149788162145e-15 
2.0617597030639922550676602e-03 2.8235003748713020238492177e-03 -1.4867510250009621763200525e-16 2.8370384982116621106242104e-15 -3.0217421939933011411721606e-16 -2.1202713197038152671511954e-15 -1.0084005414534966085726753e-15 4.1169070218438948393090281e-16 1.4409883139088974779440377e-02 3.2113470082327642829422842e-02 
-2.1937950704678660374113974e-02 -8.6317735238111269885363797e-03 5.3525186541199220203660779e-16 -6.6756698866334517627996885e-16 -1.1433804543284949442895219e-15 1.0484961756853618381529955e-15 1.3293936186038217392651518e-15 -1.2972593492795821460013653e-14 2.1995131844154555855822991e-15 -1.1213161188429989251832139e-14 
-1.1609246302183663657192625e-01 -4.4768961166126908235440851e-01 -1.7236570474766352681636667e-14 1.0482637951311037768818675e-14 3.4497213458586558961154418e-15 -7.9620608917514334060152406e-15 -8.7757587908275647148315102e-04 -3.3842086248512398549692648e-03 -2.4661715322140849751615878e-15 7.4689322862780485841156529e-16 
1.5805659504076786845779015e-15 -3.9203168648586593405595172e-16 3.7209825902304348457311939e-16 7.6307241600521877968304956e-16 -1.5762136992375722771564384e-03 -3.5162981147579958074445017e-02 1.7219822947063825879787657e-02 1.6101518343282422013329480e-02 -5.0218634583170181976880244e-16 5.3278052607820577247711035e-16 
-4.4612047044383301836892304e-16 2.9262563465974845634831292e-15 -8.7018728863807398972878919e-17 -8.2742203032858704538373553e-15 -1.9408287128846827544204310e-15 -4.2480244546365567303600374e-15 1.1608617425954756430250825e-01 4.4766564674236131171625175e-01 9.6037621667915978650240627e-15 -1.0154194887503637183735141e-14 
-1.1878016522467990310665398e-14 5.8280845964782075918029966e-15 8.8281391677673404227988385e-04 3.4044189422294413721603590e-03 1.9066857860198506151572195e-15 -5.6580324468538812201135009e-16 -1.6418483278353766714501370e-15 -5.9942372980624935680494150e-16 -1.2478818905839341005900634e-15 4.7177197376441107059376621e-17 
-1.5707854247280800263908418e-02 -3.1492809421698797489597155e-02 -7.2248970794841736731140003e-03 2.2437132626178104416458936e-02 -3.5399767410752636428935092e-16 -9.1369015815998276027299560e-16 -2.8791217549062823502324705e-15 1.2738047863436461087851445e-15 -3.1391436255626618479300548e-15 1.4066266123331123340594629e-14 
-4.3698316867936140522331346e-15 3.5498719962315955507851737e-15 5.6862520778774718055448290e-02 -4.5896316285532268164359948e-01 1.5347154657243344560322860e-14 2.4584749353533822623597160e-16 -5.1317434375945810829917601e-15 -6.8838757623934108142821771e-16 4.3243057889308454243976199e-04 -3.4903341588338582766881668e-03 
3.8527897902153819767738324e-15 -2.5530208369021121296240609e-15 -8.4891237553809779020164972e-16 3.3467999478537752050700212e-16 2.1935867481020827106061893e-15 2.7624411885264403305396369e-15 3.0115171430582254354091365e-03 3.5063720493159269975258496e-02 1.4977198828317894035988544e-02 -1.8201856321564326146589252e-02 
7.7523478744394285652706274e-16 -8.4339091040479107357386562e-16 -1.8108783374951329813200427e-15 0.0000000000000000000000000e+00 
9 (band)
1.3719295432202974205360135e-02 (Ry)
0.0000000000000000000000000e+00 (Occupations)
1.6053127337155572959686698e-14 8.0408900643277291653691443e-15 8.8631859080578641976345373e-15 4.2450055197347967420050334e-15 -4.7372569809710218802223380e-01 -2.2474764293144758320330823e-01 -5.6004957403881370853186042e-15 -1.8916121247592428046831603e-15 2.1154127086802957562433815e-15 6.9184151706480817713471492e-15 
1.9033731178687885582379025e-02 9.0300919360614823050426025e-03 3.2635545767731265162429165e-15 1.2671647851231504481547556e-15 -1.3557656219209093764000784e-15 -1.8242539550887374736004572e-15 -9.2973189112802383948341372e-17 5.8590640444017573295159831e-16 5.6254399589634851430730578e-02 3.3672492174428247935225045e-02 
-3.8766744241590544994835454e-02 -6.3127542881814546760210760e-03 -1.4970789023257158385195893e-16 -1.7434229148412777397731973e-16 -1.4512047860965518812676243e-15 -5.6539916026015353761287738e-16 -2.0085488969933655909304510e-15 -9.4890046533171949330312193e-15 -1.8259628966696888566438500e-16 -6.3207734311246306062712883e-15 
3.5772388934506926805312332e-01 3.8335513435022566808285660e-01 1.8257357224610601918001389e-15 8.7573796509212353022124857e-15 -2.2133086018605382291223342e-15 2.9071571116984130109197178e-15 -1.4372917134582198495085237e-02 -1.5402750923098148042034161e-02 -2.6365350757980272147747583e-15 -3.9114305494790067126513294e-15 
1.1867974679227402441951987e-15 -5.5979745452367573682739042e-17 -1.6650892143500625765256368e-15 -1.7955954015552663613876009e-15 -3.9908346848674836060411053e-02 -5.2016517129013783993229936e-02 3.3720527382488638123980706e-02 2.0140440880046839994266250e-02 -1.1010485459005745347734593e-15 1.1470825766210373979000873e-15 
2.6659567536450334072334287e-15 1.7509025447926424364276092e-15 -1.1420190299531847973691955e-14 -1.4655796924208516321083007e-14 -8.1612827045966462153565913e-15 -6.3144220060962352281859404e-15 3.5773342074269010026910109e-01 3.8336548546912940782505075e-01 -3.0731079462034522073379079e-15 3.3551701522220279186068811e-15 
-6.3064404536907621624440993e-15 7.0134782546454488764744217e-15 -1.4389223906260822927194454e-02 -1.5420229488824257688128760e-02 1.6209031902300846818592528e-15 -6.3419486757361538340406482e-16 1.0652874745546472563184669e-15 -2.5991023920664001710171840e-15 -1.7585264740720353505188509e-15 3.1733162245556787787659152e-16 
4.9138429967394182951156978e-02 4.3409150248692018880802834e-02 -1.7762948030597934534480231e-02 -3.5034320847075590965591374e-02 -8.5327717660527627697457097e-16 9.1403662583889063590450235e-16 -1.5402117584640875349939143e-15 3.1017823170216167634938989e-16 6.8808230097579410940823923e-15 1.8521847931366439405315066e-14 
-5.5281693898938875260833885e-16 7.1688206262948136963162512e-15 -1.9148587498825986319417325e-01 -4.8813466937438432236007202e-01 2.4684632419301253923420821e-15 2.3713581666159029506229343e-15 -1.7250771176671082961655034e-17 2.1620687717821048940626526e-15 7.7021969560927151104978705e-03 1.9634393399395606849555662e-02 
-1.2134211421298541324938097e-15 -2.3040324646256981612831666e-15 1.1041061037521362548574450e-15 -2.3379727111270691525124072e-15 3.5423332058920438427728910e-15 1.6799584825954703772300712e-15 -2.9707782721630101446796957e-02 -5.8449869723878375427084109e-02 3.6185777099366832169902164e-03 3.9113065020664701532115970e-02 
-1.2487611793087219644230462e-15 4.4249554589901596811811600e-16 -6.3759280775666127960424951e-16 0.0000000000000000000000000e+00 
10 (band)
5.1995683927761360276775804e-01 (Ry)
0.0000000000000000000000000e+00 (Occupations)
1.0196950403573958043867975e-01 6.6894735090674339872407472e-02 3.5392843978649522751478429e-02 2.3218808246542488316066510e-02 1.9357465938067714506238538e-14 1.7417021282235994411157094e-14 -2.4427234101724371040376127e-01 1.4482793225206608278554654e-01 -1.8166971523354255579896233e-01 4.0847041831208569240274642e-01 
-6.7465345707894765740117193e-16 3.7415530157614666017154692e-16 -1.9895927019435866861529760e-02 2.6397033637003824990685530e-03 -5.1054912075390104786443146e-03 2.3791005817398507005133723e-02 -4.4322111620028734058074349e-02 -2.9076628699375418884986999e-02 2.3226285237304055882037513e-16 -2.7568478589942120195614496e-15 
1.0847119763866702187755555e-15 -2.1022281752030368003327608e-17 8.2616956367893804036306449e-02 -1.0623329245719340119258334e-01 2.6664458037286509206609253e-02 -7.4867186166836019456383156e-02 7.0183252701580045584961454e-02 9.9734629774993283080064543e-02 2.4360020701710241586290806e-02 3.4617276794937770767468521e-02 
7.4683228482037930216498888e-15 1.9695469497721601507811715e-14 -2.8043339660555632875116316e-01 4.4734959648162403444970892e-02 -3.1928021943644635527448372e-01 3.1290910748285405418300797e-01 -6.6575354832973728416994209e-16 -1.9967966341925649104474052e-16 -1.9470504727785421794639120e-02 -4.8698451162504097222694099e-03 
-1.3505019047363163789410301e-02 2.0240861118154152009651625e-02 -3.0505836257311333414854460e-02 -4.3350823166594498747627995e-02 1.6160336641996060302588108e-15 9.7715223081497703798659457e-16 4.6495572821296138890913002e-16 -1.6289379872406232901217640e-15 1.1592238662997653153574618e-01 -6.8359887242456354727870860e-02 
5.2352435508188188695299914e-02 -5.9793907576963609140641154e-02 6.9756236917226904781230701e-02 9.9128938353043385967033885e-02 2.4180935788644410816550234e-02 3.4362713232423000575543881e-02 -1.0441156552453003287420264e-14 -2.3584342534492109749058317e-14 -1.3694209098980913985599273e-01 2.4872127503186036712179430e-01 
-4.0232570394649452838464754e-01 1.9502619088105277445066577e-01 -3.3865978293431674345430631e-16 9.9205035701836211079228652e-16 -1.7251730799450679110229601e-03 2.0261907751834035140703349e-02 -2.3672034017111796139198887e-02 5.6448336107306623654622513e-03 -3.0492558358630829362656556e-02 -4.3332046378337291114846153e-02 
-2.6630159951893384133149859e-15 -3.7063729711344221862668098e-16 -1.6323518318352309133038695e-15 2.8298127147123124169810262e-16 -1.0356654422542711790899972e-01 8.5967282021958996152122268e-02 -7.3868309544603300009768532e-02 2.9246532708018298934993240e-02 2.8365912744839946735275760e-02 1.1784673946282642198468693e-01 
9.8331070668738265738717530e-03 4.0851238925156185821663257e-02 -1.5147052728215521076075984e-15 -2.2002640051687582232561521e-14 -2.1888594423811491562759102e-01 1.8084344708370347909465181e-01 -4.4586690847652638014508852e-01 3.3224796631489798837133520e-02 1.0540594755734509073304130e-15 -1.7130031455940377556079750e-15 
-9.0629310908196224205735092e-03 1.8203966818871517713285257e-02 -2.4087702450313240587487229e-02 -3.4658233747664364543528137e-03 -1.2399673568435734191672815e-02 -5.1514177213518967668459680e-02 -2.3529420301223199426630217e-15 -4.3310513522986030156995964e-16 -1.2844990324190418121585772e-15 -9.9617627894830624784969550e-16 
-1.2794040478378737590858805e-01 4.1804969618482477888843363e-02 -7.9447384037597823525089780e-02 0.0000000000000000000000000e+00 
11 (band)
5.5322532609226604538577021e-01 (Ry)
0.0000000000000000000000000e+00 (Occupations)
-4.5186831985441655579194276e-01 4.6409290483207954469691003e-01 -8.7142781168109417766487468e-03 8.9500360631027398028436437e-03 9.5225347015125174116134295e-15 3.6805733774171099993226789e-15 2.3663114255080808234765755e-01 -9.2977679258965634234712638e-02 3.6267399915360432061106621e-02 2.2228146635766826699764920e-01 
-1.5478882333963220187866974e-15 -2.4145143224209883553785562e-16 2.9947815973183078419594949e-03 2.8878115089544797999820958e-02 3.5126128180323568095388964e-02 1.9190018668903241483292277e-02 4.7599705495619058781553434e-02 -4.8887431090678890033274229e-02 -5.5348956082733081875850111e-17 -5.6353128417276246490048744e-16 
9.3413663643224150609870423e-16 3.9125505544928756816921766e-16 5.4794936201684907306486139e-02 -4.2901129908723953376714633e-02 -7.9718698095720602614377981e-02 8.9575937262658611448529200e-02 5.9098053150395146726481244e-01 -2.6515884708398995694977884e-01 1.1397058906599713545837460e-02 -5.1135933460130650329844570e-03 
5.1084284205587426369593714e-15 5.3806255270132243508517951e-15 -2.5424143875950516724415706e-01 -6.6127360580814364965362984e-04 4.8106689719107573188772164e-02 -2.2002300104072941566712984e-01 1.2952253889086623985237268e-15 -6.0910516544975714730924400e-16 7.8462656891088722321825344e-03 -2.7952645003247317267991434e-02 
-2.5595130985009047208666999e-02 -3.0773218345062192113914534e-02 -6.2253750606160326852567266e-02 2.7931763592439380616827549e-02 1.2433936223321505292943619e-15 -2.3594047676748644989282517e-16 -1.1392910908103978148346372e-16 -1.3457880719272056068151995e-15 -6.6740002482645555126339332e-02 1.9717100431032599794356486e-02 
1.0709567280911656828035206e-01 -5.3939190095143418890444309e-02 5.9051826757946479506955484e-01 -2.6495145819625620653425813e-01 1.1310559139877537915275241e-02 -5.0747731656215974704871030e-03 -4.7940724223800925273165503e-15 -7.7402702524784532526976336e-15 1.6893126845661610158089161e-01 -1.9052541777437748127255190e-01 
-1.9656040091385382218014399e-01 -1.1024092843616298265096987e-01 1.1501234453897909758504132e-15 -1.1165390703647449906330410e-15 -2.6209847333499333710271628e-02 -1.2683723872568476720434916e-02 -5.9142287971598352103175245e-03 -3.9623016506672686931622707e-02 -6.2258103614813306569963913e-02 2.7933732499045023367489904e-02 
8.7657148089679077621692179e-16 1.2522996296191423111581220e-17 8.9466807725228934549512600e-16 7.2466197108339382480646937e-16 -5.9104904171431681125792323e-02 3.6734424889928132818006645e-02 1.1149146462419563807788592e-01 -4.4142593581759523302388004e-02 -6.4658513671347994655747016e-01 2.8961362652251167182360092e-02 
-1.2384440532042129134993047e-02 5.5471023713740555752260697e-04 -3.1755169741940335621953508e-15 -7.4239838283222889762690134e-15 -2.2720540533113162129374984e-01 1.1495830578411336819755206e-01 1.4217484636488308957780191e-01 1.7485813269907637956812607e-01 1.8493908436615390192042223e-15 -9.1909768527817494455645495e-16 
1.9700109573262604423238287e-02 2.1441516535037410950970127e-02 -9.0872943582941834855803975e-03 3.9017721878641151156408284e-02 6.8169213577951248694830610e-02 -3.0533910990956899048076600e-03 -7.1370530823003196989583701e-16 -3.7438187137284631077787488e-15 2.4446917068620473771707449e-15 -2.3523199368194397799290566e-15 
6.8477193829541121994353148e-02 -1.2396838078262395130280105e-02 -1.1991211470143144091071719e-01 0.0000000000000000000000000e+00 
12 (band)
5.7521703097400478377210220e-01 (Ry)
0.0000000000000000000000000e+00 (Occupations)
-1.6273163899446863034370381e-01 -7.6479232154399223730933954e-02 2.5971002629316403131909397e-01 1.2205670836702864345824082e-01 7.0608216372107960219199265e-16 -7.2947551134586331646830135e-15 2.4970900587462874220534559e-02 7.6643350225558820598692478e-03 -1.0820473122542029198456248e-02 -1.2128084645114972639490247e-02 
-1.7579498933830324759614339e-15 4.1897909028290151717287099e-16 1.2507492911689038761480219e-02 -1.3355972816334396591209099e-02 9.8553061099407868184130166e-03 -2.8635047264138124845089806e-02 -1.1612012315762595959789394e-01 -5.4573347101226722666300617e-02 1.8408548154852663519580819e-16 6.3006822844866689237481739e-16 
-3.4723311800952225581469580e-16 -6.0137826012560760008980699e-16 -1.5427302373022380721501179e-02 2.6814666663367070498225075e-02 -3.5296217158221759868652612e-03 1.7951988063512173271485395e-02 -1.2315016832561573312254666e-01 -1.3101410352377762524866966e-01 1.9654020443491437841743164e-01 2.0909109463406838624877082e-01 
1.9882163858450905669217028e-15 -4.8627800362419696900063618e-15 2.0395926296526062371228250e-02 1.6318520092081768846359324e-02 -5.5959757412111232888207724e-03 -1.5259689749721305762619750e-02 -1.7076849566418657352433734e-15 -1.6074031272150818579755122e-15 1.6545834325084586569065692e-02 -7.8137542380944079167814920e-03 
1.9704495846608272024980124e-02 -2.2996213465937442865794083e-02 -8.7875971063778118841369746e-02 -9.3487683282719447053210615e-02 3.0767538521820360513881490e-16 4.4787239108938756890879213e-18 6.7531603509170667807824425e-17 6.7227708946636624652814083e-16 -2.4215080157230131630008430e-02 1.9252477756243169260130799e-02 
-9.8903268505688580330970083e-03 1.5391995961497961439845561e-02 -1.2572844516021824956553132e-01 -1.3375769282230687284851456e-01 1.9632648172920000306795885e-01 2.0886372497717789475935035e-01 -5.6020692973576576046435864e-15 6.6350910716745782598419406e-15 -9.0313465121413874503453201e-03 -1.6273998668453242000264680e-02 
1.2899443085048728496744275e-02 2.1925418128593693323225011e-03 -8.1995595336924075806762486e-16 -1.3846851151423331041768700e-15 9.5135916781665594288419641e-03 -1.5460337039464405045618989e-02 2.3960748879868196126174951e-02 -1.8753994155279091193833096e-02 -8.7702671580496438519247704e-02 -9.3303261171800433437795164e-02 
4.9551720687299000564040235e-16 7.3950426765281301376683817e-17 1.2239893460212393258199313e-15 1.7990593226317995412447879e-16 1.9487612559241258847197997e-02 -2.3820860823625472635356459e-02 1.7570046413770579185609222e-02 -6.9564734903274126967542834e-03 -6.7659861085263950375434661e-02 -1.7064848522460140944900786e-01 
1.0565188094974166388428927e-01 2.6646917850155710238979623e-01 -6.2573120225270105359635651e-15 -1.0458317554376582114899932e-15 -2.4062751433540485040962764e-03 -1.8455841688145936674292358e-02 1.1186470387675829379903192e-02 6.7871755370429893983175162e-03 -1.3081528041395500214688468e-15 2.4254410080585119830063941e-15 
1.4536843495299121842290191e-02 -1.0872471162801849997592285e-02 2.9181946601917030381656559e-02 -8.6164828197790831187941052e-03 -4.7196660506733489892639000e-02 -1.1903668503726930194552835e-01 -5.8274332468668739618042885e-16 2.5567160901560648627837120e-15 -5.3866088456282393484966753e-16 1.7474475161779624836968507e-15 
2.6888167658368183898787152e-02 -1.4974207612174102871582804e-02 1.8897064703396485030317820e-02 0.0000000000000000000000000e+00 
13 (band)
5.7992125942274785899144263e-01 (Ry)
0.0000000000000000000000000e+00 (Occupations)
1.1574180413068073380866707e-01 -1.2620219642010588323444154e-01 -6.8836382712605254097226748e-04 7.5100360631758303342486727e-04 1.1901024704121538107252000e-14 1.1778086379086478872746655e-14 3.5590583281209603461192614e-01 -3.0915806321996514016703372e-01 -1.1506202949427665749304595e-01 2.6194628685274129464843895e-01 
2.1828833116819459938232886e-15 2.2641610131258730813381170e-15 2.4126533039004610659006289e-02 -1.7453021595555950895573005e-02 -3.7712386309573520115634437e-03 1.9425591812819303916270997e-02 -7.9961035413815342853816048e-03 8.7185158712036608941176041e-03 -8.9415838537647263911859400e-17 5.4119944643295873425237107e-17 
2.1062987029863518446203888e-16 -5.2585098410579172574925832e-16 6.6543414947126358627293996e-02 -4.6660941316410575741002731e-02 -8.5754494506110418017286179e-02 1.0841298754827972949943415e-01 1.5407213501707786584837834e-01 -7.4732434832229466259434503e-02 -9.1648736680910447560677312e-04 4.4486186805434146940285700e-04 
8.2451983933160882860560239e-15 1.6666126949767467329709381e-14 4.4472154826500653879151059e-01 -1.5643022211958446110457999e-01 -2.0341082910988922405337576e-01 2.0119433995053703778665977e-01 1.1269195000089005889935323e-15 1.2753526316355358741474790e-15 2.8857168873248781326701362e-02 -7.3458399055180145786891899e-03 
-1.0657446297842518984078097e-02 1.6673172958341475613508464e-02 -1.0644088806457369100755272e-02 5.1627090099045577775704885e-03 -3.1240484194254002632806069e-16 5.5147539785072891931607326e-17 1.2982451909174632008859020e-15 -3.0324353890974268351775102e-16 7.9047540657790543727756472e-02 -1.8887981186858606580392106e-02 
-1.1964199509484296779504575e-01 6.9231511661020914139008653e-02 -1.5109591145360856678792061e-01 7.3288640596517962144673675e-02 -3.5836182317717070813789526e-03 1.7385476922383985565190301e-03 -6.5075555869630184241469244e-15 -1.1219313566437031449776645e-14 3.9930510507567612554780112e-01 -2.5279563511586905510952761e-01 
-2.8443767220606497314605576e-01 3.5725008995066420691699705e-02 -2.7529980264451349276392263e-16 2.0542975739848605713540513e-15 2.2902925677979565910469262e-02 -1.7603432563438881075512654e-02 -1.9127059820444838877939731e-02 -1.9549878454976910013840552e-03 1.2748967542498070709688918e-02 -6.1840405654285373476808374e-03 
-2.0547242603204940792252198e-15 3.8925844808980568254764218e-16 -1.1986198533288050415885108e-15 4.3643131763740382529791549e-16 -6.3649274753857343345231357e-02 5.0788032956128242867421818e-02 1.2864666504875654773343285e-01 -5.0934817925633105173410797e-02 -1.6746477361933831407014850e-01 1.2519939899412732553507510e-02 
-3.9719660578177579113301476e-03 2.9724290541235064144753864e-04 -2.4888244950072638904396508e-15 -1.6809328763750955473604321e-14 4.6432477748888262292226159e-01 -8.8049424092703582056529399e-02 -2.7761471227662243288492050e-01 -7.1492217515339601119350732e-02 -9.4967433775972487551090184e-16 4.1881081765894139737349938e-15 
2.7774857491270506931746453e-02 -7.9361283990800699644774241e-03 -1.7064211439433454170488957e-02 -8.8588420688769618782654192e-03 1.4130187407250955830551042e-02 -1.0565675322823052644655162e-03 -1.9904482384931180483159543e-15 4.7492522742632346767224702e-15 -3.7291907392810889921140959e-15 3.0851064289929792216856136e-15 
-7.7875920922801072920904630e-02 2.3790658012581976377131099e-02 1.3836300121523967265879662e-01 0.0000000000000000000000000e+00 
14 (band)
6.8824579632600724199420483e-01 (Ry)
0.0000000000000000000000000e+00 (Occupations)
2.8467682893157466080398444e-14 -9.8543744777779350325810241e-15 -1.4306741363413168408755603e-15 2.7553767822271815325882214e-15 -5.7915852246626031707421589e-01 -4.6536620221403152131145475e-01 -1.2398986429385200265795378e-15 -5.7475356588157836051255085e-16 -9.4940145082042754927828861e-15 9.0048134171663965001165388e-15 
-1.0194497854779466239349972e-02 -8.1915400467301863196567524e-03 -6.5385722610728520668174634e-15 3.1169002314947160721108997e-15 2.7678784739390536733681044e-15 -2.2562791276324184006941262e-15 1.8504693444603694338375363e-15 1.0592684520666095177649886e-15 -2.0692495674223529422697254e-02 1.4197779681452091585236452e-02 
-2.2769363348259921697724906e-02 3.5017521790380826129940317e-02 7.8327588126489918784569604e-15 -3.5965891011603423072671676e-15 7.4738208582174767547425518e-16 1.2078245641133770793145899e-15 4.6331894439801531637973165e-14 3.8669748701858324681696170e-15 -3.2416390370412869782160145e-15 1.3813860612928462196091301e-14 
-3.6717525079066098969704512e-01 -6.4588902414829751919000955e-01 5.5473712877222373192764300e-16 -3.7383571694950627409676076e-15 -1.4105067663723894304185865e-14 2.3918270522071371586075384e-14 -6.4630973757338616714207546e-03 -1.1369146281047100635608338e-02 3.4726747555765650400370973e-15 -2.3857581075731734398995018e-15 
-5.6450985931878015335510170e-15 -6.8554300315775950462142489e-15 -3.1148208785774426289963773e-15 1.3073810249106514138489704e-16 -2.4465947206377014477851617e-02 5.5833459865527318433109372e-03 -3.4061228184156078224731345e-02 2.4176506658568911595219575e-02 6.0733215040830174087608018e-15 -5.3289858562439103862255545e-15 
-1.0658897653028132253504850e-15 -3.3534794696503542756262790e-15 -2.5593152713114151544496750e-14 6.6311740755975243568739863e-15 -5.8483342917242891415403581e-15 4.6580390455522038458273485e-16 3.6718522143198500939931250e-01 6.4590647853634797215249819e-01 1.1491532151458140354126434e-14 3.8084492211427343730425468e-16 
-1.1924949524137632173429865e-14 6.0350793712796723695849160e-15 6.4780343884865143611051508e-03 1.1395281272285555373979804e-02 -6.3570368642263864200317760e-16 3.0814465408551948780180694e-15 -3.7222133065427456783475545e-15 -1.3419249914879496466449325e-15 7.6146844875522065124409910e-15 -7.5686085062152638987932743e-15 
1.7312939389186838418099867e-02 -1.8162400968331628842156178e-02 3.8193339835625485234604781e-02 -1.6901539535610597686510204e-02 -3.3918912870849551774019737e-15 2.3391863418147054095334844e-15 3.4031152049480283080766743e-15 -1.4754484712781235053736165e-15 -2.3881140459674454148351127e-14 -1.9921963768118778260005750e-14 
1.1284376598888712301774815e-14 -9.1725332118607132240133020e-15 1.0362615139353718862746945e-01 7.3571855121414475586760773e-01 -2.5059836501256879075127567e-15 1.7415884961913570662615576e-14 -1.9103788843314697051356968e-14 1.9957249008832396721299630e-14 1.8282412286076570907822347e-03 1.2979788088524596423312119e-02 
-1.4573906629449831059514215e-15 -4.0035499482999126032341671e-15 -4.1537459532876954005400198e-15 1.8944456589961072878278060e-15 -4.5039124167711787181158150e-15 -5.2113105647605907406908844e-15 2.2783189677420840474342256e-02 -1.0513655280191467472628020e-02 4.1733140977870973598040649e-02 -1.6547478945672200283112385e-03 
-3.2994963779801637899378955e-15 1.2442615310084258907561558e-15 -2.9315876329633090609460108e-15 0.0000000000000000000000000e+00 
15 (band)
8.7565535947524419935206197e-01 (Ry)
0.0000000000000000000000000e+00 (Occupations)
5.7033940286287654330976693e-01 -7.7376388176195631807274822e-01 -2.1404185129895142436495803e-02 2.9038497036727818623180752e-02 3.9188128106024266447383805e-14 3.6266755267994770917915509e-14 -1.1874078050990967414524135e-01 -6.7297261397223917533949589e-03 -1.1631915766924295907447373e-01 -1.3245231263007900546213591e-01 
2.3057684757554043999098635e-14 4.1400424014172351597148067e-14 -1.7001303873452958126399892e-02 -9.7552505939861311468064287e-03 -2.6344739182343979155831448e-02 -2.1023932632198538694723311e-02 -6.4821748734987222340109270e-02 8.7941928454706233542204075e-02 -6.1152367509031851334513802e-16 -7.4776538704632408429772907e-16 
-2.0720067502205096100613561e-15 -1.7651506766810764673716695e-16 -1.2171095677320888442385360e-02 5.6434158965341929548031885e-03 9.1361439130833600047454368e-03 -1.8651806869462120297420427e-02 8.1512964859541647832941180e-01 -5.0947152536529904942597113e-01 -3.0590891764924452167484503e-02 1.9119905654895581748053957e-02 
1.9349276394369122082314202e-14 4.6804764134388905503152099e-14 -1.0792500821111965236820396e-01 -4.9968537827765724390616242e-02 -5.9391869326447431498561258e-02 -1.6597098366838355931740523e-01 8.7105661047476510571729893e-15 4.6906531322020277851080534e-14 -1.2216265310322285686517318e-02 -1.5328799999242345708516666e-02 
-1.6755293223806193292357847e-02 -2.9245703528773425716735801e-02 -9.2643320820380681279715418e-02 5.7903859947037270017311528e-02 -1.0336114182937628748983797e-16 -2.4590009093060407924622395e-15 -1.3668511709702960542237596e-15 6.6128046029672084431231681e-16 -1.3393878520758602593265785e-02 7.6663624928974272165760340e-04 
1.5360759842128618446466248e-02 -1.3978772555864946505743696e-02 -8.1503944104495817946087755e-01 5.0941494981998847180193479e-01 3.0559476429646674489060132e-02 -1.9100229441429861232393250e-02 -8.6985159251521380706110863e-15 1.4879888015609932314045667e-14 -1.9047239253680986470484982e-03 1.1870643897751598228040848e-01 
1.2298940436546265675410439e-01 1.2638085755118461106505379e-01 4.3695073051752162330096226e-15 4.6155353723566300717091785e-14 7.8634969184071326631091381e-03 1.7974936186458859155301582e-02 1.9194844583337717508486620e-02 2.7592212057109710698910021e-02 9.2709220673763317877025258e-02 -5.7944979559815215641727093e-02 
-6.4182107848112883738648756e-16 3.0132244521690196704882507e-15 -4.9344339371090701931656689e-15 4.9555609542707728685856735e-16 6.4721156108767273137938325e-03 -1.1674777858577248257354597e-02 -1.9172649498101382997683473e-02 7.5909889383270062745978635e-03 -9.4533265788191178646826529e-01 1.7360601228317110167331805e-01 
3.5444746024398468553506802e-02 -6.5092506200906067453937354e-03 -1.6597930604362416766956567e-14 9.3723019182864814188886693e-15 -4.5469722263173070753161653e-02 1.0966928004352151371225688e-01 6.7828759544622835298000041e-02 1.6278136908189760889698050e-01 -3.6169290647368726400627058e-15 4.6900816057368444287029748e-14 
6.9427918915255723564250445e-04 1.9607419287110777056382105e-02 7.6895444239916590362104998e-03 3.2720683540151847268351304e-02 1.0752982308752936924101107e-01 -1.9747339083772331991273319e-02 -3.9969633777163245459747047e-15 -2.0521055526114492257720128e-15 -1.8335187801465353356628324e-15 -3.1324952512019195065477198e-15 
1.0315393285505260884127310e-02 -8.4723892670845353525255206e-03 -2.0620708082864164928382777e-02 0.0000000000000000000000000e+00 
16 (band)
9.2813543323374247950852123e-01 (Ry)
0.0000000000000000000000000e+00 (Occupations)
-1.0830359971994285354022546e-13 7.8331859221115546075425505e-14 1.0192858223560086721132883e-14 -4.0253651886725279916907744e-15 5.3144127070987409733326956e-02 2.1877937353673632125961035e-01 1.3843070441020519627702763e-14 3.8735535128993093207903964e-15 1.9329740141287456477729088e-14 1.7509992881938623154001280e-14 
7.9061624680683867394392905e-02 3.2547384445057869761797065e-01 -9.3682955862849388508931263e-16 3.3932207176049419820215526e-15 5.9236969958629895177633104e-15 4.0886337894001498183379601e-15 1.1123885217071291043912096e-14 -7.3614314435713980709469060e-15 -1.1720855443174804655370735e-02 -4.8247405221047180712279356e-03 
-1.6210908895936397555725961e-02 8.3735436113254492485058478e-03 1.4857314330296616467146398e-15 1.1222765792575300228645705e-15 -8.5044631912216595454747058e-16 3.9113793760072864131388480e-15 -1.5090256965951712943794910e-13 5.0933911418120223254859284e-14 -1.3587181023266048079046881e-14 8.5490730953402050723590058e-15 
-3.1125899297779882624048753e-02 2.2297957511881563719136068e-01 4.7547447007736259996822580e-15 1.3405705530893534740600545e-14 -8.1936935332822500370777126e-15 2.1894227083862677662454553e-14 -4.6305273822203951716858228e-02 3.3172245256364168985996344e-01 3.3431343276492832120124590e-15 1.9569966161576011825050824e-15 
3.2024616366447537652350066e-17 2.7100280785145212045033310e-15 1.8825939639279684057668680e-14 -2.8570973900560851488964758e-15 -9.1216703393708353786450971e-03 -8.8006649547237945224731348e-03 -1.8155028902556769043741269e-02 1.8178903681274720394167588e-03 2.9902909453899344876519164e-15 -1.3422622902126597667000438e-15 
-3.5361881267704438038742171e-16 -1.8841413324259011523879180e-15 1.3561082079274267494055197e-13 -4.8289341480504877680990683e-14 -6.3770930655296553059379221e-15 -5.5505977371774544188241101e-15 -3.1123613731690591421852332e-02 2.2296454376221772064603499e-01 2.9865705778566458174579925e-15 -1.1661550218303692968040878e-14 
4.6145951341721651962916973e-15 -2.5911414160881490099976143e-14 -4.6298268778887388674725401e-02 3.3167237691741374705500789e-01 -4.4234681996287001325594312e-15 -4.8967664767802073518801894e-15 -2.9179166293224376133868926e-16 -4.0391814825142291004391992e-15 -1.1094313671032100983381108e-14 4.2571886913929472150329551e-15 
-1.1188301440493595914627001e-02 5.9721252580598373910225618e-03 -1.6970315520430899469683794e-02 -6.7248314916901041210506307e-03 1.6028341985012854568740027e-15 2.0554756993641938964436199e-15 5.3543330256999774055488651e-15 -6.7506290306582097437626796e-16 1.4901232601411640559170374e-13 1.5950453430728197154565988e-14 
6.3122883199871535694888653e-15 3.4883240772861479997835705e-16 -1.1101672713321961150079176e-01 1.9584982359818642327908833e-01 6.0544816729311533252255507e-15 -1.5666432597445447085101040e-14 -1.0169722734773418059246962e-14 -2.6186369688014893472012675e-14 -1.6514378702754817229703121e-01 2.9133764759840508062893605e-01 
2.1730097262790502293966630e-15 -6.8800130476819706785434684e-17 -5.2037132725672631198545741e-15 -5.0054600155295614236604388e-15 -1.7333735412463194464713948e-14 -8.3507753101815102276004349e-15 -1.2601105535546084507325659e-02 1.4340531731101742191764048e-03 -1.3303024744714063085093692e-02 -1.2499780001906053705784672e-02 
-2.3659444722142011443311899e-15 6.2709397800326236718392960e-16 0.0000000000000000000000000e+00 0.0000000000000000000000000e+00 
17 (band)
1.0569086578008102250691991e+00 (Ry)
0.0000000000000000000000000e+00 (Occupations)
-4.0030190965853129636542462e-01 -4.8189148015304328342978124e-03 -3.7433329863990560948394659e-01 -4.5062493661734426275700116e-03 5.2541604850250385217623118e-15 1.4134018009510842758206178e-14 -2.5093431758494555428029571e-01 -1.3505076075515051736708472e-01 1.4875275987777106245779635e-01 -2.2656306728119207649640998e-01 
-3.0619727483323790421815646e-15 3.6299282919785180856978987e-16 -1.2992912214400317849616329e-01 -1.9629340937120001719939921e-02 7.5624240707927031790447359e-02 -3.0334130607145542990465970e-02 1.8505556201464024024261334e-01 2.2277473576944734068305820e-03 3.7056333070632156275260023e-15 1.2765087863005493498739658e-15 
2.7482747504610859637141062e-15 -1.2174015869229152452856066e-15 -1.4485214519635841029510104e-02 4.0114562369851829159994594e-02 2.4039685264347146476104911e-02 2.3483374627201118733932361e-02 3.7041734200664916398793025e-01 1.5184147508786371982836272e-01 3.4638743793352738675750402e-01 1.4199108280394864833873214e-01 
1.3144939044796762948004276e-15 1.3538979596063474264844238e-14 1.8359732710841264458068167e-01 2.1794210515873246869489321e-01 -2.2171024613721440621461056e-01 1.5589346934650546994127751e-01 -6.1583912480884606935588052e-15 -4.4621279222406412420782908e-15 1.1357900025210679317844154e-01 6.6080999602508044832305245e-02 
-8.1480379034209057809157173e-02 3.6482157874267659436462452e-04 -1.7124022164714680638297750e-01 -7.0194803091677859807617779e-02 7.0064194295843914616149605e-16 -3.1142749095028585962945650e-15 4.5762350134779320277730110e-16 5.6749569683336307083337240e-16 2.8235167180744438764072868e-02 -3.1965213718668131215316919e-02 
-1.3706727307929980272382942e-02 -3.0683887921775038210014941e-02 -3.6751752508469359703724422e-01 -1.5065316370665973733089515e-01 -3.4461977985319003359165890e-01 -1.4126694710852630287867271e-01 -3.8665375864754258316717605e-15 -1.4424406307142638816701988e-14 2.8438469944977495806881507e-01 -2.6179014878380729713924779e-02 
-4.8809055682960324207275704e-02 -2.6691000444098322841313120e-01 -9.4938232140261109093841106e-16 -5.9379309147930073012137734e-15 1.2706347336065368369695250e-01 3.2637302914865440328640034e-02 -5.7714250280742715459858516e-02 -5.7295534967777672630262487e-02 1.7123417652278999367965184e-01 7.0192475897665959627680365e-02 
-3.3143369974316300964301983e-15 9.4589057388562547159344269e-16 -1.5619340103896327865355238e-15 -1.6390552508103328323179344e-15 2.4408326362628522850084511e-03 -4.2593709073038978074610128e-02 3.1143329697455528204397268e-02 -1.2330516513093425085001442e-02 2.8625002448591552184353759e-01 2.7536599365391417615356318e-01 
2.6841553617575258927629989e-01 2.5820968794935345025365336e-01 5.4197666090888253518405157e-16 -1.9194040916730562450939834e-14 -2.7405134463964486712939106e-01 -8.0348357807339537695057174e-02 -5.2874613709445683618071143e-02 2.6613445776978972290294223e-01 -4.8747666865547303939204911e-15 4.4899165963390306622719449e-15 
-1.0612603721257088396079382e-01 -7.7120581102514726423713398e-02 3.2569459633671582476921458e-02 7.4518073726337105688877216e-02 -1.3336993712449973781275503e-01 -1.2829881820768168632085349e-01 3.2915355907573828325536588e-15 8.6128093576496669706135206e-16 1.8956719591345536564512635e-15 3.8284063618191874853810946e-15 
-1.7949218889422864642302358e-02 3.8704098721155592854881178e-02 -3.3495501520716987331471870e-02 0.0000000000000000000000000e+00 
18 (band)
1.1892368521755276589146888e+00 (Ry)
0.0000000000000000000000000e+00 (Occupations)
3.7272732988310408597243395e-02 -2.8669703849426964037405696e-01 4.5257767405257137705021364e-02 -3.4811818245430714569010888e-01 1.2787189821435319259288862e-14 8.7580270352458120017092268e-15 -1.8395389861531580288911414e-02 1.7378840315652488435205214e-01 2.0164064833719880232010269e-02 -9.9241972246159909643026253e-02 
-4.8434725182033307648059520e-15 3.4783335208379462150952598e-15 -1.8254130493090575670933617e-02 2.4930085427219800253695325e-01 4.2682159795248766909203653e-02 -1.3996396787204457012876446e-01 -1.9243591523268051279860202e-02 1.4801994944989926850098527e-01 9.0162325851906184821960184e-15 1.0641579409522196968458902e-15 
2.2571781287812927999219951e-15 -9.2762154469416343118443186e-15 5.2277203779675304740059971e-02 -1.3485380725041792165930232e-02 2.4098739248182295125122465e-02 3.8363269613754052977938613e-02 -1.4019552973953283703245631e-01 2.5284315681237079509457999e-01 -1.7023045812303441715052088e-01 3.0701160498100699136614367e-01 
7.9753456699845001698497315e-15 2.6794706866755792241585120e-15 8.1079379109941701608832432e-02 -1.5481257611383320016429366e-01 -5.5281479979773187616309826e-02 8.4849964862519097752446839e-02 -1.0097195953853184000904630e-14 -1.1744516582870770549411090e-14 1.0874602675718987587760722e-01 -2.2507427859582010420957943e-01 
-9.1209041605114435369294767e-02 1.1442285522024236987803647e-01 7.2382016577104343890702864e-02 -1.3054142992206113627062791e-01 -4.5521009015946395131879813e-15 -6.1284028008364625841177171e-15 -3.7747169348442604083025910e-15 6.0485410381352031063907947e-15 -5.3570414569767209334028024e-02 -6.7061323535817533511571575e-03 
-8.2839796281018070189805513e-03 -4.4540603614349985606146731e-02 -1.4121098055673148019550922e-01 2.5467388948379843238711828e-01 -1.7041092570806345984912866e-01 3.0733561834865263939775559e-01 -1.2704920880231800080749166e-14 -1.5372070671205442186471380e-14 -8.7483380679873726237794074e-02 1.4918589831214573715456595e-01 
4.2173280038284050030839012e-02 -9.0917970201258871409955020e-02 -1.5417922353038195863310798e-14 -1.3675646614004618747630704e-14 -1.3384245363547744855914345e-01 2.1191395437417842595451134e-01 4.8541506436089128240229940e-02 -1.3851758498855032408769716e-01 7.2431970664761244349527658e-02 -1.3063080237392943327989769e-01 
-1.6250287259896352089861634e-15 7.3761679852919484244141686e-15 -1.0182877878613949203550189e-14 -4.5745669437410527982421787e-16 3.3893112306368357311558981e-02 4.1833105690335659065937080e-02 4.2109994036753195523203885e-02 -1.6672526087615113093987063e-02 2.2504636091059368463440649e-01 -1.8480656496858705040153836e-01 
2.7158185868207496138637680e-01 -2.2302098542786089052647469e-01 -1.2804005909935499099211699e-14 -1.4477492814540305096502652e-14 1.3625898234115646490138829e-01 -1.0650475990176730411995720e-01 -7.2680861221111489611779177e-02 6.9008370991222978130252841e-02 6.1107786549000360548193135e-15 1.3669717770790054053178169e-14 
2.0245429585992502641289548e-01 -1.4776191844155828203355441e-01 -9.6124475282556534616595911e-02 1.1092107306458220961076222e-01 -1.1543394883780663806582822e-01 9.4793461583315474783262289e-02 9.0450218583313557180097075e-15 -1.0195622423334030052473535e-14 1.6574181063471505930408510e-14 2.8741848217335470975557807e-15 
-1.6113225538304347395079930e-02 -5.1372324808817738939215047e-02 -4.5290448484400759598944575e-02 0.0000000000000000000000000e+00 