98 (index of k points)
0.00608813010989841564557512 0.003504888734695647909550553 0
18 (number of bands)
52 (number of orbitals)
1 (band)
-1.5505772095738024063393823e+00 (Ry)
0.0000000000000000000000000e+00 (Occupations)
1.6845571464247928450408409e-02 3.2047739149730020136175312e-01 -1.7242441073088091846310377e-03 -3.3021391474706097979296970e-02 -1.7044652033456130788471793e-15 1.3791326944670943796005298e-15 1.5769523759726900014044304e-03 5.9156107015385320929690138e-04 8.4864612053981445041750398e-04 -4.7341809472627838879452145e-04 
1.3640824028811764374175694e-15 -1.1539155414923678863777232e-15 2.9269482996009191233532931e-03 -3.7800385566996805991601960e-04 1.7018440146881553057256475e-03 6.2025580489674181708381617e-05 5.1372727369028425847830022e-04 9.7833806362604570222574196e-03 7.2828383781131515306867797e-16 -4.6819907955354748721152858e-16 
-3.8380157629459386991083629e-16 1.6289555666792475749643256e-16 -4.9886143986204042020948801e-04 -7.5122170724270065193806101e-05 -8.3286701504764124037727413e-04 2.3639345750604053714161168e-04 -1.3388776548719829792566394e-02 3.2064040980730895702421890e-01 1.3909956041841522664248565e-03 -3.3037107075178359649747506e-02 
-1.6032105567448068609449137e-15 1.7030321663115139833902885e-15 1.5142829909716140537184748e-03 7.3734002946515488259582316e-04 8.8943237740491190579383840e-04 -3.9145239345100509877062311e-04 1.5903813100441801356439022e-15 -6.0314215817411505285643522e-16 2.9495317047280142537524217e-03 -1.0087609352961286160628440e-04 
1.6884540479498739290464826e-03 2.2190797852215319967139617e-04 -4.0925011636631274461461949e-04 9.7883076539276060723526740e-03 -6.1275499585947582404084925e-16 1.1044892803562384255052388e-16 3.4055112088536756224570172e-16 -2.6097374076414835392263660e-16 -4.8957785435374025218013827e-04 -1.2173578455645960635228553e-04 
-8.5141731131985177137566634e-04 1.5696462496762062042293673e-04 -3.3189022002789794751898000e-03 3.2214358312258384309245685e-01 3.4574012284613320211690279e-04 -3.2282712067962411606192319e-02 7.9345332401607025843260167e-16 5.0449245356470415764669242e-18 1.5715998496877731788190502e-03 5.9947529751764802585789482e-04 
8.8160739988245653830922777e-04 -2.8788884650707583998108241e-04 -4.7549295020447000818595606e-16 4.2871824967604373039836242e-16 2.9169771861117365502336085e-03 -6.3363505202700825830880449e-04 1.6975473780897910175413656e-03 3.7912950087969380860708490e-04 -1.0052841139241396051229316e-04 9.7989635812796346131525738e-03 
-2.4744377155553346569929730e-16 1.0603304121605298708838616e-16 3.0306554441537870899426513e-16 2.0727116036662734756879968e-16 4.9273714284355776479862321e-04 6.6297198968865626942520430e-05 8.5402543575463052243079698e-04 -8.0729172214494677962612346e-05 -3.3620562048882043915121187e-02 3.2040156220965615441187424e-01 
3.3822772980072290764652632e-03 -3.2106903229293458357229696e-02 4.9611612093506965929422747e-15 -9.6132772620766893369942566e-16 1.5082094247990075405740917e-03 7.4471541599814669760981634e-04 9.0478752880410954605866491e-04 -2.0364460021056652759205430e-04 -1.9340521133501936130560356e-15 7.5782011084092585895562248e-16 
2.9636618641141424662643900e-03 -3.5631115426373004273497003e-04 1.6543343648778366383744753e-03 5.3720023126756037950418898e-04 -1.0222461976455066070407218e-03 9.7460148748153944964212059e-03 9.4797517219017956826376381e-16 -1.0864377444633424334889308e-15 -5.5669818356278919187287318e-16 -4.0813349129234669439006914e-16 
4.8431124038820420711626280e-04 1.1237363107763507152295906e-04 8.5783252687442613625828924e-04 0.0000000000000000000000000e+00 
2 (band)
-1.1681495875645904192197122e+00 (Ry)
0.0000000000000000000000000e+00 (Occupations)
-4.0174150612511427826945010e-01 -2.2284395877221384318911390e-02 1.5952809198161999049148108e-02 1.3627649743948016397565581e-03 2.0247571808715294896192522e-15 -1.0186682676287984646206106e-15 8.3258812630243053676259990e-02 -3.2618869101591153880637108e-02 -4.8238665049954831953726853e-02 2.6342884512917885686533737e-02 
-1.4243230213080142977164968e-15 5.0945653236150208940109252e-16 4.3486548331288711610742581e-02 -8.9450759401429220940560327e-03 -2.5053204157090381426487014e-02 6.4916000140938512341648448e-03 -9.9932754763503855999218217e-03 -1.4461474219393012641265983e-03 -1.3982722131785059066408354e-15 3.4286271173450522250003052e-16 
1.1859392601073034576359346e-15 -2.0352516843900939471621690e-16 -7.4026863967907897967624109e-03 -4.7551498943431552701710530e-05 1.3049112655655149828337613e-02 5.6139431148384197345357904e-04 3.9786141619121140333703579e-01 5.9992712470994503937138376e-02 -1.5753762553049863864851332e-02 -2.8580089415313376932648026e-03 
1.4972437410488323494547631e-15 -1.2124947142266229014952083e-15 -8.5959013826174754391296062e-02 2.4638758980374451945660752e-02 5.0503664576414593334607872e-02 -2.1686314454400560519653496e-02 2.1365530621826174624554374e-16 6.2225529746545631018618686e-16 -4.4135359499745070721576923e-02 4.8129316609918397149026070e-03 
2.5552930678303661243822020e-02 -4.1050752770026496807354022e-03 9.8128304713659426222749360e-03 2.3801796680984958591575928e-03 6.3291394190732687290927927e-16 -2.0759259515023438142475111e-16 -4.9317145477156512925740520e-16 -1.4607602141716398987145280e-16 7.3653580211701253493972175e-03 7.4399479453657497984853109e-04 
-1.2938368360026509043536613e-02 -1.7869328059861681878839335e-03 -3.9913541323492263135364055e-01 4.2592057263851700044110515e-02 1.6331855453932044019982328e-02 -2.2789244415989118319743056e-03 -5.0559702647087219321320878e-16 -7.8549519321628138477093835e-17 -8.4674307784425126288674335e-02 -2.8135351435549758869480996e-02 
4.9421038887371711301188526e-02 2.3725378019742282553750101e-02 5.6695445169530296819461883e-16 -1.6363893852148708839776922e-17 -4.4024618694399865470590072e-02 -6.8191354986438228874545686e-03 2.5444445469193603670543524e-02 5.2731982928864769982757466e-03 -9.8696998709246232250880126e-03 1.9510188420027124549249731e-03 
4.8567718309945998698742817e-16 2.0600744879174438386918087e-16 -3.7417127545909322430385240e-16 -1.8363697526851352457988208e-16 -7.3697204296038218776510043e-03 4.2578199110298621532511021e-04 1.2969688802530975751947651e-02 -1.2259965535729496627359580e-03 4.0137230281265684483926748e-01 -4.8410716808661782839529053e-03 
-1.6473839836729026880890459e-02 7.3184712412674023281067281e-04 -1.4949574595068499188607016e-15 -2.4988955183064920029652614e-15 8.1650749741058806230320499e-02 3.5979042036977069984882149e-02 -4.6968951259154671784568080e-02 -2.8271014564422037446123070e-02 9.7515488654140855838199328e-16 -2.6735425048043601243532754e-15 
4.3187498538219348809263920e-02 1.0931954543745939570364989e-02 -2.4835270322411059223943752e-02 -7.6443294986418179950971030e-03 1.0009504886015756219830308e-02 -1.0135393435102852538465257e-03 -4.4663189216978082963929559e-15 -4.9636961988154729602406877e-16 1.5499717407780674164201228e-15 -4.7874810017653729476326141e-16 
7.3770829745017233239345877e-03 2.6965960370325015200976271e-04 -1.3027505332330886755887178e-02 0.0000000000000000000000000e+00 
3 (band)
-1.0933670564081292564395653e+00 (Ry)
0.0000000000000000000000000e+00 (Occupations)
-2.4739349890362810624466761e-01 -1.3301036954807210488382907e-01 1.2391856467676484049311725e-02 5.7426116323556625209434401e-03 -1.7639962563627814242882837e-15 8.5120413070714009498925642e-16 -2.0935465938591074630537037e-01 -3.6717795909971588652620511e-02 1.1916578081298004332388984e-01 2.3261443799106849839031241e-02 
1.4802102739647809854574651e-15 -3.9325978456632898665902441e-16 -4.4735122763536000478623578e-02 -3.9821200188797228891601776e-03 2.5700561560757138879207417e-02 2.0697724002646184296438925e-03 -1.1763232332115187983578863e-02 -4.6099933712291773363345371e-03 1.5520875040635183684503216e-15 -1.7345033943409307863819645e-16 
-9.6955240538221780891353459e-16 2.3782210062329907137822972e-16 -2.8764148620663704258859639e-03 -2.9698996055724713113987967e-03 5.1810474111448354475606415e-03 4.1520911141118242715375430e-03 2.3377817626646618665020583e-01 1.5570184972764206099427042e-01 -1.1796433475287138037401746e-02 -6.8833024297218102158235631e-03 
-1.1573178202438353648428678e-15 3.2490455656004075769202503e-16 2.0497008615516978946580195e-01 5.6256854912206263885643409e-02 -1.1644782361834198070038582e-01 -3.4372699325737950115655650e-02 1.9836958475569839859347474e-15 5.5069577779540960042695693e-16 4.4161836106824697845141259e-02 8.1743941786550939482269840e-03 
-2.5391718769287700135928176e-02 -4.4792231769084211306930499e-03 1.1277187990067992148790488e-02 5.6965520114179556826483619e-03 -8.2871815919287136417397772e-16 -1.3497082075587214971488870e-16 9.2836175407053414599894673e-16 -1.3773347054160844179163005e-16 2.5841569884846389733301653e-03 3.2274136370703952921001889e-03 
-4.7673074478489577132656052e-03 -4.6212436198614335880474613e-03 2.7793365758813792787407237e-01 2.4117254587130480814050060e-02 -1.4176944310665007958904837e-02 -2.2692012211050251180299853e-03 1.4366936533061539334039084e-16 2.6564987837265707305414952e-16 -1.9390802531391113094905165e-01 -8.3897354116169928217594531e-02 
1.1161813887021895808082661e-01 4.5907063408284105865408975e-02 4.3850010093211287629889492e-16 4.5616127351614767551834526e-17 -4.0389825587369330983644744e-02 -2.1562229241258733941632997e-02 2.3113389394553943145815822e-02 1.2490657295457681386086080e-02 1.2319012038342451453853954e-02 2.5958223485527042936893416e-03 
9.6018599763872992639564703e-16 4.7615517110711077664355131e-16 -3.1574387921373846107184513e-16 -3.3276586358020117776661574e-16 4.0244122606754861859457151e-03 -9.1162784887303168618322147e-04 -6.5863379448098877122497186e-03 6.2259224133696944303295595e-04 -2.7443054402668537461451592e-01 -5.0166089087657260436881046e-02 
1.3900475830512262070959295e-02 3.5932987428551380580665775e-03 5.5376504459957959653964806e-15 2.9962750912657371275657039e-15 1.8515201614606666136175761e-01 1.0177337189011609330790975e-01 -1.0680253731221951707386353e-01 -5.6207521020741571526890823e-02 -3.6764998944682806362280046e-15 4.8323524152531907060554510e-16 
3.8181389086454145531668303e-02 2.5267553665903438181450369e-02 -2.1835336663961098235819946e-02 -1.4610385407242828040286220e-02 -1.2020051363960544341114023e-02 -3.7436234417651181524688830e-03 3.0286468057593348294685027e-15 -6.8754677280726210088269496e-16 -5.9932240643418610844026090e-16 -3.3053254986407926913720703e-16 
-4.0923435358445310952579810e-03 5.2885136226109991097743546e-04 6.6156986495955185864636938e-03 0.0000000000000000000000000e+00 
4 (band)
-6.7915472923097319757346213e-01 (Ry)
0.0000000000000000000000000e+00 (Occupations)
2.0108792195329014471683666e-15 -7.3373315620975805233710289e-15 1.0089945193679471178660742e-15 -5.4585844331227773187731443e-15 -5.9372450088036703153004936e-02 -3.3990598958830009479470391e-01 1.4743668019778828623581131e-15 -3.4671900169500710981055356e-15 -1.9340468093730785551083034e-15 -1.8984865241952349147575564e-15 
-4.4057964884254563475707300e-03 -2.5225657671305901780245406e-02 -6.4697914232276427358360825e-17 5.2045575710897018393673004e-16 6.1726747516007677003492490e-17 -1.1460262924456390863347093e-15 -2.5321030013860756642766154e-16 1.0673894773880618166092801e-16 1.4907448034546487425355821e-03 -1.9659723269337342835272331e-04 
8.4871462284938749623397491e-04 -1.6418804502951940028909750e-04 3.9815664032158916524590102e-16 3.0033533350795510733412397e-16 3.2876311640541602371237069e-16 -5.1933916273976345194338633e-16 1.4888816461117936859008934e-15 -1.8281705500339779190984065e-14 5.8930326409739751532085997e-16 -1.1288913258278382137408310e-14 
-2.7120973685928230489938784e-02 -3.4398491591025182056995391e-01 4.3329787147030505576578976e-15 4.3378715173291955842014841e-15 4.6031530968078527503697374e-16 4.2222793998167686739768511e-15 -2.0122993118616289143218978e-03 -2.5528327385999943777150634e-02 -1.7256370665829035501527450e-16 -1.3638085170931720447162010e-15 
2.9867107504737926546759786e-16 1.2048432749323937056984408e-15 3.9553002500117124672997956e-16 4.9109592627989248036302043e-16 1.5026302592215233944888952e-03 -5.5433248174710189094815949e-05 8.6039945729593156342751570e-04 -8.3588271027973311830608361e-05 -4.0453055735822718658201561e-17 3.0073986680561007519955213e-16 
5.5399075689763214021162283e-16 1.5403535498507515349452292e-16 -1.1933635778057112857986563e-15 7.7857220778659429577432357e-15 -1.6612001258325569281590586e-15 3.8709338222644260891062919e-15 -3.7902807374929854689060704e-02 -3.4299972645829340800460727e-01 -2.7338756089060686012477988e-15 -1.3789652658078772515864592e-15 
2.5644950764570188532699566e-15 6.9843562323548038846428931e-15 -2.8089986125309964609675362e-03 -2.5417705433659568831084030e-02 1.2981508769136235586600782e-15 1.2804950568843572744317687e-15 -7.8346786455481520158689973e-17 -1.8768836747218898190394815e-15 1.0939273160610417794733766e-16 3.0504883011961561801771769e-17 
1.4867036542148635153148817e-03 -2.2699014507555464450691551e-04 8.6090757277939504270303228e-04 -7.9630750242964428017508616e-05 1.2383788491000301849292889e-16 -4.4618835951506872063412428e-16 -5.0309408398288220217468020e-16 -3.8692032565441980278239309e-16 -5.0131020536297957170991581e-15 2.1204208937695175693474831e-14 
-1.2976011019742632765802748e-15 9.8780926173802156793096701e-15 -5.4554676484565561150885671e-03 -3.4504445080323181693771062e-01 -5.1328550055766230648318157e-15 -1.9996198569042660152867171e-15 -7.7806489826729263090544235e-16 -3.8411943659391322094820162e-15 -4.0451479046885874127706395e-04 -2.5569250878776768332034663e-02 
2.0502436017907461092519129e-16 -2.0511726316704526846020780e-16 2.1458667345382740871062143e-16 -2.1543869195980979007526207e-15 -5.0629975227951496300267377e-16 1.1949218151224246723026477e-15 1.5014672704654842463195541e-03 -8.6071581473667917909844971e-05 8.6458075009184149652130547e-04 1.7412134421332789444497114e-06 
6.7752551175387001982538934e-16 2.2212862304826555109618341e-16 3.3415605221447639175699435e-16 0.0000000000000000000000000e+00 
5 (band)
-5.9652767051978072831985855e-01 (Ry)
0.0000000000000000000000000e+00 (Occupations)
-7.7029300944007486964815179e-03 -2.0989846244796932228648956e-02 -1.1657392914165513181368183e-04 -2.5149970738821969540310874e-04 -3.2489267147196845095903210e-15 -1.5736275467850866609604526e-16 2.1097769503190921813740033e-01 -6.8896429318234905792017742e-02 3.6018893505137838939589301e-01 -1.3297784701786236061238355e-01 
-1.3021038130862748189861973e-15 3.7946162772412786679038964e-16 2.6190981622315565729985920e-02 -8.3696849325038333300419424e-03 4.4944975455929826735346211e-02 -1.5503843550055032562973167e-02 2.2242177392154793141854086e-05 7.8941935941750224214885634e-06 -7.4967327423037015665383566e-16 3.1766158112722452855766180e-16 
5.4093799329310767536723951e-16 -1.8708573974110243476421674e-16 1.1677804557041187444310637e-02 -2.2943499500152671893848932e-03 5.9577481108990422431492817e-03 -3.5112367389951780298484874e-03 5.6934251910800122778444354e-03 2.1621602322986641087076976e-02 9.2388356661795255353464285e-05 2.6135411863765015128002744e-04 
-3.3804784132873127145310480e-15 3.4803721747145436736109464e-16 -2.1652509531018082622466636e-01 4.8735909498917567850284627e-02 -3.7110472469963889929900347e-01 9.8490913472118607474570240e-02 -5.7430039536617228318770052e-16 -5.7410015282305784079779370e-16 -2.6862402050804760206270672e-02 5.8677508698812656795507081e-03 
-4.6204548630383188156933727e-02 1.1205341111290401112654536e-02 -2.1400556577628364676724182e-05 -9.9523326831957997784527947e-06 3.9796501236566650022581604e-16 3.9090427823832043154096830e-17 -4.6998270851856004542656275e-16 3.3923131907205833301325063e-16 -1.1841895451020816032450256e-02 1.1851890535985575708677331e-03 
-6.2617439810618309020684435e-03 2.9349801201668051196802534e-03 6.0675030037972291566128469e-03 2.1498996942591851178061546e-02 5.3249542142977217273891455e-05 2.6656808476360760451484566e-04 -3.0924297444331289791188709e-15 -1.6595574372884740080099745e-17 -2.1133101273698301492132146e-01 6.7946240898267021290912737e-02 
-3.6980981980297383815425860e-01 1.0352440319133138224572122e-01 -2.9836417411662282817781574e-16 3.4790645253042485134479481e-16 -2.6097133084608328812414868e-02 8.5609628520181453581461284e-03 -4.5445087541902275118932408e-02 1.3789009048165212778513933e-02 1.3431747254859837726638505e-05 -1.9736247085599392322996515e-05 
6.1608757400370995502670644e-16 -1.5066866758927665491720957e-16 3.7701179453357623644591329e-16 3.7440698341622058022828206e-16 1.0813452414224052067215354e-02 -4.9928629490712736482826983e-03 6.8899670468467915165899917e-03 -6.5129364183482774466882326e-04 -4.0173408703954721632456426e-03 -2.1974586106911001698316355e-02 
-2.7926945954142873979053618e-05 -2.7039627076906602720640649e-04 -5.1617671814714819410864785e-15 -8.3038773955960891604524954e-16 2.1678742434924741511181878e-01 -4.7756687915505857677800350e-02 3.7791109770419484270576049e-01 -6.8262779835241288450831121e-02 2.1120412758804287898175383e-15 3.7870455753790440992892700e-16 
2.6786970858601894668327148e-02 -6.0670118188065154038457472e-03 4.6541061018643206659284317e-02 -9.4510524007425916054314641e-03 -1.5229481611544897927184791e-05 1.8384617845124273666094009e-05 -2.9602258850098717406587812e-15 1.6646773846015636539179549e-15 -1.3381422695383981127810860e-15 9.2238105011226873160551993e-16 
-1.1235331840412877621449006e-02 3.9530686787192792497336313e-03 -6.9206812753159954038073565e-03 0.0000000000000000000000000e+00 
6 (band)
-3.4759446601924437469932627e-01 (Ry)
0.0000000000000000000000000e+00 (Occupations)
5.0239480792220042593143603e-03 2.4425951763339864841739768e-02 7.8631882364112995129068473e-05 -1.4134100336718052881579410e-03 -1.4420818510137901739121685e-14 -1.1802213469671134840689247e-14 -3.6482320281097246894574937e-01 6.0409268186116207854929883e-02 -2.6706831617146026269793424e-01 5.0256747387317945996443314e-02 
-2.0264182479530714347373579e-15 1.9946420844665016770883663e-16 -6.2547385994819307275527365e-02 1.1872469036657954527536063e-02 -4.6252399366170024452848963e-02 9.3869798318369553763451663e-03 8.9232116926307302341020433e-05 1.2677373084772077622625619e-04 -1.5380670268410034539503741e-15 -7.3191494021216354194829601e-16 
1.5609021429291852882208635e-15 1.0628146978655618414129598e-16 -3.2441941278347333210696490e-02 7.8999491730462820249236700e-03 -4.3897911771529435354111115e-02 1.1334715742537955149304985e-02 2.7029664981523138927999028e-03 2.4790343804738292771139285e-02 2.1129654558237065398174082e-04 -1.3997373560938261571884311e-03 
1.0467120689360421010074473e-14 8.0381229453077938124554866e-15 -3.6888911886109682081169581e-01 2.5808273439602832932671106e-02 -2.7061263526039225357777696e-01 2.4900357387774373074673662e-02 1.9118468623705221571684073e-15 1.1628167081630604984098758e-16 -6.3387096517753954705298725e-02 5.9335496003745658022410225e-03 
-4.6930522419723112725886693e-02 4.9925847917871093994968135e-03 7.6905639649185448918078389e-05 1.3460858856006075075228967e-04 5.2655072768337122434460303e-16 1.0471317678535944710116410e-15 -1.9489778524227038201309070e-15 -1.7939901062769262577191303e-16 -3.3041413686586668108091658e-02 4.8118325444996574297151781e-03 
-4.4769782265713736757462016e-02 7.1532534378356531917786398e-03 -4.5635846360488983158854026e-03 -2.4497732443816429281913116e-02 6.7560268026591735468500133e-06 1.3996430702826025485596695e-03 -1.9245333846270239587045120e-14 -1.2830111802642192779419806e-14 3.6258422574253518222420212e-01 -6.7076274217319681314464219e-02 
2.6836312511985033202321915e-01 -4.6561518356249734229557191e-02 5.9412203152875939105632563e-16 -6.7040353649989374209530294e-16 6.3535242830092583665724248e-02 -1.0230485212370396541636808e-02 4.6272973173953596548457767e-02 -7.3479668231702204017619096e-03 4.4281226112120765229292901e-05 -1.4910238592691699350580026e-04 
1.0883459793807863527257273e-15 5.7782444256451253074256830e-16 -8.0437696639102853056105666e-16 -5.2721573162026832875924932e-16 -3.3241145936218685630336722e-02 3.9731228472922848829473885e-03 -4.4941021245275374063066209e-02 4.2481772692975518224134390e-03 -2.2378910054896019275749719e-03 -2.4818481892882670453159832e-02 
-1.2499200528233965490354507e-04 1.3940672030763670563580092e-03 1.8529391435752845525825484e-14 1.5407891364468816703562528e-14 3.6728749914461988890224120e-01 -3.2656397417517996073499376e-02 2.7155394602939836312671673e-01 -2.1099675627744028660881526e-02 6.2179518442794898074002175e-16 2.5596572298186818689643447e-15 
6.4216044881222233975393010e-02 -4.2058874178507073271493510e-03 4.6759116845136616813505270e-02 -2.9606848286769949646357603e-03 5.8116478514663329050550511e-05 -1.4427343275869817249348892e-04 -8.9158572132054284077963288e-15 4.4513812530922489718563706e-17 -3.3892715398347072805027782e-15 1.0008216462230778139319791e-15 
-3.3467524443680556067715059e-02 8.2722181062737528377259988e-04 -4.5141360199707616929210019e-02 0.0000000000000000000000000e+00 
7 (band)
-3.4667607156904262089014424e-01 (Ry)
0.0000000000000000000000000e+00 (Occupations)
-1.3524109175433382534770033e-03 -2.6611535836314811204195152e-03 -8.1646900394381706662916276e-04 2.4691586447085633881926015e-04 2.1614951871084005696114097e-15 1.2426134339925268679462010e-14 2.7007429407227662165880133e-01 -4.1696750858545447715464149e-02 -3.6479485998998573137441781e-01 6.4675420729031776745365789e-02 
1.7907134380060574607796295e-16 3.9342264555109665870912979e-17 4.6129676218430754053301257e-02 -6.4763895439783128460398132e-03 -6.2897506318679297088181102e-02 9.6066479232145493560857119e-03 -4.3204672064081715149308494e-05 -1.2066581273857419215334019e-05 -2.5239955712542083768132343e-16 8.3053646225122327500907117e-16 
-2.6189308053182402861963218e-16 -3.6538137506880876911193300e-16 -4.5211485055587467829507631e-02 3.9552929965142556711921173e-03 3.3527123970819534826137698e-02 -3.4372055149545534258326285e-03 -1.0959721947829360530479725e-03 -2.7766164001865531463231207e-03 -8.3608232114931691977832706e-04 1.6898352228988770817874610e-04 
-7.6880747209014280494851922e-16 -6.8693608570531808078108213e-15 2.7279970568955730358950973e-01 -1.6095462916468610686804297e-02 -3.6926238224670160370521899e-01 3.0058159941599021935942915e-02 -5.1583785238004325535913286e-16 -5.6759312156940529320190368e-16 4.6534433178902399885767949e-02 -2.1064610750945560180280580e-03 
-6.3522430391952128259092092e-02 3.6448350480956168140345142e-03 -4.1877362589652129430325966e-05 -1.6078948173822542322408680e-05 1.3267788575019139188936277e-16 -7.8870652143897595493224695e-16 1.8358864128441620607292321e-15 3.6792361634078843432570395e-16 -4.5383060837146715904566463e-02 -3.1703733501701244351655973e-04 
3.3701799021424172497773952e-02 -2.6676998789936759610974537e-04 1.1701707071136069251288125e-03 2.6674017918786249725648929e-03 4.3592751272034883230910296e-04 -2.0476137094055726906027814e-04 2.2797258708138295591289975e-15 1.4373092641525528934209442e-14 -2.7103267054947000058717776e-01 1.1348603388859289028967048e-02 
3.6896352868622228626804826e-01 -1.1323625287876143419296682e-02 5.0891479059630552529962527e-16 2.0189772586810676803338123e-16 -4.8044853710611963582000072e-02 2.7796528085157986599773583e-03 6.4427580674947027006282951e-02 -3.5730630533814342758569538e-03 -4.9582911983722427647081066e-05 1.8663597660617970569463253e-05 
-5.6507295511861839149628793e-17 -8.1799512578535419145842566e-16 -3.4325219441137493662059710e-17 4.4417975954362118341001045e-16 -4.4804207453791260185038681e-02 5.3778741152689284524268665e-03 3.3076541311447431314984868e-02 -3.1266537130837895701318541e-03 9.1395276452750640050481934e-04 2.7656865598539416908896449e-03 
4.5326259824831640309061864e-04 -1.6282822977471776010327531e-04 4.8947577873634825792838382e-17 -1.6051265787221511366079838e-14 -2.7089781588730732497793952e-01 -1.4208189594313053172314198e-02 3.6839170276221677724493020e-01 2.3449164722683237677136603e-02 9.2518335694574570167013034e-16 -1.5715998431396987138316457e-15 
-4.8093217386623011988522336e-02 -1.7541035353776366668976383e-03 6.4477903728716021158895444e-02 2.5059652754356714215999702e-03 -5.1119260962218329453349286e-05 1.3914603736223157332734315e-05 3.5615691016616512590603518e-15 4.6244031962123988029501212e-17 2.5626199447530713776694397e-15 -6.4789138575867436326179161e-16 
-4.5111467457410167614106911e-02 1.1375585265359807168178419e-03 3.3223990557567771586544580e-02 0.0000000000000000000000000e+00 
8 (band)
-2.8760907046944994558401731e-01 (Ry)
0.0000000000000000000000000e+00 (Occupations)
-1.6054957429706935550508111e-14 -1.3802551344716752366517856e-14 -1.0050164583617051064494993e-14 -7.6570393959479027434106309e-15 -2.9358750166846220297500736e-01 -3.4905681909864244572005987e-01 2.2868284444582692682002852e-14 -1.7396707928390796140111808e-15 3.2094397538323517425409777e-15 6.9967682152988889665742109e-15 
-3.5937027516417634209755505e-03 -3.8136694330913219197487507e-03 3.0871794607547090494486713e-15 -1.8952172364369193722795272e-15 1.6265921613311377713544770e-15 2.6831183061385972718706084e-15 -8.9156464121840926477619269e-16 -6.4065401550079644775602489e-16 -2.4521732366446447048957680e-02 -2.4410155252973117501191780e-02 
1.5732484544795845293752024e-02 1.2671530159361907644233192e-02 -1.4302394357175489126019435e-16 6.2577139193156355130167600e-16 2.7590014404402394102284826e-15 -2.9306859482845460729070139e-16 5.9774410683587537468815677e-15 1.2535722873619932394009193e-14 4.5479533988848207208970834e-15 8.4188433652891075959302794e-15 
2.5943540144626292542895385e-01 3.7513671717336066757653157e-01 2.0086397298907422570734683e-14 -2.0347492915006713103791856e-15 4.3507443817596782691428100e-15 8.8124857412238385353048012e-15 3.2188557737211219607342816e-03 4.1349415376786147896526202e-03 5.6784968085784663944285574e-15 1.6594160614035937548342117e-16 
4.4700138499425434456037328e-16 8.3905060319952160556412420e-16 -6.7996600777664485387932109e-16 -1.9876501613889286947691890e-16 2.2115705511509754083165902e-02 2.6609520992570089709117198e-02 -1.4470166891042498050201637e-02 -1.4095851044802040069603422e-02 9.9063629512415323375613364e-16 1.4330958189309427210920448e-15 
1.8697767515629980935269758e-15 -8.1778610950632870814327955e-16 1.3102880578361500722452842e-14 1.1338102367847474440100306e-14 7.1473139810232084517626971e-15 4.2032837420660756735550289e-15 -3.0097997152269490017673093e-01 -3.4267020536772235805855757e-01 -1.9407918782480401391343855e-14 5.6559790062308015288518981e-15 
-6.0325780573699017067355333e-15 -8.5825269115409885181686906e-15 -3.2440438509278956939752003e-03 -4.1417313696043428494775185e-03 -6.5142728728327548624575029e-15 -3.0053553504193364063322181e-16 6.6264321483299062113236504e-16 -7.2731281863242389559287208e-17 1.0487227593983842095657397e-15 1.5656030626278862645866550e-15 
2.0446263983917165735215704e-02 2.7905877211400535037322257e-02 -1.0162698958213022340513199e-02 -1.7454766561772434158017475e-02 4.2567916778998319671499184e-16 1.2689503402221690450996958e-15 3.8053460152058983417526039e-15 -6.9123638751957265115771233e-16 -3.5621788075050428428297862e-15 -1.0953966490735799583737369e-14 
-8.3993794996169643621505340e-16 -3.4002145469981448902230864e-15 2.6739609670364888893701050e-01 3.6947414032948650008947311e-01 -2.4832614573685786318603394e-14 -6.6501918292679549861514748e-15 -2.4608908748422766087800920e-15 -4.9590229128638878635711111e-15 2.8398753160761287632485317e-03 4.4286417143251750536125932e-03 
-3.2954079118293077166497587e-15 2.7657068836801717075843787e-15 -9.0703671484961514902792338e-16 -1.7688026387573527613923111e-15 9.9633307720726769414822721e-17 -9.2976637498047527978643863e-16 -1.7729347704582773537218543e-02 -2.9706193357746085020876237e-02 8.4749579000119833194215602e-03 1.8333696147648605168090086e-02 
-3.2945054987199258469167716e-16 1.2554949516993088541839009e-15 2.7935278457359964265415872e-15 0.0000000000000000000000000e+00 
9 (band)
2.3166514319200290361600025e-02 (Ry)
0.0000000000000000000000000e+00 (Occupations)
-1.2322124001780611324528580e-14 -1.5083777525612286605646765e-14 -7.1470195388620728836165623e-15 -7.5315862576681954602408527e-15 2.1747662875149340044877988e-01 4.7299084123838741611223213e-01 5.5032878587135839368842845e-15 5.8124770551364112796482697e-15 -8.6242474204291846451032806e-16 -6.6787653792856776739179769e-16 
-1.1614385190096488537081498e-02 -2.1968863409740239933665151e-02 -7.3037551620626413782188774e-16 -4.4671050004731329747479998e-15 4.5996410593656587421812555e-16 3.2327830769138864866922108e-15 -4.8573020661051660107005180e-16 -5.6378333015480868149705431e-16 -3.3961451645751358774383277e-02 -6.0965379335913519320833132e-02 
2.1065416175632949158380569e-02 3.4372051832721781106094738e-02 -8.8522431653719578490034056e-16 -1.0422299287818395992808816e-15 7.5187711288123431766454158e-16 7.4917568931168717216913996e-16 4.1665078047489868599366387e-16 9.6667260855270473512713940e-15 2.9601513199207836220128824e-16 2.7915615890620830923656527e-15 
-1.7199908949104611433078560e-01 -4.9135804986056286214335387e-01 6.7157557494144085008227867e-16 -9.2474508659955904438365403e-15 1.7891390953970253949023366e-16 1.8932807545956529082330790e-15 9.4953874564961213838865106e-03 2.2964375016774739995950583e-02 3.4791285901753003265523027e-15 5.5270292193984016015153640e-15 
-1.3721031382731251789414027e-16 -5.8751937557633896086547458e-16 6.3888136131022725369338195e-16 2.3271063297657871302536872e-15 2.8073380501090070687775224e-02 6.3890867756664318499737476e-02 -1.7737231289719952026517902e-02 -3.6201938235664039844596829e-02 9.8886326685271013139908683e-17 2.9195567667961493541504772e-16 
-9.3120020579187670826528471e-16 -1.6036165754357240068817953e-15 1.3107033615243717442799898e-14 2.4575191812993402662258697e-14 8.6475520700061818032909953e-15 1.2192771951107692415412339e-14 -2.3418586922246503734257317e-01 -4.6495844417003057147397271e-01 -6.6817513820501616384869160e-16 1.9997804504379718706966526e-15 
-9.2987672420048516663030674e-16 -1.3544253253985972701092088e-15 9.9431516042577314240524800e-03 2.2799009187090719941171102e-02 -2.9930309606396047421837850e-15 9.0391885201452446076477071e-16 8.8622112094047940652891022e-16 1.2928201450633435049447475e-15 7.3906073858680507859391385e-16 2.5172025858772893416997338e-15 
-2.6488285722205261174533319e-02 -6.4568673677449187064958380e-02 1.3737788769398233401641818e-02 3.7903291560907208246344879e-02 -1.1483516437808838189577898e-16 4.7620597853508839070465070e-16 1.7761296902288179675208232e-15 1.3358094450007828043104528e-16 -1.0582344319773406323056273e-15 -1.9546909708901219702043590e-14 
-5.3470904143366845367226424e-16 -6.4897769990414804202843373e-15 1.8939008910135768370963660e-01 4.8493377929227327038930184e-01 -2.3533109871255507959943534e-15 -2.5992964947119246555000399e-15 -1.2201213621931661861346584e-15 -3.8924667036794891698654069e-15 -7.7534472455531994183886013e-03 -2.3633559603853396269279585e-02 
-2.1964498569127720416329852e-16 3.3098720670222397079391264e-15 5.0078823516496523238478310e-16 3.0256104823743054517116631e-15 -2.8462402420124411001341134e-16 -2.3287369033609803602843224e-15 2.0294280799568312212421972e-02 6.6774883510152135968063192e-02 -1.0109805138547547920246927e-02 -3.9027915541113969433162367e-02 
-7.7412031060052084527487396e-16 1.0934272095454859662317230e-15 8.0840577533364608412532889e-16 0.0000000000000000000000000e+00 
10 (band)
4.4393587620168473151238686e-01 (Ry)
0.0000000000000000000000000e+00 (Occupations)
-6.5505790340740099875205260e-01 1.0394207771090069325481409e-01 -3.9112979751797531322021761e-03 2.8372426102832998262570641e-04 -4.0937030266818243199783638e-15 1.9412567226828036369253895e-15 2.2441482501259241155722179e-01 -1.4467385714042643729548843e-02 -1.2477752653660288684189794e-01 4.1490029187920010600443277e-02 
1.1229359924307385966830498e-15 -3.5884900888379809111025201e-16 -1.6519275213544581254465626e-02 5.9811822092036559528338557e-03 1.0497445838080645894030418e-02 2.5294538578257558247841530e-03 6.0004301922690399251347770e-02 -1.0332098174897648076853152e-02 1.2721919892195241998950876e-16 -5.5011017891336258832627771e-16 
-2.2703401198955865742833845e-16 3.5132357426078783531895763e-16 6.7197200844968954513980464e-02 -8.7154802190846612786057079e-03 -1.1632429568879631975875100e-01 1.8283073490352477752374227e-02 6.6193254686124791685841728e-01 -4.1834384675161290223499577e-02 3.9206403079732722941064260e-03 8.5620572617399470782828530e-05 
-4.1075390085146008138696506e-15 -8.2238176209655271147656903e-16 -2.2478036534326722994947545e-01 -6.7161217214652957352427620e-03 1.2812831612353123289516077e-01 -2.9563292407357819047142300e-02 3.7799530563016627580775313e-15 3.1392755566513502565866592e-16 1.7008841054783743751421810e-02 -4.4000363832551320220076718e-03 
-1.0212815165683680404540290e-02 -3.5061249740449551559606789e-03 -6.0710337039074767362389906e-02 4.6393403116731330923516730e-03 3.8191130817015833125586955e-16 1.4808832826018434375570903e-16 2.8759538781301864785629613e-16 -4.2729146997170885340464506e-16 -6.7719176432234962081935237e-02 2.3529853781288755792955314e-03 
1.1752863355545503654120409e-01 -7.2548492977982251619928356e-03 6.5982326301810945157200194e-01 -6.1507222888654629333604618e-02 3.7381477516462624163806616e-03 -7.3164421644261387611685166e-04 5.2150313278484848437405251e-15 -1.9855703280270332159388222e-15 2.2145744547897616705256496e-01 -4.1592545780660523935257089e-02 
-1.3142306668384626244794333e-01 -9.2695140525333626080328742e-03 -1.2717986063901000029024135e-16 2.5717199006895288467093912e-16 -1.7652986621659590843469445e-02 -1.6806898746809517675160350e-03 9.6411726893302716195899293e-03 -5.0698403242805806234727584e-03 -6.0709370180366581393194281e-02 4.8433249982989187709669920e-03 
-8.3298215048264047075582988e-16 -3.4838934699991705746550483e-16 9.9447366902862233959686290e-17 -4.0453574012394842880797389e-16 -6.7265017070772162299796548e-02 8.1883787551456522352255618e-03 1.1723239586680657409178963e-01 -1.1081724125242279482828067e-02 -6.6268328502408557767466846e-01 -8.6060271464452218689866747e-04 
-3.7904115227673090826598923e-03 3.7660637367329589768327747e-04 3.4074866125288950834042927e-15 9.7914635970230125899634182e-16 -2.2438881382705733180671359e-01 2.0566969924377599687748130e-02 1.2996746812919540703390453e-01 2.1596378757814733984066180e-02 -2.2389189503532940133197908e-15 -1.2148936780243014462994655e-15 
1.7416475152859847014275019e-02 3.3345237095237477420450745e-03 -1.0075498945371980791252398e-02 4.1400256932567682660595310e-03 6.0895736993025417760350138e-02 8.9142627978165190662240835e-04 6.8484976157954902857265215e-16 -1.6777371440130871280722819e-15 1.4879728711469446645430545e-15 -5.2624140830115608223641824e-16 
6.7737087057515313337496821e-02 -1.8218411385175223640708886e-03 -1.1775499671036324111916826e-01 0.0000000000000000000000000e+00 
11 (band)
5.0551046536041033263586542e-01 (Ry)
0.0000000000000000000000000e+00 (Occupations)
-7.7061541754838702722452126e-04 -1.6203979447422647841570154e-02 -1.2404808802187559241270165e-03 -6.9434731500570973095065597e-03 -8.0286343427736361968454840e-15 3.5905379826591500569372365e-16 3.4862913531927380850206077e-01 -4.4547204371605947370582612e-02 4.0159079575113870719249576e-01 -7.2353306987596649468841292e-02 
8.5885750591436845093925129e-16 2.0866254881290917435739242e-16 2.3994512721529432514033786e-02 -2.0446000761719269889216122e-03 2.7527681646824141148410803e-02 -4.7680631898174424820879835e-03 1.4617997073930384145656891e-03 8.4842997362187897586460750e-03 -1.1873923595000835817452677e-15 2.1986604729476248511732690e-16 
1.9531592667111569954929007e-16 -9.5586569030366212155838694e-17 -1.1816521771834660736733014e-01 2.3145561341399507881977371e-02 -1.0060979381845411295692827e-01 2.2668496184283185718166820e-02 7.5773377574942131496005260e-04 -1.6204586930232665192841424e-02 -5.8153703543756046431822959e-04 -7.0293973337812549681546948e-03 
-7.4120465755630510853649707e-15 9.9692691068487008000346058e-16 3.5127416914282660886925669e-01 -1.1540602403181672575005479e-02 4.0661756926813136248100022e-01 -3.4239168017721526016128308e-02 1.3299126207452004823130371e-15 -5.7239168442053917573423665e-16 2.4080438089309551957795108e-02 2.2255705246206070047065850e-04 
2.7854227205870107919594147e-02 -2.1563186672542700161869789e-03 6.5686905069052884363622891e-04 8.5842136185448787710772223e-03 -1.1362908024283817088364584e-15 4.0396804491568249554340957e-16 -6.3783669444409359564409070e-16 5.0469686834835972215024664e-16 -1.1981898603807233927298626e-01 1.1922511188496884987353397e-02 
-1.0229657793358798434368850e-01 1.3099674596242311119809187e-02 -4.3264101836698130171265930e-03 -1.5595673657538665010657830e-02 -9.0777372114039735391533004e-04 -6.9733105819411583814471101e-03 1.0826518540190789286321716e-14 1.5393570481016311491684167e-16 3.4543678088728230202164582e-01 -6.5918559068842239034857755e-02 
4.0427368554916398579734960e-01 -5.5056677894878669476952382e-02 -8.4866105522754591864024409e-16 8.4606178601064723587837074e-16 2.3250159501359363156680615e-02 -5.5105338566630995833506290e-03 2.7674134103690774255657203e-02 -3.9447929418430713321974679e-03 1.2119731739254487826867868e-03 8.5221491971545111632213576e-03 
-9.2377568242805902421553346e-16 -3.2052073818449982886204613e-16 -6.0851553026169838497053020e-17 -2.5956235657623272825140661e-16 1.1954243819240462087805099e-01 -1.4428392465083345053145081e-02 1.0271097631291105367612460e-01 -9.7090458291687990743934478e-03 -2.8395268790879523747305857e-03 -1.5933610670911750595291068e-02 
-2.4749849211257580854084193e-04 -7.0277918365174198156442031e-03 7.7102415400875889522797452e-15 3.2315492587376244067341562e-16 3.5010720463667777124783242e-01 -3.3117537362901044994956123e-02 4.0766079571626534505668360e-01 -1.6766819743458508812361529e-02 3.6532773606155802667432576e-15 1.4167264919928846013625048e-15 
2.3665561517240030209308088e-02 -3.2980446172921080300044494e-03 2.7922553127101720771285898e-02 -1.3229197280836832786854451e-03 4.0458930728114634060507693e-04 8.5983843485442097015480911e-03 -4.4216392062680236417819635e-15 6.2836414609771302677104557e-16 -9.5064933434388140658747501e-16 1.2140614869897772193253611e-16 
1.2036973629905534100004161e-01 -3.1144215203342769972272297e-03 1.0316884329130843189759048e-01 0.0000000000000000000000000e+00 
12 (band)
5.0903674252884689721554423e-01 (Ry)
0.0000000000000000000000000e+00 (Occupations)
-6.4349368066740353366839145e-03 -4.5727182642265502832135127e-03 -3.7292249080650603787479014e-05 -2.5384815904542848419289669e-03 -3.7977658535271707931388015e-15 -6.8044972931475105642666888e-15 4.0356382682152486252036283e-01 -6.5961709649769870167368424e-02 -3.4448187108884575913236858e-01 7.4632162640919014195972636e-02 
7.9928144417058570742563182e-16 1.4234080852132272683231616e-15 2.7672153295967144570610685e-02 -4.6319040055821936174851317e-03 -2.3558842190927797854982373e-02 6.0749213174747795918051452e-03 8.3873588557910306283404989e-04 3.0079298966348231442191619e-03 -1.2707255711327228602533082e-15 8.9457946131810288651472750e-16 
9.9146267645755155087354001e-17 -4.1231870855383257651664046e-16 1.0255214970652015704644100e-01 -1.2226190840755346914137114e-02 -1.1905659529699394449941963e-01 1.7607652107123273471644964e-02 -5.9760475262182269351463049e-03 -5.1580054278969889036687846e-03 2.0176547610176501744427835e-04 -2.5307252299604995893211878e-03 
3.2602178203435620888864034e-16 -5.9554475657293395880762371e-15 4.0798034151191708840400452e-01 -2.7690258188962611762828914e-02 -3.4997655529680293806649161e-01 4.1882334604391335819428832e-02 -1.3546828292050071200003223e-15 1.3345786276787404341185099e-15 2.7985243973546954782127827e-02 -2.0071677790752806558316479e-03 
-2.4025987814103751810668186e-02 3.8308776993086282591782776e-03 5.5194233687677108930041969e-04 3.0735126167937458843693044e-03 -2.8957946716258423379734856e-16 -6.5235260847406894265908137e-16 -2.0913412160939132762020534e-17 1.7614970552156834610814048e-16 1.0324760583442335604154039e-01 -2.5209207369647694367553736e-03 
-1.2018524435412346329510314e-01 6.3252933509701731243368705e-03 4.8609366895074421904832107e-03 -6.1764860412728064820164775e-03 -2.6122544127184390118714963e-04 -2.6199822703046327099229984e-03 3.3787425513091979838160907e-15 9.1680905772366077645446819e-15 4.0831896066301620606964207e-01 -3.2640148910619698474633310e-02 
-3.5281549741923251550801410e-01 9.2907038739773323277049144e-03 -5.5775287967943169362890736e-16 1.9173003968174008697230712e-16 2.7192995514806424239839799e-02 -1.9240864357659773209441312e-03 -2.3865923864997706099755348e-02 -4.8711353517292416137607347e-04 -2.3013477347490486862695291e-04 3.1376621769749154546025327e-03 
-8.3548013047602026130786385e-16 4.1748094283488378957144430e-16 -7.5629385435638791656360732e-17 -6.1990636936749804349499909e-16 -1.0263106158340226659042571e-01 1.2386899179669333057041136e-02 1.1999411572342902343457638e-01 -1.1342783513611429807577125e-02 5.4206223639966851640670242e-03 -5.6916200245930763726431856e-03 
-1.3504001128073124006478967e-05 -2.6329381819217255455978233e-03 -2.3559085734734347511019252e-16 6.5142525541995862569359871e-15 4.0957853602280569482729788e-01 5.9309179095717373328411348e-03 -3.5212402222422195530171507e-01 -2.3953399973433923964005743e-02 2.9517317679074178841012534e-15 2.4963654595210320614027812e-15 
2.7253384567313469061256015e-02 6.4353966992112578149320967e-04 -2.3714164616921700606821943e-02 -2.7309335487843513536054818e-03 -5.2439352243656195320248292e-04 3.1020795258038325395433255e-03 -2.8278793958806135365480906e-16 6.2239785244959416312554558e-16 -1.6533031901632718056666769e-15 2.8743452878024580631839530e-16 
-1.0334129148831748545855902e-01 2.6734895829490967940345048e-03 1.2052902781522736863628609e-01 0.0000000000000000000000000e+00 
13 (band)
5.5329171311822933354562792e-01 (Ry)
0.0000000000000000000000000e+00 (Occupations)
-3.4728053672661268747035024e-02 -1.8786357943336096099073984e-01 4.8743116995983139239090320e-02 2.6321474900490315906864680e-01 4.2434374771660456393092176e-16 -1.9840876137856834299519690e-15 4.3945462202057139489141946e-03 -7.1961762928804493683054844e-05 2.2491600324259369836354949e-03 -1.1223381377720598878200420e-04 
-2.7798584842808939717987267e-16 -1.0593146939306497321955628e-15 5.9813654021763779100595571e-03 -9.0841160652955230472849202e-04 3.4231776060538662842525071e-03 -5.9462043812238355583454918e-04 -2.5076747447848407590598185e-02 -1.3544869015007460211208468e-01 -3.2395065198589791744096656e-16 4.5839636638992427933262060e-16 
2.2666892060063375342812414e-16 7.0069372850798876161943069e-17 -3.3009980495131165632860526e-03 6.6498719736499253482597815e-04 -5.7992641827129716436406426e-03 1.2832015161335281507037909e-03 -1.6894404746751578993979592e-02 -1.9029803277400475503000621e-01 2.3756097247991075915862780e-02 2.6663372515821259778334706e-01 
-1.0556983266587304372321576e-16 -3.1759982944476365846422238e-16 4.3818152686646858265384630e-03 3.4192093851390787089677969e-04 2.2497403155004591646104473e-03 9.9928940905665442767658035e-05 4.2770461192616984317501254e-16 -3.0732429916140583938271206e-15 6.0403089748877480946731566e-03 -3.4148383432923423708160726e-04 
3.4639441491643024884083957e-03 -2.6983202088302774349082291e-04 -1.2218608183808633838030033e-02 -1.3720749447455288239083870e-01 3.0732757590190526379151758e-16 2.4912610037623067169606930e-16 -4.6784270865280654906767959e-16 -8.6302579103876869954150061e-16 -3.3489289268458146547891019e-03 3.5138460193879616621365214e-04 
-5.8942867733270294661185318e-03 7.3174765166223246226628874e-04 -2.3111646225903434426207639e-02 -1.9059193579545918861839482e-01 3.2041257383500824917899052e-02 2.6541568378640550962543898e-01 -1.2232180643521506819568049e-15 -2.2488832935094526140613217e-15 4.0615521494934483937022662e-03 -2.3519444639255328820259816e-03 
2.2232507101139428740133042e-03 8.5104020928742805593425480e-05 -7.1394674887926401865211795e-16 -3.1898287725571445226013536e-15 6.0311729067337605664222977e-03 -5.1155542499840259054039171e-04 3.4135208952257647951888941e-03 -6.9069176961495965666459895e-04 -1.6513984988206723697468092e-02 -1.3672773179904945672902272e-01 
-1.5547259780312556220480233e-18 5.4407427323652006160015643e-17 1.7219584023313356925273415e-16 6.7727305796994376867701381e-16 3.3556281573316930691430748e-03 -3.2145593636465297432761035e-04 5.9125063468961746443453009e-03 -5.5889640180715983389797552e-04 -5.0727903120402519088205651e-03 -1.9192108008235594929224987e-01 
6.9212348196521569776429317e-03 2.6725310827583798056750197e-01 -3.9690767364624770654016816e-17 -5.2515783593722011523738828e-15 4.2648643638107438386120052e-03 -1.9592806288985329526974866e-03 2.2053748489006584979077452e-03 2.9395270068967749733240824e-04 -5.6288332424435140155752457e-16 -1.0182312475976836139039726e-15 
6.0525479661042869833353919e-03 5.8298385670349717668434208e-05 3.4633714061250583070294962e-03 -3.6638576117097097599450972e-04 -3.5734791148124256908447105e-03 -1.3767503255899304903664415e-01 -6.8758470006595563905831525e-16 1.6672118824890107572949054e-15 -7.5173629427736272555996735e-16 -4.4389670984439814850074404e-16 
3.3709874367668082525972828e-03 -4.2367975330881863784901475e-06 5.9388632321398984043048230e-03 0.0000000000000000000000000e+00 
14 (band)
7.4775166801297843210960536e-01 (Ry)
0.0000000000000000000000000e+00 (Occupations)
3.6109390947870521510861935e-15 -1.0815642970654936208767147e-14 1.4429895974277082721477870e-15 -2.9829906953450835103388560e-15 6.8043680595979327829780914e-01 3.5549806345163403875631047e-01 6.0374630761206671740450685e-15 -2.3242176628960998352772892e-15 7.4345477155465592210362435e-16 3.1912768570831621843571327e-15 
1.3610897890449964037218322e-02 7.1998054328706595494935527e-03 4.4764396187862940032279193e-15 2.9629525737215859065868829e-15 -8.9762784369492069381478776e-16 -1.3102278642812197057381534e-15 -1.0948037700858916414325546e-15 1.1336802858087323722177559e-15 3.4028167547298128481347845e-03 -5.6840638842211924086633701e-03 
1.7417996978925981334945794e-03 -3.4001100968442435866501139e-03 -1.6832765869993820000524733e-15 -2.8496895282469440431904323e-15 -3.5959124915300628140148200e-15 -5.5190559823447499305586716e-16 2.1482557833831340183932671e-15 -1.3578068924887115941720873e-14 -5.2929270683966087918975009e-16 -4.6448653735154293744426207e-15 
6.4396168019014965455681931e-01 4.1795511059121609465094593e-01 5.2001197958605445154047886e-15 -2.2128593029605779744741141e-15 -9.0623365920119489892904558e-15 4.2801342101452512079377273e-17 1.2872930698312931227511591e-02 8.4487510847249328027608328e-03 -5.8035207859867095274049306e-15 -7.7554876874727031934296833e-16 
7.1727044034680959933941647e-15 4.2617028811931506221576447e-15 -1.4602493375007266731591905e-15 -4.5304593502377821806656251e-16 3.9226325984636966834329108e-03 -5.3386044621853735725469647e-03 2.0540481554888710691297860e-03 -3.2211024561735433768827619e-03 -2.4789568729475157875135700e-15 -3.3152392124255859136024602e-15 
-2.0294689029319021557893643e-15 5.5626512985840425377381631e-16 -1.1341200037857976561605608e-14 7.9390751178727921064452020e-15 -5.2788805481068633990572655e-15 1.2242274021785248338185076e-15 -6.5686203109164875701964093e-01 -3.9743597347383474716053797e-01 7.5507183620092350899912524e-15 -3.5228718847024129189895114e-15 
2.3201709522928311414739765e-16 2.8383244460033536925988856e-15 -1.3254410410584444371395740e-02 -7.9232112792083746188875892e-03 3.4241433177492341501287158e-15 -4.2118604511405844875934663e-15 1.0719239785973539805958842e-15 2.2056179120544096646200569e-15 -1.4476988682358283928987075e-15 -1.5816242883421532599590307e-15 
-3.0981962029096692112783984e-03 5.8549761884588366611659183e-03 -2.0017114840510854406607777e-03 3.2533108954456149350398242e-03 1.7985323074908393905141378e-15 1.2234363487388491389962034e-15 8.3408755930866533376242426e-16 1.5887419190409736189803049e-15 3.6433585538045968327765417e-15 1.8298472606754964300617612e-14 
2.4836919396661674558492732e-15 5.1049873730819792040435060e-15 -6.1654482503104690582773628e-01 -4.5748831638455472736737306e-01 1.2869999371775888203040051e-15 -1.8247850562016524101854004e-15 -4.0868899107419990663739983e-15 -4.8698854270268559914160446e-16 -1.2449946818461938777278242e-02 -9.1353979948692945467492166e-03 
4.6065822138721659567570098e-15 1.3626447844838066154701119e-15 2.1308292232874603788121253e-15 1.2488134971180836761894286e-15 3.1641117736198276272957822e-15 3.5600376358906900221992792e-15 -3.6354482321073800822619493e-03 5.5374255779036003072279826e-03 -2.2989914187034232902206998e-03 3.0504948950168747981437356e-03 
2.9033973127825892000496772e-15 1.3494471471805134910578340e-15 2.1154112409596204652578460e-15 0.0000000000000000000000000e+00 
15 (band)
8.3854278487519984253140137e-01 (Ry)
0.0000000000000000000000000e+00 (Occupations)
8.8075201568578920241492369e-01 4.7537235569726954409475184e-01 -3.4574429730264401305905864e-02 -1.8594192358685805721574269e-02 4.3533194615853986143803460e-15 -6.3222253948161695991102339e-15 1.3442913272170065042132592e-02 -2.0357211103473674129737958e-02 4.0731177365427168046707607e-03 -1.3430296327784238541447337e-02 
4.3319138658679133596100505e-15 -1.4603801164426517212760424e-15 2.6405329598159638093690660e-03 -3.7192586214383344112022201e-03 9.1679352336310887539028158e-04 -2.5459850451197904575018072e-03 -9.3569846645437299015313215e-02 -5.0480632805642716709471074e-02 6.7542141602162405749922649e-16 1.2130054005384875007536243e-16 
-3.1871875764608610108862882e-16 -1.6125719113363312535057486e-16 1.0102510667886702849793679e-03 1.0050524204094704594503185e-04 -2.9831946507554579772758530e-04 -1.0322703666868701666281538e-03 8.3210671647137524065129810e-01 5.5614872300405893135177848e-01 -3.2671119106874840776200131e-02 -2.1765411940663392798001041e-02 
4.8015927512658222700700752e-15 -5.8315620747069382351089193e-15 1.5299035948053844521932199e-02 -1.9001775185878706786457570e-02 5.3189436306405150911569280e-03 -1.2987377957151019503001521e-02 6.7019971375231425792489469e-15 9.7141096138426532530015136e-18 2.9788273367390653151298707e-03 -3.4542563169111684812095930e-03 
1.1523231195714328523038716e-03 -2.4484079812338715997910299e-03 -8.8403933145351415445745147e-02 -5.9062298415668554318891381e-02 4.1658534880707820843493089e-16 3.8533498466697451141009605e-16 -1.3169402948795259550957921e-16 1.4131916350937597622897065e-16 9.9630915798868020794021305e-04 1.9513222014683195837392304e-04 
-1.9985028963709697280570765e-04 -1.0557634559502232507455233e-03 -8.4911059190687698805533046e-01 -5.2976198643319560854791916e-01 3.3277236588838569886217300e-02 2.0685344090445902109909326e-02 2.2932468060443170649485586e-15 4.0905182780080421699787777e-15 -1.0391886285550804708277539e-02 2.1966431944523599761875943e-02 
-1.0033754597055924429049867e-02 1.0096974127539320997826167e-02 1.8094815201985185157690514e-15 -3.2420811589803753948305401e-15 -2.6508457416660573258138101e-03 3.8396182607464378333528288e-03 -1.3214234206800276605342503e-03 2.2081481480527229144250612e-03 9.0266821160849095018186006e-02 5.6321613439051169958116105e-02 
4.3738995520186156958676887e-16 3.7003702477391822029211197e-16 -2.4564044388541325268070525e-16 -4.0604467714300798173781419e-16 -6.6449634040290257719352240e-04 -9.1371731703018994885656667e-04 1.1819443974144415096527716e-03 -1.1172664046406495519381252e-04 -7.9548720204061051930466419e-01 -6.0731924961070948842944972e-01 
3.1182888192192014659154253e-02 2.3725206408460163681750643e-02 -3.0434830492367037574922820e-16 2.9406809674411948708959314e-15 -1.2412990586300392398255710e-02 2.0890981251475839591824624e-02 -1.0939433643739893131652252e-02 9.1079036775901147521272705e-03 5.1174708559197011300879163e-15 -1.0651334679929175484836820e-15 
-3.0004211927374168158988432e-03 3.5731112773781832647745915e-03 -1.5233639945389147816318109e-03 2.0739913791060792837284144e-03 8.4565881769238418486089870e-02 6.4566514413066128375007224e-02 1.2077098357013299698009875e-15 1.2427178225734013419192847e-15 4.3786701676980406535324538e-16 5.7395978225903050683827498e-16 
-5.7555888656693704550498802e-04 -9.7219683703471837955129020e-04 1.1872132920297750417054639e-03 0.0000000000000000000000000e+00 
16 (band)
9.0519615293755173457412866e-01 (Ry)
0.0000000000000000000000000e+00 (Occupations)
3.3897142023834852887263592e-15 2.2217760001634726424007936e-14 4.8824300471964324495084354e-15 4.0939845671540362561274335e-15 -1.2053936929259853605422848e-01 -2.0503405097482466090674791e-01 7.0665215483064544886157601e-15 6.3369820948580889475342921e-15 -8.0227419823808730489290496e-16 -2.0311394241917640908783188e-16 
-1.6522973906958640655240345e-01 -2.8045385296945279929303751e-01 -6.6818063359379472064557875e-17 2.1226494171613487138600648e-15 -5.3810788479041984006762239e-16 -2.0226937726634183037927954e-15 -8.1333191388904279426439400e-17 -2.2895482102235089718593124e-15 2.6719167039702500232589699e-03 -1.0432484075868879436210790e-03 
1.3501149026423232141214115e-03 -9.1119575596069644560226486e-04 8.9174297836609416171823590e-16 -8.7677250791381186603790291e-16 -7.9405251662026576516810371e-16 -8.5967525459466153856775238e-16 -5.7099303865689346932707900e-15 -6.0376827027321813205692774e-15 -7.6425648250873955363335508e-16 -1.5670427389209310306612259e-14 
-1.0070900259485340844101131e-01 -2.1546785933162970749776832e-01 2.5690883452583125070658585e-15 -4.3786120361205327363943580e-15 -1.8306334446505394503560833e-15 3.3757114410793785749613339e-15 -1.3810340457233707955886359e-01 -2.9475868089666490412525945e-01 -3.4189744436383377320185060e-15 -9.6077598633307290799751767e-16 
1.7052783007690089083144630e-15 1.0842420401975357705728629e-15 2.1521356742371355033706881e-15 1.4061085709520355470286783e-15 2.7582369910720454589392325e-03 -7.8716885988694136437604509e-04 1.4298741406095528960751295e-03 -7.8009480066763749878111511e-04 -9.1744005977922668852717577e-18 -1.3126776460989543305329832e-15 
-4.0141796760935238582500139e-16 8.5094812702174084346671513e-16 1.8120574493346500312157863e-15 -6.2979124101586298463873534e-15 -3.7295571577900475115381415e-15 3.7274337373706351174379441e-15 -1.0780993333519524324248806e-01 -2.1194269447502633862967514e-01 1.3226907166626257971801090e-15 -8.1575805279683126237155821e-15 
5.8302167340111329763900048e-16 6.7750430424914546494891985e-15 -1.4728903561199799265857280e-01 -2.9022110723475413873728712e-01 5.1939421336530860281435961e-15 4.5411763166269021977863924e-16 -8.0849621689492880948876737e-16 -4.2021804730538595301053654e-16 -4.8748372815883888311410624e-16 -7.4848280655499361734959233e-16 
2.3167991192888787166381803e-03 -1.6943653305573360377811465e-03 1.4971414885609937543697878e-03 -6.4472099070391917716160712e-04 -7.3219513287162905381491479e-16 -4.8332530223145790767858365e-16 -1.3330567190712141128203765e-15 8.3422654154268174878870339e-17 4.2762019185757629077321461e-15 -6.8985904227795844033348990e-15 
-2.3136499135538389402858392e-15 1.9288085023561296700411833e-15 -8.7385899537687772298255595e-02 -2.2114789627998349130777456e-01 2.2613602558644322830246986e-15 8.0337056824773594240301931e-15 -4.3486702704718718129930268e-16 -1.6237053341020591189645495e-15 -1.1932314276707732536575435e-01 -3.0279421839966980112279771e-01 
1.7117149856145197369845131e-15 8.4415035100635218065339795e-16 -3.6406569543097567005159575e-17 -2.9085942242881739502935133e-15 -1.3137650205218547174268628e-15 5.6812032089403881415292081e-15 2.4659709461949709530248498e-03 -1.4688156198292049402220893e-03 1.5511707266372175631485852e-03 -5.0096623583967953268619722e-04 
1.5214663017097993378959234e-15 3.6475730462229736938120206e-16 7.5769764727113813494652865e-16 0.0000000000000000000000000e+00 
17 (band)
1.0714604764214608056960287e+00 (Ry)
0.0000000000000000000000000e+00 (Occupations)
-3.0413108860886978179749462e-01 -2.8636134107360350364857027e-02 -4.0271923958793431896907578e-01 -5.7030913527169005416972425e-02 1.3611383380961494529660606e-15 1.8612695153827924449214369e-16 -2.2890164391166831214796673e-01 3.3392521405550129598438502e-04 1.3370546118458012663232637e-01 -4.3381022001362998241624780e-02 
-3.4159376672838300953320789e-15 1.4473579396301903802883067e-15 -1.4456751664025910275590547e-01 2.0836718604065759818944059e-02 8.3835559537222409387524635e-02 -1.6570147227042045234846057e-02 1.9534947789827300512754960e-01 2.1361377440080833722824138e-02 6.7448956253796651524180775e-16 -1.6757224651580536976848331e-16 
7.6666276370082607249249286e-16 3.6330493432083775275234054e-16 -9.4393773926114126621156331e-03 5.5051612119871844858165488e-03 1.6882108776589011683855190e-02 3.1416873490169236471380998e-03 3.0008644579150051123761500e-01 5.7130309707273042862940571e-02 3.9556487426858188971579011e-01 9.4677036692754248936587658e-02 
2.1934393109596427113593759e-15 -5.4203220038106473527886035e-16 2.2791719545226205023702448e-01 2.1209104382229882618249306e-02 -1.3719458642566875750112843e-01 3.0605700056611354065161379e-02 -6.4166732844455147946059548e-15 -9.1812291574859299276811020e-16 1.4588682932707636163982556e-01 -7.1392393576845750158277326e-03 
-8.5022882963449494808649831e-02 8.6069852229546592314868292e-03 -1.9247222679953540636077491e-01 -3.9650584763533718024586250e-02 -3.5101594479074239069078581e-16 1.3933636183586537609927559e-16 2.8004590298691471346259975e-16 -5.5566784281649849793233750e-16 9.9155665378237861640187134e-03 -4.5924052264664384087611282e-03 
-1.6511526482872726506734296e-02 -4.7164912115801186157093561e-03 -3.0236851149160198781729036e-01 1.1752565069620031501518298e-03 -4.0429070075032152997707158e-01 2.0104417145522867488294239e-02 -7.1404856803965503008221002e-15 1.4655209225015477742656970e-15 2.2866258032680594758367931e-01 2.1115578113125043485664989e-02 
-1.2958484114017571053878441e-01 -5.5353772409897229744846214e-02 -4.3473874804724814213455230e-15 5.1103889375194870269256801e-16 1.4198792806794990895014053e-01 3.4150521274731046594830275e-02 -8.1940268663570958729280846e-02 -2.4256868635317979654431042e-02 1.9637505910533104014348282e-01 -3.3609054088182053858513409e-03 
-3.0681443280703742468934215e-16 7.3482141813181163447784266e-16 -1.0503446205181622805951876e-15 -7.2341559141159503457715247e-16 -8.8074159086921691153015956e-03 -6.3470000918160983383042861e-03 1.6945164582661941671259953e-02 -1.6017896569763059866353672e-03 3.0113719074228428862483042e-01 2.7285349940115215250369118e-02 
4.0438843709754956901036849e-01 1.8031922907371839698287275e-02 -1.1399162121986965533984700e-14 5.3709916874000320212374945e-16 -2.2566061626037467457983610e-01 -4.2540916183645367809607052e-02 1.2380048887097196141926503e-01 6.7303121239936938846604164e-02 -4.3349687895446013812128892e-15 2.1117303288062708690660569e-15 
-1.3814393266114538549871327e-01 -4.7361204474557917765142889e-02 7.9293841857150701435408280e-02 3.1860476270489289374321373e-02 -1.9581982878119780222547774e-01 -1.5134535998579038210132275e-02 1.9408165648189131113861280e-15 5.8830143398422557510888879e-16 -1.3019762622535766061270760e-15 3.2008553577013828356443783e-16 
8.1710228118583409784303484e-03 7.1476829366054822276210778e-03 -1.7020703065350910321296141e-02 0.0000000000000000000000000e+00 
18 (band)
1.1885831366437209499764549e+00 (Ry)
0.0000000000000000000000000e+00 (Occupations)
2.9731339953167279510637400e-01 -1.5998405009842557589205825e-03 3.6571369412140347643358496e-01 -4.8439676318127497522958436e-02 -2.5119956583977692546523152e-15 1.5982134149063138603428498e-15 -1.5974035793543173156194825e-01 8.9086364158802860968577875e-02 8.0118641644636737209062005e-02 -4.6486359435082877378242472e-02 
-1.7028221833115476869158552e-15 8.1137924903913114907605818e-16 -2.3329005915963960116066289e-01 8.3711570274195318264176535e-02 1.3404888379845683599178585e-01 -4.5122895796735576490199549e-02 -1.5752730274936344034841795e-01 1.1307972489745510974445963e-02 -2.3094544293504571352748422e-15 9.5485927146180819853727317e-16 
1.1082654213253411438383935e-15 5.0244843594419698076228679e-16 1.5756727979686954710381031e-02 3.4422576274478842300874604e-03 -1.9931759489785455530252989e-02 6.5764794450497987554626889e-03 -2.9614447043172886786521758e-01 -2.6386922204703733285668932e-02 -3.6864922003775546510695449e-01 1.3808000408763943661627493e-02 
6.6395393626372573838970269e-15 9.9470237376628656395379803e-16 1.6741519204326446579322862e-01 -7.3658100067086201834243298e-02 -8.4137825155813639188551178e-02 3.8740221095889204594442390e-02 6.0654009862514419691595776e-15 -2.4564362325577268916439069e-15 2.4013266430308549681527097e-01 -6.1385521380693773563219651e-02 
-1.3770040972271943569005259e-01 3.2307524431474166082267629e-02 1.5789236522184962874248981e-01 3.5668414557869215081309378e-03 2.6676300275445070553343983e-15 -1.1649526889247297678356590e-15 -2.3022634358076644257951467e-15 -9.3267109079987757285285599e-16 -1.5362854003847899869716898e-02 -4.9098198598386613711319626e-03 
2.0462203023797771034297810e-02 -4.6715485294319004233587478e-03 -2.7520792462686871626686980e-01 1.1764203582405990955450648e-01 -3.5528817102075632705648900e-01 1.0239599418694159127518617e-01 1.3852686182469394345297797e-15 -1.6297741598020352524059778e-15 -1.8041789685668258025330601e-01 -1.7817075974166561580513957e-02 
9.1072617694752777683930844e-02 1.0568173821124283301431390e-02 3.9533636224430171740943377e-15 -3.0360943491506587097468518e-15 -2.4765972901740221367994366e-01 1.7263779228877087351667896e-02 1.4110007767095111841371136e-01 -1.2722867798215384965709873e-02 1.4905047712123781211701612e-01 -5.3035333933880671186678057e-02 
-1.2892444737938354270199540e-15 3.1406979677308176500235029e-16 7.1349450590589380539551820e-16 -1.1516543340304906341014920e-15 -1.3095273394734607136369320e-02 9.4444006176435269656055382e-03 2.0967162568142534012638478e-02 -1.9819804035498198024889405e-03 2.8505763568264264051776991e-01 -9.1220582706384834015267415e-02 
3.6334770384517606212071428e-01 -6.8505986623455097928037105e-02 -5.0708713376152806377003866e-15 -2.2711490085666500067644843e-15 1.7794046087600359773439607e-01 3.4716827125976373880078540e-02 -8.9673881180565490067735368e-02 -1.9091962332380536804254945e-02 -7.9095053427737282887601486e-15 2.7466336597915332061492961e-15 
2.4818527151836061728218397e-01 6.1196774091768196129903501e-03 -1.4167119816080453453821519e-01 -6.1228705814896219536414002e-04 -1.5338005165064544366160249e-01 3.8773072243394816893680144e-02 5.9543077928336979417786015e-15 1.4113677026887619064145648e-15 -1.9632975383188855650520183e-15 2.5440473264607965328163490e-15 
1.3925952720304696219599805e-02 -8.1701119417762965713158962e-03 -2.1060630391301599084741270e-02 0.0000000000000000000000000e+00 