161 (index of k points)
0.08117506812386142411863688 0.14039752642522124181923 0
18 (number of bands)
52 (number of orbitals)
1 (band)
-1.3487258292912427393162034e+00 (Ry)
0.0000000000000000000000000e+00 (Occupations)
-1.3739194285629766079104286e-01 -3.2100578694256209910662392e-01 8.7323682989797063447312553e-03 2.0402542232809128819326361e-02 1.0483994082841784680398559e-16 -8.7702840557797044540453965e-16 -4.7557582844897944296391756e-02 2.3100711292357842263633927e-02 -8.4546179179838407136138301e-02 3.4598531055304256043303468e-02 
2.3588417510410605918811251e-16 8.0912412376521482772659959e-16 -2.0494978612115022365003369e-02 2.2213306939006249862700315e-04 -2.8310015046365901575375901e-02 1.7060121841877370907347711e-02 -4.3427294070677423948323437e-03 -1.0146454179101524473161078e-02 -2.4634922287100995282530648e-16 -1.3115062568237593126575508e-16 
6.1138943430638316688119441e-16 -4.4745409182596702547634866e-16 4.6240163392288671090346597e-03 5.9060154353526459966583495e-04 5.1218567095498196591052409e-04 -4.6828947427893716226598997e-03 2.6283820017849229833117874e-01 -2.2986374603093054358460279e-01 -1.6705520532144954581887930e-02 1.4609708053920464343455876e-02 
1.8943225029437235377882653e-15 -3.0797772340728500306980342e-15 -3.6666183320900797015795547e-02 -3.8091436687794327786704685e-02 -5.9031364599186557373666773e-02 -6.9716660552941261963511010e-02 -5.6969998006046083559469563e-16 1.8538207285569581276096609e-15 -6.5445577960646754422935345e-03 -1.9423240066107731738309639e-02 
-2.4973415809564979833679033e-02 -2.1652556707867330609840195e-02 8.3078741746543758456278184e-03 -7.2656078761326806092490926e-03 4.9693524397508747022637594e-16 -6.8188322503054741555806969e-16 6.8472155812198618341515321e-16 5.4058739587043627178011746e-16 8.6720418515079389365496354e-04 4.5802067846239732928914634e-03 
4.6119716367323459679794517e-03 -9.5997653905531077703217058e-04 2.6355591856816051876677420e-01 -2.3049131549492785087096536e-01 -1.6217142794883992323873301e-02 1.4182625097079189224746898e-02 5.1749667973095034428924982e-17 7.0747423654429527222971256e-16 -3.2221129879220100633574475e-02 -4.2531714783317950412389052e-02 
-6.2233682836795839454779866e-02 -6.7872335649590082029547489e-02 3.2866360396232234842466030e-16 -5.5179398958566186377175723e-16 -1.8823141763296746820088856e-02 -8.3542116062711394702811063e-03 -1.7495842760421362327427630e-02 -2.7619782594032405570461108e-02 8.3220844550895636815290857e-03 -7.2780304696356441784832469e-03 
-2.4239744790454588830740679e-16 -1.5691154281939155098763488e-16 2.3685460342803031893637068e-16 6.0221410426953228311467799e-17 -4.3578323807903062564461649e-03 -1.5675623440418364612503055e-03 1.4054775825164478667006485e-03 -4.3256152157330855778649692e-03 3.0065352537908984764669640e-01 1.7943084018084504149825875e-01 
-1.8499850741961799266421806e-02 -1.1040747148603445582093485e-02 -4.4884926332887500804102860e-16 -1.4162145167690175892685763e-15 3.0493187777745574262855399e-02 -4.3787138205813695701618116e-02 4.5319161466535071158823200e-02 -8.0161454764315062671009571e-02 2.3116119109443455452729022e-15 -2.9327663492595240686817232e-16 
2.1286566916891135753386877e-03 -2.0483464992339654731079435e-02 2.0861461467660491475584195e-02 -2.5174517470497075749547022e-02 9.4934838299000085665158011e-03 5.6657375482819160791847501e-03 8.9187213148098384304042933e-16 -2.0040908095917885843163903e-15 -9.5906465909488505496556756e-16 -1.5144987772086348955383955e-15 
1.4419611711689915914402782e-04 -4.6289482867440364180500190e-03 4.5482209961207192838728020e-03 0.0000000000000000000000000e+00 
2 (band)
-1.1162444634777315410900655e+00 (Ry)
0.0000000000000000000000000e+00 (Occupations)
2.4618502315044712980274255e-01 2.6760210399625539157142384e-01 -1.3295585756542438460314770e-02 -1.4452240447683339930051716e-02 1.5541498665903481654265802e-16 -1.4312417350702094531472813e-15 -3.2172033575436229102528785e-02 8.6276711310380671537956232e-02 -1.2081767910220150841205111e-01 7.8377473867146912889225518e-02 
-3.9220883128964176972191203e-16 7.1984589464745806320349770e-16 -4.4310935231124323752105454e-03 2.7021186677741171333622106e-02 -3.4047287796480529831200101e-02 1.8056262476399784211444910e-02 7.2229385874454030136426752e-03 7.8513059216660865957670978e-03 1.7789881840399750364862760e-16 2.6366239625540112480950445e-17 
-1.0197250388187794627314400e-16 -5.5959629951550227758485426e-16 -4.9463289578495790027590218e-03 -1.5261100949981124680343569e-03 4.1548068333288265541192175e-03 6.7329664379717490962917736e-03 1.7842936882605150983316378e-01 -3.1682946836926445532967023e-01 -9.6363355017359438037249930e-03 1.7110841378060667739013923e-02 
-1.3595593183749923602513261e-15 7.7495885164796009649962983e-16 9.1995733615159822060824979e-02 3.9364521491391801788495286e-03 1.1187612332702612238932716e-01 9.0684469578621709762167313e-02 1.0908478456525407703532445e-15 -1.5952034181838731260825337e-15 2.7067958869679539790631395e-02 -4.1357855255332838864679168e-03 
2.7693716632968122526303745e-02 2.6801202957439068663703097e-02 5.2350248842121770154189875e-03 -9.2956097688785457172633286e-03 -1.2351781403779549209220021e-15 3.8979569366922082049097872e-16 -4.0839562739339086053060346e-16 -4.6299942458776006056638758e-16 7.7082757964884451862275228e-05 5.1758323417348817141458994e-03 
5.1195256842278416900549054e-03 -6.0320571653167103648440772e-03 1.7859218316018565797520523e-01 -3.1711925981313027200769739e-01 -9.5003974905177659970867410e-03 1.6869481124832032270521864e-02 -3.3220686250565909217984502e-16 -4.8230649564884231677095599e-16 5.2472611165979177183515958e-02 7.5644897935299063029823685e-02 
1.3623607069772852851130551e-01 5.0073724978352336656417521e-02 6.2163199666060731872879561e-17 -2.5747908803952047341658915e-16 9.6283419745972487202578804e-03 2.5918479094451472161120265e-02 3.6876496304142733495545770e-02 8.9173875608593057562334394e-03 5.2476664844354021718930703e-03 -9.3180810064740597631338659e-03 
-1.8986565897180863996600243e-16 -8.3733527673273729443997503e-16 1.7566021650934395303350239e-16 1.1505550446930638444542127e-16 -4.4767249759026612673795675e-03 2.5149705040874020811614287e-03 2.4027237703761888942821656e-03 -7.3948233893098647487307495e-03 -3.5678635815601272840424940e-01 -7.1856018983194880345166666e-02 
1.8979614228660998676012639e-02 3.8224585845035878237108129e-03 2.2199032733925080022311003e-15 6.6659865121666063881822951e-16 5.5727644507117729544276585e-02 -7.3279977783196642571184043e-02 5.5236813251382252745735890e-03 -1.4504183478218352076893893e-01 -7.3393509849825756934309719e-16 1.7904192453473892468525525e-15 
2.1674617135277629564882318e-02 -1.7166347887319136772399375e-02 -2.9145245076512716481120790e-03 -3.7827256409559723016045041e-02 -1.0483639785338784780610588e-02 -2.1113820180861091885260450e-03 -2.6648520852125691444588074e-15 1.0668273081411223581344991e-15 -5.2558910696160360566623523e-16 2.6529108246384928546309460e-15 
3.7752631833378987383231795e-03 3.4804498334056396813274148e-03 -7.7753774490898867888244439e-03 0.0000000000000000000000000e+00 
3 (band)
-9.9085770521175164926575007e-01 (Ry)
0.0000000000000000000000000e+00 (Occupations)
1.4983155427392431946476137e-02 3.6817190235977409473733246e-01 -6.4936358003265604380005449e-04 -1.5956491356482482152356894e-02 -3.7860237717719559794443324e-16 -1.6809631265466747928729142e-16 7.4126913917614306592795970e-02 -1.2408996811655206848890032e-01 1.3955922946929355532574846e-01 6.4322454266042439208206360e-02 
-7.3331847842339218911185475e-17 1.0976807353225186677960634e-16 1.9568936719272945340408754e-02 -2.6359450222255137452620488e-02 3.6242565857594312428435757e-02 1.3305088840226011667744466e-02 4.3437338574520319156579973e-04 1.0673577147261959635615725e-02 -1.8520262797109930375336818e-16 4.5282460685125359937143442e-16 
-4.0077598598082942696145467e-16 1.2843570333306234190043144e-16 9.7318331171962514647422182e-03 2.1335359502539646969765386e-03 5.3648404501966933527468129e-03 -4.6123237974152811458061763e-03 3.4552223718350472125848682e-01 -1.2802120232783670283893684e-01 -1.4974860699343978120978704e-02 5.5484084658646501408973961e-03 
1.8096527157658179184105493e-15 1.6084179769783325766245817e-15 -1.4092304892924123471686926e-01 -3.2152975517027393426161552e-02 1.8048115626752014861722273e-02 -1.5260544608628151541651619e-01 -1.7813663489772249343206721e-16 -1.4893315385276141977384608e-15 -3.1116460909256720562821030e-02 -1.0465646698863623545450174e-02 
1.4543226667907485638586707e-03 -3.8580226989604983478532318e-02 1.0016946339515248043383622e-02 -3.7114303695540140637376680e-03 6.1970965748152894872708908e-17 3.0904300581980781001089977e-16 -2.7486043589869057153423735e-16 2.7298723749324274462590783e-16 -9.7818855264138887539715483e-04 -9.9148221682227744705473427e-03 
-6.0444074744771501828122240e-03 -3.6769800313232120850259754e-03 -3.4508132378902456327551818e-01 1.2785815226185526238822376e-01 1.5171853664675133410710828e-02 -5.6214171705642468346297846e-03 2.7182001901977045547432022e-16 -1.7052673702216810363221922e-15 -8.5799282632766940559498892e-02 1.1611846982060010369242065e-01 
1.1300892382962926530076686e-01 1.0397992456040096309610732e-01 2.8746808867459728664380820e-16 1.1886609595733075980195861e-15 -1.6846161349399882412036789e-02 2.8300335665755002589882849e-02 2.6324633093257783500451552e-02 2.8398023968694719593175435e-02 -9.9944843034858246721974240e-03 3.7031159197306396171911480e-03 
-3.8317646868982331478666234e-16 -1.5317472302089224616824106e-16 -8.6420257255083355705019351e-16 -3.1411565412327976830421445e-16 -5.7087942034527447768277320e-03 -8.1489537212545599953461561e-03 2.1827173806319155602295723e-03 -6.7177133458091809262158201e-03 2.2823632239857044590181090e-01 2.8868149969434941937151962e-01 
-1.0034646051031853586366083e-02 -1.2692176852625424582354796e-02 1.6398319413185686872058327e-17 -3.5853664699604973613506499e-16 1.3694866382956058514785980e-01 4.5717386288760382406781702e-02 6.3969106820130197665896787e-02 -1.3960943717871429625709823e-01 -1.0248630962233671556917046e-15 1.1233433419635817009737110e-15 
3.2120968796110586918057805e-02 7.2763668546342204213051019e-03 1.8873366744576194897753396e-02 -3.3811685857782033948204514e-02 6.6103380268965590896290685e-03 8.3609936716727163014128976e-03 -1.3473185450204705814398455e-15 5.8438082887674972360626191e-16 4.3076632993244837799515570e-16 1.3826559815656981922711384e-15 
-5.9860011103311594818365826e-03 7.9475511143796626067903333e-03 -7.0634218166690954793240920e-03 0.0000000000000000000000000e+00 
4 (band)
-8.7138827983226962992091558e-01 (Ry)
0.0000000000000000000000000e+00 (Occupations)
7.2824172794594854707384002e-02 -7.8517777279038927784604596e-02 -1.3236650971903962670239707e-03 1.4271564501872821550954029e-03 -2.9772291196489711201998080e-16 5.2598093671981690823461991e-16 9.8188525985481583946423711e-02 -2.5197252399631264729862323e-01 -2.2488368009399828384431430e-01 -1.0237208927765240745744180e-02 
3.3882913431498462941258813e-16 -8.0361472822322520617564296e-16 1.9681061814147471356051255e-02 -4.1808488850000741221535350e-02 -3.5068861245304339124828630e-02 2.2009823455394622593317422e-03 5.5341316531476794637889327e-04 -5.9668237660227396029766211e-04 -4.8908546492402485910522425e-16 -2.0496217332739940789048977e-16 
4.1676620642621560952465399e-16 -7.8209957453654767503971323e-16 9.0655856093867018263843249e-03 7.8916357953028176686061101e-03 4.6233057352221412772408371e-03 5.1854086339791632953577505e-03 -9.7178750726715168450908777e-02 -4.4996576528108345183198935e-02 1.7663414517185282992528528e-03 8.1786471911806518653165199e-04 
9.9015076498982841448177331e-16 -1.0868255315169597674710586e-15 -2.6998203405811982413808892e-01 -1.5519045399573369592438610e-02 5.9756714674476851811846245e-02 2.1704056088797496482101224e-01 -1.2465309897213257961372075e-15 7.7607039621450356111743609e-16 -4.5844018325892230136808791e-02 -5.7982685164015383694202654e-03 
1.2930132704255033193607716e-02 3.2672328055683444447687691e-02 -7.3849273546205615459392391e-04 -3.4194220236847747140807030e-04 1.0284114235601722795764774e-15 -1.6787719741002944262414666e-16 -9.5120906547106528154469409e-17 -3.1180581144195564122433151e-16 4.7039716286983290077783337e-03 -1.1060533842596313031103605e-02 
3.5029366278716105032042805e-03 -5.9994044374266130084660809e-03 -9.7409025691258491197466185e-02 -4.5103423409328283200103726e-02 1.4346820558694059477566896e-03 6.6430577461450146525834271e-04 8.5556308493677366553702345e-16 -4.4047566525538849391535846e-18 1.8521783263711685818542207e-01 1.9419131836452410699855875e-01 
-2.0249749706884484501401289e-01 9.3774119265878086437737693e-02 -6.6301561482560363482286348e-16 -1.7133617953706036686254479e-16 3.4974805413208708004813019e-02 3.2216315098439231301430397e-02 -3.4319555462782813659572412e-02 1.1819993711872398695073016e-02 -7.6306317663088398667303736e-04 -3.5332325038258619726017074e-04 
-3.0732904544059575714044527e-16 -8.3034549513986158300145617e-16 3.8927406926958591717024882e-16 8.1342071975501094383996371e-16 -5.5168191111432517831358879e-03 1.0769705950133897850995446e-02 -2.1664040741089345132319721e-03 6.6675061509028771267182378e-03 -1.2794860383157399819076261e-02 1.0657921296919695142157991e-01 
1.8845119878078617214889334e-04 -1.5697454918887354669010392e-03 -9.2699564914727318221998236e-16 -6.3143122241824163142521530e-16 1.2745146076269178725404174e-01 -2.3616104421433820048648045e-01 1.5175965512088307463045567e-01 1.6360876761601517159760988e-01 1.3630369706726955266423503e-15 1.7661074789350135968884569e-16 
1.9831727152319511553457687e-02 -4.3218405458434042132331854e-02 2.1846807923284208841074872e-02 2.8987257926114746303669634e-02 -1.0023089016784464931348470e-04 8.3489909536621487434054911e-04 1.1499421094450082701065336e-15 -1.0868995114766190896834129e-15 -1.2733344343915139306790701e-16 -8.2485637627177691780586302e-16 
1.1947389882930188262366578e-02 1.9187846003588049717536457e-03 7.0106308478367464556701982e-03 0.0000000000000000000000000e+00 
5 (band)
-7.7795943444964732460533696e-01 (Ry)
0.0000000000000000000000000e+00 (Occupations)
9.5441421766148393235340563e-02 -3.1490504002638763925148169e-01 -3.0082636846418264742197834e-03 9.9256558208612108429313992e-03 -6.1054477120649401126824716e-16 -5.4486110839973997987386825e-16 8.4622628299573038335168462e-02 1.6346931045722132291864170e-01 2.3464702743321308453516849e-01 -8.5689803959302229818817409e-03 
-2.2014957057888167904233676e-16 -7.7683040454841279742657316e-16 2.1514084603351621427513862e-02 2.3686661871653691413541765e-02 4.8206390932117898495690156e-02 4.6852461679345591694101358e-03 2.3977604713586175844142190e-03 -7.9113233458491388772060304e-03 -3.7595252087913086513632317e-16 7.1502576660382756276318336e-17 
-7.7239953535795773798310170e-16 -2.9451513708013587224467143e-16 2.0756619542792689725452249e-02 8.9886652821634382970472643e-03 1.3681317096542007158421761e-02 -5.3959056898827961745723769e-04 3.2898551162350297971670443e-01 -6.5408229286451485817721618e-03 -1.0369464249022519730658587e-02 2.0616755025736760442711670e-04 
2.6597424900605388135801239e-16 1.1298584276846513047629417e-15 -1.2931872265490185203162810e-01 1.3099569707660987938346864e-01 8.0659503827674033926697916e-02 2.2051462389267675878734565e-01 8.9095704774701988563207246e-16 -1.6090053227306334870098888e-15 -1.5879136357969746151663770e-02 2.7780691414496086477647907e-02 
1.0440660142995255438291835e-02 4.7294822910476201627272275e-02 8.2650643546581699372399754e-03 -1.6432764210112110747630254e-04 -2.5272818401307229123020794e-16 9.8556166869229687598165061e-16 -4.9632959471289180051157270e-16 -9.2912300320472677018554305e-16 -2.1345805020698861709238514e-03 2.2518368601636244707986378e-02 
4.7409406166464204690491613e-03 1.2844963119747844493279132e-02 -3.2888894924247857876054013e-01 6.5389868385611477075158859e-03 1.0434267190736290151220622e-02 -2.0745097001929890812021995e-04 1.4815718683426219647699540e-15 1.8005143465266027865296682e-16 -1.3421269274657993131327771e-01 -1.2575636240599230575298861e-01 
7.1708898997937933761370743e-02 -2.2354430916033193876835128e-01 -1.3681219365925998056853840e-15 -2.4041293513011571343332931e-16 -1.7002115215896677208329280e-02 -2.7162475734485672096418796e-02 8.5689927953219446887800359e-03 -4.7734218128682316673039310e-02 -8.2583579661127670679121593e-03 1.6418959765022653196631097e-04 
5.5482501470049544327080851e-16 6.5946066041203284892819923e-16 4.0513908891874620121124459e-16 3.8569442125309583971860118e-16 3.0288003877016692749757354e-03 2.2400984700609929967107803e-02 -4.2287718044142462436862928e-03 1.3014821359346645524013297e-02 -1.0785122065988569928229879e-01 -3.1077132024187248404700767e-01 
3.4216634838633748494363118e-03 9.8594719288449192418077871e-03 4.7457341602195146935209440e-15 -1.0212153499589925503759576e-15 7.8127404991352844554342028e-02 -1.6650470915020518236637770e-01 2.3476254034580279483890308e-01 -8.7977488752177422301481435e-04 -3.8739931189486812210399269e-16 2.7081703832755904065946205e-16 
2.0579107000873841926136265e-02 -2.4563639080710453904687895e-02 4.8045903599131398187260800e-02 -6.6010881849214121316893333e-03 -2.7081265448938495951636263e-03 -7.8034277812543094421382506e-03 -2.0173416096253591737508809e-15 1.8166529260551309564001333e-15 -3.2510666409996103767069267e-17 3.0615277955681418393616994e-15 
-2.0368651677343866529534822e-02 9.8028453110633809175489262e-03 -1.3684593015121785872234561e-02 0.0000000000000000000000000e+00 
6 (band)
-6.7199284419898042131080729e-01 (Ry)
0.0000000000000000000000000e+00 (Occupations)
-1.3365484093441476476371577e-01 -5.3906935715500037265002220e-03 -1.0948592121696396062269230e-03 -4.4153877246905226527928789e-05 2.0053879019302740198077642e-15 5.6319956109207422869420798e-16 -2.9488232289901317173530515e-01 -1.0633799027395404723783656e-01 1.7927150568568445132555667e-01 -1.5611838681617068447238239e-01 
-1.3921552817490614000860627e-16 -6.6627139992774706781199780e-16 -5.0112700303587942585181736e-02 -1.0149846617765773126862427e-02 2.9729563354106265660181663e-02 -1.2860126738322846806639177e-02 3.5024942374314617377084602e-03 1.4125850401796105626495148e-04 -1.6075550170322277136852317e-16 -5.0417414422558324574080793e-16 
3.4720801447204176187207046e-16 7.0626620163988546015943119e-17 8.8184747401053396181902500e-03 1.9293447987628005446669732e-02 -1.7081584281493936150475577e-02 1.0213404258251013168035115e-02 -3.6174762996823262017898060e-02 -1.2877912332557833741120135e-01 -2.9633727046450564213131429e-04 -1.0549172865437772550478712e-03 
3.0538795650912766456436858e-15 -1.8358758857016169482222389e-15 1.0009789423831613741633362e-02 -3.1331000087694543809746506e-01 2.0387535097442949227897202e-01 1.2225409898220701565563218e-01 -2.8676600695924875976242289e-15 2.1131411456446567855933348e-15 -5.8325982689809013903570190e-03 -5.0796485267329508084266365e-02 
2.1417647649681480215289042e-02 2.4300497239876567290295384e-02 9.4798542176247838769720389e-04 3.3747212460199862982257457e-03 1.2096957614657050297357833e-15 5.7560393582100344387359231e-17 -1.1778479584287616125403088e-15 3.9223341203442266790578881e-16 -1.5624100869473103031515038e-02 1.4348871175592331494996756e-02 
-1.4992024508842204111314089e-02 -1.3089436551453181162285588e-02 -3.6582784780599536533784999e-02 -1.3023033581833359795254523e-01 -6.1379443407446644676017655e-04 -2.1850603848626790060016845e-03 -3.9337046522716475987525623e-16 1.3277050409433105408867021e-15 1.7043361331482570486528516e-01 2.6057051168185857425996232e-01 
1.0944617944299456224754863e-01 -2.0908203569892722106793315e-01 -3.7523057072909944697634449e-16 -8.4376904902418307926471874e-16 2.2210764635451983595171299e-02 4.7668006270953175440574512e-02 6.0248845780309298603150125e-03 -3.2860527172116280048008718e-02 9.4199099645189080659557490e-04 3.3534016595889570150346159e-03 
-4.9387425619465065854429084e-16 2.2580008793165672471062218e-16 -1.5610452433567305165945711e-16 -1.1617023976559528564619437e-16 2.0730179924804321284215192e-02 3.9330348233159624637966800e-03 6.0594837391503364801281784e-03 -1.8649173339789333614380240e-02 1.1255170729113131433685169e-01 -7.5035682814972221033045230e-02 
1.8884430061791995791864451e-03 -1.2589739890820107748314882e-03 -3.1201151591713473607171665e-15 2.6207708159770062391084273e-15 -1.9515040013190176892976524e-01 2.4261271490599251032804773e-01 2.3266956191396390152270612e-01 3.9479599864147278676096420e-02 -7.8389928449139623762796685e-16 2.2932525309609882623634413e-15 
-3.8471464247865183594399241e-02 3.5853916468973755227178657e-02 3.3114010219145673108442907e-02 -4.4244556065965723323785141e-03 -2.8981832734131162884749777e-03 1.9321447776090932245407483e-03 3.9480562780276295996629138e-15 -1.4462123606607913635581077e-15 2.1673777606664069506738222e-15 -5.3868115507845602122453239e-15 
2.6654394983138944043299379e-03 2.0930947300995622617492131e-02 1.9608901280859836885328562e-02 0.0000000000000000000000000e+00 
7 (band)
-4.4025178982418738948823034e-01 (Ry)
0.0000000000000000000000000e+00 (Occupations)
-7.9097955730624417251872767e-15 3.1053601664346946294056951e-15 -6.1271144384696290435284516e-15 1.0376156331138545629772133e-15 -3.8250235735080095889060203e-01 1.2052797601588113862725038e-01 -6.2467493981978402594132926e-15 3.1464003670279223055345140e-15 -4.7964823944701899275877712e-16 -1.0118780779151401591967007e-15 
-1.2016426407417346577943817e-02 3.7864248087893445648965951e-03 2.0802619837336136254707195e-15 -1.8208062174198631600511912e-15 8.7652655160346968417919810e-17 7.0509857275068837954632826e-16 1.3441996988711718806701024e-16 1.3937849391986555068972255e-16 2.9252482912130867154232305e-03 -1.9054743233545019115426911e-02 
-1.3686265715709102636088446e-02 -2.7049580672821649240944453e-02 -4.1213693034479713696559485e-16 9.4844118751803618869263829e-16 -3.8386817626736134616026620e-16 6.5407856381509249539948803e-16 5.8433743528762303814015254e-16 -1.4463461653802362262268617e-14 1.8836095014176658227732015e-17 -1.0285658102983087301151007e-14 
-2.3282864583667600699712352e-01 -3.2653616654094980153999472e-01 -1.7087729752217647880034102e-15 -1.6467263627694968769756231e-15 -3.5070811923268572258593157e-15 1.3469555331106794292019243e-15 -7.3143839606973556910496370e-03 -1.0258231022595612480508009e-02 9.5062863878252993744888184e-16 -9.2010883326052708188922091e-16 
2.1078409003766619389102663e-15 -4.5509076484367096667887198e-16 3.1454139631331671193424623e-16 4.7145727705452755501127818e-16 1.9026089152954658856309322e-02 -3.1061630358680683908212394e-03 2.1496391263567685148139219e-02 -2.1375192313990855341732100e-02 -1.7734517255102032248503734e-15 3.0284867444866424808737632e-16 
-3.0098046336461849896500874e-16 -1.1023484626369358610184551e-16 -4.0369165208637797817088606e-15 1.2992002957682691855882592e-14 -2.2374402175716122867444527e-15 7.0322517798639620295273178e-15 -2.3284681039368293475888549e-01 -3.2656172436010877380141437e-01 8.5593548874697036445491432e-16 -6.7618833643018268652062959e-16 
-5.0100297876337524709787489e-16 1.1178752076566021113456112e-15 -7.2940000445149491548058052e-03 -1.0229653226058524340125189e-02 7.2054777872855762598227174e-16 -4.7687454758240417936634652e-17 2.1423789725202813214639541e-15 -1.2876946741060207877614625e-15 -6.7695391111668070367732839e-16 8.2683379541273831112114268e-16 
9.1396987686424603636314856e-03 -1.6977303106296012802367557e-02 2.7218754787633622771458874e-02 -1.3359636014022015573776692e-02 3.4822370936353724853283544e-16 -2.5303783136367333963463207e-16 2.8969985178286304894575330e-16 -9.3853766886437372573560330e-17 -1.4220658090290674508546526e-14 1.4670253853705676266917753e-14 
-7.9537011933096245424151815e-15 7.1896897643083397019217555e-15 2.3862503438711132885963195e-01 -3.2236359889311078097406948e-01 -3.5165425822206709333960833e-16 2.5504160088007259892779602e-15 2.0754006279031600322894808e-15 2.6478553639971598286034756e-15 7.4750083880865906410528865e-03 -1.0098142966546723789389439e-02 
1.1436396926256835262210002e-15 5.9222777338562689098279384e-16 7.4549155234581528947114164e-16 -3.5361920201906662109058020e-16 -5.5138890043016933797680305e-17 5.6618389731850593371543115e-16 1.8970696991772728612346555e-02 3.4460948900073332633320344e-03 2.1116826684303705713441346e-02 2.1758219536567657143022458e-02 
-3.3607938520140466194715124e-16 -8.9126333498795015162675302e-16 5.7017701516740779445153566e-16 0.0000000000000000000000000e+00 
8 (band)
-1.8845606596745909100398819e-01 (Ry)
0.0000000000000000000000000e+00 (Occupations)
-7.2504790597244504941935177e-15 3.4211732852773103792832580e-15 -3.6280893142534294128298093e-15 7.8314986007414556988577996e-16 -6.9287641426703447389279233e-02 -4.7635623674281835082666703e-01 2.5343154083759994363923882e-15 -8.0423877012907410514616311e-15 1.9588159429333904071848441e-15 9.1703829443827119942261367e-16 
3.6873673778620164043218210e-04 2.5350531174713475390802842e-03 -8.5782917479585613800043242e-16 3.8539579092818703300192602e-15 -1.1226677618958407850103719e-15 -3.1018673070751811902933197e-16 -3.0632254989333486314990911e-16 5.8773866420645297010997306e-16 -1.7474736422977463212724558e-02 2.6947957286951068622826710e-02 
-3.8246401585620294627521076e-02 -8.5480805591748171279320445e-03 7.3711716878243189782408592e-16 -2.0001091044333095777078311e-16 -9.9570257432508671742281258e-17 -7.5506193337716987382200184e-16 3.4368274053722271249068389e-15 5.6098998348351611384391859e-15 1.4746539440431096415181661e-15 4.4813438971866297893474685e-15 
-4.3163064430431835605261881e-01 2.1309863546186105787150211e-01 -3.6422895107172815954895417e-15 1.3586426032279928411009725e-15 -3.9457406547952030093267664e-15 -4.1242883422146340167050162e-15 2.2970328679598334131739534e-03 -1.1340639725006124161055254e-03 2.6264414208156079020994452e-15 1.0459063185875458717781889e-15 
2.2307460438805220977405052e-15 2.1460617921233970950739382e-15 1.1739013218573851926519028e-15 -7.2823317025373654175917476e-16 3.1029020906563252457655011e-02 8.2920851763549959650978494e-03 3.6890803509294425865938649e-03 3.9015991614451864255563862e-02 -6.2728482344257693932203047e-17 -2.2027684272797910403750837e-15 
-1.2498226351892619133329975e-15 5.2906331699004131801736401e-16 7.2025176660351075476250126e-15 -1.1938750025006338676583321e-14 2.7966605976286808254686219e-15 -5.9552396928189725221906693e-15 -4.3164311815542333317097246e-01 2.1310513354066465407932185e-01 -9.5941283412294506315846374e-16 -9.1491091228363472558345598e-16 
1.8606820209985142246387395e-15 -3.5291515846958162967254007e-15 2.3236034516807627103851530e-03 -1.1471735632369861601631555e-03 -2.8681491282656023600293729e-16 1.0345903850519333210786581e-15 1.2093083355598801494277636e-16 3.7557691777737351667698775e-15 1.8968234304283282978199349e-15 -2.2830357481039792176287778e-15 
-1.2284915636672263938855565e-02 2.9680280240335737279577799e-02 2.8735823143606807617000953e-02 2.6656875410038895213293841e-02 3.0933545397514089606200842e-16 8.2320099692684804405874620e-16 3.2137023161011711498481213e-16 4.0155480651568214998738722e-16 -1.7751639079184887410909714e-14 -8.8248275358392011909147465e-15 
-8.1436024693505832619753756e-15 -4.0777712858001855558632495e-15 3.3606008496812755925731153e-01 3.4466389234083599779623341e-01 -1.5308080235194797375442397e-15 -1.2294457955832822324238157e-15 -5.2997939168669676605269493e-17 -1.4553799294231722919213190e-15 -1.8090598476296539803831465e-03 -1.8553820772437114652864132e-03 
2.1438909758527121319604570e-15 -2.7491215002713619552196388e-16 6.2213274468508092137456703e-16 8.1075979553512283046087735e-16 -1.5683690430659872459927780e-15 -8.4352294759531235383124255e-16 3.2023871634547465547804279e-02 2.5119380722937387218074434e-03 1.6472337359588928168419031e-02 -3.5566819372540955934702822e-02 
6.3255319444080126496839760e-16 -2.6315212906271802899113736e-16 1.1277427002919502885653920e-16 0.0000000000000000000000000e+00 
9 (band)
-3.2028928117657534668794028e-02 (Ry)
0.0000000000000000000000000e+00 (Occupations)
-9.6898425681594897127581387e-16 6.1327927263105996136244460e-15 9.2180004408047306382364273e-16 4.1606804797663349698125914e-15 4.6562190751060900106850227e-01 2.5034523387085239054528074e-01 -1.0990632144955571435446299e-15 -4.2802932793632608438165548e-15 4.1728537906239022620528539e-15 -3.3266272404108165577473871e-16 
-8.5668751858092063999894350e-03 -4.6060529646018422145203886e-03 7.8553084232430234798068438e-16 1.8255187280033346359689145e-15 -3.0037805216851425537197277e-15 -4.8905550340565306809231101e-17 -9.9844116824319640580944476e-18 3.8954305273281558989329615e-16 1.9026125330076984476512791e-02 3.7182791627283190427633031e-02 
-3.6943876458897517700563640e-02 2.6754257571413347233102442e-02 4.3884820925255503042746116e-16 -8.1151503075903725776194658e-16 -2.6298217941434600321884058e-16 -4.2043466361439398076632403e-16 9.5659918313656550232414711e-15 -4.1603428785242182939158048e-15 6.6584575988173099175204507e-15 -4.0951641473100388526843855e-15 
9.4207383556878493413577758e-02 -5.2019368100643925689752223e-01 -2.1173503823102784706499641e-15 1.6031151135373292113040107e-15 -2.7043645267661858106857192e-15 4.0323936631655780841003203e-16 -1.7333066640796033694438272e-03 9.5709311130238311493556580e-03 1.3948464224602990254744236e-15 -9.0801742356011662588436919e-16 
2.2152776318703694945036050e-15 -6.0997321900075259483838904e-16 -1.9273764092591573325930013e-16 1.4214720589313536259485151e-15 2.9483540203353524045137846e-02 -2.9585034989855523573920593e-02 3.6861096669196492803255438e-02 2.6868194177355170237930793e-02 -1.2154077425749601020483544e-15 -1.4247557966323639078904211e-15 
-4.6387391927112927097957446e-16 8.1033625407551196814111513e-16 1.8341312865352064000977017e-15 -8.3627716614890298863462601e-15 -3.4128110210396213935028900e-16 -3.1560057231250765807952079e-15 -9.4206217946255582651460259e-02 5.2018913994178606063911730e-01 2.5327523591235526137390449e-15 -8.4052749610590797860406179e-16 
-2.3817603743513786490167094e-15 -1.5321553848793161881586635e-15 1.7304098375304898665971720e-03 -9.5550304314885314838079466e-03 -5.2297011852621187009109823e-16 6.0222073120658781918914683e-16 9.4774615521150698956421918e-16 1.5881907872559942125708666e-15 -5.9669128412841520001258432e-16 -2.9492733778199908572046456e-15 
-1.7233917547868737862870603e-02 -3.8040284880455479954441955e-02 -4.3937635703031566181131495e-02 1.2232460842481137491821741e-02 2.2721908307784799862084479e-16 -3.7544896985816296211015694e-16 4.4644073586280732486560865e-16 5.8820046269150859506541715e-16 -1.1713704753211760539430496e-14 3.8084601999995475156404207e-15 
-5.2920414362659928140335033e-15 1.4407412407622938362583539e-15 5.2384059355985523875887111e-01 -7.1151847143820431962346618e-02 -1.8739043432950360558877196e-15 3.6630176955840684047047468e-15 -6.3302631697706748416690021e-16 1.9080605725179907440699844e-15 -9.6221000021302575261339385e-03 1.3069492344645805212421941e-03 
8.6407117234004971755330354e-16 -9.9872502345935432495049558e-16 1.4702815061550767867885326e-15 7.7720555380239049436474582e-16 -6.5469304974267834298597514e-16 2.0104627529889304980046727e-16 -3.0852887411796633965188619e-02 2.8145524087994498729781156e-02 2.5211237724235904811287412e-02 3.8007136459447928011901041e-02 
1.0270005500521176964100519e-15 -1.0419336713890216292877714e-15 5.7915129121415092410333847e-16 0.0000000000000000000000000e+00 
10 (band)
2.6607233473960606451313993e-01 (Ry)
0.0000000000000000000000000e+00 (Occupations)
1.2186979807882844762109126e-16 8.9386952880841747120532643e-15 -5.0646921975060287361503055e-16 3.9957975200608547209258610e-15 5.6790146479669201262652223e-01 -2.2275468835571360370906291e-01 -2.8480315906550562549499782e-15 1.8431148344987270186537681e-15 1.5480408387435108821635189e-15 -5.7541160320546241542122005e-15 
-6.8819781164326798705843657e-03 2.6994164515218438404886570e-03 1.3282480025337202564669930e-15 -1.5433316839160686970596918e-15 -1.5153555084810349707124669e-15 2.8221130566006207279324513e-15 -5.7565436490340045599247310e-17 7.4707331906728352711316375e-16 1.6768402560072115381473168e-02 -4.4694653874318784891883638e-02 
-3.9598083541732512213862094e-02 -5.0394436501732128852459880e-02 5.5033935495654628996206505e-17 2.7293848136723787591954457e-16 -3.9075728863285229020114029e-16 1.8265702703205928434957233e-16 -1.5220797496447835465926646e-15 -7.4980978420187373532993569e-15 1.6160011896503453046668706e-15 -4.6971468161461328487588166e-15 
3.8734350170783171662947098e-01 4.7127140438117309795273968e-01 -5.7291568270402096336986405e-16 -1.3990652155933927560088434e-15 -3.2492499188239591695957832e-15 -1.1255465343519528867877042e-15 -4.6939458000305328555512574e-03 -5.7109845736294795326415397e-03 1.5753080160603695878987340e-15 3.2132994435244917575668846e-16 
1.8718185054444296265800405e-15 9.2504016277618958038530281e-16 -1.6938780510534562727297787e-15 -1.2228688788027309084079700e-15 4.7688863170577674988059869e-02 2.1362909117547037446405156e-03 3.5691476454229334458467804e-02 -5.3232752690634654868517828e-02 -1.7148750512003397019832738e-15 6.2872976722950221379775246e-17 
-2.3950807217489964587552237e-16 5.3133170534460223731442936e-17 -2.6895508843622402035443182e-15 -1.5689179955605896331968757e-15 -1.8414165441121032122188615e-15 1.1569170005976747657219045e-15 -3.8734329900468744689590039e-01 -4.7127122629619150329105537e-01 -1.1608560077470657357224735e-15 -6.0680142423831817230926373e-16 
-1.1468021012290309276083935e-15 1.4735228118513983826138024e-15 4.6855375881502264734379537e-03 5.7008054733420840398672169e-03 5.5471096138744197279509297e-16 3.0782629210953982673687086e-17 1.1856188384755471437409563e-15 -1.4914305588926524360656133e-15 -7.4602979339469473430203849e-16 -1.9613990246644361817874881e-16 
-7.1398402416899021949436843e-03 4.7194955710475168519923983e-02 -5.9131835074060001833373690e-02 2.4706924401562972010149011e-02 1.2439830283179476844604802e-16 2.7521532504398019539650103e-16 8.7385707595199645120020985e-16 -2.0879218006858106599385971e-17 -7.7441075953321924498684892e-15 1.0711312701156646407906866e-14 
-3.8528086379563546851773611e-15 5.2267355006259510979686104e-15 3.2850990859709922053966125e-01 -5.1401618648838565128755818e-01 -3.6687960582868456587357189e-15 -4.3010970553104721390004930e-15 2.5946023613659236669343448e-15 5.3582667725114088862104823e-16 -3.9738774502512978423207635e-03 6.2178568289413347486283001e-03 
1.3554525180791987421783141e-15 5.2328899925099476534869837e-16 -2.3330380262446218442220121e-15 -1.1967245103605252356161723e-15 -3.5148426280656985218493694e-16 1.0835008644080328571571647e-15 -4.7091402135532207939849769e-02 7.7936517820620622096217112e-03 -4.1770423402286059599841650e-02 -4.8602857543607658197259980e-02 
-1.0523336725789819495470371e-15 -1.1017325683941998570473332e-15 4.0673009129390704914531823e-16 0.0000000000000000000000000e+00 
11 (band)
7.1545095285985349509161324e-01 (Ry)
0.0000000000000000000000000e+00 (Occupations)
5.4870817023248752430930608e-02 -3.9125092852075343818896158e-01 1.1594988492321156581255082e-02 -8.2675704023588397761912461e-02 -4.7335535653498045146096476e-16 1.0068456019539536216576250e-15 1.4678634699599873991715526e-01 3.1247441542727538710266799e-01 3.4652662954053797816911242e-01 -1.2016385091126739748101926e-01 
1.6859279382677518163779359e-16 -6.5346304235649379327613035e-16 -1.8601949484390964406621549e-02 6.4520452620476870242427481e-02 -1.0865465650059968893970108e-02 -4.0336621267253444655942474e-02 -1.2411675891765706902791777e-02 8.8499204617524598881495024e-02 -1.1791857676935982107260941e-15 -2.8436476816598860060865956e-16 
2.0155632359706712235813680e-16 -2.1450061666102968565532129e-16 -1.3156470255210295228209816e-01 -4.2885219959527404176569121e-02 -8.3512826046434479598801204e-02 3.0729488288919991345604643e-02 3.8905776002293462889625175e-01 -6.8717937942417817165363658e-02 8.2212315542795511014162457e-02 -1.4520708213558858323821710e-02 
-3.0191771916739036738765144e-15 -8.4759727868200137749011634e-16 -2.5182135317396475704398995e-01 2.3616201651975804454153263e-01 2.2136523100052540868887263e-01 2.9243373702537783787036574e-01 1.4007344352503499136015792e-15 9.5578986824401408433369246e-16 -6.7110915417915126268688653e-02 2.2464110799996078737805760e-03 
3.5004792961016654995187736e-02 -2.2798373380712153024596489e-02 -8.8003164015708387757364051e-02 1.5543552991536053325960509e-02 4.8987076751950051372065281e-16 -4.2798156035227182247945596e-16 -2.4542620068396993627919852e-16 -5.5133579976579515317213306e-16 1.3053892938755598529532165e-04 -1.3837772945163551163716420e-01 
-5.5032362585007342514753503e-02 -6.9929483289049201855114291e-02 3.8714088924070216846118342e-01 -6.8376860836035585622383337e-02 8.1450043835586322105157819e-02 -1.4385893672129154707839405e-02 1.6302875828271460927039781e-15 6.0488468375261973263974869e-16 3.1699898254254410545627252e-01 1.3617934222194449933596161e-01 
-1.0732321671022099218717472e-01 3.5132536688765025889580329e-01 -1.9773784288007528294171224e-15 -1.3883741434162960205237948e-15 6.4584820388628227938454529e-02 -2.1182708262534141741006977e-02 -4.1205537604671237106312986e-02 -9.6294249655728830772360993e-03 -8.7893470540112525468678939e-02 1.5523899904942850547229227e-02 
-1.7433681872925346085315878e-15 7.2342280038929114003344699e-16 -7.3518445266487215986693407e-16 2.3725976244505863557191097e-15 4.7376121435884807620020354e-02 1.3004262706369121294081026e-01 -2.7466350761005980940510085e-02 8.4532735527274069364800368e-02 1.8466337309832975277501532e-01 3.4706325339309762600947806e-01 
3.8851245666556621927156812e-02 7.3018109313509091395921757e-02 1.2447569014412227449544685e-15 -1.5523568228225368499946978e-15 -3.1556177956569599063474385e-02 3.4356567903939183583617023e-01 -3.6729497737188393502449912e-01 6.4950643674413742478801481e-03 -3.1632888144082649723246972e-16 2.6311091880595414262705308e-15 
4.0103759811494554821109659e-02 5.4877997439309683658237304e-02 -3.5750840258187421838442788e-03 -4.2164451006340787631021527e-02 -4.1924682264298365752530628e-02 -7.8794509002098458982921159e-02 6.5973739271237952296654786e-16 -1.8753296908987587960256390e-15 -3.8796061915928685718681911e-15 -1.5610063142212025148512692e-16 
-1.0903786120308561757852317e-01 8.5242750777935805128748825e-02 -8.8882978122078820648610531e-02 0.0000000000000000000000000e+00 
12 (band)
8.0176052497415761788346344e-01 (Ry)
0.0000000000000000000000000e+00 (Occupations)
6.6062867235657762865486120e-01 3.0649789361343682259075649e-01 4.2716997722882149579604061e-02 1.9817436680406100291129690e-02 1.8738584658448766591130816e-15 -1.2722974442700479262727930e-15 3.7336763265493277952344897e-01 6.9563621320049007223929038e-02 -1.2454421556176191454579083e-01 -2.3707028964449769481426245e-01 
-1.0847754468631566135054115e-15 1.3120014883607580318651215e-15 3.9069597480739362560520078e-02 -2.6115777374651205633426798e-03 -4.3182789521524905795857308e-03 -3.7871168663912907481616799e-02 -8.1724935531277714817477431e-02 -3.7915805128228972920023665e-02 -2.4851064318001890831863568e-16 -2.9308004878340915933423449e-16 
9.8629452386814421980165322e-18 -8.3516776793995396694777472e-16 3.6669488949740272620836379e-02 5.4552733665509660354597798e-02 -9.6842254447515915827260358e-02 -2.3318476040560393025558028e-02 -8.7351332131320361118476114e-02 7.2300826157373376812387278e-01 -5.6472240402225884481346441e-03 4.6750203760800940200326181e-02 
-3.2733671487289785330173909e-15 -1.3831780327599484869251903e-15 4.9218008333737330028956336e-02 3.7659006118216387104524756e-01 1.8698096460262031426324825e-01 -1.9170733616190360759645728e-01 3.9644076441072450216932397e-16 1.5143932600141097102279907e-15 1.4556927614535008705387575e-02 3.6350373368238077242953210e-02 
3.4683200152871442034641092e-02 -1.5809762054967951838690965e-02 1.0805679583167672463961395e-02 -8.9441660622203142394504027e-02 7.0185312200968721252933298e-17 -5.3030705119215852072876557e-16 5.6263665959979884987190759e-16 4.1176934591444692340875067e-16 -4.0551237567277242934693504e-02 5.1732478212206375878245979e-02 
-7.7487138219008103862117665e-03 -9.9308262523501500407263620e-02 8.7195328789833992377822369e-02 -7.2170719663133608978711209e-01 4.8786653018018377725439905e-03 -4.0372155457948658008326959e-02 3.0670264251576050566391927e-16 9.1579207659258972658858069e-16 -1.3864985982219965587880495e-01 3.5397744234888312009346123e-01 
-1.3792703499507977249471935e-01 -2.3101104149427875711353408e-01 1.6648636217801048033484093e-17 5.2193234981814818860909789e-16 -2.2556812936852913692442613e-02 3.0275733882389160855908017e-02 -2.9944805190122901483729123e-02 -2.2698261534090879987246581e-02 -1.0635482635009598645359219e-02 8.8025942329343964676269252e-02 
2.0468620477753954539128567e-16 -1.2623659614598553198698497e-15 1.3456224894114501145671535e-15 -1.6978974312831563251383745e-15 -2.6478191888039293022671927e-02 -6.0144458422416911813623841e-02 -3.0926028385986112367866951e-02 9.5180528393069174786234043e-02 7.1332917062191425472406081e-01 -1.4009210317532691525421740e-01 
3.9903792012286470880511047e-02 -7.8357957149702301552496309e-03 1.3583830299599298529649786e-15 2.8634875875467857165854365e-16 -3.7949771612301985701520834e-01 -2.2478807308431481698507426e-02 1.7708275852656463200673898e-01 -2.0256274313752170579405743e-01 -2.2128544371594909955533215e-15 -6.0653952505775110445415704e-16 
-3.5764372532422275541286183e-02 -1.2097087639126431757308211e-02 1.2333875839124638917887467e-02 -3.5493350663612602269303409e-02 -8.7004190930797309366795389e-02 1.7086567072597563798908027e-02 -1.8098920000862780580442573e-15 -1.4999364861089533610383535e-15 -1.7339022085331254027668767e-15 1.1979603643472339483989187e-15 
4.9018567822459918614796948e-02 -4.3767916710992400830537719e-02 -1.0007873009244146189633540e-01 0.0000000000000000000000000e+00 
13 (band)
8.1891832535393072056706387e-01 (Ry)
0.0000000000000000000000000e+00 (Occupations)
-1.3206684455223050012051544e-02 -2.6943020767715819552279299e-02 1.8072043367515905343267946e-01 3.6864017876256172101534503e-01 1.0273435980329550078621578e-15 -9.9107016846534399826728100e-16 -2.4544792492321783339281893e-02 6.2654938626509476540249466e-02 -8.8627419989198583105682872e-02 1.4178994165724462250821603e-02 
-2.5449569739785473954684479e-15 -2.8857236546030361342668634e-15 -1.5527560407168981837511268e-02 3.4569226859586292543990993e-02 -5.1444350979363985543191262e-02 9.6336563374064404507990389e-03 -5.5169166676511977032149048e-02 -1.1253570449451517909711384e-01 -1.2311540580245581934697287e-16 1.0573576210406380141199139e-16 
6.1531906842595534391230142e-16 1.4936564202385043060503091e-16 -2.8212247285862045165227840e-02 -3.8279779334124131029426508e-03 -1.0006354391318278418410159e-04 3.0722948203095446634280918e-02 2.1543245531208270876488697e-02 -2.0886154609530124814931185e-02 -2.9475195890798394637855040e-01 2.8579142615852781705854113e-01 
-1.6690609056234644652461895e-16 -1.5618073692512772359060458e-15 -6.7173145662858729787458856e-02 -3.9820440153855059250975756e-03 -4.0872403750133477762229717e-02 -7.9908135137689267901706103e-02 3.4429554165156927673199468e-15 -2.5345660355220811717826060e-15 -3.7675568515605210861973973e-02 -4.0851089206552712584930021e-03 
-2.5059330358421946088887111e-02 -4.5949521696117309743634394e-02 8.9979604995860454352829549e-02 -8.7244440640336540226940087e-02 -6.6541851290087376486534010e-17 5.8341324543455907264132669e-16 1.5839970914325046304950598e-16 -6.9144805295307908560013147e-16 -5.0774405065520181179472559e-03 -2.8014351855427013782140477e-02 
-2.9250181422757620675056955e-02 9.3987470302534185245812992e-03 1.4536440237250494722509586e-02 -1.4096682993244624704232137e-02 -2.9511859282383134939209413e-01 2.8614671686115000781569506e-01 4.6490795559397308339043239e-16 -5.8212487818218648928666804e-16 2.6557706119954768708701920e-03 -6.9971318021526673902599214e-02 
-7.9266736003813523248062722e-02 -3.9711694716715803532558482e-02 2.6076869360131767943808340e-15 -1.6574970944166065398137100e-15 -2.5320756993986309746347274e-03 -3.7729149916290220800885180e-02 -4.4881595427729251146509171e-02 -2.5984295799662115306061239e-02 9.0873714676742642359918989e-02 -8.8110831242057804923994979e-02 
7.6227972821075202335516623e-16 -1.1572084849133448129013788e-15 6.5731134308009012938725930e-16 6.7366438631824917315618526e-16 2.7618889721440449680489593e-02 6.7953420764612464111120715e-03 -9.1690003717526842585971991e-03 2.8219281484427916756319021e-02 1.7898749291052305776528186e-02 9.4688615998659748929089375e-03 
-3.6333836025002841374487161e-01 -1.9225026234462594398877400e-01 2.0314198861195247769396708e-15 8.2981061834973469362806348e-17 6.7367356207989143035419488e-02 -1.9096538449624153588324305e-02 1.3273297508625008303551063e-02 -8.7658734346417660487915668e-02 -5.0651348138870717316951835e-16 7.3450295322020048788600948e-16 
3.5100099458235611837864099e-02 -1.4067095605529041785208832e-02 1.0843358113407225440383286e-02 -5.0714522783590121335350887e-02 1.1187990239347718468554405e-01 5.9198294246904648030493945e-02 -3.9088928509741555355296062e-16 -2.1342624102405059939023403e-16 -2.5466688687830280585733666e-15 5.6853053201753128341913503e-16 
2.0719519309835088619053955e-03 2.8367001226372725447566481e-02 -2.9671508477235611356270795e-02 0.0000000000000000000000000e+00 
14 (band)
9.2360768316106445219304533e-01 (Ry)
0.0000000000000000000000000e+00 (Occupations)
-3.5157512641557830956884345e-01 -5.9618270799476180688003524e-01 -7.1805288246495929671553426e-02 -1.2176258317971110078925534e-01 -4.2199424033496099563499273e-16 2.4678437225073182659517998e-16 -1.7237333135425580987742933e-02 -3.7079753442964152876371031e-01 3.5485728143316563887310622e-01 1.1009110416517253749901784e-02 
1.9118405020522273933049561e-15 4.1179557209725457317753890e-17 2.0140540077061286350357250e-03 -7.1221567899225013409392204e-02 7.4197791526651582505458293e-02 -3.2622228839107036968414377e-03 6.4478674024055979141500927e-02 1.0933919860463500728364750e-01 -1.5118184542183668978045458e-15 -2.8405886893423977739079522e-16 
6.6417799674159902840450323e-16 1.0465025433567008534251650e-15 -6.4901388579818475310645454e-02 -8.2276496538059486901550699e-03 9.6903302799071500128746948e-03 7.5055400642416558731895293e-02 -4.5836076041381207391012254e-01 5.1859840352531316742812351e-01 -9.3614043806530572444657423e-02 1.0591759478455677057073814e-01 
3.6861700104284395279778363e-15 -4.5986059736687531729251076e-16 -3.4732278245248826564761657e-01 1.3097641765676704128651409e-01 -9.9186644383139038749774841e-02 -3.4089133206101085438177734e-01 -1.6650598464118475452125621e-15 5.2943592583087605568661129e-16 -6.8358113164751654888817711e-02 2.0093195667276589344574234e-02 
-2.6030936866920012517923055e-02 -6.9558210812288800983793635e-02 8.4062751259277451731932729e-02 -9.5110533623393139768253945e-02 4.4802382718508241945003320e-16 5.2498139222425421173291163e-16 8.1830936726280865001007635e-16 -5.4652657183827808515004436e-16 1.2230672220728322496796636e-02 6.4267372090695717989916602e-02 
6.8387451122444112283638162e-02 -3.2409446084483900518691257e-02 4.5326671494419390473495923e-01 -5.1282030632383912571725659e-01 9.1389057275033547256271049e-02 -1.0339560672469988444888145e-01 -1.3493876811385221662394440e-15 1.1678721200093259096990808e-15 -8.8063659735865107425212273e-02 3.6458456300051389487038023e-01 
3.5431608989657253916405466e-01 5.7361930363572816160555590e-02 1.8619393460343023621267786e-16 -4.4758681798390455809646572e-16 -1.1599696703601031222419238e-02 7.0140096936048848541567224e-02 7.1996198667615529664942642e-02 1.7152919817530004609196226e-02 -8.3453659754571182793903006e-02 9.4418156289862428809378514e-02 
3.4402876645260587423290982e-16 -8.3858965057319634128548507e-16 8.9746115297449508420545045e-16 1.0599822798385323043079385e-15 6.5850682838749424741209282e-02 4.7424715357840463089700300e-03 -2.3440217297196520168656164e-02 7.2141570852552128201296000e-02 -6.2778821195424971968179761e-01 -2.7261207307385570963731425e-01 
-1.2657583733662525204977101e-01 -5.4965158801940305899336181e-02 -1.2412255718288786205119075e-15 -1.4135638544526450486600172e-15 3.7395369182380822081768201e-01 -2.8909308460308209831612913e-02 -5.4935255543524678933930971e-02 -3.5470043742995810420737257e-01 -3.4697858754628653954973049e-16 1.7560909204662210708914584e-15 
7.0291699654277381426048521e-02 -1.0642514812175620647627383e-02 -5.9346527620138343067646147e-03 -7.3772997617353411325957779e-02 1.1558560190930000644016218e-01 5.0192332032621307658093457e-02 -9.1704152078644435821927848e-16 2.9060787244364648011207212e-16 1.7339022085331254027668767e-15 -1.4617649040366370637325715e-16 
-1.5838621638971827482178512e-02 -6.4093225314193827402142745e-02 7.5854136551753950645782254e-02 0.0000000000000000000000000e+00 
15 (band)
9.4408411342392739573625704e-01 (Ry)
0.0000000000000000000000000e+00 (Occupations)
3.7357849127442355197104007e-01 -4.1778865649381624614022712e-01 1.2568187331962960007203378e-01 -1.4055418036661523895070047e-01 -2.3190006847066939120755722e-15 -4.8923175718609177786389865e-16 -3.4366745794112490974825391e-01 1.3204636191615398699283901e-01 -9.0582968012609940688939503e-02 -3.3502954878923107973065498e-01 
8.3185957277146532930845869e-16 1.1150362806968212983999333e-15 -7.9686064119877927924839867e-02 7.7444682723202873386725287e-02 3.2692783865117445996073542e-02 -5.6742538134249884129722830e-02 -8.6248445284663743937159097e-02 9.6454910523339626449157436e-02 -5.5510701865498210419003010e-16 -1.0127112107663480193026333e-15 
-2.0013540269245596288535586e-15 -1.3468761097280242454715559e-16 8.5591910666077838931720123e-02 7.1854842770938037732619819e-02 4.3894707679677597012002366e-02 4.7383890852382010150378733e-02 -5.1278272675780767198006060e-01 -2.2619046349615690161272141e-01 -1.7251280388039494373408900e-01 -7.6096934215422490366265151e-02 
7.5119198857516424639279306e-15 1.6675785053597892477414269e-15 2.3178263790681366551815756e-01 2.8604260540689507852363249e-01 -2.9064035898677315072902161e-01 1.8967934622391019461318251e-01 -3.4434353307553708532691102e-15 -2.3429798655320165569051927e-15 9.8278618190718508573766599e-02 5.1854227441325950742623263e-02 
-6.4067986453155270631931728e-02 -1.3558276535244497343346559e-02 1.1838630651984383135300050e-01 5.2220939350799841505157417e-02 -1.3157869401527214866239687e-15 1.0224727255639613248302286e-15 6.8987031903360007874143061e-16 1.0267793973820836377676479e-15 4.1888661454804354544734224e-02 -1.0360711193074879921116604e-01 
3.1500547519357789683080995e-02 -5.6388775306581026547370072e-02 -5.1732392462091625340292467e-01 -2.2820671869070827120218325e-01 -1.7304547029824690618227123e-01 -7.6334563563346974346401907e-02 -5.2268173313072853897936409e-16 3.8038709631213145851988982e-16 -3.6370087212289159417366591e-01 2.2522522912418047047466985e-02 
5.4380631790045971807323610e-02 3.4041688363658106908360423e-01 3.7601287689270237883508673e-16 -1.6420490651982392661050173e-15 -1.0466923425581477202772618e-01 -3.8393955156116821303413644e-02 5.3891265662257742397045490e-02 3.7222463182551818183796399e-02 1.1930428771582594904554497e-01 5.2628345324869804655598671e-02 
-3.4029214828396771094741932e-17 -3.8057851951103525077769461e-16 -2.6518587656234295641622215e-15 2.7160824136158355751377681e-15 -4.8313684109106268260713790e-02 1.0024545959115267745875855e-01 -1.9887611680466068392325596e-02 6.1207775036518460853862678e-02 -5.7175602497846207683540598e-02 5.6252404385924814622654822e-01 
-1.9124492950069502117393938e-02 1.8816469954415260268376642e-01 -2.4262764635672118562122068e-16 -3.0484953706785921342083966e-15 1.3380994257680961512235740e-01 3.3894024206174583335737793e-01 3.0695115603178979579723773e-01 -1.5691365647860011645065015e-01 7.6801156726010201838083925e-16 3.3690537900982872329928045e-15 
-4.1702490503071724947670162e-03 1.1141074191964128736742623e-01 1.8747349216429870510935984e-02 -6.2756013077746364281495062e-02 1.3185478340763445714856061e-02 -1.2972817334696129520921204e-01 2.2378346549348170829214654e-15 -1.7968028033641882641641102e-15 5.2233804032060403843035905e-15 -8.4399602398618617194677742e-16 
1.1026884702563458096058469e-01 1.4971493461738791946880056e-02 6.4357663283202901083335234e-02 0.0000000000000000000000000e+00 
16 (band)
1.0794669279965596331294364e+00 (Ry)
0.0000000000000000000000000e+00 (Occupations)
-7.9291483359972655090422897e-16 8.1295736876329741514327212e-15 -1.5358949441348049818603810e-14 1.7850125048174502219786606e-15 3.0448553164486996669424457e-02 2.3241412314090586360704194e-02 -2.5743399103224697270825464e-15 1.2388431671006693922002908e-15 5.8551485943626981603876797e-15 7.3845088947730786027307990e-15 
5.5730980309662142557769471e-02 4.2539409563538049807718266e-02 -1.1136391496210804486651790e-14 5.6246836695990928513575576e-15 1.2395061128502883694550167e-15 1.4178273038611307587548886e-14 4.8078204647845100320377159e-15 6.5749587846392776461560359e-17 -2.4048262803455955349818396e-01 -4.0977858474586514869741904e-02 
-1.9655656961294315498989249e-02 2.3160278714416426826261386e-01 2.9144993602278439779483990e-15 7.2035767220974770146285654e-15 -6.9549865013393703228489504e-15 2.3527252592827672090304049e-15 7.7872116184329209902136132e-15 4.2689198890865550560039201e-15 7.4836432019733612645304220e-15 1.7089843891058614382442294e-14 
1.2694776242717545344795838e-02 -3.6140286278766864391798208e-02 4.8558564114056316444538926e-15 -1.6846849074474593960376286e-15 9.5607483103550190685564757e-15 -4.2943486836135520072492560e-15 2.3235562627563922238893568e-02 -6.6148712471747611596484262e-02 1.0363607636969961621654802e-14 8.6692797196024326247213781e-15 
1.3442807453138077716789528e-14 -6.0908844540065283655263652e-15 -4.2613937902212610049772658e-15 -5.7753277915324912043517850e-15 3.5340959618889750126768945e-02 2.4137542510534784612197257e-01 2.2634127193557512791599606e-01 -5.2875556565489270632873797e-02 6.1511695893996541681963432e-15 -5.4708765354347066318237689e-15 
4.9975486246332242247582157e-15 7.6724534762441516101562192e-15 9.4708980331088681772936955e-15 1.8722611011472932442422184e-15 8.8292367161394761211036938e-15 1.5162023931184173582773633e-14 1.2701895543099075633342032e-02 -3.6160612710984293971527848e-02 6.2218690108614302391054846e-15 -1.2359689209166609102781669e-14 
2.8309416880521907005477549e-15 2.7768740897212971685346150e-15 2.3224739646772914192229820e-02 -6.6117508700705207580483602e-02 6.6174353696185933932811087e-15 -9.5314698333289869815511024e-15 1.4512437290016317684889778e-14 1.5173276349726858662755934e-15 -9.9575132280485255286961406e-16 -5.1108752830442662931146118e-15 
1.7852438302402914849231763e-01 -1.6625967215290246570269517e-01 1.4354735934177176304160639e-01 1.8280820095701380556540983e-01 -7.9703827890170779758736423e-15 -3.2888360222447257335911711e-15 -2.2202247615103266085247288e-15 6.9362703715500597439718915e-15 7.4001560534739358092312175e-15 -1.0330097639186302596635069e-14 
1.4421343243741230795538151e-14 -1.1654557409238769214309107e-14 -3.8315887935716184953260921e-02 -9.0597666604776594563575021e-04 -9.0308005434265165787304988e-15 -5.8838697070783794353656434e-15 -3.8464592898578889943288000e-15 -7.0964037833250345258802284e-15 -7.0058326732007458748086037e-02 -1.6566061572780719970271468e-03 
-1.1554843467885612163900980e-14 -4.6737118885922071372810254e-15 -4.1596237906020330458719856e-15 -1.6386227484935433398070697e-14 -7.8967121387715511788314680e-15 4.1604932061144799092410735e-15 -2.1328941287772476553818990e-01 -1.1840971359131879925286057e-01 1.2950235719385369548284359e-01 -1.9301249232205081041158223e-01 
-1.4020167496860079633384856e-15 9.2526422839996107675566752e-15 8.0946688219542392670751391e-15 0.0000000000000000000000000e+00 
17 (band)
1.1353774345221872010824882e+00 (Ry)
0.0000000000000000000000000e+00 (Occupations)
1.1331311068117078111328055e-01 1.7653589287764837045813238e-02 2.8959066713532155556976022e-01 4.5116199283973146272330723e-02 -2.2677397648939061841709296e-15 2.2068181518697369874527802e-15 6.7706053243361402627087386e-02 -5.9195962377424637956835340e-02 -1.4665468932722618838893069e-02 -1.2291185436064230862562852e-01 
-2.0195516956424700348912129e-14 -2.3290887846929528220448470e-15 1.1639814903915843280479692e-01 -1.0575948011876876164727435e-01 -2.3811244959522748221303345e-02 -2.1799145517821050255236059e-01 -1.0062444130073319725759973e-01 -1.5676633378835153065367081e-02 -1.0534052373357909136392629e-14 -1.2199149311708875421839239e-15 
-6.3689727171381492412962441e-15 1.7554793911928450861840479e-14 -4.6353942337212628022058425e-02 -1.0376223844019141773209469e-01 1.1447869197633014914927685e-01 -3.7742728523196579504261905e-02 -1.8226115772071154602640419e-02 -1.1322243139434121084185847e-01 -4.6580382274061055136726850e-02 -2.8935876333180682307144593e-01 
-1.2133219429971190477304633e-15 -3.3689145732346489192346336e-15 -7.7221026837472589443578386e-02 -4.6099724747021106341371421e-02 -1.1236424088239732599348031e-01 5.1929541614691564210826158e-02 -4.5214847744841218361297922e-16 -2.7003309124087904758755254e-14 -1.3655224890363387713065890e-01 -7.8019741438259793131493325e-02 
-1.9996411458287344231621319e-01 9.0008903983570517914891695e-02 1.6185298095534993850774796e-02 1.0054387672423442667835047e-01 1.7777993933136870747213902e-15 2.5208912144668328219810234e-14 1.3009629057050668493838292e-14 -6.1649433820880064756368932e-15 -8.4359597065867833465269143e-02 7.6149513978782515377652373e-02 
-7.1271329231460400777109498e-02 -9.7212561444333808746698367e-02 -1.8386739392063141534938708e-02 -1.1421763669255693973703103e-01 -4.6666796258931816931969649e-02 -2.8989523079374512892769644e-01 5.6696787915695678310107896e-16 -8.8937474734491486353352292e-15 -5.8396962627936269130124458e-02 6.7591680599420583819281205e-02 
-1.2207322555044117229350320e-01 -1.3993926486087687743875563e-02 -7.0027202034670453428680147e-16 -2.7129161412948536235154466e-14 -1.0512634716660579359270855e-01 1.1729498919723342631460383e-01 -2.1816881159319714833522141e-01 -2.2912775767863862580453471e-02 1.6228177674070184965948727e-02 1.0080951646108679553570653e-01 
1.2160290131539536415832932e-14 -1.7836610693200073440395367e-14 8.8588412302612691289406976e-15 1.7043706853072432565912105e-14 1.0403236708644540697843439e-01 4.5740440530636403138053936e-02 3.7214272447277388367048445e-02 -1.1453375360996910503619262e-01 -1.0294561270237362338164644e-01 5.2782019120526414701632945e-02 
-2.6128591515540178225052159e-01 1.3396531361301905471705709e-01 5.4449941507212430963451924e-15 -2.4347666585269936863835005e-15 8.2329162157675814248669610e-02 3.4651833845210325280028485e-02 2.4413686295239264006928792e-02 1.2042289772408611148168944e-01 1.4361267541719893876293072e-14 -1.0879437984630359801152868e-14 
1.4403999164384725939491716e-01 6.3734952472043374105403757e-02 4.5626525751412370934811946e-02 2.1457130701292409513669668e-01 9.0860764840006269515981785e-02 -4.6585767917132758775267121e-02 -7.6843870074546873976311568e-15 -9.4864309532865598305965451e-15 4.2914079661194855493417235e-15 -1.0341655484833759521915024e-14 
1.1353974615904916661834889e-02 -1.1307523407876707288721718e-01 -1.2042791532601537785041046e-01 0.0000000000000000000000000e+00 
18 (band)
1.1579319771922851334267079e+00 (Ry)
0.0000000000000000000000000e+00 (Occupations)
-1.9885449213565280391532894e-16 4.0951952813818508285469964e-15 -1.8304480360747016096200760e-14 2.3653307412240928064789083e-15 -1.1063518807623996809130773e-01 -1.0667332641304413942684448e-02 -3.4037683839476946399096225e-15 -2.7598277852923807682722258e-15 5.9672446343786346399483822e-16 5.6037689364603236645064841e-15 
-3.8080770610724595792717651e-01 -3.6717018878738523490756762e-02 -5.5009050849221431558333566e-15 7.7677812809413303060744543e-15 2.1864641573902091743299290e-15 1.4979685617576189619514883e-14 7.1335233971124852735558903e-15 6.6697834483641780435927900e-16 1.2692989065434601148041338e-01 4.1667929722718682894466724e-02 
-7.9876397843037794110898631e-02 4.3198672598707410497098635e-02 2.7522625974572660278948840e-15 4.8249382803563215479215995e-15 -7.0660669882223001829860785e-15 3.6854332248078498766505846e-15 -1.8407809228466224618141358e-16 -6.4190465481999147463227287e-15 6.3902972716230176346001518e-15 5.9264576836608306025828810e-15 
-2.4042917085062839172016069e-02 -1.0851670361924309338164107e-01 5.6508199831579441032712420e-15 6.2848492440775010231740389e-15 5.4714951319255037158886819e-15 -7.0973378526068088712139222e-15 -8.2756092759463287245047525e-02 -3.7351583315461917012001436e-01 6.9652340333366968826324048e-15 4.3349115431701043907218101e-15 
9.7959422435654256501395502e-15 -5.5240259615061428290675700e-15 -3.2578217404223397945778288e-15 -4.7060890289828799177983556e-15 -4.0506276017801545741292557e-04 1.3359359802423892427114538e-01 -6.5767543461125066439620923e-02 -6.2617844691109758592517665e-02 4.4293625697289223321464674e-15 -3.9118880829443256084188584e-15 
4.5537636426875317609378938e-15 4.3303018310480386352515655e-15 -2.2499786181651219402221676e-15 3.6698364638441550221063050e-15 1.3079364861779168002317934e-15 1.6735067569192348068684181e-14 -2.4053211906504345235502385e-02 -1.0856286747527599256812891e-01 -6.2461829267408443690958779e-17 -3.9883376299492084725474925e-15 
6.6483141123056962614038800e-15 -2.4316862397935197639350751e-15 -8.2743520817548821266740333e-02 -3.7345874909969994925873493e-01 8.2679623499866855277513086e-15 -5.7008076407326546322052414e-15 1.2763842091600963198089035e-14 -1.3805693630812196835147544e-15 -2.4483920388598569277226090e-15 -6.5972787691587185104539050e-15 
-5.6790317230269268811149175e-02 -1.2093616778307340886566834e-01 -3.3148364825629626773118019e-02 8.4542185983095013979138344e-02 -5.3825381222744836359641260e-15 -2.0970066590535542090774904e-15 -1.6615435860188098375074654e-15 6.5129063240591210919285594e-15 5.4830102723779705915296377e-15 -5.5332352921349353054663548e-15 
1.8608751226959113059126924e-14 -1.1120695562662967467144644e-14 9.5816571284545654085818001e-02 -5.6423734941481985816214006e-02 -5.4040907806852176739318872e-15 3.5079739149931319504878321e-15 4.0642479863870337098666668e-15 -5.3151806910584616076645205e-15 3.2961122276727761182257836e-01 -1.9409886486597158206102165e-01 
-6.7726755994706635262125738e-15 -5.3630403350721622457511571e-15 -5.4399014249945320528956757e-15 -1.2574525950829141301347155e-14 -4.8957718510412008802523818e-15 3.9919218247816985777535589e-15 9.7467957274269892420370809e-02 -9.1382132356106579584853478e-02 -9.0647804948604471242390446e-02 -5.4009961501754527243845949e-03 
-1.8184339418864010396729003e-15 4.0511093620750842029309278e-15 6.1383316511331050062798231e-15 0.0000000000000000000000000e+00 