120 (index of k points)
0.02570543823922278453553147 0.04445921670132005343312187 0
18 (number of bands)
52 (number of orbitals)
1 (band)
-1.5305586881826929168681772e+00 (Ry)
0.0000000000000000000000000e+00 (Occupations)
2.6066025154945859920729845e-01 2.0304698102380155932955574e-01 -2.3465096527909845569581648e-02 -1.8278665628832319045571353e-02 2.3782053467160010353663285e-16 1.1387919729601559290722963e-15 4.8963475855732796482300273e-03 -7.7008312125071464240844143e-03 1.0051842219585604976117565e-02 -1.2085748543662427900713396e-02 
-6.6179314119792253675403533e-16 -7.5994253397169310320979017e-16 7.1708629097411852315602232e-03 -7.9950117101350581805263573e-03 1.1048145318906618661536356e-02 -1.4882870544797068002029761e-02 7.8759072049249395641723481e-03 6.1351098737665900328952517e-03 -1.0353446117181142374126894e-16 -3.9551242913072680280748258e-16 
-2.4029340913919594961621039e-16 -2.5695828316550219147414678e-16 -3.4253154929691116692413999e-03 3.8265543781297907399707725e-03 -1.3320813615538412699734749e-03 2.7013376348430616358253786e-03 1.6160921106993952900410250e-01 2.8819144008463326578350916e-01 -1.4548340007860465633582336e-02 -2.5943518945022382010678896e-02 
2.3091958996469729923094978e-15 2.8629542672833323796521633e-15 7.4979545397852002952543415e-03 -5.2017015256256050881322750e-03 1.3949838882150886187893946e-02 -7.2461607096699146013385473e-03 -1.8391546488006165383776538e-15 -1.4865137896000752080131376e-15 9.7087459329470524732608183e-03 -4.5914855466350212864767855e-03 
1.5952222369769536447492442e-02 -9.4386414332845898489399161e-03 4.8830579372170397622898719e-03 8.7077685227359945263625463e-03 4.1789910042567329942796376e-17 8.9906314402349697679453077e-16 -4.8185914497115605099506119e-16 1.2517426635852261033616477e-15 -4.6405215993757936709940282e-03 2.2001963368916827024079907e-03 
-2.2748071598272428042730731e-03 1.9740613356261991866158478e-03 1.6219990273173140460372110e-01 2.8924488259767233699903954e-01 -1.4167880013626371615842459e-02 -2.5265010251583265576957871e-02 -3.3226322132866783351563239e-16 -1.4470103842082592088487431e-16 9.0371270105969667141287971e-03 -2.6563142087973677478440759e-03 
1.3256188056017415011211824e-02 -8.8279264387583090273325936e-03 3.1887342827432887130866187e-16 4.6546368480415749166110680e-16 8.5116260891236646124458076e-03 -6.6200279930228658753499360e-03 1.6539771008333356561159633e-02 -8.2071490513158009555416683e-03 4.8837602044456401156891090e-03 8.7090220837533361547544430e-03 
-7.1742697712894949258279125e-17 -3.1418454668220597335827958e-16 1.6605486781290583691077521e-16 -3.3859992155823900139039295e-16 4.3960322271829922746722019e-03 -2.6874569522043040802061764e-03 2.7500869379974640996366908e-03 -1.1560301012323778973439614e-03 3.7439213224622631959181973e-02 3.2949918948037376642545837e-01 
-3.2702612574751922097648915e-03 -2.8781156307593001864031379e-02 -5.7600223257576027274271743e-15 -3.3621535547763450799876414e-15 9.3603575457640256912705823e-03 1.0532693848576174695808039e-03 1.5641350390332191960807151e-02 -3.0011606008025033462405240e-03 -1.2809154538456321738820882e-15 2.3656988114682314481112883e-15 
1.0411918481594294866310335e-02 -2.8043720940838347613355275e-03 1.8427803605964149930018792e-02 -1.1564492286549794310135386e-03 1.1272767738570803851272384e-03 9.9210597450543145520152066e-03 8.5446847698951128244556057e-16 1.6483932724106604690649954e-15 -1.8860455624032654976830285e-15 4.9819809131014259591206462e-16 
5.0939715802990007814665674e-03 -7.7393652934049409711919632e-04 2.9831834944384206902145973e-03 0.0000000000000000000000000e+00 
2 (band)
-1.1486723537819558682571142e+00 (Ry)
0.0000000000000000000000000e+00 (Occupations)
-3.0241536073729258227160699e-01 2.5853296438588047045925578e-01 1.3359315109185199155206192e-02 -1.1420798637718795540130223e-02 -4.5742385580129526792331902e-16 8.6965038117713722850173554e-16 8.6915648374893045291500471e-02 -3.8838623956667858716507169e-02 -9.8287993084808233934523969e-03 6.9741352617846974482063160e-02 
5.4290211396514921024645043e-16 -6.9947535959192563180946197e-16 3.5471526448043931567521980e-02 -2.3281207808922243368554561e-02 -1.2480923969033802523043164e-02 2.2851419740558626125803698e-02 -7.6791504014876972930569998e-03 6.5648591150494033097384516e-03 -1.5936159678787681964063594e-16 -6.6286745822662345344789551e-17 
4.4460602188232434373002071e-17 -6.9349689447270830687467938e-16 -4.0795990410466623221630300e-03 5.9420080842692568623419902e-03 9.8900683758752373081479803e-03 -7.0419839784781751435005503e-03 3.7897113084440903207905649e-01 -1.2114134748512540851184127e-01 -1.6741197811255617566850162e-02 5.3514705973591730758798235e-03 
3.5545197829557063691902388e-16 1.6035487900975087452057239e-15 -9.5174905672700968461974469e-02 2.1227278359769235702159129e-03 3.6086669064103855941727517e-02 -6.0483170193622259880328329e-02 1.0237636527644601235194371e-15 -1.2061057661604031133243565e-15 -4.1721724060137146961046994e-02 7.7163182313190470384967057e-03 
2.0360985226214361326624314e-02 -1.6229329249792034950417019e-02 9.6231110204576739142190434e-03 -3.0761112426302313072046246e-03 5.2125767082151653126093243e-16 2.0696723466894204081320171e-16 4.3295539176411709982459275e-16 7.8464112014057734186424338e-17 6.0634527765201472193634658e-03 -3.8968100846896724931411882e-03 
-1.1846168153506763526250367e-02 2.6591898975783165304243028e-03 -3.7818610374818129038487768e-01 1.2089021973001741472319992e-01 1.7143049901693185876894177e-02 -5.4799084580239437736182140e-03 5.5009116748937652620941202e-16 -2.6090646009861725680962018e-16 -7.8617782748145070836898185e-02 5.3394869083275092735973999e-02 
6.4372360224587032995202662e-02 2.8307188887249923325839518e-02 -3.6313244850617477806061334e-16 -1.7492850300489290775745228e-17 -3.8577526887819339751484193e-02 1.7980304831557332445601816e-02 2.6085428502820959262287204e-02 1.4313010732894121401770349e-03 -9.5900020624037282668261639e-03 3.0655191788417886569750870e-03 
4.1628728678359163139014365e-16 -7.3505590903622151862196732e-16 1.4819285211859889393408778e-16 -5.8028646425948162890107136e-16 -7.1804710725342198521237158e-03 3.4260350484199494913717388e-04 1.1163005288134433129476619e-02 -4.6924953371478891200885286e-03 3.9548267788468349781538791e-01 3.5108770809732833817484732e-02 
-1.7927095950089153714168688e-02 -1.5914733539897783949623733e-03 -1.8793941876507075288538469e-16 1.9025825289264019029573632e-15 9.3166180980717744342101128e-02 -1.8757146108260517453070193e-02 -4.8373029971410533289777334e-02 -5.1040647282032912401827929e-02 -2.9475596833462944896598978e-15 2.0106345422344801334036577e-15 
4.2530848888607961089114440e-02 -1.6259875244251046494392554e-03 -2.3492543855799945945461715e-02 -1.1427973841478467759147364e-02 1.0028605987392025244986371e-02 8.9028610143024767154679155e-04 8.4736427554258851160818882e-17 1.0708339827168607824760228e-15 1.5233444927103298402220789e-15 8.0604328949120559912880431e-16 
6.7521758910162538516730457e-03 2.4667109116874815812059385e-03 -1.2109178318622173739504966e-02 0.0000000000000000000000000e+00 
3 (band)
-1.0781756356737448587779227e+00 (Ry)
0.0000000000000000000000000e+00 (Occupations)
-9.7272461387208658534220262e-02 2.6466368941690326943572131e-01 4.8914818665540399367230862e-03 -1.3308981486160297025289623e-02 4.7677465127145041519446880e-16 -1.0150439178649662092478874e-15 -6.7121405027949054833413811e-02 2.0351654882427039350289988e-01 5.4417769460417202143087678e-02 -1.1193227130670037328119548e-01 
-4.8678764742836521480874622e-16 6.0577977469994570631798989e-16 -1.6256870481178520293497058e-02 4.1695062016526340809008389e-02 7.5034197438403546498442154e-03 -2.4804098423293334529926568e-02 -4.1583207682742880095805305e-03 1.1314156034259583577528119e-02 4.8447369421920439569661718e-16 -5.1537206160057427719655469e-16 
2.0791900236846988478501292e-16 -2.1455362888331773257632239e-16 -4.6007937215660939245243100e-03 1.3800527361299119027959748e-03 -3.4892902103564327198625961e-04 -5.4626912067249500798427064e-03 1.9223320262593157625730100e-01 -2.0628910792445850908016780e-01 -9.6667146547213950169563645e-03 1.0373534153507710242614337e-02 
9.7016462331441006588698627e-16 -3.8915791624392668546675595e-16 1.4074258474202314128653768e-01 -1.6160381647225963153147177e-01 -9.3541236212261208438079052e-02 8.2098502549108609560590821e-02 -3.3258021460861177296822281e-16 -3.5963620055751990744942566e-16 3.1144096264957295272512994e-02 -3.2137350579087987922921599e-02 
-1.6529100918872104836188086e-02 1.9958292243035455348909579e-02 8.2178144992329470175373984e-03 -8.8186894284598207893743904e-03 -5.7948862336476700150286740e-16 5.3983422365441211342298588e-16 2.3255306609620618481830845e-16 -5.2725243690482911705917433e-17 4.7760941453684905080856460e-03 5.1065951228128347860746317e-04 
-1.7952131793633734763160348e-03 5.1710691662744355523440021e-03 1.9101787214254886682063272e-01 -2.0498454853775030515272704e-01 -1.0075082524663823632660176e-02 1.0811745410907666609112709e-02 -1.3060384420853791478749485e-15 7.4297272068829487054945047e-16 -1.4990896514953416795989938e-01 1.5105409851373696739074148e-01 
7.5376199569529678257140404e-02 -9.7864922303484411236773610e-02 8.7607714393413034141661143e-16 -5.9828489605272544836043085e-16 -3.0774806949029516467408740e-02 3.3850583022162983315439533e-02 1.8743613597774974599552422e-02 -1.8686258963457852422251904e-02 8.1960093512124278236630204e-03 -8.7952816628608463528360417e-03 
5.0085861535635102289444152e-16 -1.2431342130089428605838973e-15 1.2229429146395664708612751e-15 -2.2044516289347134171670000e-16 -8.9768459882705320396212301e-04 -4.7789065922266525665573766e-03 -5.0643120631063921407988282e-03 2.1288407672107809154304903e-03 -2.5552704515870322543591442e-01 1.1494529920598162142653109e-01 
1.3477567191944921087820575e-02 -6.0626981861031884607493581e-03 2.4615109929016916761704615e-16 -1.8780619531121604363753562e-15 1.9673136863244164440622797e-01 -8.1159146779709590013851539e-02 -1.0741072364702762553800852e-01 6.1008613528215002719257143e-02 5.5171549567378840145377151e-17 -9.3083739358205391041665320e-17 
4.1487789054371677910371119e-02 -1.9279887786768458435293638e-02 -2.4520263303823907480305522e-02 9.9627311648523841913771548e-03 -1.0963907742355172292292309e-02 4.9319647029672135721267701e-03 -3.0445987002257753917758022e-16 7.8346182525964812506338564e-16 -2.2021136374213952744577937e-16 1.8420872099985679027464626e-16 
-1.0243584370899013347849804e-03 4.7533646660604935915706015e-03 5.4935616574936030689912947e-03 0.0000000000000000000000000e+00 
4 (band)
-6.7857169449885923473431149e-01 (Ry)
0.0000000000000000000000000e+00 (Occupations)
-1.4469473191195048045187832e-01 5.6583547888170354633885495e-02 -5.7644770941128742336445612e-04 2.2542369208708445960098743e-04 -3.8437348453226176808814636e-14 4.1495398998585933633199744e-14 -2.5519674204615622192804381e-02 -2.0290727294557051041401508e-01 -1.5188266422130075605778643e-01 -3.0880715214683446268040257e-01 
-3.0267413407774970763308303e-15 3.1990619340606851836290252e-15 -6.0261173651242339044387109e-03 -2.7465415324075058423058948e-02 -1.9859018112221404894768284e-02 -4.3813042701661565614390526e-02 -7.8293779824865905592190529e-04 3.0617052147764028946497206e-04 -9.5253846071167024826019454e-16 -3.4316247761628183122187627e-16 
-1.4942343132113409617760117e-15 -3.3628858454216410864300337e-16 2.8476329729156405271006669e-03 -1.0601859910710864295935174e-02 -1.2389473541113076027198048e-02 -6.1737583915836983031177887e-04 1.5531574832219965931479067e-01 3.9091761029587945852625808e-03 6.1876109637101772698031255e-04 1.5572676915986960466398159e-05 
-5.0386342138271119258078106e-14 2.1909823069083318537493260e-14 -5.5104083573291176567643390e-02 1.9694200963549135519059519e-01 2.0347446859591444834336471e-02 3.4353483420797770175880714e-01 -3.4353076427493264253874616e-15 2.7441093327240767837374639e-15 -5.0880209793024572251241011e-03 2.7654568735318234284914496e-02 
1.3290600895146109650113431e-03 4.8085308675698629210515378e-02 8.4040735537672245358820078e-04 2.1153278156948313037943876e-05 3.7499912966105653290873090e-16 -1.3654938298399591815506458e-15 -5.6068281767901675437351021e-16 -1.8767216058979271978493004e-15 -6.7335138674149835891213911e-03 8.6699618287577259745368963e-03 
1.1182156364972339196439677e-02 5.3702501414720597849861150e-03 1.5521862419246046371767989e-01 3.9068463370034445247824806e-03 5.9762822513860502926519302e-04 1.5043134192568689833091611e-05 -5.3321814145830621048716921e-14 2.3149432275313237675126565e-14 4.5239882523344182585489648e-02 1.9953057768068288568841240e-01 
-3.7673094873448956243500163e-02 3.4218335345083189524828526e-01 -3.4093004731624158845408307e-15 1.9507782479808221981755459e-15 3.6263551286165873754896438e-03 2.7832846893518461972583111e-02 -3.7070341718241639483721883e-03 4.7887536991632222160841792e-02 8.3979987709909215479187061e-04 2.1137028926145832313787665e-05 
-5.1770170532450375098624645e-16 1.6478599696226901209076365e-16 -2.5417451306176221035054773e-15 -8.0130439049682176109113175e-16 -6.2877419580651874170262872e-03 -9.0093696023304369741024900e-03 1.1436956711139818765321507e-02 -4.8076539115526981810200269e-03 -1.4157636623637798178876324e-01 -6.3751213853601218506383930e-02 
-5.4510199015420091050998508e-04 -2.4545796322132662492521149e-04 -5.3034418134962112186379823e-14 4.4898087491914314846199560e-15 3.5616228136582578356339468e-02 -2.0147104678747398964766546e-01 1.6733082084481165630052146e-01 -3.0084731318661134258363177e-01 -1.0947061518693641766462272e-15 -8.7226811161192989293907148e-16 
7.4426588178496070474787771e-03 -2.7063345089581893054830886e-02 2.1974545184044440987447544e-02 -4.2709222252704848177273789e-02 -7.6598963326110567750165670e-04 -3.4492098994882216004762010e-04 2.3836027686172311729372467e-16 -1.2664989035269864292667120e-15 -2.4870930493229875344881342e-16 -7.5323102961744192991480910e-16 
2.3051664732543393487862460e-03 1.0742003867675316980401234e-02 -1.2406349783306932013648982e-02 0.0000000000000000000000000e+00 
5 (band)
-6.5479421429678397181817218e-01 (Ry)
0.0000000000000000000000000e+00 (Occupations)
-1.4050203310650976308064012e-14 -2.6701154697742951759785576e-15 6.4723514795436306309857430e-15 -7.5760971545404971060151324e-15 2.4004693922075337475519063e-01 -2.5420585855989391577125502e-01 -4.9477294031941882720217620e-15 -3.8065085043574736147786961e-14 -2.3347227875925599810602665e-14 -4.9092992546047505277505857e-14 
1.6876881298354379223880528e-02 -1.7872345617245932736238956e-02 1.2490377489031542777805206e-16 -3.4043478317618717112352479e-15 -3.2645799621925906626720762e-15 -7.2983872209608952598365101e-15 1.7205211282777182392614683e-17 -3.9193857040290920436078408e-16 3.8506940948393299575802651e-03 4.9762755072233350039923039e-03 
8.2037452515286365950508696e-03 6.9720157001903135252085519e-03 -6.4689318901616301419219729e-16 -1.9035334787321062234499270e-15 -2.1504528535847633664035436e-15 -7.3692868780792117057795524e-16 4.5163725941904822873840737e-14 -4.6776437241415577544982524e-15 1.2192843772770669270536965e-14 -4.1662956668109626055518974e-15 
3.1979916027298743719242680e-01 -1.4132108350884553527038179e-01 -1.0596675647116909863967104e-14 2.9440478591289682812703636e-14 2.2805680701045566611868803e-15 5.4420534562888633482744596e-14 2.2483987475433307723360343e-02 -9.9358023040734613773317108e-03 2.6643376684771969567468573e-17 3.4512075105604414776625858e-15 
7.8339199771488682545823328e-16 7.8706891740809978084125962e-15 6.1002433928898429121214734e-17 1.7034184804036142291251702e-16 1.6214286727850818307927749e-03 6.0796490026062584288712998e-03 4.8609656999726155376939651e-03 9.6063235183581480169934252e-03 -1.6692737700773688321696032e-15 1.2119049398477495777682352e-15 
1.9545071223549604356625428e-15 2.6446794818167651123380122e-16 8.7735813069624601521344246e-15 6.5334973812028991293088053e-15 -6.9255267229881934193562330e-15 2.9500813888102925918744991e-15 3.1983172987398744702147724e-01 -1.4133546310498873443961543e-01 9.0948096430390969234288549e-15 3.5473730625160311280225317e-14 
-1.1132313620927970787078089e-14 5.3961463237428432993630387e-14 2.2451407976144237971238837e-02 -9.9214057780882929094001810e-03 -1.6470106072676049337606063e-16 3.8147924806571291768453387e-15 1.0135681161059813764810200e-15 7.7748780769838551962032251e-15 -3.7499385420903934576998502e-16 -3.0069751541741479160325230e-17 
3.4037576679047543831702072e-03 5.2932911873576678901676118e-03 3.8315406070731344162494381e-03 1.0063417693233609254144234e-02 -8.4431990738802355938227734e-16 -1.1407159588674009063932563e-15 1.6055884993898732803299737e-15 -4.7881527219499099515233627e-16 -4.6825716242583199824384402e-14 -4.6347777399805115465838971e-15 
-1.1597549881727840567160299e-14 1.6209196875095854250733318e-16 3.4961078135099876718072665e-01 -6.3521750949890763357497114e-03 5.5144364750021807773519474e-15 -2.9883167966921552721297210e-14 2.5416467971209892321094346e-14 -4.8021074135803145591345781e-14 2.4541825092995579737920053e-02 -4.4590787120209565176642830e-04 
1.7236263407227973874290623e-15 -3.1276836175388097003212667e-15 5.0390637237063734298983851e-15 -5.3983126598639343779328297e-15 -9.4501927068616093223830489e-16 7.7486547448971805915348654e-16 1.0865659324932976960431663e-03 6.1986992450287822092880319e-03 -3.6757510920062508134875667e-04 1.0761875655815844946006088e-02 
5.6925710931957259409039888e-16 1.4771981852000718433768512e-15 -1.7183611886110537512214609e-15 0.0000000000000000000000000e+00 
6 (band)
-4.2286475010410112806980010e-01 (Ry)
0.0000000000000000000000000e+00 (Occupations)
-1.5264294608099029937342550e-01 -5.8377956806897057795424644e-02 7.8093414294245731832599944e-03 2.9866761978544764666310130e-03 -2.5881930279150818484849065e-15 5.0352070852738958199648857e-16 1.5616546292976402066088326e-01 -1.6316561640218196771456860e-01 8.1327405155491264143741148e-02 -3.5439959025750150667377625e-01 
-4.3181503169181278244943649e-16 -7.1708548465411526568552716e-17 1.9506359610187359865385304e-02 -3.2461840789914236937718783e-02 1.9460539560104257034156561e-02 -6.1604901374010263837011081e-02 -1.4902427033149881919343871e-03 -5.6993392650761098144895911e-04 -5.9720178160793241829480200e-16 2.6895861048735988434122536e-16 
2.8107472074600582740093059e-16 4.2514680307531625795458451e-18 2.1441576286415874041946239e-02 -3.8553833314943969368115972e-02 -1.1677874496970712392407421e-03 -2.7362646275057588701740130e-02 -1.1809353917857004501179574e-01 -1.1296800800897503769260055e-01 6.0417605238334282091727800e-03 5.7795482561088518114189583e-03 
-1.2063531691898516737988757e-15 1.6051057142798214141112528e-15 2.0719240535103722322674002e-01 -8.9899818424844679665142166e-02 2.1230810307242387047210741e-01 -2.9519228610142955737671855e-01 1.2237591925378005752618340e-16 -7.1232027521829236298469170e-16 3.0561663416395108694434413e-02 -2.2366356474284851407752228e-02 
4.1812813812805792179627673e-02 -4.9250026135299829199709620e-02 -1.1529415553848329500929992e-03 -1.1028933607732001320744786e-03 -1.4116931260941176320466614e-16 -6.6891302790332984300900855e-17 -8.4830174685598231880807797e-16 1.4006498979319108215533378e-16 3.4706410416354846470987638e-02 -2.7232413277822831165764228e-02 
9.5269116983762187206297156e-03 -2.5677151169724993229337429e-02 1.1809916507784519457135985e-01 1.1297332248465116744107206e-01 -6.0488962741612889439934975e-03 -5.7863436735200377003529582e-03 -2.9972544879772757588531404e-15 -2.9651205840727356605452043e-15 -8.0945632267322153996502720e-02 2.1072356869355324260340012e-01 
-2.8536633455683674265301875e-01 2.2540254754790522984109202e-01 -2.5201474426459626433983187e-16 5.2306582802347902420968672e-16 -2.1057019089681980328343514e-02 3.1483653617174978123216533e-02 -4.7337230884596862012791973e-02 4.4008932811299909804159114e-02 1.1515199882515566968954612e-03 1.1015489656519491818570389e-03 
4.2352958679041939544751256e-16 -1.1407013931143151482459475e-16 -3.2093117128189685774352707e-16 1.8490397605601851761074712e-16 2.5633208069527964323430780e-02 -3.5883012300457976795353687e-02 2.5254199776244278669024013e-02 -1.0615888072663975938425551e-02 6.5092345208510482557073829e-02 1.4991121032319376649155629e-01 
-3.3339562211819051551486837e-03 -7.6782586019695231449588846e-03 2.0386099069638509073780981e-15 3.6332199541777098392507698e-15 -1.5627946296436273643237769e-01 1.6289059899723085100831099e-01 -3.5041570892878154408478508e-01 9.7206400383046662194708176e-02 8.3830766728544929322428791e-16 1.8093808218362552725117619e-15 
-3.1612096475356135649725786e-02 2.0863697046836517795531663e-02 -6.0692596257362924072609189e-02 2.2226298714626471081379222e-02 6.3467645211461292537036272e-04 1.4617093446404885118822259e-03 -1.6918167050742779090380055e-15 5.6449000189132969464730184e-17 2.2798352952127385732807897e-16 -7.1709608599390840778837786e-16 
3.7535536530657886977735416e-02 -2.3145959151573813200597485e-02 2.7394738288763584299623233e-02 0.0000000000000000000000000e+00 
7 (band)
-3.9025670625741665231700495e-01 (Ry)
0.0000000000000000000000000e+00 (Occupations)
1.5287977157062974942203226e-02 -2.2412990794953360773611450e-02 -4.6074102801696437126111050e-04 6.7547875425275159116944579e-04 -7.0543091679526718487140347e-15 -1.9786573531799588281792215e-15 2.6063367250832120136649905e-01 -2.8395144713477282749636288e-01 -4.5245840203653173161590928e-02 2.3610084737445108382658532e-01 
4.9065927765333237464832599e-17 -7.4834948450290944822771717e-17 3.9878946592596734022073690e-02 -5.1485918078999527713879303e-02 -1.5559349788251172763686725e-02 3.4882502590292810418226566e-02 -1.1472193569673563851019082e-03 1.6819064407110860537297725e-03 -7.0717333809180305858166441e-16 -1.2451972550080346475157891e-16 
4.7920168077651766756562190e-16 -4.2185300446573428141098139e-16 -2.5328104534728598795645382e-02 1.3323436266970746857940533e-02 1.8362550522862973456650337e-02 -4.0627635649179857924018222e-02 2.2778806074885728227830128e-02 -1.4737380897978324956199003e-02 -6.8649872173327797231223713e-04 4.4415464358316114612534875e-04 
-1.2328622824447581053878517e-15 1.4418197914684711480648133e-15 3.5030419030255588452860138e-01 -1.6076476551649557245049493e-01 -1.3320323117059992834576576e-01 2.0011920295759866306184449e-01 1.5099821656776146945039132e-15 -8.6699112514511836653189477e-16 5.6714527125019328912536309e-02 -3.2009257329066065356215631e-02 
-2.7861104679615708579198952e-02 2.6127403216280431497153813e-02 -1.7093442126642393111279894e-03 1.1059221902745136612011834e-03 -7.7480533405524934657240508e-16 5.4010296741572273385120175e-16 -7.8317001649884169649295017e-16 -7.6828220562622552462749553e-16 -2.8512085488600485971844023e-02 2.4673496657017651711996109e-03 
3.2671600749757175041754209e-02 -3.0337345707818416662426841e-02 2.4502058384157560100291562e-02 -1.5852652410279735595288741e-02 5.0075329883969392497089501e-04 -3.2398000357379552749392815e-04 -5.6904453815640485290788789e-15 -5.9511509027835922542387751e-15 -2.8859824514270349116173975e-01 2.5214070432860824499954333e-01 
2.3571924924232312559269076e-01 -3.9355485942176471336750865e-02 -5.0128550171824715340636439e-16 -5.1167007369219994083342459e-16 -5.3809098745774081029580316e-02 3.9519321306467583565513735e-02 3.6064130457563868537018692e-02 -1.5194291303627330269598872e-02 -1.7195444454066895461491482e-03 1.1125191269273999785521800e-03 
3.2685842864221856279390676e-16 1.6705791230171683164121915e-16 -6.0151508901391130272262631e-16 -3.0436589891708222127938744e-16 -1.3684192378452354060813789e-02 2.4854663965233905753571264e-02 4.0647679830369681797108683e-02 -1.7086711252623811713169388e-02 2.8730694657809641157086844e-02 -5.1190465891043090973511198e-03 
5.8717331530702687736322787e-04 -1.0461551889750370092357912e-04 6.8882156457308478107410840e-15 7.3428518228907976087280337e-15 -3.6375654071171537040640942e-01 1.2060290613506474688421122e-01 2.3255175421377127786826122e-01 5.5064510795972493317762542e-02 -9.0676921934414467501806339e-16 3.1841527403026478477639180e-15 
-6.4918978325560844355734957e-02 1.5579541633881859030719141e-02 3.9134217668165480197295381e-02 -3.1644604716205004812934476e-05 -2.0163031636347738054237944e-03 3.5924011444272827995802255e-04 -2.8973870769626430039322615e-15 1.8616546918608950990778204e-16 -9.1193411808509542931231587e-16 -1.2922153944047815335946438e-15 
-2.2246522394802816652292776e-02 1.7609761020886151999809144e-02 4.4092965164781394715731722e-02 0.0000000000000000000000000e+00 
8 (band)
-2.6140886409198071937964869e-01 (Ry)
0.0000000000000000000000000e+00 (Occupations)
-4.8642154362302601538926757e-15 -6.5283364312218017200742262e-15 -5.0358432388794889629360920e-15 -4.8741218948614871299029763e-15 -4.4752425419519614724350731e-01 -1.1953147494152124852284658e-01 -2.4297358584830483567185907e-15 5.1149206802821437661419450e-15 -4.1052290481688266714262969e-15 9.8217885281160471841380338e-16 
-3.1872363498841316253873401e-03 -8.5129362628256349809774406e-04 -2.2641066820793121440753092e-15 1.5489753524484548679088262e-15 1.1846448739005238978655049e-15 -3.1151980187510602058932721e-16 -9.1322976962296362755634625e-17 -2.6145618565386240793055126e-16 -3.1260780428868026326050256e-02 -1.6319076964757546488460349e-02 
2.2659545704046948899623715e-02 -7.7314597116065475468360546e-03 -3.6152600077286528103099726e-16 -6.2886872320201455170976001e-16 -2.8620536301704578240524082e-16 1.0008314770175562027905968e-15 1.6458005373940856639578724e-14 1.4405967389866843974695919e-14 1.0333474411622522262565012e-14 7.7276718533533720395401072e-15 
3.6623580978450942513546806e-01 2.8361428600502797126026167e-01 -8.1280988104280949917823812e-15 -7.9409252418526217987211247e-16 -6.1867788012179619344680100e-16 -3.0050339471425887391733742e-15 2.6083061976095167633360461e-03 2.0198799884340035148966308e-03 -1.0335559028701537749239105e-16 1.6650985708925190424965559e-15 
8.7405677681582767755814272e-16 -1.6480177710403837938147328e-16 -1.2678959658968114814470851e-16 -4.3035107487881320116674544e-17 2.2494264887997113266937532e-02 2.7157995381693736391959249e-02 -2.3885061360636394844902952e-02 -1.6535793251712949114562434e-03 4.0157206485957428685735965e-16 -7.2263767767325808099303135e-17 
-5.5681644719861085184856174e-16 1.0200708690798492392664699e-16 -8.4647503860495511030980647e-17 6.7497751632331029183104530e-15 -1.7269980347898019155546023e-16 4.2049885560802250861123120e-15 -3.6621615999737799906910141e-01 -2.8359916659147754725012192e-01 5.2695721100370344250872663e-15 -2.1535993159034858004781743e-15 
-3.5173628885620496476685044e-15 -4.7723377792147348842888690e-15 -2.6248080250615979380768295e-03 -2.0326626322531935603388220e-03 1.6372047723339560086057428e-15 -3.3612168914126972215942397e-15 1.4047657534003749951748274e-15 -8.2063049666364926809998988e-16 1.8231991865413895128881590e-15 5.4282721291331124292503904e-16 
3.1918029820367559146188086e-02 1.4980050742334851537895801e-02 -7.5761418655045315376228565e-03 -2.2708415128505059915609010e-02 -5.6974946209208124562371974e-16 -2.0963350413172296515961118e-16 -1.7033441215062831908143248e-15 1.1740187471857658600752316e-16 -1.5602984184657977725071076e-14 -1.3610704608299249835324846e-14 
-4.7173650369896946374390300e-15 -5.6301554017495191516694558e-15 2.2770208607485134533199300e-01 4.0335409150245338238960358e-01 1.7520305455660472350831677e-15 -6.2690272496251724748534994e-15 -4.3395395217069833692261302e-15 -9.9118709639400948669825908e-16 1.6320253464174908856337831e-03 2.8909908013776863984489740e-03 
2.1394952898046115944747535e-15 2.5108232417890795888571080e-15 -1.5650019068106421055355536e-15 7.7326652209080608999497030e-16 -1.1267000331417152137740089e-15 -8.6548853470556561068317257e-16 -2.3619052415244225912038800e-02 -2.6178290831580991460114660e-02 -1.8156987879539066878253895e-03 2.3869924196071388988737993e-02 
6.4969331682664391760966869e-16 -5.2871579681192121088552530e-16 -1.0148591283559938034438241e-15 0.0000000000000000000000000e+00 
9 (band)
1.2503213492467296977239677e-02 (Ry)
0.0000000000000000000000000e+00 (Occupations)
-4.9922035336067196870929667e-15 -8.3206655764527792401407464e-15 -2.7356285950556869716569956e-15 -5.2235938753936994122489679e-15 3.8845072226555676930814798e-01 3.5269137738570499607249076e-01 4.2373115401753960619990206e-15 4.3877408752898799764777219e-15 -3.7328619806513436307182324e-15 -1.9252671404796987693667712e-15 
-1.5287052535531531205492684e-02 -1.3879783677333237812412392e-02 -4.2686172448290309971802672e-15 -1.4014307203351026343211811e-15 9.3951131901841457256522345e-16 1.3959852784673147438238866e-15 4.4749986189946474552911332e-17 -2.0610806071717688269849165e-16 -4.3394019614806933482498152e-02 -4.8474273908423556878055649e-02 
3.5512248152979236648363326e-02 1.6547443266184048982214705e-02 -2.6549780083188851156418588e-16 -1.2658314894025944820899114e-15 3.2883238043751958948310259e-16 6.4220873671180791803696557e-16 7.2613954133860939842350771e-15 1.2828797919849528828235944e-14 3.3475152208051000840882714e-15 5.5020355048823104171662910e-15 
-2.2142500113926974480982324e-01 -4.7566389413255821816406410e-01 -5.4587171817857785454929468e-15 -7.1275199771323220936930842e-15 5.1820719149383444683738145e-16 -2.0345556352786434882361200e-15 8.7139379181019049891432360e-03 1.8719232252243499237120972e-02 1.5159842596097409015945294e-15 5.5163094479121604929878930e-15 
1.6042982706068844726434830e-16 4.2104888199720235659646475e-16 1.1619875382125473135950259e-15 1.9429186468190460684353438e-15 2.1218811003184411684285848e-02 6.1502505874885281256236880e-02 -2.6325040821874118313061786e-02 -2.9016027868283070234589616e-02 8.7610184058792633890794316e-16 9.5946113585178578324752884e-18 
-6.2718743888765091200715821e-16 -1.4507878892172729207443095e-15 4.9579967437785501545495408e-15 1.5047989426672443005526783e-14 1.5127551536054537004767512e-15 8.2191492865322072797683361e-15 -2.2143093036506864001999872e-01 -4.7567686706759076953332510e-01 2.6119725556189213864650711e-15 -1.7245176490381023517754279e-15 
2.8807170731720544024580649e-15 -4.2867187430710865808639905e-15 8.7240710354116041136407489e-03 1.8741006128667716396085652e-02 1.5586377424508066661983040e-15 -2.4364904584052163040239554e-16 -3.8207005269015246042143840e-16 8.3131397187396784235605391e-16 1.7790627837403919231702108e-15 1.7242055806346183579879861e-15 
-3.3403687490942031435015025e-02 -5.5834847391101630198484429e-02 5.2544895029070668932003052e-03 3.8827116307666095784689730e-02 -8.0611863909741298230242666e-16 1.5796129324766895139121087e-16 -5.5350460984661534429837430e-16 1.5485724332799816273334438e-16 -1.1320494964114787000214128e-14 -2.2973214850262942268373726e-14 
-3.2610027029412456435776452e-15 -8.7292003008026942438263032e-15 1.9796815242986244565148723e-02 5.2431691265095314857802578e-01 1.4800145420282151618643837e-17 -2.5702816487360414278437716e-15 -1.1382685073578170197869821e-15 -4.5823371586281132457399556e-15 -7.7996763955492443617240061e-04 -2.0657356477223401403087166e-02 
1.2976364362014112664841850e-15 2.9965440001343371401321494e-15 -2.0095862570486811044760911e-15 2.6248433731547790597206337e-15 -9.8556379719272792079291054e-16 -1.7348485377675082996354760e-15 9.1567549964133056195070282e-03 6.4416537931774153769026725e-02 1.0202192491565812912379663e-02 -3.7829484388110935777493893e-02 
1.0152953234897145601300080e-15 3.1150819598394096793648615e-16 -3.8313422118912656689871810e-16 0.0000000000000000000000000e+00 
10 (band)
5.2182115573421661292030649e-01 (Ry)
0.0000000000000000000000000e+00 (Occupations)
1.1141520978900321114934968e-01 6.4932869550386906887240457e-02 3.7865421315707248339776925e-02 2.2068140929354163048969895e-02 -3.9981169336568453208775856e-15 -9.3156861995718761259140437e-15 -2.4076291726584139740729995e-01 1.5326711971062578765412354e-01 -1.5554227776199108790322612e-01 4.1712235891629911854749935e-01 
-1.6382085305958869088495735e-15 -7.8946991956948922104955818e-16 -2.0240543756929560426094383e-02 2.8498809203304220627472887e-03 -3.0014644968096720889505491e-03 2.3582180080328127291799944e-02 -4.7537998725585187131947862e-02 -2.7705308625017556478642433e-02 -5.6231434706301687792897997e-16 -1.2731701866459956555050252e-15 
-8.1345750486609802458296388e-16 1.0743615634298542937520339e-15 7.7228565216662534154146158e-02 -1.1004328930164777866629322e-01 2.1853449474483810366365333e-02 -7.6526278395479957472602450e-02 7.7547077411184023310042335e-02 1.0303435012337469611765073e-01 2.6354988057553027647195165e-02 3.5017246893196039836393396e-02 
-3.7227678757909055664053553e-15 -8.1608882557216533938572449e-15 -2.8134385947290890817029663e-01 4.7991926942347773454855542e-02 -3.0503010990777157385167584e-01 3.2425467541572494667434512e-01 1.0987158885200491999515882e-15 4.7165070769509610240175937e-16 -1.9763384733993770436821791e-02 -5.2163259764216873826114806e-03 
-1.1905401863236460963113572e-02 2.0576428575958982669646957e-02 -3.3087290407464081676280898e-02 -4.3962218578377273980883899e-02 7.6409078251499803496125382e-16 6.5403828917604187045343904e-16 1.5385685914317641321795634e-15 -1.4710846895404478740082008e-15 1.1383765830929475082466951e-01 -7.1517580750520878818399240e-02 
4.9801015454575769947354047e-02 -6.2078203893875083529962922e-02 7.7080311582827271132956071e-02 1.0241526034455018800972681e-01 2.6159010303966841182177205e-02 3.4756790057159855922286340e-02 4.3109847800836528013161602e-15 8.7604283676101290661682325e-15 -1.2416110264541205254751333e-01 2.5691605146456264474608133e-01 
-3.9599773999459081386120829e-01 2.0352532622421415364755148e-01 -8.9621596432111235292374872e-16 3.7918446484359285913003086e-16 -1.7372849850402077853672722e-04 2.0729038324670850945707912e-02 -2.3139758822594461151744838e-02 5.5061826860760415547346724e-03 -3.3072665607323560588159950e-02 -4.3942876031782505952261175e-02 
8.7157711560063611104530217e-16 -1.6148990012913604249133390e-15 -3.7368882590449063639287701e-16 1.3113362369306777163079262e-15 -1.0031675143495673296900605e-01 8.9530136509267541078394004e-02 -7.3340385080143399854080144e-02 3.0829459104436914007596471e-02 3.1369989292083136356303896e-02 1.2428267681770216457337597e-01 
1.0646229800743166327148259e-02 4.2178028239726134129838897e-02 -3.2179462562146892463077481e-15 8.0743112379456080237453200e-15 -2.1401851973412078233849343e-01 1.8872707839914709682105354e-01 -4.4392496076162324403213688e-01 3.4167202231070580020766414e-02 4.2963375709991408102067450e-15 4.9273278666588965129779551e-16 
-8.1929793433699344556986333e-03 1.9042014098721252862711495e-02 -2.3465422608050519326372552e-02 -3.8910702853565213438225001e-03 -1.3459922374475795023296421e-02 -5.3325491596343109479416711e-02 3.4986057836330006240903731e-16 -3.4604954062304935047196157e-16 1.5751589312378921051758183e-15 1.2933957171067237057169643e-15 
-1.2717263998774033795235994e-01 4.3660229046356323345801087e-02 -7.9556694453546877854321906e-02 0.0000000000000000000000000e+00 
11 (band)
5.6484961644564557481373868e-01 (Ry)
0.0000000000000000000000000e+00 (Occupations)
4.3062289591531521804057547e-01 -4.8240082396941996734085478e-01 9.2066033918382639278377155e-03 -1.0313608335416224459635259e-02 1.0453918759806850861076486e-14 3.2566113458190664222746720e-15 -2.3657368697021707859562412e-01 1.0076511818218053528894984e-01 -5.1530904499435370436088988e-02 -2.2636106594363047950224654e-01 
-4.2474837609526310509937163e-16 1.8387351717119915158398019e-16 -5.2545093899890871202984499e-03 -2.9666817930884159526527810e-02 -3.7722740072818339296389922e-02 -1.9232997081617297929767574e-02 -4.6032223191279308949219740e-02 5.1567109269280694827664036e-02 -4.4648244266064764165518029e-16 -2.2263457501155481087820253e-17 
7.8434902084922670521913200e-17 -1.2235511986463609469615423e-15 -5.3193025706295908594523070e-02 4.5108837493616951719310748e-02 7.5761450994576928774648650e-02 -9.3207061458188578129124835e-02 -5.8391321816913099862489389e-01 2.7783445988629357215060622e-01 -1.2483912400576016588082950e-02 5.9400331721971982856800309e-03 
1.1171045289780400860789916e-14 6.2970531333583886065929171e-15 2.5713661851944341618647627e-01 -1.2156583824425304385385971e-03 -4.0213999183860829611525389e-02 2.2864295432677883557204268e-01 -3.9972215986024031439745923e-15 7.4892653827185479532389824e-16 -6.6524157611876771900583094e-03 2.9384950563424772074228031e-02 
2.7322117908045583101195319e-02 3.2348341044964423751650884e-02 6.2418468934707233009007155e-02 -2.9699613906101859917008312e-02 2.7275092524172130480939299e-16 -2.8942015999281258779332436e-16 4.0021021483884302361744147e-16 -7.5164037929272748034297922e-18 6.6517067934800264139560966e-02 -2.0971048547264184436222934e-02 
-1.0596087906295387215394044e-01 5.6565412317728089308666029e-02 -5.8345997867702925621102850e-01 2.7761882501802187528383570e-01 -1.2399457955748691140307471e-02 5.8998397275828104446837585e-03 -1.3466360076215722770506468e-14 -8.7533689692235461720085142e-15 -1.6352788519765909525105485e-01 1.9894284054587912935474492e-01 
2.0300592109833809351115974e-01 1.1291562500586510564559717e-01 -1.4584022016010434881560578e-15 6.6299765288691956402489721e-16 2.7103735330599953989860751e-02 1.3333820953029831835046082e-02 7.8143958408914589164329101e-03 4.1648634827940622660236158e-02 6.2421412470944022399255147e-02 -2.9701031803505618944516442e-02 
-1.1169700364453636491729850e-15 -2.5503103966050353776916234e-16 -6.8350617646696873288715654e-16 5.8223165329584941878767878e-16 5.8235981901882234723633047e-02 -3.8375425290614446904857715e-02 -1.1072855963670626133765751e-01 4.6546000505493782817278969e-02 6.4545187655486269129312404e-01 -2.9826729188731262998324212e-02 
1.3716883241033775431283459e-02 -6.3386162431785814802553958e-04 -6.1566180309201626627710190e-15 -1.0011948921202193167343162e-14 2.2784378314064546167116987e-01 -1.2002846964701843757161726e-01 -1.4338711357829031500799033e-01 -1.8276071249346420577452932e-01 -8.7268058741250803402534729e-16 -4.2985746465223989016652462e-15 
-1.9818871426339111641024004e-02 -2.2795078097364057656548653e-02 8.9356915709815788045888851e-03 -4.1422541949250837878260256e-02 -6.9053612784499590615538978e-02 3.1910165257274828928824029e-03 -3.4034505662391972513905743e-16 1.0548103826933557304081953e-15 -3.3161240657639833793175123e-15 -1.7100113251287128241120144e-15 
-6.8556681248244072390818360e-02 1.2809539825353044584232975e-02 1.2011387964041000953052674e-01 0.0000000000000000000000000e+00 
12 (band)
5.7777097442884828293330202e-01 (Ry)
0.0000000000000000000000000e+00 (Occupations)
-1.6420198129212371096485867e-01 -7.1193641543547875327746510e-02 2.6525632751751410109974927e-01 1.1500846228125637116246338e-01 -2.3590873726481539162779411e-15 -6.8736269796771604323120976e-15 2.4741256080335477518516996e-02 7.3559639391016368170639339e-03 -1.1465215546580032057732979e-02 -1.0802548641023590469956162e-02 
-1.7497388851875421282947672e-15 -6.7780578038211972006512123e-17 1.2579967729714952584529897e-02 -1.3860124793540831711347039e-02 8.9941031869412157995213875e-03 -2.9506061425131180353531590e-02 -1.1699557112887008780699460e-01 -5.0726349856035246599361699e-02 -1.5099235516432316219490519e-16 -7.6106153164679871735167946e-17 
5.3818461098253075282788567e-17 6.4201319298665514137860092e-17 -1.5446414959231914709736344e-02 2.7658656221086971860323445e-02 -2.1676112201156755299180645e-03 1.8838440660277372407094276e-02 -1.2378311022185969902942304e-01 -1.2926162183847947351189589e-01 1.9996246236452497324620481e-01 2.0881302480806901433751932e-01 
1.1601708078559497474217974e-15 -7.7876104381374901969157763e-15 1.9957501625388923693904530e-02 1.6368814458627752722597037e-02 -6.3832037662016061219105723e-03 -1.4401421261450580990626236e-02 -2.4886295107163741146197293e-15 -1.7108246191250534817017117e-15 1.6968023085542148498117143e-02 -7.9022047519263644010933945e-03 
1.9725391005735615213012579e-02 -2.3715195606013678153445312e-02 -8.8196654713371680500699767e-02 -9.2100360101659700662324326e-02 -1.9181340609134871519701675e-16 -3.6983301345788459586954388e-16 -1.5777910089533073643003105e-16 -4.8223280014705238702238530e-16 -2.4957641160266122448696535e-02 1.9511769442157392284720174e-02 
-9.2984302904674624723480036e-03 1.6526481145308268005944541e-02 -1.2555535394234429436011169e-01 -1.3111284979922233073779125e-01 1.9975735135364372507815744e-01 2.0859883631622766486657383e-01 -3.3712198558079978899510153e-15 5.4374020027448699154298219e-15 -1.2373550317966656997281660e-02 -1.8045230867429172538773940e-02 
1.3061578055135636411421274e-02 4.7763712823667703322172429e-03 -9.8005687334609489899148117e-16 -8.7111812292710762111532523e-16 9.1259454268931977649614851e-03 -1.6186779456432941887156218e-02 2.4369510139903946543959989e-02 -1.9030514280200083732097482e-02 -8.8083780054573110329663166e-02 -9.1982442580055626124568846e-02 
-3.6016773635149592282690174e-17 -1.4166496605711932931971387e-17 7.8312514701963237456653403e-16 -1.1107891416454203816203211e-16 1.9883998770223232366305410e-02 -2.4550137740350693599244991e-02 1.7811335369548052937060945e-02 -7.4871959667446291025738603e-03 -6.4936581409387628127660719e-02 -1.6952276154220008441697587e-01 
1.0331364109427199071689074e-01 2.6970866781799629485760761e-01 -5.6362119067824175918872728e-15 2.7747470354992946359061752e-15 -4.4139118710209111762221568e-03 -2.1430177006384141386030606e-02 1.0190069192395984076782156e-02 9.4647257631074958178496459e-03 -5.5824801063174822435045658e-16 5.9486332027461920535625667e-16 
1.4685502145841449611607388e-02 -1.1385549430331170020491705e-02 2.9839974321695345721439097e-02 -8.0999648584743171031430364e-03 -4.5556560909975084283640712e-02 -1.1892906209061626654488464e-01 2.9115901251138716996162427e-16 7.6354550744651224542471401e-16 2.9016085575434854569028232e-16 -8.6131920596864507311727735e-16 
2.7843886795824206864535810e-02 -1.4926507905905085638043062e-02 1.9321018893726067677807379e-02 0.0000000000000000000000000e+00 
13 (band)
5.8675864966231039421273863e-01 (Ry)
0.0000000000000000000000000e+00 (Occupations)
1.2185354525337016573516280e-01 -1.4532649661107110983238044e-01 1.9809137932027057193984376e-04 -2.3594187791187160030403902e-04 -9.7475201838272259740720967e-15 -2.4562748257836827171461688e-15 3.4191824378509239057422064e-01 -3.2437117587709396460127209e-01 -1.0291865123721471997342292e-01 2.6700972651557569603752995e-01 
-2.4418798193712299195835402e-16 -1.2842214128845455644860734e-15 2.3075096538399925139017910e-02 -1.8351760680849926732349786e-02 -2.9245158361233258847988736e-03 1.9345117736604938718514290e-02 -8.9954530230119678080313861e-03 1.0728080338767043144798663e-02 -1.5074299397904356823902560e-15 6.5241968352714769835152570e-16 
-5.1126900215065877114351422e-16 9.0460062276663975173634187e-16 6.4974987640172218728018549e-02 -4.8952635703503111219703214e-02 -8.0368504805587034911518174e-02 1.1227951070222873253268148e-01 1.6864857581724437829429064e-01 -8.6750994131743586201821472e-02 2.7404429843616573414522009e-04 -1.4074262615351718075373810e-04 
-5.7336524617957360886779529e-15 -5.9596257351991906802325017e-15 4.4090071624292970220437837e-01 -1.6652718573702440796324709e-01 -1.9834734293766154156202219e-01 2.0626384650731305336890387e-01 5.4378826338256310935147746e-16 1.1104376290013326499696428e-15 2.8383674520444879263436633e-02 -7.9758523720505070109254575e-03 
-1.0192538029581643677090597e-02 1.6700255735607683060806039e-02 -1.2449875017476259159154850e-02 6.4039436984649790451928908e-03 -2.7620693340623514034502504e-16 8.1132248564393767468785683e-16 3.3864511259003041029901590e-16 -8.8805390244230260637180436e-16 7.8867956212631706858218195e-02 -1.9948810591239742040503558e-02 
-1.1759882356200195008266718e-01 7.2362295327443287851210130e-02 -1.6700501746615867282308443e-01 8.5905481603357924935693291e-02 -2.6731274261417737464485711e-03 1.3752499058349021421321368e-03 9.4886807657501902084372102e-15 4.4629820362181615983011338e-15 3.9285581410723535711326804e-01 -2.6220553079652697547885509e-01 
-2.8358106581647657407074803e-01 4.1881049264392400388601345e-02 -1.1560960508662585259992711e-15 1.0292442201729265600757748e-15 2.2162340635803343125154186e-02 -1.8031195228306734490431040e-02 -1.9038478736105465816130788e-02 -1.6757980538519567925703768e-03 1.3606486946957509903688432e-02 -6.9991592473448863490070870e-03 
4.3211284261421179033964038e-16 -1.0988509070857319951899316e-15 1.0873191400195712867862984e-15 6.8203231745658389416253530e-16 -6.2096001607796325050259156e-02 5.2757034080954952337538799e-02 1.2744492511709692994514853e-01 -5.3572913513781683647607679e-02 -1.8724548481473771155414454e-01 1.4476050733184309127210554e-02 
-2.9971884474318255531244404e-03 2.3191367032283569105111098e-04 2.9378922018720597151178000e-15 7.0591298327463900724574806e-15 4.6376802894684115985413086e-01 -8.9479865807617020578845768e-02 -2.7765249443416717411992067e-01 -7.1283486948858873488710231e-02 4.7304177560578558371727492e-15 -1.9965869796734803332976857e-15 
2.7418014378108986062176911e-02 -8.0340420325355644398657162e-03 -1.6901474143868607663554471e-02 -8.9225637272614035516715703e-03 1.5255602239317319485101265e-02 -1.1795412340328756406471200e-03 -2.0683722874616074261790042e-15 -2.1152572326442540991043030e-17 -2.4041899476788881472204227e-15 -1.8970393524242471419021303e-15 
-7.7688188743597591523482038e-02 2.4571597230044914250690624e-02 1.3824711932067099140475364e-01 0.0000000000000000000000000e+00 
14 (band)
6.8160930651558804260758961e-01 (Ry)
0.0000000000000000000000000e+00 (Occupations)
-2.2379670125805364097562683e-14 -4.5926591211553752725714276e-14 -4.9049313607616392491361271e-15 -1.0669745407594952735006323e-14 2.0934405506241704486569688e-02 7.4001755645603828348555453e-01 -4.7271316164121624526427937e-15 4.4046141135093278518937585e-15 -1.3464568926520149552636348e-14 5.0331610122580060109116932e-15 
3.6210206766831842806197983e-04 1.2801293840491279052429263e-02 2.8759192325128688258505379e-15 3.8062267091871381248125101e-15 -2.3100445429828534112824923e-15 1.1407528442640240623859287e-15 9.8562742281990308937736904e-16 -1.0204664309675988850656388e-15 2.5297800766191244625780143e-02 7.2193461646566925438150975e-03 
4.3236553512987260794453448e-02 -5.8109611595182977805684743e-03 1.9904809902552475539422927e-15 6.0233663403606379826934205e-16 -3.0013005868247405581295708e-15 -3.6225711989787412583387625e-15 1.6772750021590963078563193e-14 -2.1828264465453553420270366e-14 2.8693821197022066933546387e-15 -3.0039775278950816626434441e-15 
-2.6746968031083057093511002e-01 6.9030732526281168848214520e-01 -3.4320180630120102270711616e-17 1.8233551699122192983263800e-15 -1.8255566569994900777664477e-15 -1.0118122287974824455528245e-14 -4.6268923361680452943645037e-03 1.1941361279490012026194279e-02 1.3923752902519836860780024e-15 -1.7602664000119938041685195e-15 
-4.1730787041965165676903330e-15 1.6791912837061783257320733e-15 -2.3667900255522207215457081e-15 -4.8002973037551349081187888e-15 2.0523501180434201851543463e-02 1.6458541306805046788852565e-02 4.2110023507342164705846699e-02 1.1397927420802728137871895e-02 3.6499162012237810717571355e-16 -3.8449995508999033753804262e-16 
1.2580387170176794587999048e-15 -2.0627579115267452217666773e-15 -4.6803819669565527164232348e-15 3.8861321945991161721452062e-14 2.7934383163907982569740983e-15 8.1826724899748128979464139e-15 2.6747657597243595928304671e-01 -6.9032523681935487047667266e-01 6.9681181438610911922167391e-15 1.2003830855371651201214963e-14 
-4.4873261763933864997509943e-15 -1.1065417096755637932641750e-14 4.6373411837604197605067213e-03 -1.1968521925017138601843314e-02 -6.3775831633371810115785091e-16 -1.7843027551822194933650041e-15 -1.0734060012880076661211446e-15 3.0140584979950573390858142e-16 -1.8706530205840418335337072e-15 -4.8513048203877090456667176e-15 
-2.6251707363458019750535044e-02 -1.6696295036503459863208576e-03 -3.8794143039870457312368046e-02 -1.9947009562601807075576943e-02 -4.6338181411147523292371055e-15 -3.7947013880145464163033025e-16 2.1367012359466050469606060e-15 5.7258867847157665417319554e-15 -2.9697957944816097458227338e-14 2.5308877357308808963753851e-14 
-5.8044640457551896751582499e-15 1.2383558858709811499538960e-14 5.1408858826958736543133455e-01 -5.3273405625566661036884852e-01 -1.4369160968704692753746766e-16 -6.4800843430169182491966568e-15 2.2609861436569808633710490e-15 1.0657652837717623272128823e-16 8.9129827510231445647503890e-03 -9.2362973536033229210451267e-03 
-2.7252569736104603523937652e-15 3.3230061511172461835782254e-15 1.2224233872919535493004025e-15 3.0409947980143582760853781e-15 6.0146170310092258898318562e-16 1.4792049511004156542184353e-16 -2.3553474228861559502945511e-02 -1.1712115689598968579221427e-02 -2.8033113858619933961291437e-02 -3.3421748190035321934843182e-02 
-3.1457138224519217811452867e-15 -1.5894812108557773368751065e-15 -1.8157761465280645919513703e-15 0.0000000000000000000000000e+00 
15 (band)
8.8046634013821722941628423e-01 (Ry)
0.0000000000000000000000000e+00 (Occupations)
5.3915305481488895456010368e-01 -7.8830831194943029593957817e-01 -2.0189862182910411902980741e-02 2.9520096345450649866215542e-02 8.1733669508427395944878088e-15 -1.0720872736106341630663944e-14 -1.2827501401372254363764114e-01 9.7549048461842424728729384e-04 -1.2646910956741980180950691e-01 -1.3778615572672198164028146e-01 
-3.8498236427883977289471928e-15 1.3473876502184582825950558e-15 -1.8485298182409112821567021e-02 -9.6090462019310929342452710e-03 -2.8709215350894934370984402e-02 -2.1389379936495089840065020e-02 -6.1793838878678980508496466e-02 9.0350256613457358145780063e-02 -6.2520856276917977154633627e-17 -1.8917949347220458652359670e-15 
-1.9406404868039121215076713e-15 -2.6282161492093592676578056e-16 -1.3211502534544792078485820e-02 6.9561171851637570995308124e-03 9.6280750186356432035461594e-03 -2.1193387813348493753373702e-02 8.0250709208975079533843200e-01 -5.1778217268503534675971878e-01 -3.0051787428732573692613528e-02 1.9389602769192874898163126e-02 
1.0082527445814448236341848e-14 -5.6329271800842490833159072e-15 -1.1863002645789644251550499e-01 -4.8809298545473271679906446e-02 -6.3192928989991875576848201e-02 -1.7602873092308146674156433e-01 -1.4465788808646248168087452e-15 2.7066523539197767533145541e-16 -1.3317260066944738849947782e-02 -1.6021566780834800569621734e-02 
-1.8177249634299025987660414e-02 -3.0843349621339333221925472e-02 -9.1977595732748135270995249e-02 5.9344496599977904216505209e-02 3.9559027539873870268970793e-16 -7.5623903032397394733273683e-16 1.3010100978292953863085401e-16 -1.7725682394229133892292116e-15 -1.4874801194096742146255608e-02 1.2929249591333846769458660e-03 
1.7088535687174506716434763e-02 -1.5806374145878012565935578e-02 -8.0241439182020746212486983e-01 5.1772215939930987804729057e-01 3.0023139099696328352395724e-02 -1.9371076204347227600610637e-02 -1.4529551295993117664835912e-14 8.1858165780750405368988445e-15 -3.9692992546292993338852284e-03 1.2800510231456238563474415e-01 
1.3417675764834824381210865e-01 1.3039219397820223100836756e-01 -5.5353616549208068236070915e-15 1.7348286138438337060409758e-15 8.5670096912513066245153937e-03 1.9010924443747793943781943e-02 2.0844403611354478389472433e-02 2.8991851257971934519019896e-02 9.2042153216771754875580314e-02 -5.9386076003584566118664867e-02 
1.4509398926895361440161638e-15 1.3511259766848517462103262e-16 1.6716293471353129833875224e-15 1.8440982535925676675271977e-15 7.2254175234721419729400083e-03 -1.2991172189646030266096943e-02 -2.1326293476545115507247985e-02 8.9647483015828470509500647e-03 -9.4034166633557225711825822e-01 1.6632089792467014133237058e-01 
3.5183819586322231942610017e-02 -6.2230470054199273077788490e-03 -1.8400955274858697649534813e-14 2.7457035954582188985839036e-17 -5.3263123008119979406860267e-02 1.1646502171277112180902691e-01 7.3163601164255548381376570e-02 1.7219934380869139634029352e-01 -1.1897475166165388052121132e-15 7.0775808355225686493298292e-16 
5.3058101968340813658908672e-04 2.0845320506960664935780514e-02 7.9808933649600320020534028e-03 3.4804050660441135378597721e-02 1.0786329951226988899115611e-01 -1.9078066207324530234590299e-02 -1.7209729050706871703320098e-15 -2.9011246970923976778106662e-16 -1.0984660967843195437027325e-15 -8.8730570226871840760111538e-16 
1.1695127879136752585553793e-02 -9.1761210290738672024080103e-03 -2.3133903811471148020961763e-02 0.0000000000000000000000000e+00 
16 (band)
9.3084682793599926586836091e-01 (Ry)
0.0000000000000000000000000e+00 (Occupations)
1.8203649808045641203699321e-15 1.8384907171782596592161603e-14 4.7372615991894656307374234e-15 3.6392030988966974455057720e-15 -1.8592679366289108222609627e-01 1.2433178727151145137597155e-01 9.9135202483163856089377489e-15 2.2495484390403474791239625e-15 1.7073120778040969540934057e-15 1.0109272866448457251646161e-14 
-2.7934363545418861018987400e-01 1.8680106510860533530760108e-01 2.3535348367020408879369852e-16 -4.0743595552724586390112488e-15 5.6557419543612044192116880e-16 1.1898848791111614558384484e-15 -4.1683789067411835539721889e-15 -3.3790109891934657265066512e-16 9.5569513819493152190220897e-04 -1.3493921032771270807071318e-02 
-1.4260505921557194847215655e-02 -1.2697063153033927296320371e-02 2.4814919007353837001112506e-15 -1.8593696091738939633185069e-15 -1.9099043092429812146860500e-15 9.5919027976159603957790548e-16 -3.2161192584164158692541939e-14 1.9644944029434042141995622e-15 -2.1086405228968258568154049e-14 -4.1752539608808525688477752e-16 
-2.1957956542828041546222551e-01 4.2567362782050144343060083e-02 -4.9001350279417965134239772e-15 -4.3222685958412343474322967e-15 1.7358432242036768963371194e-15 -6.4606727983680246859524502e-15 -3.2990492844887697732048082e-01 6.3955005899543865277578902e-02 -2.5382238322505280192355793e-15 2.0946089047443705412994143e-15 
-3.3398619384080639481537803e-16 2.1897681487608971478353394e-16 3.1639938887425463045046183e-15 1.8368017166443768839316897e-15 6.1101248541295350921731533e-03 -1.2069201808852434570917822e-02 -8.2259250588124707692649906e-03 -1.7231122969143780609968530e-02 1.1532583243098883421596324e-15 1.3283403580958218495600240e-15 
-1.6863560908390679250871490e-17 7.0352717949869499756979499e-16 3.1752412054915969747996667e-14 -1.3552297041589942336865053e-14 1.1789649643515091081095004e-14 -7.1745947606156400918386422e-15 -2.1956743690938448909655278e-01 4.2565201883869391297210427e-02 -5.0265213764991662802283299e-15 -1.4646323046326975632725156e-15 
2.3246570253037240059917336e-15 7.8024658798851133601288658e-15 -3.2985525193316161951528898e-01 6.3945391426003528323462888e-02 -1.5896398773303443726541074e-15 1.0716964725741786462912314e-15 4.6646316521855698327434307e-16 2.1984094113906941990116064e-15 -4.5790037119254925003593754e-15 2.8719586363188958371570609e-15 
-1.0184822892472819230724745e-02 -8.9149533492411253687848216e-03 1.1934459726070387533547468e-03 -1.9065233596307080976561821e-02 -4.0689285182972813088528843e-16 1.5388818269703877169753205e-15 1.8877827161837303437789297e-15 -9.9989566821637201140742669e-16 1.3533740219550468062477260e-14 -3.1878361564456973096094837e-15 
-8.7062358294505765290178078e-16 3.8838821727502718582151030e-16 -2.1890580854779670416654369e-01 -4.5846512914349074607756052e-02 6.0319545029967197853459895e-15 3.2868116899549512579958656e-15 5.7541047579168791581460210e-16 -1.1229366887220368385533678e-14 -3.2886123797722666139975445e-01 -6.8875151314564703186604788e-02 
-1.9961035709310637147814794e-17 2.6112108424875473669458800e-15 -2.3317162536246240052070476e-15 -4.6729332097150273508431038e-15 5.0652123709765645297831450e-15 -1.5981428118987645906009800e-15 -5.9343295551825313641214343e-03 -1.2165144606645746788720075e-02 8.4882690427924463449915748e-03 -1.7113057413227987513248962e-02 
-8.6171495804260352644899145e-16 1.8084155656169317951665275e-16 0.0000000000000000000000000e+00 0.0000000000000000000000000e+00 
17 (band)
1.0550778798083331189161527e+00 (Ry)
0.0000000000000000000000000e+00 (Occupations)
-4.0896748733243110107693497e-01 1.0258679525602193427502584e-02 -3.7054979260274356622772984e-01 9.2950541955004184480060303e-03 -3.1216405461413711684168438e-15 -9.3044843298799255963402305e-16 -2.5801728294063352997511629e-01 -1.3075667075006278117221825e-01 1.4124166532841900267847279e-01 -2.4088856178432607735295790e-01 
-9.5749993387501710894040673e-15 -6.8501673123418199101171462e-16 -1.2889748494019018232314977e-01 -1.6010213035528519931460778e-02 7.3412710213211523901932765e-02 -3.5123945032919157149819966e-02 1.8375975084779938573120717e-01 -4.6094829325376354689502989e-03 7.5988779183104162461308343e-17 -3.3288403810124795051281988e-16 
4.8219400155062475544980654e-17 4.4410798728785617256157739e-16 -1.3404273936636464104044109e-02 4.2369153587720413678407994e-02 2.5720502864646561935746405e-02 2.3552788985273503258310868e-02 3.8098745498802449871433851e-01 1.4902417703970494144982695e-01 3.4519817801228053211204383e-01 1.3502505222157359932033671e-01 
-1.6309327937845459423860226e-15 -1.5878653154029777206812386e-15 1.8718637767650284087217472e-01 2.2052547529494470612831947e-01 -2.2355355901806023277700319e-01 1.6733294198578935185750538e-01 -7.9703885129496085119932200e-15 -1.0725889948083106698824966e-15 1.1262163460767767031445175e-01 6.4709009910849782376551786e-02 
-8.1287548561593911400358081e-02 3.9309012162014843327906277e-03 -1.7118758953617513318690158e-01 -6.6960455145881378480332558e-02 7.8756370961419775757943734e-16 -1.4138428257790746898727726e-16 9.4584571383491649735600251e-16 -3.0575517835074655322254521e-15 2.8775613614658863970152680e-02 -3.3864196382141178998104181e-02 
-1.4583710996287928621240049e-02 -3.1679544033519226042816541e-02 -3.7807987583028274114482770e-01 -1.4788725546565714696889415e-01 -3.4342894925465916600160199e-01 -1.3433348340368195250604799e-01 -4.1949245995896699526761178e-15 1.5638579282775436236162725e-15 2.8776916360567156294436586e-01 -3.4821804202743139589060206e-02 
-5.0996313251950579903404304e-02 -2.7485641633437241093673720e-01 -8.3556839121032824515249204e-15 -2.3472544662922563346695492e-15 1.2640165483307344573837838e-01 2.8864756122003593086233764e-02 -5.6972872461158299839389940e-02 -5.7875062795421858274913518e-02 1.7119122636287054106674077e-01 6.6962029995966093620651804e-02 
-1.1685361317656950961249438e-15 -2.4196751915270966457329409e-15 6.1887539831276452536846032e-16 -3.4938500127553907225457775e-15 1.9552709022202978753068869e-03 -4.4410246629290495157249552e-02 3.2047319519356486094974201e-02 -1.3471452671668370307256346e-02 2.9122928936577285874420795e-01 2.8284365619985368800470837e-01 
2.6453817491551956386786060e-01 2.5692115903889312100716324e-01 -8.0801746954844012737112174e-15 -6.0212159039667440680856691e-15 -2.7877777997160391176834082e-01 -7.9414098020038736969183901e-02 -5.9499523301228318672428941e-02 2.7314186843540899651827658e-01 -3.8523262938269195593721719e-15 -6.3949287052659753002783727e-16 
-1.0533948499702343315487241e-01 -7.5591966445434755073051747e-02 3.0093702864975917232737146e-02 7.5430763869426903367454429e-02 -1.3186605314035523828231078e-01 -1.2806909648306313842525128e-01 1.8553389003811315304015656e-15 9.7468704060796623302623847e-16 1.1088289844898319178073899e-15 3.6321102872364647584862918e-17 
-1.9012154961567315214487905e-02 4.0182471970913180570050827e-02 -3.4763640854503286004018037e-02 0.0000000000000000000000000e+00 
18 (band)
1.1892658018327739721797798e+00 (Ry)
0.0000000000000000000000000e+00 (Occupations)
2.3116965962442073689864230e-02 -2.8771318133794210325504537e-01 2.7899817176160995879641291e-02 -3.4724241560790336524888744e-01 1.7293045471198438735447375e-15 -3.0494625265977726770041887e-15 -9.9328452796300231719683893e-03 1.7475978530161770385653597e-01 1.5164314625033092909234256e-02 -1.0028540152364387449956951e-01 
-5.8117586549669828583156910e-15 -6.6314103168749414801685647e-16 -4.7932225834554642585061401e-03 2.5007890604593130401411827e-01 3.7853911163257314420604871e-02 -1.4177191081678036654878383e-01 -1.1873194005164688230591352e-02 1.4777463454155320699001663e-01 -7.6389651958084870115680794e-16 -9.5833559890297226998463931e-16 
-1.7703387998715747345987283e-15 -4.5061220312401879238166600e-16 5.4667133519774285810299830e-02 -1.6706625806564994601854934e-02 2.7575914239781035286469546e-02 3.8865393971725878397016629e-02 -1.3280402128328083755093303e-01 2.5627399548509033344600994e-01 -1.6028166170381386024246240e-01 3.0929837360894313347259299e-01 
2.2564408726732550358253957e-15 5.2866220879126057329491695e-16 7.6878864736861868278694487e-02 -1.5725547408847187491609532e-01 -5.2841579052471013278058365e-02 8.6573008033936416083520271e-02 -2.9294572552341786640007337e-15 -2.0218854029901163653301984e-15 1.0132816920364112744934459e-01 -2.2868108001691445085867826e-01 
-8.9834951002900176320054015e-02 1.1602531993191927961461829e-01 6.8210434206894543507360140e-02 -1.3162694258806473257550351e-01 1.5165644025223872130704709e-15 6.6367260217016051127727519e-16 2.2696218893589073791846111e-15 2.2611094839795698323755957e-16 -5.6869693892142560154301378e-02 -5.7831435848565730314940758e-03 
-1.0360273273221703646540526e-02 -4.6514671152674061382903403e-02 -1.3375320864027370748594592e-01 2.5810492680093316542055959e-01 -1.6042888371286900817125343e-01 3.0958089669750110672907795e-01 -3.2117308528598934041314621e-15 -3.5215136425000515118359412e-16 -8.3299674137640070115118363e-02 1.5187743555176708154519361e-01 
3.9802595606809251793656301e-02 -9.2144290119514554726620759e-02 -9.8846138269276490716402971e-15 -1.4299265076050784253839520e-15 -1.2895776942960751609845715e-01 2.1513118105321477058211599e-01 4.2771224442372385299293569e-02 -1.4085839087033802385917625e-01 6.8250626135347880474313342e-02 -1.3170372212306943882076382e-01 
1.8857782504783312992853318e-15 -1.7892618803347052665224506e-15 2.6504666850617995209258723e-17 2.0732097188477314543062843e-15 3.7340644825952076790720469e-02 4.3078769913270517633030465e-02 4.3914620274932314458737892e-02 -1.8460006562190069828721661e-02 2.2332183652023313014112205e-01 -1.8610596818401758945071833e-01 
2.6786089907460092218727254e-01 -2.2322252815594784136621342e-01 -7.4115523466787629365347358e-15 -5.1417722185455119919708017e-15 1.3564577362921459435796123e-01 -1.0773028932361343457113634e-01 -7.2399894848598184138310785e-02 6.9520299514459191203563648e-02 6.6583974249921720865093637e-15 3.3391293778129770147875805e-15 
2.0224810153226197018128119e-01 -1.4834836293065065127017021e-01 -9.4014037702058406154037584e-02 1.1327764401609563549300219e-01 -1.1395498241968297914450403e-01 9.4964626944282939935426668e-02 -1.7163613554319919661598284e-15 4.5176242020401306418198828e-16 1.9274971132253153885321106e-15 -1.2832056220980355303514712e-15 
-1.7729269737183007971115245e-02 -5.4182812476328688633397945e-02 -4.7636810516318316144346312e-02 0.0000000000000000000000000e+00 