181 (index of k points)
0.1082334241651485701174451 0.1871967019002949705885896 0
18 (number of bands)
52 (number of orbitals)
1 (band)
-1.2779524194298177430795249e+00 (Ry)
0.0000000000000000000000000e+00 (Occupations)
-3.1363626487929885389149831e-01 1.5814649411078257612572884e-01 1.9175901176948936810440216e-02 -9.6691785230861720945583215e-03 -1.3709628361029247510646914e-15 1.7045978272310512617581505e-16 -3.1423307297655189707086265e-02 -5.6675172854690078483308469e-02 -4.9112820099902518289347597e-02 -1.0066350525535161519741223e-01 
1.3459750209830594696452822e-15 -4.5271012095757024060285510e-16 -1.7761127697715317630411391e-02 -1.3676358722200923634382264e-02 -1.0728101675292476754886017e-02 -3.3734272289292779878344675e-02 -9.8716689161388818801734502e-03 4.9776437017317043398634269e-03 -8.9527935663960976570498871e-17 -5.1757339992335646960201694e-16 
-6.0639799641646791174876544e-18 8.8002384519316703633377848e-16 3.7980162472444514536185078e-03 7.1574645818589261586639694e-04 -4.1512425540489363701146530e-03 3.6077582652703429899609944e-03 1.2449623433108662762247576e-01 3.2844894258368462214292549e-01 -7.6117822730022753965894999e-03 -2.0081557954698486812006308e-02 
-3.1976897294638261811829823e-16 1.4470382803361508441963911e-15 -5.9649330346144502357219608e-02 2.5326998418470116070100318e-02 -1.0524574764633766454924313e-01 3.8321573438808417821910268e-02 6.7339011447535026780998987e-16 -4.6364499034728513231176980e-16 -1.5457981579558320583966946e-02 1.6234261624070409762987666e-02 
-3.4670864396715038446838975e-02 7.1431403757622451838882327e-03 3.9185052687549081634754700e-03 1.0337896327105557114922618e-02 -4.9902154984646567908348238e-17 -1.3127257332496461990954861e-16 1.3914256073508059053552602e-15 -6.1516488856076846858431628e-16 1.1088263253654518508684035e-03 -3.7023944396693377403839698e-03 
3.1540715839339884471459463e-03 4.5056150397669025853275571e-03 1.2478378835884637587660961e-01 3.2920728532906090579857050e-01 -7.4168233073183976317155341e-03 -1.9567251868719610918834206e-02 4.0235572587875872972719716e-16 -3.2536412683969262907529845e-16 -6.1481884003946413175256680e-02 2.1963552852522067598828315e-02 
-1.0531148237133643175145181e-01 4.0692757698886555806083720e-02 2.2411372218558097500871805e-17 4.8174610148679632272828052e-16 -2.2338356411941824586353533e-02 -2.8006142493366354209727298e-03 -3.0017488867144129227604310e-02 1.7892726007319868092304560e-02 3.9269921181547462127325865e-03 1.0360273684812668082422249e-02 
-4.5826047298959221217580715e-16 -8.6790115713508300382515801e-17 -2.2752367795339013932890429e-16 -7.5532641257144480894354267e-16 -3.2565008462331034022607668e-03 -1.9382052520172862990904816e-03 5.5702394365518851856999838e-04 5.2997288182036264569951811e-03 3.4044731099732022938653131e-01 -8.9688678134922442120036123e-02 
-2.0235329557386994014933634e-02 5.3308584084052149792976039e-03 -3.6144107284964462626152609e-15 6.7474842856219416453430419e-15 1.5416627368808135528643888e-02 6.3440896235410992876069258e-02 2.9461791116008471252962764e-02 1.0898812647543035247998944e-01 1.3335641591399199038773317e-15 2.4136639547136639387868666e-15 
-5.1202662554372157036053359e-03 2.1923240655385249631148525e-02 1.4657025804983370501077822e-02 3.1723349073110057583235744e-02 1.0714001472454012450774563e-02 -2.8225361589304252991905475e-03 -7.9637989213339755754021307e-16 2.8546832763946610914441241e-16 -1.8894298744419452415248522e-15 -2.1998167216979495049380620e-16 
-2.2679845894280105389473334e-03 3.0360637777541075142673233e-03 5.3289212060521192956819014e-03 0.0000000000000000000000000e+00 
2 (band)
-1.1990695914686069212251596e+00 (Ry)
0.0000000000000000000000000e+00 (Occupations)
3.4851816635152205181569229e-01 -6.6869082110630362336678445e-02 -2.0347122078030105418733342e-02 3.9039306616145508059545488e-03 -1.9900155107299909383681418e-15 -4.0967891560003835148800849e-16 -3.7929005820757331901571519e-04 -7.7067380523810374848281413e-02 -3.2724012589533071904135397e-02 -1.2714030083244470814562987e-01 
1.2702430917938507104438460e-15 4.9639351631375033851194389e-16 7.8283117602137471113810108e-03 -2.3201953003002626779727180e-02 -1.3793292841765298489820069e-02 -3.4885011043670893782220332e-02 1.0699687587696344107102142e-02 -2.0529161646377601380120126e-03 2.1758462978354798843594528e-16 -7.6725345544166992116618746e-17 
1.8743749863764520512820419e-16 4.9396727915174093990902797e-16 -3.7169002051767345215504967e-03 9.6421421963766690797770220e-04 6.5638568971338948077054454e-03 -1.1148484279237778904469991e-03 3.0072697991874910994347658e-02 3.5359866975828940782733412e-01 -1.7556911216959156935013553e-03 -2.0643730286810196145053098e-02 
1.1712801409192244570018199e-15 4.6210012687804444269664946e-16 7.6684843957815801429589442e-02 7.6785225737858071870522991e-03 1.2986440370628823948173647e-01 -1.9254966780945667603752725e-02 -1.1957058210790850223941805e-15 4.8516096217641971216115156e-16 2.2256568880223710771293355e-02 1.0210691937784508939723871e-02 
3.6135699005554036689069619e-02 -1.0071255150951681153759232e-02 9.2324817592070226174305603e-04 1.0855661751315597365885601e-02 3.4280490038380920401510184e-16 -3.9142860407538032332267736e-17 -5.8821448557362417925399995e-16 6.0436473719358616857404990e-16 -5.7041028732181253690924905e-04 -3.7973264674899722542766867e-03 
4.2263129813515336449455950e-04 6.6444327951396993381383282e-03 3.0123701984923062502375046e-02 3.5420017798534392250431324e-01 -1.7198632136108220336279118e-03 -2.0222388099395187388562789e-02 -8.2534524319226711533767895e-16 3.0468813982033374039002656e-18 7.5029856688010515552988977e-02 -1.9193802322549257527439792e-02 
1.3226571218441737776139178e-01 -3.8408071491601181862707293e-03 3.5316237938679644771311575e-16 4.4503758893803255994446499e-16 1.9764459233005730875998296e-02 -1.4667867568184767695926851e-02 3.6714519831087033541194842e-02 4.3863040182502699426692061e-03 9.2544947537758653378914264e-04 1.0881617961962507593054461e-02 
-6.9508549376754697135661225e-16 -2.9262994538810161309753699e-16 -1.1033322991946196607352456e-15 -1.3627024502314257456791254e-15 -9.3410602371385344916410176e-05 -3.7456436078684928435433843e-03 6.7922224899833426314810225e-04 6.4623680328182286219940167e-03 -3.5540861662733053139007211e-01 -7.0653190408087760895905483e-03 
2.0291382400311811645687854e-02 4.0337352527043142782006702e-04 -1.4031897210050364822835997e-15 -2.5345577277241618524399945e-15 1.1245901059192542348341703e-02 7.6625133941731315978529437e-02 -1.0005764809803316742198298e-02 1.3194262044456805949010914e-01 8.5587812802389116298054732e-16 -9.1569290890336418840192244e-16 
1.2521566907529731518811111e-02 2.1189397111555340058597352e-02 -8.1999877174036631122255869e-03 3.6054900232873103582686980e-02 -1.0918743131731706991205400e-02 -2.1705903527923292779290565e-04 6.3033215090916735688356960e-17 -7.0284993248062664551884275e-16 2.5710423832593855401843797e-15 -8.3986695662540838710014057e-16 
3.7348886470443490998016856e-03 2.9862748033470634841102243e-04 -6.4979645624713075480194391e-03 0.0000000000000000000000000e+00 
3 (band)
-9.2838771106404793798105857e-01 (Ry)
0.0000000000000000000000000e+00 (Occupations)
-8.1009827783766474862403584e-04 3.5971255500836590845992191e-01 3.0467435297179545905521536e-05 -1.3530461422279878302976641e-02 3.0574583188030208148826421e-16 -2.9838463658127255489584028e-16 -9.3926723746291226890825499e-02 -1.2669060662956849183657937e-01 -1.6310946793672759236315528e-01 7.2760242548055922839900234e-02 
2.9731729011875276619722768e-16 4.9904915372455908617722237e-16 -2.3276054247729500989994023e-02 -2.2129512343265371476785930e-02 -4.0372140388791985521343975e-02 1.2673603345856893770404739e-02 -2.3240150121495856128106539e-05 1.0319763660552701972639156e-02 -2.2806826630296712168264906e-16 1.3085615860491454801460488e-16 
3.8033029801573862798850504e-16 -1.5199075996867568127157442e-16 -1.3382312744780524085830287e-02 9.2479078297046796164337934e-04 -7.6991157568721216991614043e-03 -1.6760806584716868294915315e-03 -3.5765733367298901956843338e-01 -3.8405861007936907547399841e-02 1.3453155424955863528335698e-02 1.4446188690156022606941866e-03 
-2.9617721491749864000570729e-15 5.8385054070637436729888948e-16 1.3581459831009382033251143e-01 -8.0169408927211069371132623e-02 -5.5312072326976186031899374e-02 -1.6982145353622446481978159e-01 8.5665268571233600981952768e-16 -2.4965664122531640555644345e-16 2.4441294737162853889511638e-02 -2.0835381673140845187885972e-02 
-8.3841382339602844864234754e-03 -4.1475729859939344801311734e-02 -1.0260801658450759143992315e-02 -1.1018218731525199118731484e-03 -1.0681538084759831656965273e-15 -1.4426707024682346945750244e-18 5.3602111259737834879919071e-16 4.4540354187914364274541523e-16 4.7910790163248687112407254e-04 -1.3405669994820804125090774e-02 
2.4716756505835961107986343e-03 -7.4817410600567773454327991e-03 3.5734050144898121814662773e-01 3.8371883097330694578630528e-02 -1.3611407163690091709495888e-02 -1.4616217377404535499030303e-03 -6.7394513188845749838913076e-16 4.4789317344407795341271405e-17 1.1550463806126418098152442e-01 1.0712248879926536404560977e-01 
-8.9987179708994474713890099e-02 1.5416010959278186875920369e-01 3.0045139537969359546206438e-17 8.4881786080880808769221882e-16 1.9524222701583191647012328e-02 2.5611952672848260076365889e-02 -1.7049421925356567780740491e-02 3.8840576339724743049064415e-02 1.0243704585695029979364179e-02 1.0999887800520564626327591e-03 
-3.9506276565879164490598724e-16 -6.3151914458777818083076000e-16 -2.3568074743296144581880807e-16 -6.6876084202098895648463260e-16 2.3736128762637731179352407e-03 -1.3187835193192389351968252e-02 -8.2267237306680096250999235e-04 -7.8272047963877065812621225e-03 -7.5513931327652245029113942e-02 3.5137199883270964217985011e-01 
2.8763942924234370268621319e-03 -1.3384061377422177760432298e-02 -1.1504468197435909870402259e-15 -6.6014727271782676791848597e-16 -1.1860918289666014246996895e-01 1.0367454245280541269558228e-01 -1.4390938279133033694812127e-01 -1.0560833985185087702252105e-01 -4.7778717860407131758892739e-16 8.6893968544309462375088922e-16 
-2.7512484708958007129098178e-02 1.6740088917200694057507704e-02 -3.6845653728627664191819235e-02 -2.1015969159189157311473650e-02 -2.1647216232417213453709248e-03 1.0072608363729012442844279e-02 -5.6262563757493333531303651e-16 -7.7964456278079035584125576e-16 -2.0884607270166379901714424e-15 4.1431295031698005956201363e-17 
1.2867480746414715342407220e-02 3.7391141209907104853149562e-03 7.8703192284686196433796113e-03 0.0000000000000000000000000e+00 
4 (band)
-8.5716250497210566550165822e-01 (Ry)
0.0000000000000000000000000e+00 (Occupations)
-2.6797720042048146782409646e-02 -3.4600168955606575016403781e-01 8.8776041357438439938221109e-04 1.1462473457797286990889063e-02 4.2889785479406058285866124e-16 -2.4902122751859659458486143e-15 -1.0038507085391579209954216e-01 1.3827803734271082447548906e-01 -1.9680845288898590750292783e-01 -6.0211548716716398188530945e-02 
2.6987329680219798262304472e-16 1.4961391320557311386395616e-15 -2.3930167860323821316104187e-02 2.1052375691318916950400819e-02 -4.4799768994639707631044701e-02 -7.6307472397042636069741661e-03 -7.3450201211070799411917420e-04 -9.4836292268292467222412512e-03 -3.1487120890376620335552244e-16 1.5986104659031696826716713e-16 
5.2296245474687482256378376e-16 8.4785015691776290022485145e-17 -1.7613287427360457826353013e-02 2.1455624288071739602656862e-03 -1.0278967500914325608474265e-02 -5.6127059392226466560948950e-04 -3.4690738059458536834966935e-01 -9.5161055114258465137400123e-03 1.1492477060697878221695589e-02 3.1525756473205907015611160e-04 
-1.8115471467562305251247979e-15 -3.9008308512230726940731798e-16 1.2702743861366339039875584e-01 1.1428914165815887149513230e-01 -8.0453788659626476742481316e-02 1.8943649494678149736159867e-01 3.6244751946361151847272052e-17 -1.6095003147274611939291443e-16 1.8435664906725768297235390e-02 2.5999648372994881712072512e-02 
-1.2271796208339518993724049e-02 4.3756720892111689025227861e-02 -9.5084532802734988976567365e-03 -2.6083085445113059902544350e-04 -5.6301530719289347427901933e-16 2.7714556093832779868488790e-16 8.0316258959062048160052180e-16 -3.1560105625647452446191203e-16 2.9271894843101164962462235e-04 1.7741072339403723967521387e-02 
-1.6326405700269313453487641e-03 1.0163989489051448653067489e-02 3.4671014273749412026859318e-01 9.5107388790806705880509497e-03 -1.1600980749999149910234308e-02 -3.1822682985945156819429513e-04 -6.9233763600120772293390782e-16 -8.0954636863004696783461856e-17 1.3289574690315464344791963e-01 -1.0713908816210010455094448e-01 
-6.9829696501492066751382026e-02 -1.9352435107508358935746173e-01 4.6853170344997887409936183e-16 -7.2596497297384632146319241e-16 1.9886459819515204389128726e-02 -2.4995287258254623996567290e-02 -9.8823204534908750534816235e-03 -4.4445494328553811214099767e-02 9.4971606227872377298249162e-03 2.6051805372441592251187004e-04 
-8.1932172424510168120639358e-16 -1.8334663232530640863338780e-16 -3.3273133880079994592855212e-17 -9.0667858810931836302995036e-16 -1.2655875653681729429284042e-03 1.7683339483019071963765256e-02 1.0751786466115876086946379e-03 1.0229641513736297681047560e-02 4.5699716418398823869484460e-02 -3.4381668538675030921680786e-01 
-1.5291162382420459518728162e-03 1.1504165602385433425647321e-02 -1.3155962197409745730859845e-15 -3.0087949990047612631989206e-15 -9.2660780852433524690248134e-02 -1.4336681432249481771279420e-01 -1.9976339528864034411625994e-01 4.9218359128348342090841783e-02 -7.6858822983565074501380654e-17 1.1899580179232586595732069e-15 
-2.2779659378332942076816892e-02 -2.2390238674091275661304223e-02 -4.5235001029861013344124387e-02 5.1823648542835016456153951e-03 1.2518145122966397534552963e-03 -9.4179026315905928906646594e-03 9.1284502263259700805988487e-16 -2.8565681927946867031214670e-16 -1.5704352203153830476458394e-15 1.0342590687322117165019365e-15 
1.7454178376274488010411190e-02 3.1070668429415060005083227e-03 1.0285989238847416393785039e-02 0.0000000000000000000000000e+00 
5 (band)
-8.1476583927050039157791161e-01 (Ry)
0.0000000000000000000000000e+00 (Occupations)
3.8165538544740473803074110e-02 -1.3161635492672424385673935e-01 -2.6127463378893683865200614e-04 9.0100972042757299096393808e-04 -3.4719114059588769868987781e-17 7.3430629227548148077924914e-16 1.6377522240233530204100987e-01 -2.3038709276193880537420000e-01 1.1173073516658106607568612e-01 1.9306258649446592090548336e-01 
-2.3389749169199706169788063e-16 -8.5933095409558874950177347e-16 2.3637966010060053323460494e-02 -4.1755553785586277393271359e-02 1.0877313354780489274009625e-02 3.1259485756382231202987754e-02 -1.0762084548588670904201159e-04 3.7114914282087782537722376e-04 6.2220698305466009139297972e-17 -1.0242666377287916428218607e-16 
1.4443906491317235495500354e-16 -2.6317791162225675611505259e-16 -1.5159379301609552173624174e-02 -1.4773132683590026181796873e-03 -6.9216970846837297393072674e-03 -7.0766832454077725073071647e-03 1.2690596167800199944863948e-01 5.1714119031368487033883952e-02 -8.6876325901155682096543842e-04 -3.5402450533202761695505956e-04 
4.1346234080480283756162299e-16 -8.3730733615860896354225825e-16 2.1200583587426830023403568e-01 1.8696005332552842470583698e-01 -2.0368401147666331807428719e-01 9.0938127062118817578451058e-02 -3.1288093720167272114471815e-16 9.0709218909986939033468882e-16 3.9055972235852554064194919e-02 2.7873118622534151511693779e-02 
-3.2225231870861757721424823e-02 7.5502202908528451286152006e-03 -3.5786650741260941227528392e-04 -1.4582693671707537552695300e-04 -4.7373939194571664077689625e-16 -5.0881738324438209799373425e-16 -6.5186619185588784810009604e-16 2.7227939958182573975317663e-16 3.0538070116885437585430019e-03 -1.4921913350448358023814244e-02 
7.7614307925788416850365614e-03 -6.1440644804509319393259759e-03 1.2762510753757014270171055e-01 5.2006855892028552856842794e-02 -2.3537619502221086842386200e-04 -9.5910033399690397537540321e-05 -8.8127892818181325963905880e-16 1.2319604399506227552942855e-15 -2.8006745545063838065402706e-01 -1.4624099733892097913168229e-02 
8.1682236853772460793976506e-02 2.0538218140497990771287107e-01 2.8712957426628019709311357e-16 -3.0512148101957614109370078e-16 -4.8882476947749477214077984e-02 -7.3775189991227667352102770e-03 1.8147992439214853666040739e-02 2.9087513853283366443980285e-02 -3.2619792154896438442224227e-04 -1.3292798285801841161324344e-04 
9.7552957362095791164391411e-16 3.5396210922133749012535746e-16 1.3067620106910870104122893e-16 6.4850366656302732102355546e-16 -8.1326774528751779452795390e-03 1.2896783199698464567051204e-02 1.0247710192185070527531865e-03 9.7500449746829968844519243e-03 -6.5062413238772945356380717e-02 1.2148976713000086968818891e-01 
1.1998814012076711166265852e-04 -2.2406145121415914356344246e-04 2.4278880839436963589971501e-15 2.4566419033485572354929955e-15 4.3819008068534358313339538e-02 -2.7700458196123539655886248e-01 -2.1279519501029300898586882e-01 5.9766489244551995740906136e-02 5.7252123797817903885509825e-16 1.1806887088352696497194188e-15 
1.2446714366170450946635917e-02 -4.7843532902753560520636711e-02 -3.0825151167468832491547204e-02 1.5008102719579701975205488e-02 1.6629675686688743640323507e-04 -3.1051621745665624468868415e-04 -7.0591377082327079920659841e-16 3.9073701451173383760902125e-17 1.1996380155186954384003568e-15 -1.0195128898467745633789755e-15 
-1.1976036997096027938991547e-02 -9.4362067218068182428147850e-03 -9.8037509479867012557319228e-03 0.0000000000000000000000000e+00 
6 (band)
-7.4659430989694564040348723e-01 (Ry)
0.0000000000000000000000000e+00 (Occupations)
-1.2014015961917157149230206e-01 -7.5318138316498500772766533e-02 -3.6638535800446320189749372e-04 -2.2969941953805000922628210e-04 1.7095329649227760903334013e-15 2.7517449268114773915479764e-15 -2.8831042576396753718270816e-01 -7.0639771067712103791436107e-02 5.2339504728496279162275329e-02 2.2325167787530214580371535e-01 
-1.1880793026954108031149955e-15 -1.9050520994914616847205577e-16 -4.6090914671178748185376151e-02 -1.7841553001457607918744941e-02 1.5168622180132488447279471e-02 2.8627791943916833239391906e-02 1.7058594588083408200018809e-03 1.0694419067443557830321410e-03 -4.4228245861158065888075826e-16 6.9341082192088893668464991e-16 
-2.7736891337665610216747017e-16 -2.8592336540262938497424663e-16 1.4288376335803662856016594e-02 -1.1376030417346003759115902e-02 -3.6556346461387098645268168e-03 -1.3997748813681577806367073e-02 -8.7463603917167842549673651e-02 1.1160913001454468573836465e-01 -2.6673880045876424693673812e-04 3.4036813337823268454940262e-04 
-1.8769040974457364680561423e-15 1.3162813323082428228456695e-15 -1.0038944471300556560144912e-01 2.7934716438673190541663871e-01 2.2749964981736095492870220e-01 -2.8716628673116757763938978e-02 1.5113238463136111504922169e-15 -8.0195247987718430890091742e-16 -2.2561627581130141301235525e-02 4.3973473704265540751290331e-02 
3.0056518668621280687691666e-02 -1.2093107787103363898184583e-02 1.2418942595960667622800866e-03 -1.5847274633485394085274933e-03 -3.0795755519484245618744878e-16 -2.0701870613799491129456614e-16 -3.9313597200863811558298782e-16 -3.3558802421621211797925451e-16 -9.8201693140352458444297667e-03 -1.5399222091183488447807548e-02 
-1.4303185552537109326287634e-02 2.1724455267477923645080828e-03 -8.8206158382654109573195456e-02 1.1255613238619119331751506e-01 -8.6055714880799182887882726e-04 1.0981305282001807555047890e-03 7.1007582088317164870395163e-16 5.6866415764886071102492567e-16 2.4530547541761466012744108e-01 -1.6322889977671675709736121e-01 
2.6002702551338921499457513e-02 2.2590059413499152807247583e-01 -1.0691091895311384300521633e-15 3.1893535806748923884240673e-16 3.8542031325564635180214168e-02 -3.3232530973664187179394958e-02 -4.4142446553352109039902729e-03 3.3218464630028851636289744e-02 1.2221246813809559950830819e-03 -1.5595097537122685343868866e-03 
3.1817058934755926973832791e-16 6.6459260148083918259881002e-16 4.8810734249852990118524315e-16 1.0369010474816396130936717e-15 1.7195927066054248616433497e-02 5.9862916105492165741441823e-03 1.4900895872625101023362104e-03 1.4177255425511244013581091e-02 1.0271948394622493205829983e-01 9.9488275350352428638700530e-02 
1.0021621381092575553406476e-03 9.7062882312456098821140671e-04 3.7644806854361231921611638e-15 -1.1417790503692109250709627e-14 -1.3669331045202148811057441e-01 -2.6102373238815823608405253e-01 2.2738110958207771727934698e-01 -2.2472151079756539152065820e-03 -7.1597792347364312140960456e-16 -3.5909793958416593039912301e-15 
-2.9021740393141443742353047e-02 -4.1804639433551608884709339e-02 3.2575076196095814617947894e-02 7.8623380156696356935164260e-03 -1.4232197814701879126642048e-03 -1.3784429122707358549709822e-03 1.9118201711640380157323374e-16 6.4966068007673305783955456e-16 -2.7482616355519201361649926e-15 1.7438984900428529685912784e-15 
7.7509619066637716264245306e-03 -1.6475988116923280524250828e-02 1.4255347711587054715387524e-02 0.0000000000000000000000000e+00 
7 (band)
-3.6020581543201135588105899e-01 (Ry)
0.0000000000000000000000000e+00 (Occupations)
-6.7123116987348383839667087e-15 -5.8789466702161680198199155e-15 -3.9736540153831657732139508e-15 -4.2858323154660251458295838e-15 -1.7292280633637358011611695e-01 -3.8823530285377855220119159e-01 -2.6005114383857569513491241e-15 -6.3941591073957042215294849e-15 9.7633009117184125312497702e-16 1.9453208178577457337386576e-15 
-2.9988500793152808587826996e-03 -6.7328365287476349410056287e-03 -1.2072490920365893900630433e-15 3.9950398309413788392706624e-15 5.4288880758319637711371589e-16 -8.9378612330100145735185536e-16 3.8553423393932543599280259e-16 -1.3129631189779959088635364e-16 -1.2784112075081063147896643e-02 1.8767073383087671395452745e-02 
-3.3323928432036950542105558e-02 7.2842134784715309447911125e-03 4.2289665417099498846416792e-16 -1.8298626923436372435001141e-16 4.7960457393020019486191942e-16 -7.2603992828462085033911684e-16 -5.9867296761584842614264509e-15 1.8737459045077440847322589e-14 -3.6011247436266069333672313e-15 1.0540849649145299338247333e-14 
-4.0418386443125031703971217e-01 1.3139387758420678631310352e-01 -6.2747460938479615001620348e-16 2.1900009686029577193104682e-16 -1.7795638038603938602007097e-16 -5.7089083878388337097336081e-15 -7.0094185357505861544424874e-03 2.2786490101970703972544818e-03 2.7515720696480932745735858e-16 1.5948608811514693840907703e-15 
1.7143777333861164866486175e-15 2.4091506457754348792950332e-15 1.2056644975860411877769114e-15 4.4830194883108193577037435e-16 1.7327961804472769014040523e-02 1.4675772709373568689072975e-02 3.7610107715166617159407991e-03 3.3902784105735557507177447e-02 -1.0869429558956156055263857e-15 -2.2519541880298966793120616e-15 
-6.6682867572494007058290174e-17 3.4913545896567932296090597e-16 3.0500562234955030144586580e-15 -1.3784216203827004527666697e-14 1.9008482970851952665980818e-15 -7.0686626817991663844523840e-15 -4.0420974087168082267140790e-01 1.3140236612176892094794312e-01 2.1382201874784434183548892e-15 4.3273855261829055193235261e-16 
3.8961651508746973018302957e-15 -3.9801186627640202274282117e-15 -6.9776634936056826374883855e-03 2.2683348708335254045875828e-03 4.3525041283839475071182878e-16 -1.1676854250639199037189255e-15 -3.6939783474703295865714621e-16 3.4797861439169724615263138e-15 4.4538102493121099792163666e-16 -7.7198393594837957977808086e-16 
-5.3857653035961575854750905e-03 2.2063329682123530850468285e-02 1.6896124659000828077681788e-02 2.9639119700287278047490247e-02 3.8119269253264394773162090e-16 -1.2632466742474621694604183e-16 6.0115576098000226203122447e-16 -5.4906510807088114343357715e-16 -4.0601432412125162391491652e-15 -2.2374210395191863872066992e-14 
-1.5354437382092337546297426e-15 -1.0019658919906404210678130e-14 8.8431107229822808468711060e-02 4.1573072500367974635437918e-01 -1.5114393067983177790558597e-15 -3.2734987969079498946961573e-15 3.3503898442485958126525640e-15 -6.0289465254148770511755639e-15 1.5265442540883056386086247e-03 7.1765446808710973286560275e-03 
-6.6796105750795203159439609e-16 4.4731284724637337495929397e-16 1.4170001811710365196297894e-15 1.9519450434276221310383614e-15 -1.0943106337542522671521546e-15 -4.6790815196427941383987359e-16 2.1379498684177884737511732e-02 7.6625074604017781587650404e-03 3.1242879444861600124472290e-02 -1.3705434290605330444057230e-02 
2.9735222148416432174366820e-16 -8.4346709733284324102679688e-16 5.2222777657467287682221613e-16 0.0000000000000000000000000e+00 
8 (band)
-2.7438641531826457597986746e-01 (Ry)
0.0000000000000000000000000e+00 (Occupations)
-3.4369587811445503630184380e-15 5.6525637206394812301721573e-15 -1.2389271465861660924837026e-15 3.8163052919436869491411838e-15 1.2744473821821281078747745e-01 4.3448497634275834444750330e-01 4.9141491500289233331513952e-15 6.0891314244638247947501097e-15 2.3287481586794990682038318e-15 -3.1340158928675523275022965e-15 
5.6907978670844155955066412e-04 1.9400923298090316793107490e-03 -1.3151034248155025781142637e-15 -2.9878337034047761284538892e-15 -2.4836184571867052687626329e-15 8.8174605184344990355835306e-16 -3.4733326877884629522260342e-16 -1.3053454914385736237118922e-16 -2.4685194489888026558865874e-02 -1.0339528276548338656115611e-02 
-3.1737058636647087761506469e-02 1.9473787475711795691424300e-02 1.3269695653492599067093078e-15 -6.7853005172901546561517798e-16 -1.0566540789304060328032529e-16 2.8051811581441434320994550e-16 1.3348256098808656738334823e-15 -1.5248273169848508524815306e-14 -3.2494231271555743392380657e-15 -7.6911378883303728984293789e-15 
-4.4542642480534294646687954e-01 8.1330535792137351180919325e-02 -5.3622750952128908110475274e-15 5.1340006895207905438194155e-16 -2.7003659025148811559328129e-15 5.6031635549703248950152218e-15 -1.9889493365481333841948697e-03 3.6316743859421320855807025e-04 2.6376859418988939193056411e-15 -1.8293961375224857026319891e-15 
8.7408011539875752703652907e-17 -2.6513076928482111964271920e-15 4.2650900149842041912421216e-16 -9.9293482060227643182490986e-16 1.2863192700367368989655681e-02 -2.3469191412111799904804954e-02 -1.6049682068048611027766270e-02 -3.3598764784876986033701485e-02 6.7901021224071317889184339e-16 2.7382128463513363389775151e-15 
-1.2772555620596420476689654e-15 -2.3209345835443196958883464e-16 1.4262848101045167110132770e-14 8.8156194895640600336355478e-15 4.6513375305277582160640292e-15 5.2605517330663074086975006e-15 -4.4544801129062339128950043e-01 8.1334346585746564173291517e-02 -1.5711054004610206114875369e-15 4.1263973549106900405767599e-16 
1.6555384028869340740692326e-16 3.2267602970752543552814872e-15 -1.9580270111629501095240613e-03 3.5751139977892450964175319e-04 -1.1760844049446707437758255e-16 4.6067337593692510075288082e-16 -4.8273146506504768478362845e-16 -2.9381729904123175083926266e-15 1.9716342214795311907408147e-15 1.8214118894317696884267698e-16 
-2.0329541854252952681747502e-02 -1.7412075331103966241430570e-02 3.1402399534867812477823001e-03 -3.7108794614816004164836727e-02 -2.8411490477849002739880563e-16 -8.8747344204064624450053050e-17 2.8006890776659725148443438e-16 9.4887176375372162606270762e-17 -8.8083685843268305239919616e-15 2.0777700769072952585670602e-14 
-6.4621200996527514736761348e-15 9.3199453067281603153608920e-15 -3.4326792514805679057410259e-02 -4.5150955473049592114875850e-01 1.8197641726082807731250778e-16 3.6470060600506251404446905e-15 -2.2235761815289051564424245e-15 5.8154743019450783840970192e-15 -1.5088336074371258327571355e-04 -1.9846708515160274045874278e-03 
2.6726343961529488104581102e-15 -8.1558843599791022020150089e-16 -9.4066476809378873245428944e-16 -1.6920589347412906222162842e-15 5.7837263061657830688701172e-16 1.4126004425089693851383022e-15 1.9441705926464169368328427e-02 -1.8398117023458147173409216e-02 3.6577264299704467798157737e-02 7.0019626591247855970645553e-03 
2.8902917443620864022258016e-16 7.9350072599221094852130249e-16 1.1186948294430162369810450e-16 0.0000000000000000000000000e+00 
9 (band)
5.7467439325548402839771711e-02 (Ry)
0.0000000000000000000000000e+00 (Occupations)
-1.6597599384365502470652569e-15 -1.2594492097263148935902900e-15 -5.1609494374098387984395743e-17 -1.3017650832184603424380068e-15 5.4332630054398556307404533e-01 1.0842910030125063602923774e-01 -3.5002489980862583633671125e-15 2.2946584436527253462158911e-15 5.9613609307476714503741247e-15 3.3435928286135614260560899e-15 
-1.1261149195481686205444483e-02 -2.2473269442586027433428342e-03 9.9953331519373959172765525e-16 -5.4211422767704471900571071e-16 -2.0709768831821368486220360e-15 -3.0637885321888656677053380e-15 2.8362015501074500873465881e-17 -6.1590180163392901832125284e-16 3.9147347987144046066454450e-02 -2.0577566560761671732304734e-02 
-1.0060071770214701336598750e-02 -5.1110016798371162016767499e-02 2.7423519723279335809585797e-16 1.8897747083911638185950276e-15 -1.7768335759342168783774383e-16 4.5979148263997513597500500e-16 1.2154249977721342775322585e-14 1.1447486130497245133473532e-14 7.7055560579866325568626049e-15 4.9512252073475442162467164e-15 
-1.6462817750480557288383920e-01 5.2901597502000752282214080e-01 -1.0082216303309083597116954e-16 -5.1323154935036860366929158e-15 -1.1985951489684360552616644e-15 -4.1394687728595438833508017e-15 3.4121264703101776560867364e-03 -1.0964549810546224406504479e-02 3.1090222214469362410740113e-16 2.3516836042426956280335289e-15 
2.1801771887311736097147899e-15 1.3026390212621018960674962e-15 1.5334284473585489907245258e-15 -2.0361256208432018003879403e-15 1.6372828378859765469099941e-02 4.1083836126454713333355784e-02 5.1881594620344119450638942e-02 -4.6625101396301181500003707e-03 -2.5627797823670215626470917e-15 -5.8755488064699172724997739e-16 
9.0441722298331724727240072e-16 -1.0507456398605202817632580e-15 -3.6673747583195190014067122e-15 7.7184748942377458697379149e-15 -2.5688699198453835431236369e-15 9.4593682193133455328851499e-16 1.6462685452052983059445523e-01 -5.2901121255825100941905248e-01 2.4259254180718839195578138e-15 1.1958657704665329475929955e-15 
-3.4287127757374413227819589e-15 -3.5656158048108348143414577e-15 -3.4078281893452815401457379e-03 1.0950672671791037565691695e-02 -1.8084479649234276411241356e-15 -6.5037879734390725357291230e-16 1.5008316846404625082552073e-15 4.7056871600094330692071822e-16 -8.4496165898775934889437378e-16 2.3098408207676278557542201e-15 
-3.6790475703016634057007650e-02 2.4534617375176419329374511e-02 -4.0070996190655863711249651e-02 -3.3275029844249258415000980e-02 -2.5142373972683129157204865e-16 -9.2270908837335138484136038e-17 -1.5295038229038524163612073e-16 3.7058956778102701544448784e-16 -8.7013840308029691544790556e-15 -1.2988195574046840586525309e-14 
-1.7250669860973258279696990e-15 -6.5009963951908289899388460e-15 5.0890504170560557639646504e-01 2.1902174040107899588569751e-01 -1.6931383845045322739983996e-15 -5.7151807437497735727877272e-15 -3.1573655984284169779625413e-15 -6.3812801809623970860079096e-15 -1.0534468698152683191482382e-02 -4.5338167343231261519065356e-03 
-4.1594601267459425765454395e-16 2.2235734399009756037092830e-15 3.0409608695758683984071048e-15 -1.8276815230902441412945575e-15 -1.5255500294762913217722203e-15 1.2325615464125104472434453e-15 -2.0554562292535154266470698e-02 -3.9153499475303922550128988e-02 3.7281305396459428480593346e-02 -3.6373295352263544655269101e-02 
-3.6859969078390574514816569e-16 -1.2405596010590156504712828e-15 4.7720026245096745878300062e-16 0.0000000000000000000000000e+00 
10 (band)
1.5771540105908848916627107e-01 (Ry)
0.0000000000000000000000000e+00 (Occupations)
-1.6762279464242893499324945e-15 -4.3304912205044328307481143e-15 -2.0816134977662232773426336e-15 -1.8382597674668635612017767e-15 2.8885170253686021091255043e-01 5.0453640721212078545931945e-01 1.2951056225421412011260768e-17 -2.4811334341440775567745854e-15 -1.3407847687930406412322676e-15 5.4023255150752600763996045e-15 
-5.3662994179968503960509452e-03 -9.3733224531853433225681016e-03 -1.4078077921831992744433153e-15 2.3444910334709467377024384e-15 1.2014618232562390118831567e-15 -3.6081516547564452754770101e-15 6.2508131956760073678686935e-16 -5.0383258704580098033638072e-16 -1.0935422307726646445891205e-02 4.5135700986119527133855200e-02 
-5.7596452483983852366211664e-02 1.0497721807232591323399973e-02 -1.4627497605794392379126462e-17 4.9350984711227795574019789e-16 8.0263965117662629812539508e-16 -7.5743811343030877569971460e-16 -3.6941125112156353750029955e-15 1.6662106574687887489490164e-14 7.8686516945091818543502050e-16 7.9438218835391947007506927e-15 
5.3196572852205137316161654e-01 -2.3453092746797174483752713e-01 7.7423042300776539208548346e-16 -9.7734182242401266627450056e-16 -1.6119340774248051870580082e-15 -1.3151919141144571197996940e-15 -9.8829054429094356781781983e-03 4.3571232782109205194931434e-03 1.1440064713594817601816069e-17 5.7560550205310962718607905e-16 
1.4224958090582668306764207e-15 5.5534883408595481118746018e-16 -7.3159318963568957738858206e-16 7.2537198872364911526183020e-16 4.3745380007096691665768873e-02 1.5593482375388826449702506e-02 4.4197455307372901511797636e-03 5.8378243818437577927760174e-02 -1.5826921251539969874368836e-15 -1.6439168692581294378899699e-15 
3.0579247432434155484386592e-16 2.5056603116273750998289602e-16 -4.9160111874090650128249313e-15 -2.7878242007954151965647612e-15 -1.8172342214142743444189532e-15 -2.6759624542041262715840968e-15 -5.3196311763485848445043302e-01 2.3452986709851997293441173e-01 1.9039605469761357931675344e-15 2.2472793216375279477063710e-15 
3.6814966792781719318211521e-15 -5.6160488347119131531018426e-15 9.8705785265709080483764737e-03 -4.3517157548971594632769566e-03 4.0030462732555797669257371e-18 -1.2279242702193881963409736e-15 -6.5797256844936999162194354e-16 1.7469375744235132558902423e-15 4.4980943005846949308443693e-16 -4.2363541638945971584333014e-16 
1.7992033575913547044367036e-02 -4.2809361604593004768659625e-02 -4.0112792409019548678372757e-02 -4.2637413765640959362190898e-02 6.5598100418613957822557020e-16 -3.7497574320297215419848670e-16 9.0695911570470819312572033e-16 -7.3608573656818406262165885e-16 -9.8109240542483541403043466e-16 -1.2411985556987183980304266e-14 
2.9311672000810333417100410e-15 -5.8400175231974144105247890e-15 1.7763980083860431147257941e-01 5.5356401458461534925703518e-01 -2.7008085508889129866490381e-15 -1.7163611797405763190548191e-15 3.2314010127504347655924493e-15 -5.9459126645641732124095164e-15 -3.2961201974421195509679094e-03 -1.0271384624510269609198865e-02 
-7.3506552165040385413209791e-16 5.8745780955484981880711639e-17 -3.9281396594608881473536777e-16 1.5939960220277018698247702e-15 -5.6591907203522494991429889e-16 8.4374175664022381156465726e-16 -4.0694167825503828328503886e-02 -2.2368268108623263340506426e-02 -4.6596770093760508935076814e-02 3.5436227004310490162897196e-02 
-7.7552548429359303176619201e-16 -1.3474588686891143496935659e-15 5.2928514876968893658489206e-16 0.0000000000000000000000000e+00 
11 (band)
7.9265711125306137496693282e-01 (Ry)
0.0000000000000000000000000e+00 (Occupations)
-1.2135694333987723236845113e-01 4.3166638594161604869370308e-01 -2.8947645263060085146777922e-02 1.0296795883848035291219247e-01 -2.7561840654379359425462739e-15 4.7987916429908276029789458e-16 2.5189062068162371144097733e-01 -2.4738944181227390251009979e-01 2.4434194039333720360751556e-01 2.5266974895386584698542265e-01 
-2.6494982488341890899606010e-15 -2.0118738971615816097621635e-15 1.1049535337328619116759043e-02 -8.4668103305784267464950688e-02 -3.3663741913793329696424905e-02 4.1285365673262706953661194e-02 2.6196611449137648802709677e-02 -9.3182074988420432459790277e-02 3.5721208509667565306323075e-16 7.1440081599625821427956378e-17 
8.6959850168381901086803582e-16 -8.9279899782007796081244089e-16 -1.3725006954748486531769913e-01 -1.3793925440189230835486001e-02 -6.4075402808897702344737013e-02 -6.1076516324440069394263730e-02 4.1661641754694700434669130e-01 1.6581356120338713866502189e-01 9.9378036718278273120574795e-02 3.9552149519990857651219329e-02 
3.4363900549881497349828348e-16 -1.6306586844785627399190725e-18 -2.1970447712013052576907057e-01 -2.7636997565030047008249880e-01 2.7682628513666884817467917e-01 -2.1659222915196274517057873e-01 -1.7529609157949385101391570e-15 1.7896489202932306410238396e-15 -8.3049291631586821815780297e-02 -1.9839231539040547147578764e-02 
3.7540380916579914327702028e-02 3.7794824236272145379089693e-02 -8.9933322300221940626130390e-02 -3.5793282758174060909084346e-02 2.2067391756799340458445257e-16 5.4803697738994456449768626e-17 -3.1554351543617526968853720e-15 6.7089621160049218937774661e-16 -2.8064899703892191851206661e-02 1.3505634148181705489477622e-01 
-6.7439636156732152283410642e-02 5.7340156666166548771190747e-02 4.1409156837682248308851740e-01 1.6480337796143840201068542e-01 9.8556757801910546690216108e-02 3.9224756341682667781789462e-02 -3.4550123145862237057105853e-16 4.9983496379079640743821698e-16 3.4950499162040588041477918e-01 -5.0663981463952401096406675e-02 
-5.1614600265223187225416268e-02 -3.4875579390765687470832290e-01 -2.2759386022696229504886920e-15 7.4562687860599277021278521e-16 7.4766149587686722699508834e-02 4.3187171389773217067276079e-02 -5.3876906455626066838604515e-02 1.7862205492506846860045755e-03 -8.9714315366506203197616287e-02 -3.5705430543036507928800205e-02 
-1.7516081528169035849672238e-15 7.8418034012240034068408394e-16 1.4685185533863328167665703e-16 -2.3595610835780981652989066e-15 7.2250868548887958731086201e-02 -1.1756225213723919820196784e-01 -9.2398077282083469763396266e-03 -8.7910898354876323979034680e-02 2.0718492304167290818384117e-01 -3.9459648763326904408188511e-01 
4.9311865444234798117051355e-02 -9.3916750076334071239969603e-02 -1.6757489875142928276300319e-15 5.1475030526230776517578126e-16 -1.3853219253035469263335422e-02 -3.5288619483015321032226552e-01 -3.5224046802310671200331171e-01 1.4876942950648737451491144e-02 3.2071258123206280936793111e-15 2.4262893577869173351193708e-15 
5.0765778255283264264186016e-02 -6.9842284147595454224521916e-02 -3.8552347822395829218811159e-03 5.3768474014559614060360104e-02 -4.4887531962650502326273028e-02 8.5490617182529274331592717e-02 2.0077142956516137553416195e-15 4.0279038185823884926955867e-15 4.3623200564316194398389800e-17 -7.6479832418579913598068227e-16 
-1.0936596157420465369458640e-01 -8.4143672267110211637763939e-02 -8.8395136158121639935458802e-02 0.0000000000000000000000000e+00 
12 (band)
8.4156537597600544753362328e-01 (Ry)
0.0000000000000000000000000e+00 (Occupations)
-7.3651109831181493792229276e-01 -2.5672401164559849329194208e-02 -6.9163084884042463906794751e-02 -2.4112182753531202078489670e-03 -2.2129704311919744154731236e-15 -2.1967385149279720164951070e-15 -3.4524391605616150391355745e-01 -1.4025338890655966728182591e-01 2.0991284921628738935339697e-01 -2.1445061882264662700414704e-01 
-1.0205262755004487426826232e-15 1.3873860944931712271575267e-15 -4.1880972334163046877364422e-02 -2.6615742509367976142975465e-02 2.6235793272465765535450544e-02 -4.2595095376287431254702653e-02 1.0147647071524580619783507e-01 3.5373296080961728893310436e-03 1.1654788819832542597368037e-15 -9.6973796442795852798079831e-16 
2.1120117187220341547442542e-15 6.0858225733118949389349873e-17 -5.2626623214686509000248549e-02 3.7349599568051707054738841e-02 8.8260815125179095663732198e-02 2.5634328014410970308922799e-02 -1.0251813822868127701326557e-01 7.2979291682772962079894796e-01 -9.6275203356499770845911002e-03 6.8532161329050517162286837e-02 
-2.5688666800818574101413234e-15 -3.6472417056995304608339090e-15 -1.7557288211005755984572829e-01 3.2869216257951183735031009e-01 -1.9133396838439481468796544e-01 -2.3117911826491130411476149e-01 -1.5954236965184821271807302e-16 1.5369075723606520634348119e-15 -3.0847692358811896334858105e-02 3.8869441327565104615793246e-02 
-3.9619367838755643884685043e-02 -3.0544470707605107101523245e-02 1.4125131271224802137487231e-02 -1.0055082036534943035199774e-01 -4.4944420646528299497690275e-16 -9.7723929095397127686959840e-16 -2.2610692210666168776580464e-15 1.0432661838537288849603463e-17 3.1644014511489862440107856e-02 5.6242425307476591467281679e-02 
3.4719667840915416356928347e-02 -8.5097796236612871512150491e-02 1.0228300434745064839692219e-01 -7.2814055336516025906945515e-01 9.3082780612994252961156505e-03 -6.6267530916893885306606649e-02 -2.8388373644536870785721686e-16 2.5152628469440586119196123e-15 7.8679368931179008428422605e-02 3.6456700709297579221512819e-01 
2.4846685945350821533850194e-01 -1.6949071740393653606737701e-01 -1.7345532568033052233285925e-16 -2.0352124099721786032786848e-15 1.8889138908008973327667945e-02 4.4463293108632589989426265e-02 4.5962142516695253524616760e-02 -1.7717209528643286520210864e-02 -1.4127203486473310922733049e-02 1.0057123123713436474435667e-01 
-1.4335544451371953178371071e-15 2.0492923371462492445878473e-17 -1.0842529207788980692468254e-15 4.3541944810196835189417568e-16 4.5477229805921622063369369e-02 -4.5568250603716158042555406e-02 9.6279914253456430617283957e-03 9.1604219530602520871198635e-02 -7.1346023799425595246503917e-01 -1.7783410031398710904326776e-01 
-6.4931530450144894772712689e-02 -1.6184129500507165450029490e-02 -2.7952484001481793410578308e-15 -2.4806654926283557151346798e-15 3.7079410440141624683008104e-01 -4.0140726168353291214430101e-02 -1.4259037057269285941885073e-01 -2.6482233620432399368027632e-01 4.2751964295511471990804873e-15 8.5076731699147334796361084e-16 
4.6194171196868874518237646e-02 -1.4137982535937209868648345e-02 -1.2815800683272548371460786e-02 -4.7562309774175644261351437e-02 9.8543596642898828585899196e-02 2.4562369421235359656652264e-02 1.3921415700334544965880850e-15 -5.0707055501079523861960471e-15 -4.2750736553029868784788774e-15 5.8521508845216839373224876e-16 
-4.0564958022146005434116489e-02 -4.9991279985271037944460915e-02 9.2108801179350593968386818e-02 0.0000000000000000000000000e+00 
13 (band)
8.7368686861090005812968684e-01 (Ry)
0.0000000000000000000000000e+00 (Occupations)
2.9070163962889022934987793e-01 4.1135871406603369271337556e-01 8.3094818122630101364656241e-02 1.1758741985642567895453681e-01 -2.9106496332701827902989574e-15 -1.8526438061406535940881063e-15 -3.1716418389875467020999622e-01 -1.6257649911034513512397837e-01 -1.2798309899518220400516100e-01 3.1401079778666451947088945e-01 
-2.3036764965412672008772484e-15 -3.1140378031933641777466678e-15 -5.1748686836770647901051490e-02 -8.8810628707990155183971126e-02 4.6861570065817932662088907e-02 3.9375165809727989685296023e-02 -6.3838904297386506181410937e-02 -9.0337159302477668121333920e-02 3.0466940156685086160653330e-15 -9.2121900302294298467786321e-16 
1.9726912924772573152098517e-17 8.4355075626505692165138777e-16 1.1776825816266645041707761e-01 -5.9436265475494645671439287e-02 4.1873468079339212777334467e-02 -7.0900513842403867226238390e-02 -4.3949184360778670299652049e-01 2.4611045147109533726137442e-01 -1.2562903729916449768744258e-01 7.0348383738423364563985274e-02 
-1.3019662653328665789249672e-15 -4.4645324777043677687297578e-15 1.9483857273403698551206276e-01 -2.9843285373106792635056195e-01 -2.9891273714559618568387123e-01 -1.6010506027977897125502693e-01 -2.2431337624728469531855025e-15 3.1570302860054898939171419e-15 9.3733325495617914047130625e-02 -4.2181963590744837866441941e-02 
-4.4057832429722706968355794e-02 4.2489031916169893443591121e-02 9.6515265445543230171665527e-02 -5.4046383678396953120781632e-02 1.0565332735002685624316993e-15 -6.6793882988973171757096023e-16 -2.7347361599837039504067815e-15 -1.5656898621940464429409784e-15 4.6800532367511402109805374e-02 1.2333589280683295019702683e-01 
6.6135144147338259523749571e-02 4.9055202585627392941614033e-02 -4.2954529478581371382261977e-01 2.4050743648946398822729975e-01 -1.2377930279948497205300129e-01 6.9308004805766890155105386e-02 -6.9461372747002937931644657e-16 4.7458415846248017123511131e-16 -3.6090324068964291237548991e-01 9.4687637085320713881131383e-03 
1.9160504720044747861695811e-02 -3.4389427336625350006826807e-01 -2.1854360623220513093173517e-15 1.3525756497223446026727355e-15 -8.6457268859422536921854885e-02 5.8560691641574166843575711e-02 5.9969640539172912319099140e-02 -1.6029519155515301043202214e-02 9.5059528201440909866981599e-02 -5.3226027874902943903823171e-02 
-3.8973064337568578322563185e-15 7.5562820106532553443104136e-16 -1.3413290318027649163432752e-15 9.8777450700457449825105190e-16 -8.0341111429153289069660104e-02 -1.0527384940768275134459486e-01 -8.5863448443026339773620492e-03 -8.1693614310101525521901067e-02 -1.9429020209577246847132415e-01 -4.5233207342499265335433734e-01 
-5.5989868019559421719044678e-02 -1.3034588605259611604481051e-01 -8.1820495047242992181918080e-16 -2.7318010672036258866789172e-15 2.8307768247175197490195231e-02 -3.5991593029944485282456412e-01 3.4000756644989449384297586e-01 5.5002281334878617979899929e-02 5.0538686559109344336826722e-15 3.9835037660477511071387167e-15 
-4.9202644608672886639144650e-02 -9.2104905991358537731272804e-02 9.6731734143869624320544176e-03 6.1316661576202122208023582e-02 4.2998023740033856909814602e-02 1.0010241705209881046823028e-01 1.8362953045427749741711132e-15 -3.5323208555395165870200302e-15 -3.9042764505062990720181686e-15 -3.1429083375526126135714122e-15 
1.1309508114901238584604215e-01 -6.8896880732625218057840755e-02 8.2143605574845804384587211e-02 0.0000000000000000000000000e+00 
14 (band)
8.8239809547999803474027658e-01 (Ry)
0.0000000000000000000000000e+00 (Occupations)
-6.2521929964284872482949140e-01 3.5459592381783250347737635e-01 -8.6038602035851272087363384e-02 4.8799056227677592434410769e-02 -1.1994608655232691993700052e-16 -1.8907982249387822265624242e-15 -2.1852392746013116209269356e-01 3.0356699317729052278735935e-01 3.0423602050404469077093950e-01 1.3816283741086116121365990e-01 
-3.6152648581402125042772793e-16 1.0816302620633735136863060e-16 -2.9987571005451588157519893e-02 5.3282710093347410151842780e-02 5.3264191229077009759329542e-02 3.2538595504379215495038835e-02 9.8214905300753621575360341e-02 -5.5703812653777426411316753e-02 3.3381953211282112593011145e-15 -5.7205873037524802050777496e-16 
1.8700041103929888733446213e-15 1.6732299203238946415661391e-16 -6.2702213237684614743905342e-02 -1.7533831413223805589796100e-02 5.6228747813452772952302894e-02 -6.2456434291149193205328061e-02 -2.8730019775860293762548281e-01 -6.5885964985122658088556591e-01 -3.9538247054452926865231177e-02 -9.0668163921287736606302587e-02 
7.7008815209829831417813649e-16 4.4150781629641474971932556e-16 -2.7906205114298110459003510e-01 -2.4905822176987604810172172e-01 -1.6920729057698216668548241e-01 2.8812743470415547175633719e-01 -3.0730736366035441809933083e-15 1.3603278714501481591691342e-15 -4.9856267123977407451640431e-02 -3.5392855750263102487807032e-02 
-3.7927969721698324978564898e-02 4.9571195037807526395656765e-02 4.5132408235958952624766738e-02 1.0349950770042407044435606e-01 2.2248011579328566272723824e-15 1.6626836742863606897194578e-15 -2.2023307742774530028139346e-15 8.8615991174200998580582830e-16 2.3991945233217890076637957e-02 -6.0525939504149840753033374e-02 
5.6236786819228661016278892e-02 6.2449195937833518188497806e-02 2.8897354075298231634860713e-01 6.6274773365171213423963081e-01 3.9542665891160184987729309e-02 9.0693393204939437568512517e-02 -2.1516435014015807600618391e-15 -1.7058424734719234489628665e-15 7.3804844707189044827888580e-03 -3.6979358975463555436746788e-01 
3.2271905137035111765797524e-01 7.1219685401991750239858447e-02 -2.6733830824314897015985710e-15 2.0915194223864519718682811e-15 8.8996826621202985985181755e-03 -5.8201294514579046679436658e-02 6.1325890507225963577120353e-02 4.6669996532580221293429190e-03 -4.5775027958103904623943237e-02 -1.0498464701544299448876529e-01 
-3.4358191735284328713091039e-15 -1.1441132098138840283590015e-16 2.5879974109118857552961067e-16 8.4407021221296081952348753e-16 5.8936060011414756476533228e-02 2.4731997256132363938174734e-02 -8.8043071553162016718019345e-03 -8.3767387177635335704373176e-02 -6.8932309232559652034666442e-01 2.1811451144377144717445560e-01 
-9.4329899401661684854580869e-02 2.9846006025589930793495697e-02 1.5041605121232744232228743e-15 1.1692320200128859449612360e-16 3.6699635108556122320422332e-01 4.5994009006330549560459531e-02 -1.0456286296788160072868124e-01 3.1350667838836354661680161e-01 2.0001567052094251620047630e-15 4.3850222583407714984153866e-16 
5.6952191583785755080171498e-02 1.4934621135577206066380462e-02 -1.1051734423940386825568893e-02 6.0502106562438220938027200e-02 1.0919432345705885889497466e-01 -3.4550383764534425834469289e-02 1.4823739846018819560374360e-15 -3.9826322115115586534532666e-15 -2.8573196369627108994948791e-15 -5.0348617552286274821985883e-16 
-3.0757008562058461148547295e-02 5.6028004446534378224509254e-02 8.4228801363016123082694264e-02 0.0000000000000000000000000e+00 
15 (band)
9.2236934343833809624157993e-01 (Ry)
0.0000000000000000000000000e+00 (Occupations)
-2.2540796311564609277766635e-02 1.7100775446909605159717671e-02 -3.4246955918450938671782069e-01 2.5982434281582267310284351e-01 -2.9619824077090162130202181e-15 -2.0044592532052222941530130e-15 -8.5977027382287962709028761e-03 7.4586041128733862604072158e-02 8.0604725661111348289367129e-02 5.6566946700497416911090909e-02 
2.1882022727939446346071325e-16 -2.9918165274519090706474685e-15 1.0198194778160869777838826e-02 6.2697818401147312195043071e-02 7.2372681248455320024426385e-02 6.6914252269625287827814475e-02 1.0461687994779893251529046e-01 -7.9370529049202720450750803e-02 2.4576993005172472285218676e-15 1.7893720244455615915030887e-16 
1.0031498436619954359422947e-15 2.3938343184858280359033562e-16 3.6234790152034332399999528e-02 1.1306289170202193233860655e-02 -1.9736114634833705483440980e-02 3.7308483199344294467536542e-02 1.4650940814469827835897497e-02 2.4204833246588064454840605e-02 2.2260318120408442710278507e-01 3.6775251434289185636927755e-01 
-1.7590011750506645637103703e-15 -3.3454808548958900084679738e-15 7.3278746339271089160760653e-02 1.6346967871094377627860794e-02 6.4682555140740519150632792e-02 -7.4250308540640519439079981e-02 -4.5175341023097467832136869e-15 -1.2415974913079333119543999e-15 6.3420354819433782944670952e-02 -3.5886214030496649957102662e-03 
7.4112694136898124575019153e-02 -6.4981772180063096522317778e-02 -6.8000287312412768803149277e-02 -1.1234025715206338857932167e-01 1.7496961011657645695350300e-15 5.7776822720465042047175413e-16 -3.0893290338827597948287560e-15 -2.1908855852473934806099039e-15 1.5031919060723918438182700e-02 -3.4854463150557971062859508e-02 
3.5041117695024256994962286e-02 2.3527796543654208583085108e-02 1.5842395136812511408086479e-02 2.6171817429316124314908620e-02 2.2271169938389159814740026e-01 3.6793175652824317012346000e-01 -1.5414591891346743667633651e-15 1.3849674224354760799901168e-18 1.8573897863440103073173759e-02 -7.3271060808959065369094787e-02 
9.5537725637100362474640747e-02 -2.1966042933300254647033256e-02 -3.6758348829596494528235266e-15 -1.7370069522354104852675491e-15 3.2485435649782005984587130e-02 -5.4441870274427227316405009e-02 9.1740156710659576111410729e-02 -3.5422828334328207433578939e-02 -6.8189261056273750560841052e-02 -1.1265224482823217588833842e-01 
-4.6608479304291683105510329e-15 -2.3140945708919910234559512e-16 -3.8589894114450554484364856e-16 8.1273973159428583671687209e-16 -3.7874581926176174861975454e-02 -2.6395711010558106993095784e-03 4.3882875368758409231895179e-03 4.1751767023040640969266946e-02 2.7684426690932711911941055e-02 -1.3019908986548357071599824e-02 
3.8919589952630401219479950e-01 -1.8303232035992259008061467e-01 -3.1482800179164853752026706e-15 -1.5943396685382212667016208e-15 -7.0928173275183914459063317e-02 -2.6131059484010964871769644e-02 -1.1859299023113700419229666e-02 -9.7310436689682353050834251e-02 5.0745260889057844076669287e-15 5.4219332134111689985774251e-15 
-5.0747979352037057843016754e-02 -3.7998202062987512794833833e-02 -2.5639320789367554126458870e-02 -9.4940288339348186119615036e-02 -1.1916284270422555779944673e-01 5.6040347133882680019656419e-02 1.8123903911664434393402305e-15 -1.9122309618447801563417402e-15 -2.9336602379502640393953471e-15 -1.9149937535038768740912401e-15 
-6.5840830937630512656455473e-03 3.7391190693716949700053931e-02 4.1981747427346387258051408e-02 0.0000000000000000000000000e+00 
16 (band)
1.0374914462480750998452095e+00 (Ry)
0.0000000000000000000000000e+00 (Occupations)
7.8844303802176052275996199e-02 2.0069664368484202432441066e-02 4.0253511799881941390921725e-01 1.0246565000318247351529521e-01 -5.0142360545885229780967019e-16 2.3136010781416016453063762e-15 4.1986524939252839461190092e-02 7.0471062048374791264571115e-02 -5.7257864064130623016346533e-02 8.8824328217647685601576768e-02 
-1.3481485279081047004173483e-14 -4.2855329154264238013359562e-16 2.2969056658633014295078922e-02 9.9006110307471292819592179e-02 -6.4675475395219270136060175e-02 1.4466186961558180623654835e-01 -1.2770959899321562835972088e-01 -3.2508542364225609389016824e-02 1.4391407186199646614925517e-14 -2.3877322679284771320711858e-15 
4.8089891985992396275437294e-15 2.8050120487345091612201988e-15 -4.7536033564213826807520746e-02 4.2414056703086323862894602e-02 5.2431901520382767634131937e-02 4.4730122096166773093539604e-02 -2.8201194548191560462768734e-02 7.6314535286313392448143134e-02 -1.4398070968170620376191948e-01 3.8961941159604318585252258e-01 
-6.5996116882799231698965205e-15 1.3992637881726692773934253e-15 -7.4473801121070770658860738e-02 3.4390286554226212611951041e-02 -8.2352662724300404462063341e-02 -6.6228870009370360838474312e-02 -1.0702858055369360541239741e-14 -2.0756302758528423718757115e-15 -1.0086466466916693685007544e-01 1.2494273215313003722037877e-02 
-1.3710896871674335684154755e-01 -7.9442459275262833351405334e-02 4.5679745274309881131191702e-02 -1.2361192447870357480343984e-01 7.5625106633323919994162526e-15 4.7078061068222286408237714e-15 -1.6252233921013154870295292e-14 1.7726609116965535779866276e-15 -3.7212839532968597366924257e-02 -5.1709102360453562674535988e-02 
-4.9965711891309896874879826e-02 4.7469103161703191107179123e-02 -2.8667570172236832293233277e-02 7.7575352174653638970269753e-02 -1.4408454319757116324218771e-01 3.8990034234094733678333000e-01 -4.5892111601073766569326772e-15 -1.3035381112819295609010735e-15 -3.3754915574576570269638154e-02 -7.4777343260864798102360851e-02 
-1.0513038446468496445174168e-01 -2.8273297766229898292378309e-03 -1.1286063681062168424657001e-14 -8.8916514564487751670510839e-19 -6.8402768562807400587466589e-02 -7.5120500902696535350244744e-02 -1.5570614488923820162291634e-01 -2.8721759314590179779091983e-02 4.5771017154209413246856997e-02 -1.2385866003624748654665666e-01 
-1.6063802553093226128356126e-14 -1.7370053906699819723911643e-15 6.7630947436809326121757852e-16 5.4776176586674487434743891e-15 6.1940772237855143411699999e-02 -1.4968269239563932251901868e-02 7.1910471052402599734243438e-03 6.8418243077006613006574298e-02 -7.4153809229013420423193281e-02 -3.6619358561135309515499614e-02 
-3.7270349161944482663244571e-01 -1.8405091654408642365403637e-01 7.8639026659472525009040581e-15 2.4781737178791773502600603e-15 7.7896054598813158076353602e-02 -2.5753641849978879674321064e-02 1.3800958881630477279034430e-02 -1.0425893278422411480921284e-01 3.9517100561523069361509043e-15 4.7053615377216704290757848e-16 
8.1859019209807412642554425e-02 -6.0175820533985784066555169e-02 4.4840142533019572423924615e-02 -1.5185092897975072112615180e-01 1.1839577526148624408985910e-01 5.8467034109278545606080968e-02 3.0673652454865150269725937e-15 -1.9936703049496886756647161e-15 -1.7732831029394533941228851e-14 -8.4436094079576275421239087e-16 
8.4116977694625068295852799e-03 6.3166064386545053843668995e-02 -6.8795109885911406855107941e-02 0.0000000000000000000000000e+00 
17 (band)
1.1304711552786321782093637e+00 (Ry)
0.0000000000000000000000000e+00 (Occupations)
6.1260999216484162760410334e-15 -6.5929277360915279404915015e-15 -1.8809911896041730320453190e-14 -1.3158386293719551248208271e-14 -3.6152664928461093751810296e-02 5.6523403137722409705911986e-02 -5.5950313145732935808334131e-16 3.4458476344516018504943558e-15 -5.5191493502940343711520147e-16 -8.7443123790572177926847968e-16 
-8.5743807318994474941931117e-02 1.3405727184516605388076016e-01 4.0542390691440539244210522e-15 -4.5918016268151301809192491e-15 3.9094690838985562826317977e-15 -4.1417803096445715868386678e-15 2.6071102261217419006911686e-15 4.9799749354725555298979983e-15 2.0307628336301289384557833e-01 -1.2838984236955466866625386e-01 
8.0683373222109527889145397e-02 2.0093704821320057529732139e-01 1.5528560432144769186766616e-15 5.5636258898825079387021569e-17 -2.4289364427522609853197089e-15 -1.9366376586216571397960941e-15 8.5621921585983219730605103e-15 -1.3374126998806080318600085e-14 4.9180922456940656599378933e-15 -2.7756032949636975056045869e-14 
-5.2434779520200695823728410e-02 -4.1862921307123740488620456e-02 3.8697452324943303475288052e-15 3.1411817908517764752223970e-15 1.4089590562378501756410447e-14 3.4595733135724525773974255e-15 -1.2436022368621169054136999e-01 -9.9286894365959055264170274e-02 8.0341758424357302051224699e-15 4.0193759956412573165859585e-15 
7.8959907869068391151952829e-15 1.3721062930898884928845809e-15 -8.2177742116063506064289644e-16 8.3192957281996080900201710e-15 1.0645925758944033145958485e-01 2.1538420313875175637896575e-01 -2.0827000304293338817096526e-01 5.9237740433197932921061124e-02 -2.5404122521339478182241835e-15 8.6472085635056815063503552e-16 
-3.2863958755083678706510227e-16 -2.7385502374340191361419143e-15 -5.7146454920053860895058762e-15 -9.5175405553884149270493793e-16 -1.0390951892050300980961413e-15 -2.4116965459586134702450338e-14 -5.2460519177992576134172964e-02 -4.1883467886590933226820255e-02 -2.2516895413625649241348016e-15 1.0929355435434413670632952e-14 
-5.1330373055048275667635728e-15 -2.4729946123533437918287774e-16 -1.2432544751222085466224598e-01 -9.9258966885262034374193263e-02 1.7354646864934615526415036e-15 2.5823787285964225854779078e-15 5.1578390890421425838410134e-15 4.5594513875054680987618465e-15 -1.4392442319108511843432284e-15 8.4616380106956044679324002e-15 
-2.3361555690121205142162353e-01 -5.6131921647310810408182391e-02 -1.1637641428519361272431176e-02 2.1621325344601605156213964e-01 -3.3409646327993878135146569e-15 2.4503101906524471701477673e-16 1.0610999234032936990314750e-15 2.8528103821734364689236730e-17 1.3061264230687193680845467e-14 2.2093746908584240299522741e-15 
1.5049722532986716397724257e-14 8.0146542049297103378532354e-15 4.7137643311065950679772385e-02 -4.7795120438292815201464236e-02 -5.4696211071453503420441575e-15 3.4572378557224815523746942e-15 -8.2621807577899505041783768e-15 7.5637838507798616895586868e-15 1.1171076383357284034225643e-01 -1.1326899244703711455706241e-01 
-2.6780391800258172249971608e-15 3.2101466332891994490972112e-15 -1.7361985743903171650669897e-15 3.4949562681348348059523936e-15 -8.7680810695281003339776973e-15 -2.3101067504684593049118500e-15 8.0243900227714340389617576e-02 -2.2646840294029829676603072e-01 -2.1381234985201821863221028e-01 -3.4174328296086180223323225e-02 
-2.7970535301934757470628753e-15 -3.2651088588347228008463591e-15 0.0000000000000000000000000e+00 0.0000000000000000000000000e+00 
18 (band)
1.1749818742108326663498019e+00 (Ry)
0.0000000000000000000000000e+00 (Occupations)
7.4109324943445057433675207e-15 -8.4786493691337935934256601e-15 -1.4979603727115328156435759e-14 -1.0885656286995057771218894e-14 -5.9028317588261450254982776e-02 -6.5887246288309844755026745e-02 -4.8185653028337198947892106e-15 3.1559050957197252687952747e-15 -4.4302220260587531599757054e-15 1.1657286429149926640037461e-15 
-1.8961026606565439811546980e-01 -2.1164245381479226959520190e-01 1.1355083401315136530028619e-15 1.6370354867767260715405993e-15 5.1985658632047185749760974e-15 -2.1696328916773111484070814e-15 3.0518621797903955721363710e-15 4.6578049158997013623121459e-15 1.8540190681215218404531697e-01 9.5155138482168111213610473e-02 
2.1020241689579277633015408e-02 -1.6988534503019050991845518e-01 -4.1092602198421708232782837e-16 1.8362704930862432316735153e-15 8.7286842002355874947927310e-16 -9.8491279567685700785076439e-17 -8.4911496952139540556699184e-15 4.4471356434137181757568142e-15 -4.0101813201079317261542791e-15 -1.3143751430908918812093980e-14 
-7.1696448377344526581289585e-02 5.1817861696841382990186275e-02 6.4740789300898676974106058e-15 8.9342736633016069798861896e-15 4.8950324679580474852699985e-15 6.4556958787243869827805861e-15 -2.3030272401200610477012276e-01 1.6644890076803314782338816e-01 1.6841126464562537805340527e-15 3.0484365962178400263799467e-15 
1.9165817291180591868483861e-15 -3.9758167651289246967847977e-16 -1.3521791814654759400562208e-15 8.0952268228753516365117488e-15 1.1401364505406703930834311e-01 -1.7443983538926008391989342e-01 -1.6675748177986668419059413e-01 -3.8662944625970904755085655e-02 -1.0420015920344066813768522e-16 -1.8197020231024230938438352e-15 
7.1624748110697193774328238e-16 -2.4832409895217021119142616e-15 -9.6167255620147164215623252e-15 -8.7649628260642986167217472e-15 -7.5602275740834886092335325e-16 -2.3011933756023106155261604e-14 -7.1732691846988758110903461e-02 5.1844015705099208424222468e-02 -5.0278116681542560324895623e-15 1.0507410876239293307190448e-14 
-3.0533463260593333805398118e-15 -3.5734457894603344219539310e-15 -2.3025776688957574900307179e-01 1.6641627403900183246321376e-01 3.8830910377103615590180386e-15 1.2833857016475112696065951e-16 -1.6691990139526713497131581e-15 2.3146546758267571905574877e-15 1.6805209258120229185386229e-16 6.5947925682691551119441150e-15 
-2.0141001210101189267120958e-01 5.3538257754630780294036185e-02 1.5624141803662072031100294e-02 -1.7046172089903227631069171e-01 -1.8217756130424200621007389e-16 -7.0450757426270646499605516e-16 -8.5576974952715829759906480e-17 1.2513500512002115383779306e-15 1.6697146624018101059785441e-14 1.0354202428594256632502854e-14 
1.8591821713134656866551293e-14 1.1040704936037039323254034e-14 4.4061900730578584806096387e-02 7.6758907939426954114559010e-02 -3.0853713226942424431672272e-15 5.3056428093951979489115116e-15 3.7055165754164011516711320e-15 8.6779459682747705364868841e-16 1.4143613779026104060321245e-01 2.4639162811461098878673681e-01 
-4.6297150311579933061511749e-15 8.2580058755658824769722352e-15 -2.7535372826590373829980197e-15 5.0948511557016075013252354e-15 -3.3643337499704209675829378e-15 -4.1567963854593204537614388e-15 3.2191890559699787299763329e-02 2.0590293878456850107383502e-01 -1.6789474622922159752214100e-01 -3.3356652823473949276422701e-02 
-2.9474327522468886040072177e-15 -5.0377039387893243967482271e-16 0.0000000000000000000000000e+00 0.0000000000000000000000000e+00 