130 (index of k points)
0.03923461625986635059604168 0.06785880443885691781780167 0
18 (number of bands)
52 (number of orbitals)
1 (band)
-1.5033530105917922714553470e+00 (Ry)
0.0000000000000000000000000e+00 (Occupations)
3.3585178742672616714060041e-01 3.7804977120857813366328060e-02 -2.6790390390054666380770243e-02 -3.0156620298779149291767965e-03 9.2239689771429773952873928e-16 1.1748994500569610046291100e-15 -3.9777470518126412102333234e-04 -1.7700248100072785151226640e-02 4.7589724823941803588667199e-03 -3.0000595537166545312413035e-02 
-8.4175840740568269164467163e-16 -8.2738220008434515052154305e-16 3.5533946683741907124343129e-03 -1.3678188656048927834829598e-02 1.5568443243873519854503229e-03 -2.4173866940963961713606523e-02 1.0167012359915586494629736e-02 1.1444444008299331505540408e-03 -4.0045739505357398829140614e-17 -1.7587702488335247257710578e-16 
-1.7037539771864932651703071e-16 5.8421049495609573993660203e-16 -1.3532939083504176569494604e-03 6.0889938883137324776573251e-03 7.4624575936453607649667674e-04 3.6770821183414875710226966e-03 2.5420861627624558032323421e-01 2.2271869886417811068568540e-01 -2.0277828646256185196605770e-02 -1.7765947768785088356491286e-02 
2.1741043935200965119848919e-15 3.4986120671132407162143902e-15 9.7751393566240848270743058e-03 -1.4761560150569164734379868e-02 2.1029573400555029438763199e-02 -2.1918955136219584606260824e-02 -9.9735868434933306890196114e-16 -2.0090128912593302052069567e-15 1.0724195068472920644442326e-02 -9.2038632493674117640569676e-03 
1.5074755331165465288556504e-02 -1.8961839542491209370522753e-02 7.6954842119927209520557909e-03 6.7422115107907886963345412e-03 5.3189389288863581586777546e-17 3.4431317550177424483355329e-16 -2.5668422514913680703544612e-16 1.9288757785739906055300812e-17 -4.5863276479178594069452402e-03 4.2276293215276596407226073e-03 
-1.4857815390981721735685905e-03 3.4453256531806171827914120e-03 2.5508889858389383054060318e-01 2.2349000757860812416133456e-01 -1.9697571030535356018109638e-02 -1.7257532234745315974366875e-02 1.5667112700278406167467646e-16 -1.9692746519849455163708733e-16 1.4358623094270259179516813e-02 -1.0953147023509513663386272e-02 
1.8616602609131865930791605e-02 -2.4391551538684320271643813e-02 -2.3180570318357671711660126e-17 3.6850083566704172058505403e-16 7.0245060095685957213262895e-03 -1.2332086983236704644251169e-02 1.7084372341283349250318224e-02 -1.7005429461200163854250889e-02 7.6970529584916022938778646e-03 6.7435877868450401842470576e-03 
-2.7227536571220739471997009e-16 2.5206307963852404928825326e-16 -1.2325631904900739925714416e-16 6.5771085765786411855038156e-16 3.7226985152167650638954655e-03 -5.0297370685893367375784990e-03 3.0380590744426968705105274e-03 -2.1115060621143986671621740e-03 8.1917267783929326174785501e-02 3.2910133835497890064658577e-01 
-6.3255370839991305678684519e-03 -2.5412679983333671951406529e-02 2.0396623601121528126884886e-15 1.6907281352420449133223863e-15 1.8041681613225668545652525e-02 -7.9950700380754941010152947e-04 2.9207597908676483089429610e-02 -9.4043555640889696378703633e-03 -1.0211857761511493981402106e-16 5.6594341537022368232149596e-15 
1.2806256913137492939314122e-02 -6.1175025880873664871351103e-03 2.3734048154143608244659447e-02 -4.2137118639400767891589616e-03 2.4717719053041005590476420e-03 9.9303043323378404477752568e-03 4.6739160356211295056732083e-16 6.0952694579000201630183773e-16 -1.5643375790704826920288147e-17 -3.3188461525602124543951989e-16 
5.9274301284210620041625894e-03 -2.0055700653508249341194780e-03 3.6997649641777787671292899e-03 0.0000000000000000000000000e+00 
2 (band)
-1.1250935875702443578205703e+00 (Ry)
0.0000000000000000000000000e+00 (Occupations)
-1.9241724456286968258922343e-01 3.3953355502580379043919834e-01 9.2358633276983514992508617e-03 -1.6297327021918502076847091e-02 -1.5807083327961554495103634e-15 -1.0805763391841059822292617e-15 8.2582897948744946048371673e-02 -6.4847571660493374956502066e-02 3.2311094253954730781686067e-02 8.2863896070936221560643276e-02 
5.4463510119213942455501668e-16 9.6750450705557747963779821e-16 2.6907633762593322068745749e-02 -2.9414658706093416151716724e-02 2.3257980881393469640983085e-03 2.7141636563654203406770193e-02 -5.0621098542342601173116279e-03 8.9324480961777141807544922e-03 -8.5323139399616247537772480e-16 8.5804000390606393705670170e-16 
-1.3755346010090845409402955e-16 -3.5514380839587619109283689e-16 -4.3544295839335889208854269e-04 6.8399839324302380560993697e-03 6.7796908732872477459929783e-03 -8.4678454923604179471752218e-03 3.5177967472355375910808561e-01 -1.6899257807666534514368095e-01 -1.6885127515126704955683579e-02 8.1115046856741340741692170e-03 
4.3651598780696547405024230e-16 -2.4746559143829812108715883e-15 -1.0482227031623173041374741e-01 6.1183518715691330089323507e-03 2.0759320260737880448065340e-02 -8.6484002603107318352115840e-02 5.0647082583500559345306638e-16 1.6021028484911347225747418e-15 -3.8882526995660242341568136e-02 8.7972720732188008918583932e-03 
1.3580272973931179630868726e-02 -2.3614697924261213168861673e-02 9.2546168242077370136300374e-03 -4.4458579154457167348368785e-03 1.0614726066583321478940833e-15 -7.1462080898106250292404093e-16 6.5247627806624690554806188e-16 1.4940720535217665296981494e-16 4.2612352735633962641514927e-03 -5.3681341925544134863201862e-03 
-1.0399852110128201057581698e-02 3.0841030636560851085903323e-03 -3.5113596375109568104022628e-01 1.6868300145658204902687771e-01 1.7226466217755923709953336e-02 -8.2754568044811002702765279e-03 -1.4358552353554752145416978e-16 -2.8080398111495018852374887e-16 -7.0157900393515493231433311e-02 7.7885694525967663626175863e-02 
8.0361152899155907647354979e-02 3.7811064744137326543160782e-02 -2.8407828483266079633806969e-16 1.3270100731185991117994546e-16 -3.1258688067747973649002091e-02 2.4940203901022375831963984e-02 2.7011983022793228936819787e-02 4.1873611345638467318153175e-03 -9.2249197155153568605800984e-03 4.4315776092286925796903674e-03 
-5.0486609881078909869362913e-16 1.5267579308073422015668160e-16 -1.7804444956040747492804266e-15 2.9731275648183536341229645e-16 -6.8354659428573353793789913e-03 -2.8272794820954905148369107e-05 8.8837576559889983029982830e-03 -6.1743724151987122369944494e-03 3.8460469650539452768356341e-01 6.1884145350973952803830258e-02 
-1.8868414588157293720893648e-02 -3.0359931823618407573106559e-03 -4.5323074782356535600923824e-15 1.7853692533557674479513498e-16 1.0206052701567137896976334e-01 -2.3915710834194570805211200e-02 -4.4409209494816255514582082e-02 -7.6911726182777639948540127e-02 4.2894470362481996775493705e-16 -4.1519297964977475240330343e-15 
3.9901759732347504006089167e-02 -2.6398713231004615475949748e-03 -1.9791084685159471279192189e-02 -1.8854553483972365246490455e-02 1.0104196996648242418137542e-02 1.6258003927971901182020220e-03 -1.2575202039804538146990416e-15 -7.7276700658915977998176876e-16 1.2984001906285007884583117e-15 1.0395515950147258729218019e-15 
5.5968017856801123219301353e-03 3.9243093377987958367270060e-03 -1.0818688682643953433148987e-02 0.0000000000000000000000000e+00 
3 (band)
-1.0567451433037848840257311e+00 (Ry)
0.0000000000000000000000000e+00 (Occupations)
1.3770347605481872421684386e-01 2.5980170964898485763683311e-01 -6.9029177951925868583771262e-03 -1.3023564367916467751640219e-02 -8.8706415912469414117249245e-16 -7.2669748180125098639904333e-16 1.0448819127556846497739684e-01 1.8558755504307866690538731e-01 -4.9385591309207554910898352e-02 -1.1314800490281254341518036e-01 
2.2133012535577603793731565e-17 5.0589464151006345419453041e-16 1.8923316599811945692977133e-02 4.0344870308067520836559083e-02 -1.5374381456378816146468580e-02 -2.0976826398375485877023650e-02 5.2848583175066528305752200e-03 9.9708167033606895368613721e-03 2.1302260654086719795179380e-16 -6.9495972003961581293066249e-16 
-2.3442526869145119619779004e-16 5.1320199246588755719643480e-17 -4.4520760975880965815143497e-03 4.3663586065114251555385749e-03 -4.4833181220698126168144881e-03 -1.1092786828601070014954644e-03 3.5197260129175400589218725e-02 -2.9192521051378705898571297e-01 -1.7643993952546760395350134e-03 1.4633878423244754685139668e-02 
2.6129408139644690594416006e-16 5.4445764897749171312155332e-16 2.0116940013848349372294066e-02 -2.1202790247367353515528521e-01 -2.4022162300944446128303511e-02 1.2109642175074235292964175e-01 4.2391741505172537849050456e-16 -1.7178797580131933286548735e-16 7.4864984084909123873696757e-03 -4.3928951875632046841779754e-02 
6.5290174288486560461031161e-04 2.5999472499029868677311583e-02 1.3508231450175111482137069e-03 -1.1203668595554961209814770e-02 -3.1310955660361326559026535e-16 -3.0274493979931512956602306e-16 -1.2876515409677154903477588e-16 -2.1090448742131917703731876e-16 6.1477588645828563918005472e-03 -1.0445716836480697931044404e-03 
3.0483927357923528561611803e-03 3.4695737934650992817520176e-03 3.5021179926709930518846647e-02 -2.9046148415817019117213249e-01 -1.8158591469644991267529122e-03 1.5060528837248787770164427e-02 -1.1895738885238966978646049e-15 6.8592899718919695656064515e-16 -2.9869738956171842936271332e-02 2.0913834831905056543810417e-01 
6.6838739932650048647388985e-03 -1.2219610313591497408047815e-01 3.5257733144411494315800023e-17 -8.3140024553106305046377400e-17 -3.7703360183509518344102673e-03 4.5529186600850243826776875e-02 6.0903406592258957363839045e-03 -2.5852605923549792921178891e-02 1.3489178996102199094286878e-03 -1.1187789517725052132468555e-02 
-1.9717015940288359823004092e-16 -1.5617358121963027274916843e-15 -6.1045067384961357495830754e-16 -7.9322240188232759166020904e-16 -5.8290765835332380984112888e-03 -2.5118930633959372228369844e-03 -3.8529901445582045299564911e-03 2.6778979105234537727575628e-03 -1.9452792408530075740635823e-01 2.1852515547161918685326043e-01 
1.0086339445662242941814668e-02 -1.1330605892273755419541459e-02 5.4005690899421615852671906e-16 1.9470591675299485927084093e-15 1.4388560542029441013944790e-01 -1.5468672404497313399573954e-01 -7.5227431815494710809488765e-02 9.6526655881202849673883293e-02 -1.1636566983437587835239255e-15 2.5976841171947870404156650e-16 
2.9080132956238124997128125e-02 -3.5234473651153778994693511e-02 -1.9755511375164111487201524e-02 1.7753006863333180981312509e-02 -7.4926861361006369746662337e-03 8.4169987678880935771941196e-03 -8.0310182885738412482033413e-16 -7.7790761433189860105087519e-17 -6.1530611443438992871172641e-16 -1.2531626598795404949578976e-15 
3.3529701750191760571684352e-03 5.3893720955254407686818574e-03 4.6921924804143007661783038e-03 0.0000000000000000000000000e+00 
4 (band)
-7.6418120648245890791372403e-01 (Ry)
0.0000000000000000000000000e+00 (Occupations)
1.0505808082122836122351828e-01 -1.5460094516477440595991766e-01 -8.4714249288929399650527330e-04 1.2466312710222582360586330e-03 -2.5735913847010609852372611e-16 8.3513261683826283258859161e-15 1.0310087828473638027482195e-01 1.6374292271059026626645050e-01 2.7882198230424681817396504e-01 1.3530714666526449940775478e-01 
1.9413268458696932229256842e-15 1.2164588776662743806573159e-15 1.8591229794973296307603050e-02 2.2527220068491435323032590e-02 4.2768759418957524864879360e-02 2.3342937994778101273851689e-02 1.1693913737040456668481170e-03 -1.7208474121360346764664229e-03 -7.1572670894991894578928524e-16 -1.5283347465347699717191424e-16 
-1.5737427460929946981837248e-15 9.4580768348934191997877349e-16 3.7203393895337416585888946e-04 9.3011020048761779144275152e-03 9.9422611471479127587258517e-03 -8.9610285206536358787454688e-03 -1.7450121695777381924941096e-01 6.6992371744407835931767181e-02 1.4070997682944230700030630e-03 -5.4019456791659647976189262e-04 
-4.3825046509757598714119523e-15 1.2304606182734980045181031e-14 8.7891029270010107010691058e-03 -1.9329844156284647915811092e-01 -1.5173282586809766492308427e-01 -2.7023484473480924306088014e-01 -2.0680411600819754305831141e-16 3.9350172696077123804289925e-16 -2.4095835094372561324682636e-03 -2.9108476027006023600929296e-02 
-2.1797401551921141704681872e-02 -4.3576746345374645086323540e-02 -1.9423557676604766286665438e-03 7.4568496872719561285869361e-04 -2.8772137908586030871079779e-16 1.0655380622546071731277326e-15 8.2687119324708652561703724e-16 2.4045410587680020293313708e-16 5.0027697333786119715526297e-03 -7.8499173722831466770699649e-03 
-1.3278260435022684604611243e-02 1.6841581534284069676665752e-03 -1.7446932923743235788194283e-01 6.6979996761776988689618406e-02 1.4055771410984713165603921e-03 -5.3961264699320388160685980e-04 -1.8863303519262207999229544e-15 8.8479017005832480104330190e-15 -1.3597966315337997600387610e-01 -1.3777177683245889205920776e-01 
-6.8069888918640242270186036e-02 -3.0244209253373033341460996e-01 -6.1211320139727798053885534e-17 -5.5676843836317678746818569e-16 -1.7640020880735213237855419e-02 -2.3228631095524560068454889e-02 -1.2966161196717108233800175e-02 -4.6910449509185762895224769e-02 -1.9431764504359754289208873e-03 7.4599934578350503028981722e-04 
-2.3784600755094392575388496e-15 1.4846159369818047601209477e-15 -3.0437943769361538826809461e-15 1.6481643399354691084659440e-16 8.9721270203741293469690277e-03 2.4943097991459370343925173e-03 -1.0989365331217131049879043e-02 7.6378078724255969722545245e-03 1.8149174463952058578009030e-01 4.4571441960886401534303047e-02 
-1.4621528167405306586346114e-03 -3.5907944643790573602259997e-04 -2.1790854273659178933864654e-14 1.5034899348268399762664515e-14 3.3031370585971428499583169e-02 1.9073662427570922672792619e-01 -1.1671227017908035461513094e-01 2.8719849425653221075549482e-01 -7.7510920739209581055088679e-15 3.6352477276043166680445041e-15 
1.2281942721418803721178392e-03 2.9141571304141584974889412e-02 -1.6125276986088996067358892e-02 4.5920442631313430903450268e-02 2.0213897536406444203904709e-03 4.9642039174190250114954148e-04 6.9394753893680720737902254e-16 2.7015964391582363165412387e-15 9.1253025445778159705637044e-16 -7.8206011159425661735686308e-17 
-5.9439185630871752691328780e-03 -7.1687151400576373458384261e-03 1.3382909230767910113701902e-02 0.0000000000000000000000000e+00 
5 (band)
-6.2200331071660208692719607e-01 (Ry)
0.0000000000000000000000000e+00 (Occupations)
7.4450455869207443293770437e-15 1.5522765705899682825353426e-14 5.3885581904022848167107943e-15 5.5376205804526564095875189e-15 2.5475134965424012234436191e-01 2.4897470466207002881553478e-01 -1.0480819775207749497779218e-14 5.2475390467207732982860872e-15 -1.5806950969348737767944736e-14 1.3629180849260608729158431e-15 
1.6502301728092805266356891e-02 1.6128102740006033943842567e-02 -3.1791440621028932210772107e-15 1.4559698604654169848921615e-15 -1.4235329022304757617856794e-15 4.4330502305238900995926720e-16 1.6690451675210462728023849e-16 -1.5976572849108008421784048e-16 -8.0119795422613007684908837e-03 5.1226064979156236967039462e-03 
-1.0309709477403478095070000e-02 1.2326965521401070380314025e-02 7.0592213131423305007458322e-16 -5.7871058179534505034513414e-16 3.5749039981969976980118401e-16 2.0082792644166859743875327e-15 2.0087649504957350058453045e-15 1.4962761156735019867824973e-14 -1.3621731131008221395249593e-15 9.9413575802562740154056622e-15 
6.7095627354705172917803679e-02 3.4983543345707474037098450e-01 -3.1397058886168056120237799e-15 8.6637229163449610674024195e-15 7.9046349824458300172827474e-15 5.2154553815738861636878743e-15 4.3463249595552602699832789e-03 2.2661666303762914576047649e-02 -2.1938420303268059404067658e-15 1.6988591520206339921324803e-15 
1.2819052718158112945617734e-15 1.4798674598377322862836083e-15 2.0151845964205066645758479e-17 -9.3326774091785868444675279e-16 -9.5025716950144015204848813e-03 -3.6612115373447552159336116e-04 -1.5500976254952766875128134e-02 4.2383869122189152256474642e-03 1.3304858575650187118028484e-15 9.6121305243433870526475646e-16 
-8.1710045069199918686259335e-17 2.0148518445424800567408253e-16 -7.5121784505242217439887818e-16 -2.1483490632115969330170429e-14 -5.3386100496393266595278947e-18 -5.9157727220038516388242455e-15 6.7102355757043652406679257e-02 3.4987061262923685456271983e-01 1.1974126589713544296025985e-14 -6.3449760882546948700744021e-15 
1.1750616840521851803068303e-14 6.2568824318453700628112307e-15 4.3395253622867113740824152e-03 2.2626212632985198691670803e-02 2.9412899524473929602720693e-15 -1.4473002680382678208329709e-15 -1.1497888920589262682618016e-15 2.2939209556504089480265001e-15 -5.8620347337101535085239148e-16 7.6141092135288332595478445e-17 
-8.6946705661456336750037011e-03 3.8556958797808784863980769e-03 -1.5972115204861567216987339e-02 1.7981926112526102658206728e-03 -4.8218153661523391894071164e-17 2.2011685486631833878714173e-16 -8.7920688331490644127747593e-16 3.1180802781018734809971577e-16 6.2673333886716949068798250e-15 -1.9127060172321394005950582e-14 
5.0300257483004175077520486e-15 -7.4219876171875674639473520e-15 -1.4457485918089121867957658e-01 3.2559220172253999781020184e-01 6.3658458633052749776614890e-15 -1.0164980398527478003338108e-14 9.5504111858578344624332974e-16 -1.2124626855925907082993670e-14 -9.3496887144209721298704352e-03 2.1056122611404153033287656e-02 
7.6908813767714461275033610e-16 -6.6155011936802030638139891e-16 -8.2057173773862531868860697e-16 -1.2790007857297023849940172e-15 3.6247535357662313810753643e-16 -4.2130380137001233665257300e-16 -9.3401198106338664817194228e-03 -1.7960648357357180369964222e-03 -1.4141742689679824215853721e-02 -7.6389184105740250488314480e-03 
5.5732102807591299631042422e-16 -3.1542329729206810192091939e-16 -1.7345399397585355836038588e-15 0.0000000000000000000000000e+00 
6 (band)
-5.0343796079245906049948189e-01 (Ry)
0.0000000000000000000000000e+00 (Occupations)
2.2128407340197020491956437e-01 -2.9227565171811520361444536e-02 -1.0113252804118025296453709e-02 1.3357696824126408241539821e-03 -2.5040588318809733151132273e-14 -4.8818453105901558099404691e-15 -8.6536396441306145943528350e-02 2.0137953645499021004816598e-01 1.0693943722786712624550631e-01 3.1440486558585067911053557e-01 
-1.5327624914079443767465334e-15 5.1367241690957831891797466e-16 -4.3745859175721990563801000e-03 3.5726503818977239923526668e-02 1.3059299393769124852937580e-02 5.9066958245471215538380250e-02 3.0451061610614719998846311e-03 -4.0220847205407923852238383e-04 -8.3906653489630105639890406e-16 -4.5183241354812393389716439e-16 
3.0184091457810695527507432e-17 -5.1791533409318426802617967e-16 -1.6525044565634805504572569e-03 3.9216781305391190670661672e-02 1.4579107931417530780171532e-02 2.0525534460045610773981650e-02 1.9838780986805154560315145e-01 1.0228963096522930564802323e-01 -9.0668314232142388497948104e-03 -4.6749043698701905902304077e-03 
1.0070531895036153126770451e-14 9.7753039906481062058946277e-15 -1.8598932720087657521901292e-01 1.1597515155944372600149705e-01 -9.1621888211595531315012408e-02 3.1920509447565437177729564e-01 -6.5169017290501175314128841e-16 -1.1928585420146664300760499e-15 -2.3981788220292170332736958e-02 2.6840154821365050374915029e-02 
-2.2986681100107986264191595e-02 5.5955905399074939987613675e-02 2.7300323480080150584381471e-03 1.4076102322596491245310091e-03 1.1051163693481752404325422e-15 -6.2319437967042118680944935e-16 1.0975118352849955505857506e-15 -1.0579184051615292617363471e-15 -2.3738501897598299900105090e-02 3.1259722241112952723085527e-02 
2.5742194896576607587856955e-04 2.5175021090090857200927132e-02 -1.9840268674159902695386393e-01 -1.0229721823407605940658982e-01 9.0766727357720275448649261e-03 4.6799628525193565087292313e-03 -8.3580891026318563857029802e-15 -4.7344825572995893975445078e-15 -1.3113530815321378097948468e-02 -2.1868252158480691593744893e-01 
2.0678513602628914580527919e-01 -2.5991136263201702893965717e-01 -4.1992689411168963773181633e-16 -1.1170708955980059316567837e-15 8.0029638687518778183971335e-03 -3.5095009931045917372927079e-02 3.2240459388489933756360983e-02 -5.1212476773865076018488196e-02 -2.7279120688201634152558750e-03 -1.4065291289926352621963979e-03 
1.2975548482090055679255097e-15 5.4746872950940930767981888e-16 -1.3251129920767811078248301e-16 -1.3923543962778130972889621e-15 -1.1676738687691319562578229e-02 3.7459689388440950419401076e-02 -2.0676376219415815160829197e-02 1.4370455827251188418713923e-02 -1.0453579893727039940021228e-01 -1.9723238503163864621114953e-01 
4.7823843429038170871336888e-03 9.0231280745591002645511480e-03 2.0169717467544670790219860e-15 -1.5039949384850400696654807e-15 1.1403691661459296191605262e-01 -1.8705504961421928755704869e-01 3.1813639195223269995338455e-01 -9.5410927163794068128765957e-02 1.0259754271895201187947305e-15 4.4301793475708510049857978e-15 
2.6600825775744255108357095e-02 -2.4250839589442213517500591e-02 5.5701883057099658980160228e-02 -2.3653017202629529613933101e-02 -1.4372975808067812823753950e-03 -2.7118267109409212312076676e-03 -8.8536825746249256892645047e-16 -3.1950431584901949418725054e-15 2.1587858591172662998890389e-15 2.6373759574932183708188425e-15 
-3.0967097712422494981687748e-02 2.4095921122224861488092529e-02 -2.5179804094748348131105331e-02 0.0000000000000000000000000e+00 
7 (band)
-4.4415204438652622354055666e-01 (Ry)
0.0000000000000000000000000e+00 (Occupations)
5.1227142199336689332156425e-03 -5.6498783769231342155592301e-02 -4.2978970730467302985289280e-05 4.7403498943758559658334661e-04 -1.0221107966574198478788702e-14 4.3572289243753351675972018e-15 1.0763265625953935544778517e-01 -3.5436080306058892475107314e-01 1.1059219462462188676710184e-01 2.2055404628745947648305048e-01 
2.5405539339038974116329994e-15 5.4953132375816592906198502e-16 1.0819815629641987841935702e-02 -6.0514733085993629990717579e-02 5.9513968111859147369635537e-03 3.6095272101683270604688403e-02 -3.2689525400440150315617416e-04 3.6054781777024348665694475e-03 1.4161138942086657581147286e-15 6.0213236852119715788452657e-16 
-9.6216252266598558254883797e-16 -7.2565862484625622893281339e-16 -1.9630842202395921980428994e-02 2.0167438524023077739411036e-02 -6.7367640135334583284532073e-03 -3.8734069506935212001685898e-02 3.6451135182449120875070037e-02 -4.3470329102659188702517667e-02 -3.0583034783381035648375246e-04 3.6472477497795363632349108e-04 
1.2617411930131152564238761e-14 1.3453998995074126783529299e-14 2.9062098871276054179446646e-01 -2.2955567594561693267607438e-01 -3.5060493456754528163177298e-02 2.4422424663457464877325265e-01 4.8428336811842212021161424e-16 3.1730372423559864281611539e-15 4.3421262261593540632276245e-02 -4.3516609637450957837057075e-02 
-1.5713076730939468106384993e-02 3.3036147047535158183251269e-02 -2.3261250931321071286350666e-03 2.7740719976375449729033562e-03 -1.7104093237582917593572426e-15 -1.5410740838926054104901701e-15 -2.9660055584978584213569093e-16 1.8671997601175750765026089e-15 -2.7629681339902123493601493e-02 5.3568882059537928364001402e-03 
1.6574170555239107344158711e-02 -3.5651213167968827388865094e-02 3.7722384341443856992093231e-02 -4.4986873900537210912986552e-02 6.0029295909447277779236174e-04 -7.1589227697825552620969347e-04 4.6621296032980262470898757e-15 1.6000144686451030397769405e-14 -1.7434516093459792585029788e-01 3.2432399241417542157250864e-01 
2.3306337980495339667896815e-01 -7.6614531727185852805206423e-02 -6.8999363467208721845140503e-16 -2.6209803313153045505198965e-16 -3.6233359367325759792244355e-02 5.1598963858116193847980213e-02 3.0480083838773749937978153e-02 -2.1841884013092061067595751e-02 -2.3329844850666402525374288e-03 2.7822480731031929562790950e-03 
1.6865338812540962641263024e-15 1.1460462208395750429418211e-16 7.3071074930070996930849196e-16 -5.2721704991934464689091022e-16 -2.9188049567943847098505650e-04 2.7925056245154952078157962e-02 3.1907814265728799696386631e-02 -2.2176508619496184543384842e-02 5.6650325370418516679471566e-02 -1.5412259379210216381217435e-02 
9.0149952406488875755741219e-04 -2.4525904078528601437447776e-04 5.2154072822474400417679125e-15 -7.2261215374100565300678799e-15 -3.2825949380396429733153241e-01 1.6681724108842846399092252e-01 2.3510476274761241133326450e-01 7.0100470834867298353110243e-02 3.9469941383879074329193960e-15 -9.5067189549452295630321845e-15 
-5.9201223139700435982302196e-02 2.1691578574083093117197407e-02 3.7494156288571854618307810e-02 -5.4004839466888741872363511e-04 -3.5035950887544217539903979e-03 9.5317490623476755842724550e-04 -1.8641513590034153346634984e-15 3.5211999055448085639743794e-16 -7.0290901886233698411724332e-15 -1.1738955631412336871095560e-15 
-1.6176885914268617633338110e-02 2.2764057692678599242874782e-02 3.8857510802505705604925623e-02 0.0000000000000000000000000e+00 
8 (band)
-2.2704685865809887124200372e-01 (Ry)
0.0000000000000000000000000e+00 (Occupations)
1.8949709498002846480516333e-14 2.8703520720566812846613110e-15 6.7962626575289658217002150e-15 4.5648705652045361103394354e-15 4.6768102106241793425311926e-01 6.8225400572946195976165029e-02 1.4736466859597597309903880e-15 4.4535816217707132643226401e-15 6.8393310255282083039331687e-15 8.6950979212726180269805593e-15 
7.9497564831938760665508426e-04 1.1596950578608017368154037e-04 1.4216027848140636680610885e-15 1.1596281165724133834638101e-15 -2.3416496406123798655623769e-15 2.5541532060040543841203633e-15 1.0575962866892256687006517e-15 5.5571678224451336700086047e-16 3.2185131597586069673866405e-02 1.6457825595362442216984533e-02 
-2.2486244370672148207290775e-02 1.7063934873382993751000924e-02 -7.1501543578012467909611506e-17 -4.2489657194569237744756618e-16 -2.8386452453046931422606889e-16 -5.9260200899401483197464038e-16 1.0180861049663517830476472e-15 -7.9986937745181573748210390e-15 -4.8585986614403503105562254e-15 -7.5652223921418045487076791e-15 
-3.4509873882417474444395111e-01 -3.2293513777117133223271139e-01 -6.0322217434988431684455161e-15 8.6986722673116450499968153e-15 -9.7580460329043878448311802e-15 1.2442670419781869528616522e-14 -5.8660825454029397185706785e-04 -5.4893165639798187360742787e-04 1.0335607272858834712033785e-15 -5.2853186050956272162373723e-16 
-3.5918522312473797708909794e-15 1.2822349999558255826818184e-15 7.0768902791121755609474656e-16 8.6057249569330681842724832e-16 -1.7036090997300808169701014e-02 -3.1882821751108833541188403e-02 2.8203180931616805837691686e-02 -1.1788318790899865451393680e-03 -2.0853041113379087192722778e-15 2.9094009939235299951287203e-16 
8.0700864620430258911574476e-16 2.0255284223986785952228383e-15 -7.7410270299034371411139130e-15 -1.1234355613837830189211968e-14 -1.4887335417305407221696353e-15 -3.8893955608401286434649446e-15 3.4508033629315887358401937e-01 3.2291811778609941230300251e-01 -4.6927795317136541694698946e-15 -5.9260296030911899623088192e-15 
1.9542065657878492741527605e-15 -5.9386002653738414320993224e-16 6.0168131993745821439745214e-04 5.6304171140535326511855629e-04 -1.3251098280977970010157693e-15 1.8861930294218890392887352e-15 1.0084462303331528580584098e-15 -1.8525754920915426571111052e-15 -7.1090953682877662968902458e-16 -2.3466446446552750396874997e-15 
-3.2937255283612756895372797e-02 -1.4882668754318009035619852e-02 6.9228891730266665580084684e-04 2.8215735975810361801929815e-02 -1.7265864232098134643714055e-15 2.3248664173480075101205960e-15 -6.5232239421360663213170259e-16 1.0125081496089564198559236e-15 -1.4940656056469312608903364e-15 7.7857974119252293309384495e-15 
1.6449394684538970751218530e-15 4.9631493934921068821208075e-15 -9.9068694191141420946067342e-02 -4.6210598689259541060891934e-01 5.7001273068633433820798605e-15 4.8820059224797611504377339e-16 8.1369646482062118917784318e-15 2.9261395593783373112963898e-15 -1.7273459619657921017277236e-04 -8.0572894873103678703429864e-04 
-8.8953879330449856892428774e-16 -3.9143031825372456159235706e-15 2.7300494972506536400378052e-15 1.7405680630390861982854845e-15 -4.7688900840271180168407037e-16 2.6626592831762556381159307e-16 1.8552660147614901536838872e-02 3.1018630148923510836400652e-02 1.5534630845230656959188309e-02 -2.3564427960468023459661424e-02 
-2.3749294078311403652187591e-15 1.4931381438944885326185801e-15 -7.1143775226950163759428019e-16 0.0000000000000000000000000e+00 
9 (band)
-7.0592452175396169788967882e-03 (Ry)
0.0000000000000000000000000e+00 (Occupations)
-5.0448681474528768116995709e-15 -1.3268311426017638633522617e-14 -6.4216478905185097102658997e-15 -4.7902884933816741964694028e-16 5.1416790479374263611589413e-01 1.1375119448743663264078663e-01 -3.1812645714568810529129478e-16 3.1559238352002952484880742e-16 -1.9717950753923749888723687e-15 1.6418994309399226218634724e-14 
-1.5370182416603907216146041e-02 -3.4004001641655678955800113e-03 -6.0045441378915353214430516e-15 -1.6365868566772951956975922e-15 2.5210938412901699896527640e-15 1.2994449177182280859972267e-15 -6.3387375695793491662846513e-16 -1.5574434083125670615040432e-16 -5.3585456290847238713936918e-02 -2.3328986928947421930491402e-02 
3.6566817567911219510889964e-02 -1.1755327023493494786876568e-02 2.3668115149934011978360210e-16 -2.7722393371974576237851401e-15 1.0103837710766726388526847e-15 -1.7783287684750250498888067e-15 9.6192659993802067210979656e-15 1.0679144787115441097681021e-14 4.2566686117720254069737104e-15 6.4842544000030651183653730e-15 
-3.5728921837252902715675873e-01 -3.8684930270334699775602871e-01 3.2125744459063700651797792e-15 -1.3101770127254124161113012e-14 1.9607257636669072948485453e-15 1.8340382959050499699235397e-14 1.0680558627094813295421716e-02 1.1564207547839943507339555e-02 2.4690051097828403516725826e-15 2.9302037321364545214202486e-15 
1.4768887337102534943209785e-16 3.5854084647493176526473854e-15 9.3722343074279009321092590e-16 -2.4324739932540523519361975e-16 3.0687485696635513621188807e-02 4.9738526100479206470961202e-02 -3.6735737951982996851718610e-02 -1.1216301422366535545105393e-02 2.5486506285261593316228290e-15 -9.7485701819007419409860939e-16 
-2.5042495452134441660009031e-15 -2.3790287564488205115607089e-15 1.3429756003932840267638142e-15 1.6281405825527170099485613e-14 5.6453758967699019255434353e-15 4.4973708137406551544023481e-15 -3.5730063950230256386575434e-01 -3.8686193168278670828641452e-01 -5.8291738596768471839051910e-16 1.1406233360362786233708777e-14 
1.2749970682513804531019322e-14 -2.8406041017586641192506357e-15 1.0697742217494414507239497e-02 1.1582820679309520708888392e-02 4.7686601330348226884413365e-16 1.9583978748872307756743632e-15 -2.8730939932142385902589730e-15 -4.3829881818492321389580271e-16 2.3278284113408230271753609e-15 2.3749877627992452844138078e-15 
-4.7151286146065299331731069e-02 -3.4537927678784545448831267e-02 8.2664876539161186164150763e-03 3.7513122398172955851425314e-02 6.6564443404413940577040261e-16 3.1528949267324487346038895e-15 -8.6526489884281489710256037e-16 1.1412885524509810879583647e-15 -1.9912409849258453092474129e-15 -2.0735129977617388967631960e-14 
1.1413977725330984101653096e-15 -6.1636069476834363311698726e-15 7.2609784349988146234800013e-02 5.2158769194714349470842762e-01 -6.4911622656171337126336055e-15 2.1574919809834784296605107e-16 3.1035169404309588037512567e-15 -5.0556413023756325373701525e-15 -2.1739696486207339340412936e-03 -1.5616570667338033548410259e-02 
5.9152056998473997041408260e-16 3.0434802888356423412035051e-15 3.3217684670728248350526146e-16 2.7137829058902602590940137e-15 -2.1693229711354585535199560e-15 -1.8176247716660908662190246e-15 1.9006977405848120288300862e-02 5.5270670734728653827882994e-02 1.4621228117357734643810829e-02 -3.5521667451470374798905283e-02 
-1.9756312181106452909913857e-15 8.3656595382032413193909171e-16 8.3095935799445556453555946e-16 0.0000000000000000000000000e+00 
10 (band)
5.4777824550265630243472970e-01 (Ry)
0.0000000000000000000000000e+00 (Occupations)
1.9846285157763604578562422e-01 2.8031275988107395846782310e-03 5.4688786415810382302016279e-02 7.7254791139097500618504455e-04 1.0444958696069369058112939e-14 1.5197717448171212195764259e-14 -1.8827508748894275503182882e-01 2.3512373212054049620434171e-01 1.0110670875720655093044087e-01 4.1268994995505231537791246e-01 
-4.4271024507691930704693857e-15 -3.4378428666481948417846148e-15 -2.5375228681886567716485814e-02 7.4538332222280068162234556e-03 1.4416792817458057296420293e-02 1.3715537867916308134574876e-02 -7.0227210871459957997053891e-02 -9.9200658135788905012120154e-04 1.2428461118892311301955098e-15 -2.3069561232376766789794525e-15 
5.1525778032203236852535137e-16 -1.8665715225497692333815612e-15 1.7707965542818851489847987e-02 -1.3290868991608073557131320e-01 -2.6410026839261357967103550e-02 -7.7031537151221768366937681e-02 1.6136783066977322675938922e-01 1.1556722807773008032672379e-01 4.4466750141032296284038239e-02 3.1846009511448974960146074e-02 
9.0172436193616347324752801e-15 3.6108368364274004760617201e-14 -2.8879024319173063339860619e-01 8.5620519809998879567913832e-02 -1.5250405972819186528610658e-01 3.9658299650394363000671660e-01 -1.0540831531083125214773945e-15 -5.6379918261179559256168807e-15 -2.5090852715407604978103961e-02 -8.3612780348820414655364175e-03 
4.0106944721769247075293663e-03 1.9490362336261723985586514e-02 -5.7100867054037877934558054e-02 -4.0894207481242977886282119e-02 2.3559086134570408337831984e-15 -1.2211929983616458295937044e-15 3.8487268084024709837190053e-15 -2.4448072933298032554621629e-15 9.0393674493109060774642671e-02 -9.9031689425698884998716665e-02 
2.2276370734769519732498821e-02 -7.8326946451512752256363115e-02 1.6048993894606200516506078e-01 1.1493947298533514767004959e-01 4.4092019052300604475824741e-02 3.1577611411072514790987498e-02 -4.8501715593712330888719429e-15 -3.0804298101176240109729381e-14 1.1517715563682015544877402e-02 3.0082009058187514360938053e-01 
-3.2627397119402817837752195e-01 2.7235170204257552750704008e-01 -3.0674995476070739951199721e-15 -3.4204088548987012936943709e-15 1.6464685598510213349054965e-02 2.1326167321801092757738161e-02 -1.9935413796942344499818489e-02 2.2134105057250996750894956e-03 -5.7071007943578014320884506e-02 -4.0872903855080494617268982e-02 
1.8896395937179090882624031e-15 -1.8914110089015773727035805e-15 3.2150581843506240558783152e-17 1.2608263066528132271947252e-16 -6.4773098398907061334917046e-02 1.1742251127525699105902390e-01 -6.6826338722722158913747137e-02 4.6445515332124896745735754e-02 6.6188669755522053228524726e-02 1.8597624296955228562211460e-01 
1.8184355309632735386848879e-02 5.1093844135194743660832728e-02 1.3761326280743538273988944e-14 -3.3474186395235272616465743e-14 -1.6222434408556801743728215e-01 2.5359149602363606490484926e-01 -4.2335442494225289378206867e-01 3.7432402621464203051893094e-02 6.8989492993467448210524197e-16 -1.0084853226233703501575738e-14 
1.3488305222202796873620656e-03 2.6908584888793479067414793e-02 -1.7633172680159556189316561e-02 -9.5598708439811313358758227e-03 -2.3537092260591606363018258e-02 -6.6133951228996776250390610e-02 -2.2563913187333991399389701e-15 -2.1581018007547049775741015e-15 3.9629885336452233950174072e-16 -3.2990443005550165745775837e-15 
-1.2020299885615624846391114e-01 5.9454516198253586078958932e-02 -8.1381480949604678709619066e-02 0.0000000000000000000000000e+00 
11 (band)
6.0068908182842262188927407e-01 (Ry)
0.0000000000000000000000000e+00 (Occupations)
-7.0271079245531358279059684e-15 -2.4638372791973206910354713e-14 -3.1276677899311654585447233e-14 1.0467561269173725596316848e-15 5.4796890304335432730908906e-02 7.0769454014020849452748507e-01 8.5855548211052130308320151e-15 -5.1698610415399430321479879e-15 1.3805050074375448316668073e-14 -7.5404729901936593272988986e-15 
7.1587181281723699655117343e-04 9.2458103015438941607584411e-03 1.6716305129089646378230405e-15 5.5549624495790797912263097e-15 -1.2347911703399093963430529e-15 9.2796004937216629986128617e-16 1.2844115829223605567292726e-14 -1.6224495996481177849115082e-15 3.4415586555910475385910985e-02 1.2787795998060541569074644e-02 
5.6779207494305219960928355e-02 -1.3330791741723566068422713e-02 -4.9795392245345663411156973e-15 -4.3076379312867665373076182e-15 -5.4170465006969118456348566e-15 7.0755911422063004335570712e-16 3.2076007492482108246221033e-14 -1.2408209444149354549996704e-14 -2.0345437412326561432776567e-14 -1.3163952316302829061508799e-14 
-3.5889445266062341977075789e-01 6.1239614072977344161330393e-01 -1.3113121512626551137529299e-15 -9.5081417042921089687359974e-15 3.1427200524583784233255888e-14 -2.1484670525993158134030562e-14 -4.6888718099044948695031110e-03 8.0007475734907851361299436e-03 8.1071064497715428818466054e-16 3.2763793667658626896456166e-15 
-4.8544772890449423159204394e-15 9.9618509534622672991216543e-16 8.7673461937548058001825911e-15 4.6891964381849190174426482e-15 2.0962163007213940185691214e-02 3.0142130756372884081706331e-02 5.4232265045468325270761056e-02 2.1458094980232295112543284e-02 -6.3867233251192512810572559e-15 -5.1946914971667221777370088e-15 
-1.8546867753780994126391026e-15 3.3732516653093508505645715e-15 1.4564303665864058827506259e-14 8.9826081067402001213262155e-15 -2.6807390915440470122982518e-14 -1.0084335885165573271086634e-14 3.5890029521372390775013628e-01 -6.1240616728287566861155256e-01 1.8449096463503843847807569e-14 -1.2899624528838331646157889e-14 
1.5159162022246146946541270e-14 -7.7004342363776252722688821e-15 4.6994780921486775659978719e-03 -8.0189749828991907509845305e-03 5.4280749544245186346083436e-16 -1.2252360159915027984667496e-15 1.2466339950196493177467209e-15 4.6605341046335781252693013e-15 1.1307441041294796451550632e-14 6.0613820043891324730137635e-15 
-3.6537765789082479739313669e-02 -3.5605982802696146960474977e-03 -4.5222502167272214668169994e-02 -3.6824469538834843362895555e-02 2.3675743263164257789219221e-15 5.3068457455740588310787743e-16 3.4771781067290866440672067e-15 2.1972784028016627493466611e-15 -2.4058301430608926673852279e-14 -7.3297140843172367380998527e-15 
-2.2806824582088083321689540e-14 -2.3210841886338844037975666e-14 6.4421920215645356311284786e-01 -2.9804757204764165123833664e-01 1.9016131017622559243899786e-14 -7.7566294619342168104295132e-15 1.3327177467001768675899997e-14 1.6142108321089331933407225e-14 8.4355105401357367150838584e-03 -3.9027190575598121914657757e-03 
-3.0526030536120219026182133e-15 2.8246844699420920512387909e-15 -4.8362348622968245444608356e-15 4.8857542273848008566587507e-15 5.9070457035094477093880338e-15 1.3142992276832189200070427e-14 -2.7970875735039403553461312e-02 -2.3776381128890366339900808e-02 -1.6118197504510656248299938e-02 -5.6047479589104269581678608e-02 
1.8182610359914738114673636e-15 3.5111247591559496738593280e-15 0.0000000000000000000000000e+00 0.0000000000000000000000000e+00 
12 (band)
6.1121940050277956402169366e-01 (Ry)
0.0000000000000000000000000e+00 (Occupations)
1.5586968356294597648492584e-01 -2.7627250899149413676525455e-02 -3.0999135210243988769462931e-01 5.4944213546272990811303316e-02 2.4724822188403735721679308e-15 -6.0920034925169141157563757e-14 -3.8762017031581746939750133e-02 -2.0013177674527149463301612e-03 1.8893196033753167917268456e-02 -1.8692313850900643679153745e-02 
1.8318444520061689215337222e-15 -2.3135013457403064949441687e-15 -8.3919631094721003350400679e-03 1.7886446457341109717020800e-02 1.1355530333667929188123935e-02 2.6350472787833034704618740e-02 1.1968628080371319921670903e-01 -2.1213698383364940069917282e-02 -2.8129404059157730803045806e-15 -1.8184073392007671366991791e-15 
-5.0167770197821339597304724e-15 1.4626676057357141611058458e-15 3.3338410203518741969225259e-04 -3.4627181126081721385112644e-02 -1.4317571497854453266285191e-02 -1.7362796776731664882831296e-02 1.4375951431562583593404270e-01 6.6270847964964935128406864e-02 -2.8590656176182666081686534e-01 -1.3179887299234244180112796e-01 
4.0285275699927683257417954e-14 -4.9478851844750040158328051e-14 -3.0687220428230528590507475e-02 -2.3765389530853088528861150e-02 2.6182090106985411726014945e-02 -4.5665754237533273673932399e-03 3.2177294396391427068411724e-15 5.6004122791660582635239892e-17 -1.7099091540681884970886983e-02 9.8980341576165170591750098e-03 
-5.7139875804277651116791503e-03 2.8118425120050943855076753e-02 1.1038724031736348030197092e-01 5.0886972663360979796109973e-02 -2.1078324304077157901023403e-15 -3.0081796331269033933616050e-15 -4.0860818345017152111513397e-15 -2.6177497053680679451227923e-15 2.0035960169329583568931241e-02 -2.8243815567147639855605235e-02 
-1.8476788201102715275547794e-03 -2.2428679151565385219146975e-02 1.4528686169307658548888185e-01 6.6975435220574003336579949e-02 -2.8568556890038376838703016e-01 -1.3169698296950560489904092e-01 -3.3937899242793764754863653e-14 4.8921645994200920990776114e-14 3.7197483427027194791136822e-02 7.5524965386482220686126254e-03 
-1.3088509973636058836277130e-02 -2.2628266424376514143190775e-02 1.5275663796357493456235079e-15 1.6032254987789133724619664e-15 3.2085696276960735950911641e-03 1.9288779357705475303585985e-02 -1.7481099116120960013098795e-02 2.2744455501502225391874390e-02 1.1028703587735168289984955e-01 5.0840733071808662246748867e-02 
3.1920153063880139819716473e-15 2.0681967278112468046275521e-15 2.8228737177056380684924290e-15 4.2293488019127583375250660e-15 -8.2099717152551050791675635e-03 3.3618298249403752442354687e-02 -1.8626684833720898865072613e-02 1.2945883203646896264515931e-02 8.1078402003200905623359063e-02 1.3791400883232685092849579e-01 
-1.5942922397613729090792845e-01 -2.7118750366413019170508392e-01 -5.7039200880580306056870032e-14 2.2702589874058528036525607e-14 2.6234371855039656518115976e-02 2.7430835033619302421037389e-02 2.1666390463869647335648505e-03 -2.6050973301298539774872864e-02 7.1933099668445953652266547e-16 1.3135870416695269308955787e-15 
-8.3736536702140214327716450e-03 1.7670140134629950395828146e-02 -2.7335160057764901209154118e-02 8.6998912052866934213612993e-03 6.1546616139644599874358732e-02 1.0469013546485769761140716e-01 2.7323362802455459935662325e-15 7.1221618866836360549504439e-16 1.1784676428997637717978096e-15 2.4772274784332448193737243e-15 
-2.5928030712994952489136580e-02 2.2920096773293398978443847e-02 -2.2683678709973523202059198e-02 0.0000000000000000000000000e+00 
13 (band)
6.5547631500695324735517033e-01 (Ry)
0.0000000000000000000000000e+00 (Occupations)
1.0095547878455445045542405e-01 -3.8960898312056579939621770e-01 1.0543752149981683308155311e-03 -4.0685427013902753651253263e-03 -1.5599607541970931033450792e-15 -6.7377288503591448440409859e-15 1.4930122193105813122038228e-01 -4.3235026078285787587418554e-01 -5.7240428205114213255910727e-03 2.7086108510492939993596906e-01 
-2.6940947099656252888367750e-15 -3.4433648899484084116177703e-15 9.0931811206158424942813667e-03 -2.4335818960218413842255814e-02 7.7009506620412393473884549e-04 1.5632334833716274302695126e-02 -8.8297264923884767606754309e-03 3.4075583060714370597921175e-02 -9.9413644999547575097702423e-16 2.0619084098030359293717323e-16 
-1.0521377777940918614971532e-15 -3.0580048444502715374229267e-16 4.1994950577522338619473885e-02 -6.7656296813403599132996646e-02 -1.9928451894886754780511495e-02 1.3125994817814576332004606e-01 3.0525464430438031815384647e-01 -2.6231044690502869354276072e-01 3.1877718941595994950333193e-03 -2.7391343811600799007521800e-03 
7.2900983164440794840359355e-15 -8.6441835995593566165984148e-16 3.6934674011567747431428188e-01 -2.6981584170510303222201287e-01 -1.5928438944890715989188834e-01 2.1915057692899014840648420e-01 1.0099156854874046504131950e-15 -4.8848862535936821502414318e-15 2.1355640546105697508139087e-02 -1.4793736655156264347965589e-02 
-8.2892226288124731814477286e-03 1.3275983088814641286390383e-02 -2.6697920504204275538029378e-02 2.2941893374552841528002389e-02 -5.6533193004276642314480294e-17 -5.1047742364376591083079541e-16 7.9905163866677895923539269e-16 -6.2227634003053305331080383e-16 7.3096486983114578039888443e-02 -3.1588826556849108895264067e-02 
-9.1276065825712418555504257e-02 9.6410564763593581405487498e-02 -3.0461563926969620341722589e-01 2.6176106257592790527155557e-01 -3.6997498047459994457986099e-03 3.1794264673594141434875837e-03 -4.1013617252231274675615185e-15 6.2361135962866773196447335e-16 3.2323619425118116366135723e-01 -3.2503073449541869388568216e-01 
-2.4080952427067081611511412e-01 1.2517775402707231879873007e-01 -1.2028080164532179421438726e-15 -3.0166964391428897499020491e-15 1.6854195500494467685470568e-02 -1.8333371725077568514805648e-02 -1.4136883915484697860076579e-02 5.4887756280736499370220827e-03 2.7040993025745047734220705e-02 -2.3236833968178029208306867e-02 
9.1892467160551584338690691e-16 -2.1240884129782217377405874e-15 1.4001814067220426792343381e-15 -1.8585545702489757057529211e-15 -4.2351584346341689113479845e-02 6.7555741032371136034484493e-02 1.0919128631449034894096428e-01 -7.5889920944169755867569904e-02 -3.9952548117717329168030460e-01 4.1096611280426131873610984e-02 
-4.8525884485078954466708012e-03 4.9928611885545828852350780e-04 -5.0253531655513456584303699e-15 -6.0235331884753674439145444e-15 4.5092459535871226572467663e-01 -8.2423448976602156634818641e-02 -2.6918119300429999007917559e-01 -3.4643648992095030236804121e-02 1.8427510553405067055008832e-15 -2.7727892292301285336324558e-15 
2.4302913290396462725473370e-02 -5.4355156497357774714185297e-03 -1.4741009767951115255746330e-02 -3.5610076883393782659625870e-03 3.5466266452733062608526637e-02 -3.6482462344374147478198722e-03 1.1629149092175792574686423e-16 3.8207254320927881242277882e-15 -4.7973019091494806664200864e-15 2.7215497304445738706526238e-15 
-7.3331947971807878716710150e-02 3.1302719526229316748811016e-02 1.3297374593477295778853886e-01 0.0000000000000000000000000e+00 
14 (band)
7.0006704679736597718431312e-01 (Ry)
0.0000000000000000000000000e+00 (Occupations)
1.9473227755177091591320959e-01 -6.1008426049362995957636713e-01 1.1415407257069784541236857e-02 -3.5763740325031712075087853e-02 5.5424615356510692464468190e-15 2.4507599978969950493202995e-15 -2.1797265357003417496351005e-01 1.9057848337630026169797759e-01 -2.0308580295993283737487900e-01 -2.1523793990496040140492084e-01 
-4.1977891450265988875966468e-15 -5.1673558357162497854645308e-15 -3.1800983016418926663249067e-02 -2.7009092486337343830271607e-02 -6.6271865663691309489280457e-02 -1.1405947676189243100708381e-02 -2.4877176613560290224791416e-02 7.7938629974923373522344150e-02 1.4514832680575734689422631e-15 2.8317708171065111642245511e-16 
-1.2476864044133273227379632e-15 -2.1742171230971939170554122e-15 -3.0601762908382984518240733e-02 6.3276376318542076893081116e-02 3.1318249694849337183555349e-02 -1.1688410022256076614688425e-01 -5.0808762057519674115724229e-01 3.8983385517524327124050387e-01 -2.9784604474344972269150844e-02 2.2852439283133130221159490e-02 
8.7612472396078113213054655e-15 1.2785081534763748380850621e-14 2.8775379826146024742072882e-01 -3.2093420143246953468718630e-02 4.3924533920371211515032428e-02 2.9264628727916897066307911e-01 -1.7409262281183696823924759e-15 -6.7170469200138527143204640e-15 1.0698896523259449065079707e-02 4.0327747407104486132567445e-02 
4.7909560989312080514501702e-02 4.7188237800842136593360010e-02 6.4908507472108523117526602e-02 -4.9801502149781434747310982e-02 1.3602599615713311957495595e-16 -9.9372419732618370644991080e-16 3.8145729524820784986726651e-15 -1.3856191943137897860651978e-17 6.1241299887131131485240587e-02 -3.4494505087651283758987120e-02 
-9.2424297807239444435545295e-02 7.8105536446693948904318461e-02 -5.0768649202825288924145752e-01 3.8952624678713088091086547e-01 -2.9696971234968824737698867e-02 2.2785234205698494391878484e-02 -4.3622173068998931999461657e-15 -1.4106936906930621286953574e-14 -1.0576511774970215329361167e-01 2.6993522271121611622035630e-01 
2.7155885239487265181423936e-01 1.1816235184999974994202177e-01 -2.5740941589443006067349967e-15 -5.4625333873531675639554210e-15 3.6182434551747022499768036e-02 2.0761453890883206641060355e-02 3.3160008267708790397065854e-02 5.8480963211639210019843205e-02 6.4887118549524946953255267e-02 -4.9785138505707392242438658e-02 
-7.5549779665781195152411051e-16 1.7964522341066826945787873e-16 -1.5877881379431580465261234e-15 7.7810903682448461368327494e-16 4.9188824979849235519147044e-02 -5.0209680133558899639556472e-02 -9.9370256360879122281559717e-02 6.9064127312401329961133456e-02 6.3919427542563045374635067e-01 -3.0115600394273821238666500e-02 
3.7389486747213207529227930e-02 -1.7616126472787109556034091e-03 2.8780569733730412619168545e-15 -2.2594241318607671409284300e-14 2.4090463678152085336137134e-01 -1.6129550697377442736168973e-01 -1.5555347950231857012681758e-01 -2.5201124324815388222376100e-01 6.0731518027377671724862792e-15 -3.9616658579236458155868526e-15 
-1.7862334098609076310504307e-02 -3.7698057752408323239912136e-02 6.1465645881695722685389427e-03 -6.6946463313898113556277281e-02 -8.1695060093920926491684043e-02 3.8490681913691637654195699e-03 -1.1242058964319098741390415e-15 2.9632508559465128093362113e-15 -2.7115184703888368469639028e-15 5.3464257808831687878998285e-15 
-6.9046710410947287339666900e-02 1.3156909342261376844041010e-02 1.2101364191962407645952737e-01 0.0000000000000000000000000e+00 
15 (band)
9.5034240983318174489369312e-01 (Ry)
0.0000000000000000000000000e+00 (Occupations)
1.7791197212933812510371467e-01 -8.3526347170549364307134965e-01 -6.7123621632213525955990008e-03 3.1513349819715957833565767e-02 2.5100428793777272821931845e-14 3.1932014431698671114634682e-14 -1.9268735450004320641781419e-01 1.3760128533260002070548467e-01 -2.4926359793220911886812985e-01 -1.5638201200081619512971542e-01 
5.4211947494637376947029578e-14 6.8253208718750068058099059e-14 -3.3910488295628149479910007e-02 -2.2510372260022559753878113e-03 -5.6312497496476404679199845e-02 -1.4869322557552355767995778e-02 -2.2917132978560919576160870e-02 1.0759181055008962268892958e-01 -8.6131050856933733800654461e-15 -4.2468400527442303395824976e-15 
-5.0088943601007430896447296e-15 9.6755767444327079642313923e-15 -1.9380285174607315284989184e-02 2.6750540119699323104995869e-02 3.3939439583361291630225764e-03 -5.2914176662238049386743910e-02 6.2278847106743873140999312e-01 -5.8433916289935816656964107e-01 -2.3496947185709188277158432e-02 2.2046326125274171015000491e-02 
5.8524892502864384564179096e-15 4.8342800237598227488787742e-14 -2.3675598922772678189829776e-01 3.0218991066145450830049413e-03 -1.1543327033364174372120914e-01 -2.7067108273996365319646884e-01 7.6816147624639294615051004e-15 8.7335850360059138648392603e-14 -2.6560873160341225140967936e-02 -2.1201613193370813514881945e-02 
-3.7754838660396028426902149e-02 -4.4348238807621509494083512e-02 -8.0222491669056997243281160e-02 7.5269811424045873771149218e-02 -2.4456745449982705505281367e-15 -4.7825301259173663560936482e-15 -3.9741124778927747817024280e-15 1.5426271297015874354144822e-15 -3.1181002032452651007154998e-02 1.0905593170342842146425255e-02 
3.2985772938701606038502945e-02 -4.1513464455177943868147139e-02 -6.2271788452567944371907060e-01 5.8427266898603080758078931e-01 2.3483346440222749307302763e-02 -2.2033518812109742501803566e-02 3.2365857683808227339534234e-15 5.7665098536206018498972260e-14 -1.7869502221082550486030982e-02 2.3595232905526669631157688e-01 
2.6273208632136269002899098e-01 1.3258493358889880675555162e-01 9.1569344052975672800804625e-15 9.0943126519626560082239280e-14 1.9195743486271815703148036e-02 2.8058839100716180536831956e-02 4.1951980322526997990717490e-02 4.0318205802837583928699416e-02 8.0263855857591062670230997e-02 -7.5308500024745261836045529e-02 
-1.8421137509386438827342695e-15 5.5023269939508940423579126e-16 -2.5797275729977403237060614e-15 -2.0733108301904763900312868e-15 1.2823139686310878679331715e-02 -3.0398894935085976620747772e-02 -4.3470565353757456561467620e-02 3.0212829974304532959505920e-02 -8.4479663780164571118547201e-01 1.2438149456907192369481407e-01 
3.1858159486822468231537187e-02 -4.6905421208602061933223837e-03 -2.8798247311433716240072336e-14 4.8927659659026963359924167e-14 -1.4933472312387910396758173e-01 1.8355370104070686809727420e-01 1.4007422444283854079394303e-01 2.5881677968067923201189728e-01 -4.6143595925696366742517698e-14 6.8388938765213595478612653e-14 
-2.5099058370493809722034939e-04 3.3995764786181874306247863e-02 1.1438688390525711402467834e-02 5.7049827169306052687680619e-02 1.0888818448460418908396719e-01 -1.6031843710381334100478767e-02 -8.6743074420365106947494906e-15 3.1162605113626469538087962e-15 -6.6953648384216667353961352e-15 -1.2741350005663247675619339e-14 
2.7878772793020974857247651e-02 -1.7643688736894133639587778e-02 -5.2938692345316354370687861e-02 0.0000000000000000000000000e+00 
16 (band)
9.6660388629608007260429758e-01 (Ry)
0.0000000000000000000000000e+00 (Occupations)
5.9064041921730831084075679e-14 -2.0971140859332810691661736e-13 1.7451198399938332718638598e-14 -4.9175775358253514195354362e-15 -1.3405068157175750731546771e-01 -1.5467643628723673487890267e-01 -1.5792296650495347524940276e-14 3.0566715269358872916838508e-14 -5.1423605351370863018448430e-14 -1.8476873766105816664963936e-14 
-2.2953495406805651812831570e-01 -2.6485222055392887430258497e-01 -7.0861902063530779303952029e-16 -3.4192615707521867446333801e-15 -1.6492168848878498676400175e-14 2.0042481693475691486746752e-15 -1.6528305662066158207152720e-14 3.3168674530420667385384544e-14 2.3158408152190203266318491e-02 6.1069365406914329075238612e-03 
1.0155491954341629157188009e-02 -2.3936437209625831962211961e-02 -8.8362064547026979589974537e-15 7.2957659304686730777621979e-15 -4.6667446106889482563763991e-15 -1.2560857257022790874665438e-14 1.2308764477812576154710892e-13 -1.7548496526925666378805627e-13 -2.7279715204186338827077459e-14 -1.0701930455658548828238404e-14 
-2.1799670378643287022013553e-02 -2.0351697605791252421170157e-01 -9.0615743821864080702803580e-14 -4.1308634202630815730523320e-15 -1.5006546937526318982467396e-14 -1.0439185343585212342360262e-13 -3.7327690321212907142989224e-02 -3.4848190398735445771905006e-01 -1.1708881226343688904115689e-14 -1.4502606561506900075087819e-15 
-7.2766231384437420344343486e-15 -1.7876318162376417133266994e-14 -6.6068979900574469226610373e-15 2.4547901455693052283308291e-14 1.5531196999312884762800557e-02 1.8231523848104523588542492e-02 2.2000023663390259887062683e-02 -1.3859509440645748079568023e-02 -1.1547076963574195867194866e-14 7.2859567338247893033839875e-15 
1.2863625435022259655686749e-14 -7.9130689442429443971811189e-15 -9.6130316668311280222722858e-14 1.4237055767790268140954645e-13 2.9823774059724591220937500e-14 -4.5086327416383200921511386e-15 -2.1801105082253573186346074e-02 -2.0352874464818143662725447e-01 -1.9320452144609873391287783e-14 5.5115481580428337765703160e-14 
7.9906035994312367484418865e-14 4.4965017588508629229131389e-14 -3.7322240458787667161111301e-02 -3.4843081789004809456500311e-01 -6.4796486234718381175034237e-15 4.9287534164698139673773382e-15 2.0525674759956389823993430e-14 1.5136312790591622321589546e-14 7.0985538884554894657452995e-15 -1.7210780605990166251649940e-14 
1.1322175729301015706385058e-02 -2.1116104908762318992376805e-02 2.4446615607008906345676280e-02 8.8890982753280396722050938e-03 2.1163633994441202078832608e-15 -6.9369541695665533560034332e-15 -1.2007451496219483926814797e-14 9.6564981952357401924058194e-15 -2.5938143462023670751015077e-13 2.0135059420062048201183104e-14 
-1.6605724919136835765538635e-14 -1.5317964240897731748126817e-14 9.8254655777054070164844291e-02 -1.7956965417074854940437945e-01 -1.7357032010757162085850607e-14 5.6440662839596176817209527e-14 5.4239801130557333898372859e-14 4.5397647414713589139768925e-14 1.6820706691473377714096671e-01 -3.0741399956465698117824559e-01 
5.1641003463707235011594615e-15 1.1625791685378958935309628e-14 -1.0549138725921221022793904e-15 3.6450904889986272079187420e-15 3.6107928649199548404826633e-14 2.9192203804086296174532322e-15 2.1348443213204781887526451e-02 -1.0877753542690635907286278e-02 1.5001190082770390551991646e-02 2.1251291228672124916654340e-02 
1.1396872376913979797337384e-14 -8.2211064745683690676820486e-15 -1.0739001820535332087427888e-14 0.0000000000000000000000000e+00 
17 (band)
1.0324556376000266766368441e+00 (Ry)
0.0000000000000000000000000e+00 (Occupations)
-4.4586122022576013534944650e-01 2.2501870545281638102963484e-01 -2.8861970767416461614018885e-01 1.4566168184230898763331652e-01 -1.0173959635282368250042944e-14 -1.3993182010027492153450636e-14 -3.2700308273422284965903373e-01 -2.9454496239243233013382905e-02 8.5339753479826141457920130e-03 -3.4068502964745378536193243e-01 
-1.3422381949040568277339449e-14 -2.1291056245448629911009086e-14 -1.1144572069192582031149641e-01 2.1525363762624372121479155e-02 3.2207567020743885222167080e-02 -7.6303559624705030728364363e-02 1.5174998895415986455148527e-01 -7.6585699507514926054341231e-02 1.4505152294575356784582862e-15 1.8790121329608325712852623e-17 
1.1077555656021419547767983e-15 -1.6249373971370415557581894e-15 7.1200209903764175023432870e-03 5.8225954656612587123643010e-02 4.5139758649412553559443495e-02 1.2807498194706943769882734e-02 4.9453981656070472583408559e-01 6.9685115634253863570179988e-02 3.2013094281891552039809312e-01 4.5109208205412865133610012e-02 
4.1690650250750930773245195e-16 -1.1760989832543532365708483e-14 2.5170824215125914280477559e-01 2.1081163226804416899184957e-01 -2.0144123581785033927360473e-01 2.7488278715356329051644479e-01 -1.4073592252468355604699361e-15 -2.5108517955615929164172328e-14 1.0379838255896292609214981e-01 4.5928049422951533475867336e-02 
-6.9994694924947531422532165e-02 4.4275312163321298153384475e-02 -1.6831788121673710301173799e-01 -2.3717491000327186462248719e-02 1.1401774436267672925339379e-15 -1.0418246265394965608191755e-17 4.1920021342166176246316129e-15 -1.5074118743728435817431573e-15 2.7383742705491230517989010e-02 -5.1875689200408692247634690e-02 
-2.9757064129838022015217547e-02 -3.6278739714975000163477148e-02 -4.9165321944953188637583708e-01 -6.9278659978045747935837539e-02 -3.1836649168381031538288539e-01 -4.4861019364797777297937387e-02 1.7160112347801719045646353e-15 -1.5414789244077561969068101e-14 3.0070558400950686550601176e-01 -1.3307732864734028721542813e-01 
-1.1791961152693022918391819e-01 -3.2006694764074289372146609e-01 1.4852507429979490104395047e-16 -2.3199564506221065392751763e-14 1.1203132835892562479962464e-01 -1.5376438697131483701596721e-02 -5.4837995589994220635432498e-02 -6.1624647203201460277099955e-02 1.6843930931808942519367633e-01 2.3734729102451217197522482e-02 
2.2019337193048541807242812e-15 -3.1089039300843392625113756e-15 2.4461030508754181670402267e-15 -7.0079731590261145146860731e-16 -1.1853398735765213745096958e-02 -5.7446923417789584609405296e-02 3.8412517017599907831471029e-02 -2.6697394802517388640028528e-02 3.6418238113904038977253208e-01 3.3748127976428976548817218e-01 
2.3582360046246761409172166e-01 2.1853366685806518976420421e-01 8.1782638189549231809757165e-15 -1.2011624765597899033649030e-14 -3.2287318950551113783120627e-01 -6.2340413480689180203420108e-02 -8.5836953819181133207294465e-02 3.3012104312473938838579102e-01 1.7207636731259994960481891e-14 -2.5641595321633303408938525e-14 
-1.0076997887037278389676942e-01 -5.1311448618596801340974167e-02 9.8601544515425319781254387e-03 8.1899818421295178527685721e-02 -1.2476807371650763811565810e-01 -1.1562035318312971488019514e-01 2.2535104676616365382535447e-15 3.2940999483887763831050201e-16 4.8494464951184969492609560e-15 8.4296721840068733944753423e-16 
-2.3052329615564987747022840e-02 5.3937391214759995705652074e-02 -4.6778973405462886958616764e-02 0.0000000000000000000000000e+00 
18 (band)
1.1747875110775678475505401e+00 (Ry)
0.0000000000000000000000000e+00 (Occupations)
-3.6139912581105471319519057e-15 2.3553483467948425666305556e-16 -4.9013654233958042562372789e-15 -6.6624619643510864061292615e-15 -6.4715326625778252234155730e-02 -7.9311684570727972176662490e-02 1.1686044998285211196348445e-14 -1.0466934724863410905370426e-16 4.4362325806015831911641311e-15 1.8558277216750751743430779e-15 
-7.8764764679476795272705658e-02 -9.6530087510890399959961883e-02 5.0950663887960357905396896e-15 1.8223803329128461954105795e-16 -5.0373558630396106673657243e-15 -1.9329963057823065835617211e-15 6.9042665409770163636408189e-15 -1.8521724703905632874027682e-15 -2.1913774581386091799828364e-01 -6.6308861586696465906243247e-02 
-1.0193009048769188784611117e-01 2.2489277830436843474970487e-01 -1.5048907959829511967374241e-15 -6.9661957022122573240411754e-15 9.8947277309944808230140841e-16 -1.9798742189924104417736318e-15 -9.8931326600211732271304729e-15 1.3344776017006757032679974e-14 1.5231447285046437797769564e-14 1.3184672626456162334900440e-15 
7.8766848233640940346589332e-03 1.0206064200229904292971383e-01 -8.9242103977415013270161364e-15 -9.1260529201347866707201472e-15 1.6037716024182182117396398e-14 2.1337791818736924467947573e-15 9.5865935994697004662867812e-03 1.2421772487464460832384816e-01 -9.3936267824974469948952857e-16 -2.2216455509748184283297020e-15 
-4.2375050793295516539852358e-15 2.2932906393899885740708292e-15 -2.8110784055517046715716679e-16 -3.5574511161272854372588873e-15 1.4210141971206124988924557e-01 1.7951435396959281032280842e-01 2.1204917303576154008482035e-01 -1.2649764146076636350812805e-01 -5.1338965515745954466381680e-15 3.8504714130274976511071498e-15 
-1.2475547439736774292920421e-15 2.0264337765921735310941866e-15 1.2437336465906649783602046e-14 2.6434912785997163316322589e-15 -5.3563665085980471886698763e-17 7.0205569001383705419362952e-15 7.8765728466453216460863018e-03 1.0205992107013078795674232e-01 -2.3482736812224321932117133e-15 -1.3619349985470015479061853e-15 
-9.1150575377821427083645670e-16 -3.4732328110290218410973294e-15 9.5870550867820352597403755e-03 1.2422208243734259025536915e-01 2.3930073294113152073854037e-15 6.8229465546999236156846715e-15 -5.5161020404757228314391067e-15 -4.1235386665043618786558345e-15 -1.6445377201495811546111431e-15 -2.7883311214373013013047392e-15 
1.1287404672318901432959137e-01 -1.9919107883757589116946463e-01 2.2894714691168877029880946e-01 9.2462439976670265928682113e-02 1.8724687670725502547545531e-15 7.6549954315283771602382243e-16 -5.4501725862397466798728006e-17 -2.9118503783621710358504567e-15 9.7285802267528386429474640e-16 -1.7316367765642996381455975e-14 
-4.4189024717316416160765316e-15 -9.5756761515962704257742070e-15 5.1779140102454879190929660e-02 -8.8301690464564069893427245e-02 1.2395914799853959588095651e-14 -1.0295652607815470104538509e-14 -4.5737270765390857754591197e-15 -7.0589187633696108339492802e-15 6.3022825144043614908895279e-02 -1.0747632716635835414820122e-01 
-2.0232065437349824797299441e-15 -1.0983871951166319393111071e-14 9.0167805064196124559817283e-15 8.6043142734897822026604857e-15 6.1750787739683251183111603e-16 3.4151469544959589452741146e-15 -2.0636748544674798910847358e-01 9.9146846962131357505754181e-02 -1.3523019963660151687712130e-01 -2.0658870247834515421203605e-01 
-4.1851353156010647348233440e-15 -4.8983325323046172958229078e-15 0.0000000000000000000000000e+00 0.0000000000000000000000000e+00 