52 (index of k points)
0.09943945846167419333472282 0.05724651600002894635821349 0
18 (number of bands)
52 (number of orbitals)
1 (band)
-1.4490031515169485842875474e+00 (Ry)
0.0000000000000000000000000e+00 (Occupations)
5.6668141500515509245694545e-02 -3.4127233400493889314830653e-01 -5.3214072343914023410782477e-03 2.3242640123275926100632205e-02 9.6617305608894765771150096e-16 1.0187395377338780773045577e-15 -5.4844342465171926070954811e-02 -3.0328098466256389782735869e-03 -3.1541127821055628399626869e-02 -1.4620962315001345688258994e-03 
-2.7380000769374683222195724e-16 -6.4268252090398279139511436e-16 -2.7580104808338154476210491e-02 -1.0745309713872819995517105e-02 -1.5839271491177614459289202e-02 -6.0713953452714158887104645e-03 2.3546658562664415752230251e-03 -1.0369349618912421240324306e-02 -2.1391969393903213948223333e-16 -8.1792503435050955893604499e-17 
-6.2390372810365683615291197e-17 3.4794472253890285045501477e-16 3.6867534315138499045882980e-03 -8.9939221270057823076626846e-04 6.2861848615969077511134167e-03 -1.6796503583353383781684443e-03 3.4288392604931017260128101e-01 4.5920556130032610941960058e-02 -2.3398320724045074125996280e-02 -4.5887124719019706242661982e-03 
1.1485329764112114222913176e-15 -1.6758631020242342544819531e-15 1.3086109100669506000169662e-03 -5.4912542952307338839368356e-02 4.7064400824284313706868943e-04 -3.1571489730965678066620939e-02 -2.6983485445455563833195578e-16 1.5910106185916488729180805e-15 9.8736955246991123247291000e-03 -2.7904014026150766869527331e-02 
5.5708759373851446383696384e-03 -1.6022162903297193503604490e-02 1.0438194812747471351688233e-02 2.0277948281304252094170426e-03 2.1997494545562604147735388e-16 -9.5011471040651842533794944e-17 1.7172964022750255235285884e-16 7.5109283565639067393624102e-16 1.0147521407549431327055345e-03 3.6566836491371650097459423e-03 
1.8762753904843429419990741e-03 6.2303239160970119020488411e-03 3.2201271937545483670106705e-01 -1.2788600173362529854870218e-01 -2.1407061890819995692014643e-02 9.7670080645281872472329709e-03 1.7838306787743638344129440e-16 -2.7663506662823232348916801e-16 -1.4214313972096291605051732e-02 -5.3597883549380900825021001e-02 
-7.9647292593438574065389801e-03 -3.0529225264787462901239223e-02 2.3962865314774069716894392e-16 3.5856567953701242247825148e-16 -1.6479727595949220098070498e-02 -2.4177089105128196644400873e-02 -9.3476360234926968162394445e-03 -1.4302811117314661801258602e-02 9.6388058041782867513269650e-03 -4.5084540554812630938630313e-03 
-1.1344303870744989839616009e-16 1.9351902239615724994749967e-16 -3.2203478396377544332391545e-17 -2.1304996818500814283702775e-16 1.3292660379236095197219569e-04 -3.7841594734719036577375029e-03 2.0563923910187770216495551e-04 -6.5435466885977715961741907e-03 1.3793756166008658281540988e-01 3.1783682914703131894285093e-01 
-1.0434600699262932751998356e-02 -2.1089709660816025049712152e-02 -2.6853857206580082273352214e-15 -1.1657532634654857421961885e-15 5.3124953837694860458995549e-02 -1.5890850273465928488292320e-02 3.0263982743159265065280294e-02 -8.9197452858919556994976574e-03 1.1729721953989762698584434e-16 -3.3020099988446593518967717e-15 
2.3647518417928843625919200e-02 -1.7231016566288757246860897e-02 1.4002137200336352979013199e-02 -9.7922856835372072692447176e-03 4.8089916124776331540768837e-03 9.4924356712159652094129569e-03 5.3799229063827709425435180e-16 -1.1927979906076048703776546e-16 -1.4766698554882640947542566e-15 -9.8137821169058484104685701e-16 
3.7864675447290439477820989e-03 1.3997691004336021165094239e-05 6.5467771279097020792336892e-03 0.0000000000000000000000000e+00 
2 (band)
-1.2385445197705142739152961e+00 (Ry)
0.0000000000000000000000000e+00 (Occupations)
-6.5969158232287078424960214e-02 3.4756797052686733140447473e-01 4.1340314273483891316374184e-03 -2.0055202114047362971227528e-02 -1.9829065105973404137247699e-16 6.1466603676364046079344243e-16 -6.9544623095253804700988098e-02 -1.9197898539635147030502083e-02 1.2095609831115286536551423e-01 1.9198093677642497079105510e-02 
-2.2988453531914859077948055e-16 -4.0638255169303852611152850e-16 -1.8873142054864469607800004e-02 -1.4905804625755997294689337e-02 3.5725417131783898661012699e-02 7.3414439366369793615874073e-04 -2.1393927330891696070302999e-03 1.0821640482837666108473229e-02 -6.3887402623012753937221260e-16 -1.3285968843683184493031708e-16 
-3.8917555323850806871169938e-16 4.5755886183736896019561271e-17 -7.1269673027161972722609562e-04 -3.3921897740433817891592128e-03 1.9461927880657253243923410e-03 -5.8072495428897474845086890e-03 3.4946860805040635966633999e-01 5.5019232649472754603792168e-02 -2.0175159147650098545589969e-02 -3.5020424105290937077938906e-03 
-2.2037025133012206157694256e-17 -2.3710976280729299007586654e-16 -1.7003976134373516293507578e-02 7.0113327587696006037987217e-02 1.5389297714239733028129820e-02 -1.2149944047350513809391259e-01 1.1356843704339886210338169e-15 -2.1710364622017982696526659e-17 -1.4305629792836610861272995e-02 1.9332031936520367720877545e-02 
-3.8838033276801520177201610e-04 -3.5730848827701403025436377e-02 1.0883500606228890816851163e-02 1.7984211298846877746804296e-03 -2.8770909022602133153453654e-16 -3.8004656895832003039778238e-16 2.4816889986730378269310959e-16 3.4243901804785174862996164e-16 -3.3681295878709091584646274e-03 8.1889631319852218549470990e-04 
-5.8655154085850667866619546e-03 -1.7628223431126882614350393e-03 -5.8826173083499008753527448e-02 3.4740277417118681224650345e-01 3.7436185706454967736522832e-03 -2.0880907185325592312352683e-02 -1.0320599186176209960498296e-16 -4.0320879453279305484143144e-16 -7.1820547552192359752609718e-02 -6.7350162345568599653322650e-03 
1.1955383836314109613496726e-01 2.4606259557463323883741424e-02 -1.9989590532344357322624138e-16 1.1329737715401282097842528e-16 -2.2962146670248602398078930e-02 7.6357798919654586156102738e-03 3.4043099558569558937826116e-02 1.1677479897539092684732864e-02 -1.7187465290336326022291313e-03 1.0837164732972359715290622e-02 
-9.8753758845953185935492276e-16 -5.2358527847849040205587364e-16 -1.1625991850388779714363106e-15 1.1772054442949980507325063e-17 1.8716284843727660353041031e-03 -2.9661287873404811737954034e-03 1.8991286929996402388365340e-04 -6.0431254873596299687088518e-03 3.4907912662356926913886923e-01 4.7884961075618036330237004e-02 
-2.0988193619126085942561133e-02 -3.0858861759284726689056555e-03 3.7757895068509988640985650e-15 -8.9616266826502810047041674e-16 -4.4757549945808935282220986e-03 7.1996660419803404362681931e-02 2.0838841040054064540631984e-02 -1.2026774705163587042555662e-01 -2.8890823911196775791374151e-16 -2.1838312556213139484647849e-15 
8.3532705524952590575571421e-03 2.2710970594436118846770611e-02 1.0602398167619660196425713e-02 -3.4393099851678071710026074e-02 1.0885804379506511946340552e-02 1.3774948608533087168748210e-03 -3.9463014810263119623497290e-16 -1.7263554846571247005808647e-16 -9.0505571787990371730751400e-16 6.0255118122728946725333004e-16 
-3.0234544532399178912163151e-03 -1.7775365919633378565534176e-03 -6.0461088771123945584395898e-03 0.0000000000000000000000000e+00 
3 (band)
-8.9538446146718775331407869e-01 (Ry)
0.0000000000000000000000000e+00 (Occupations)
3.5242846719830622781444163e-01 8.3350889726295784853959958e-03 -1.2900630977192739656800313e-02 -5.8141589088478440316976048e-04 2.5156364476853924095184196e-15 6.1631396122299041510019760e-16 1.3313630298688661213191153e-01 -1.1365333952242817616706816e-01 6.4659093388519162104444149e-02 1.7008641165567833786198548e-01 
-3.4704097579064968359614878e-16 -2.8248546597529398966003829e-17 2.1324448675800966590543339e-02 -2.6732853879591997325881891e-02 1.1109146952028137178558609e-02 4.1029322268149953645277606e-02 9.9484281423706313884913754e-03 -9.7348031923603223214414015e-05 5.2988279032665136031990620e-16 4.0256125978171040159982678e-16 
-7.1073798722436406731855915e-19 -3.6445629461212787696307478e-16 9.2476881571672275850204414e-04 1.5198998058275903222380521e-02 -4.6752563112634204500750457e-04 -9.2866735604393308572968024e-03 -2.7390695660799990740486010e-03 -3.5251637649596523349515564e-01 -1.7591038566544536791980136e-04 1.2912528009032253617505148e-02 
2.0433708094186138145089473e-16 -6.8924563174343299485124622e-16 -1.1777917079780662878984998e-01 -1.2950067059207093222994445e-01 1.6797149307428663189689644e-01 -6.9969731328099221689953424e-02 -7.2864349865228301505014519e-16 -1.0820244874932985862308016e-15 -2.7389479949788641394148314e-02 -2.0474227114961954243632647e-02 
4.0660130035900701739315366e-02 -1.2392427415527040857057273e-02 -4.0978767613370631339719807e-04 -9.9404614180500922016037180e-03 6.2321110022145418350321105e-16 3.2881157383896534170972972e-16 -4.0749117298317102005462808e-16 -1.5581710086424343295132135e-16 1.5162450579761385660582107e-02 -1.4017245643676568001012583e-03 
-9.2674058126727063000593887e-03 7.5899640129341305883059476e-04 -3.5303096397834626829492777e-01 1.6904181213939259431633388e-02 1.2408944801088256371102148e-02 3.0545992398794963307295802e-05 -3.5803977821382039988483216e-16 -7.6690905264928474743864760e-17 1.3493648815427267129152256e-01 1.1099182912114513577250818e-01 
6.2139213193953442282424504e-02 -1.7186072886457243180657883e-01 3.7975167541571273851209598e-16 6.3496669862354317538508736e-16 2.2099928875529195604343613e-02 2.6286996411686497365778337e-02 9.7646086735901482106525506e-03 -4.0894542924846205567135371e-02 -1.0012791737567456815116707e-02 1.5798364446622560619548636e-04 
1.5398308921906314855759132e-15 -1.9519102962674135079552959e-16 7.2070174519488733491432211e-16 4.0268640084991247686323263e-16 -6.3524879942627489326500978e-04 1.5276719966955547985731911e-02 2.9323002264678224570992882e-04 -9.3307306137990764227652107e-03 2.7984810577596611752548839e-02 3.5232579134507457929714747e-01 
-3.5924345575850946676865760e-04 -1.2403781208714131922832280e-02 -2.1646572260484817952623864e-15 1.8777905956815519404254308e-16 1.0669860383332480102680506e-01 -1.3835624274707047920429659e-01 -1.7372776582431712077969621e-01 -5.6710275293967986331988840e-02 -3.2336870683468960498764874e-16 1.8179996175197396943386722e-15 
2.5579849824232323007855427e-02 -2.2914718405883438556713827e-02 -4.1181077707083089955997224e-02 -8.4752617932360892194498803e-03 4.7241507804138017099018776e-04 1.0002888643080404609819745e-02 2.5768495475789121584520328e-16 7.8250020292079355069633421e-16 1.9688931406510186615288580e-15 9.2766058656899095818301870e-16 
1.5289135474839548461956085e-02 1.5508197210599655811030795e-04 -9.3353370390958020919036642e-03 0.0000000000000000000000000e+00 
4 (band)
-7.8090444813387405176285938e-01 (Ry)
0.0000000000000000000000000e+00 (Occupations)
-9.9678258079661963275697190e-02 -1.0204684645948797205861069e-01 -3.4196873473626987482987261e-05 3.2735948990186836127236347e-04 7.6470294663588839398374112e-15 7.0968417035926477417927357e-15 1.5515412391948932291363406e-01 2.3281676366837372738061163e-01 2.3445730636361009069368322e-01 -2.1699213232785546229264284e-02 
4.5672474039579043772056086e-16 1.1789429133693373903526228e-15 3.0470976492080421860197958e-02 3.6709971056199414141119064e-02 3.4814125449582289384409250e-02 4.3782924035680528818126334e-03 1.1422229511152126590900480e-03 5.1791897379929209555005087e-04 -1.2779066512015581263698468e-15 -2.0327988190316849076308515e-16 
-3.8882407442452491578245701e-16 -1.5989485467695044913375757e-16 -5.9861644701499489018559075e-03 1.5689181870631396797932666e-02 1.1431020298229139370294050e-02 -3.0134968311868945423093180e-03 -9.8865522751016024494141732e-02 1.0283444178526285339714264e-01 3.2827210751246171938078078e-04 2.3897389307955818615880617e-05 
-6.8701319470581656313810245e-15 -8.2257840897884828992677249e-15 2.2782837384324849949734926e-01 -1.6239051599825202187865614e-01 -2.9052987945233789413013170e-02 -2.3366002707707422825222920e-01 -1.8427446166989354156575402e-15 4.5637813857225107263584749e-16 3.5734740400037288965418014e-02 -3.1609028961196862506088934e-02 
3.2825938735522239286801494e-03 -3.4934472268111901871456837e-02 4.8178532211966881154685538e-04 -1.1579275611474943580292418e-03 -6.4345721235874579362375278e-16 -3.4629928863376021800990181e-16 -4.5064074291403761648099208e-16 8.4082219378689179332765092e-17 1.5869470176440421405050785e-02 5.4904015474706718835662400e-03 
-3.3710668770158686013971305e-03 -1.1330723556804200846670483e-02 -1.2214603675499252632974390e-01 -7.4938294658350057542151035e-02 1.2905001182023090322559256e-04 -5.0306396488684901324717202e-04 -4.2742982905927307251064603e-15 3.5618731133915700675907408e-15 -2.6147564805479489580264385e-01 -9.9156840120535258420453317e-02 
-3.1502057551127678192148807e-02 -2.3284953022358068075448045e-01 -4.7688466140352743819544200e-16 -3.2365216158467487876266171e-16 -4.2733027776450341339575800e-02 -2.1373042648965660805782107e-02 -1.2028724944872840746379339e-02 -3.3257415232867265642013876e-02 7.5736625769014091248687581e-04 9.6163111436078224647516777e-04 
-1.2444866326757430719898430e-15 -6.3912933815507790054600419e-16 -1.4995160598684094001308707e-15 4.8965909014935673040961924e-16 1.3931894645465354998226104e-02 -9.3730982723494830899380048e-03 -3.7154756023343067650177574e-04 1.1822835067979920592451393e-02 -7.1064617400789870105271007e-02 1.2443963377852523821687214e-01 
-5.0686929202083813583712413e-04 -1.1318471242681427124665561e-04 -3.6938933184314320828954945e-15 -1.2017418433197426628012405e-14 -9.0894763619767407480942722e-02 2.6446121722262749820231420e-01 -2.3174512949634629155326593e-01 3.8800493682671396977745815e-02 2.6065247637478167589582650e-16 1.2547319187238191147867186e-15 
-2.0020219502449664028542742e-02 4.3383285100262646005742084e-02 -3.2863173324800418195756890e-02 1.3067430152678286350842463e-02 9.3736715840278539424446080e-04 -7.8719810641408058480422705e-04 5.8591441564044587963756767e-16 -1.9730092418097694124818717e-15 5.2927234963737059203341131e-17 -1.4179472786221988071840746e-15 
-9.8060846003800994363786003e-03 -1.3630603964819514029027658e-02 1.1828671803469617898607602e-02 0.0000000000000000000000000e+00 
5 (band)
-6.5885014667438379643016333e-01 (Ry)
0.0000000000000000000000000e+00 (Occupations)
1.0028739977237383085295619e-01 -2.5760833889510381666809735e-01 -1.6655415001190637669381545e-03 1.0016983350559376803046163e-02 1.0503072614215109450018224e-14 -3.4069155607405145397496655e-14 2.5632062947729417068387647e-01 1.5229534656172760698211732e-01 1.4708232569151727386902451e-01 8.8313522374239214474123116e-02 
1.4611541034951525076900917e-15 -2.6619621264932513557470441e-15 5.2553492646926075471114359e-02 1.7618198816369792791824977e-02 2.9941249147536881658471231e-02 1.0125005808625117675880745e-02 -2.8916615271315920798755883e-03 -6.1967963003050560710782690e-03 1.6920839230482178598428555e-15 5.6700572143281668943491355e-17 
1.1332154672279316651984090e-15 1.2192200548000719887642556e-15 1.7660030127009201939003447e-02 -7.2989364079329779877447493e-03 3.0684368985148244290961372e-02 -1.2579757990026779745917906e-02 2.6063132808342165391835010e-01 9.2146240524988431985775605e-02 -1.0064356496746890146098963e-02 -1.3500786052038499240879332e-03 
3.2270585734243798355734214e-14 -3.7049227942647995339358113e-15 -1.4416897246234655627361576e-01 2.6097786315919968558318942e-01 -8.3649977485121998488359907e-02 1.4978374421716336706289496e-01 4.3606310511713375791745974e-15 -1.1566512112949878983260120e-16 -1.5958760202552185747393310e-02 5.3080961669148454817879212e-02 
-9.1795323659843042901629317e-03 3.0244509066623015414165820e-02 6.1029092718433699746305443e-03 -3.0848807423689943163491733e-03 -9.1298749288388074831119578e-16 2.4515622355224605409840764e-15 7.6440632729383317565694792e-16 5.7036257793208139545900450e-16 7.8500497750517463091401993e-03 1.7422050835165549254046624e-02 
1.3537369960502095012078172e-02 3.0274088353849946952944805e-02 -2.0591195789976107777263792e-01 1.8399653098927895578107439e-01 9.0691452036881850529148608e-03 -4.9888100196403273312029114e-03 3.8078581807358529285801081e-14 -1.2987602282311350859795959e-14 -2.3160253150212928296980408e-01 -1.8699421836685944930955827e-01 
-1.3410796066453972708032438e-01 -1.0673126943228750107550695e-01 4.1038931395729792775302853e-16 -1.8390742278063968807175530e-15 -3.5305009743539686462021621e-02 -4.3137545806372731838074230e-02 -1.9857534158747462693650476e-02 -2.4735946893752004671629408e-02 -6.7983862928281046586476144e-03 -5.5364771603388105228327198e-04 
6.9173232892070326363945022e-16 2.1022479893181478394758551e-15 -1.1695513745076119474691852e-17 1.9965474972957360329671705e-15 -7.0509298545215134956798408e-04 1.9095655930415084827744820e-02 -1.0391885107918774622248748e-03 3.3067514586587229419301082e-02 -1.9037359070918907777425488e-01 -2.0003088207243832630233271e-01 
5.2712170781024289545335648e-03 8.9079678183835095395259884e-03 9.0046166839513788133059287e-15 2.7042676779836186772340260e-14 1.7962713668924956689210148e-01 -2.3736187997583574338378298e-01 1.0246617115083184179624709e-01 -1.3739429667171365601063826e-01 -3.2870660100481141190218840e-15 -2.2737286850244529234246275e-15 
4.2007302876239133171409890e-02 -3.6642571910978222193833176e-02 2.4100000975817277570900643e-02 -2.0624710532806577595321684e-02 3.3983205034089544174444320e-04 -6.8124221946059514143367863e-03 -3.2240178374360926729709789e-15 4.9167314614847895163109737e-15 9.5269022934726716426775351e-16 4.3762142548514158710562046e-15 
-1.9108380882828738395184942e-02 -1.0493601676073074230322035e-04 -3.3083839464231094840140912e-02 0.0000000000000000000000000e+00 
6 (band)
-5.5738047496463472008088047e-01 (Ry)
0.0000000000000000000000000e+00 (Occupations)
-2.6295203080778995046931342e-15 1.5012376984865055233438431e-14 4.4524569522167483805125294e-15 -6.3433274083822128763929857e-15 3.3095310852089401820741443e-02 -3.6916360842716211543290683e-01 -2.6509734594692514751002271e-14 -6.9327871905670301649309962e-15 -4.5865999211522394617969638e-15 -9.3718252704730924495978998e-15 
2.2625127125157941387900706e-03 -1.9592471870713362713800620e-02 -3.2985604554767437663389660e-15 7.9883395742912566286065558e-16 -2.2698808932955500058567831e-15 -2.0194640718608447182016118e-15 6.9424424471471480511761670e-16 8.2324264227302130765958996e-16 2.1855339940984673530177673e-02 6.7595351426139255526792660e-03 
1.2578898691889030259094540e-02 3.8443576880600599521287108e-03 -2.0554813824440352209805933e-15 1.3840216725848100904204224e-15 -3.6068544852586799229564613e-15 1.0499297589984362879567990e-15 -1.3313328979231159512835286e-14 4.1908028719047658469569693e-15 9.2089980513675076447343516e-15 6.2614738430091111638512760e-15 
3.7002099730701948354649744e-01 2.1483271149287351542422897e-02 1.6507926089671887433810526e-14 -3.4133514739934635269313028e-14 1.1904048411005539030840537e-14 -1.8152906241795243163225974e-14 1.9653871410282360010501890e-02 1.6459818853945436256669410e-03 1.6768346159334118085823990e-15 -3.8883402144610655649419394e-15 
1.1426620383900034653596556e-16 -1.2276327236067431500710569e-15 -1.3907269230979202602799305e-15 5.1058011137414134996264716e-16 -6.0697069026082947629241460e-03 2.2056877779882071155537204e-02 -3.4473479733295453453223445e-03 1.2693445957868493972897639e-02 -5.7634110142637254726460767e-17 -1.9864190182825557581369058e-15 
-1.3286792065530117998660606e-15 -4.1372248348712836581941666e-15 3.8334258606442844030864424e-15 -2.1757328091016996348694019e-14 -7.0463751631049281354052353e-15 -6.2544157556115844818637070e-16 3.3917884063572367736583146e-01 -1.4948461279071850738020544e-01 1.8880974872329736920578819e-14 1.8514484276794910470193424e-14 
5.6207808201785401730307257e-15 -1.5668114170616706748892901e-15 1.7824426276203994556901478e-02 -8.4013474421481063036942771e-03 3.0747838135691032927349010e-15 4.2203859336692948705846484e-15 3.3380333210685520544513384e-15 1.2746873920326491064817032e-15 2.8850602332243586518945092e-16 4.4456469327086384539101335e-16 
1.3397282433840224102894467e-02 1.8546815988187508733586739e-02 7.6670871030909831800315146e-03 1.0688683062506768028931958e-02 1.1775685225017335146514917e-15 -1.6643394760860903213279235e-15 -2.5385387718142115149337416e-16 -2.5226766719702239031690126e-15 1.2197340977996525358596951e-14 -2.8827015992649037039908172e-15 
-2.2706907827454083969746355e-15 -1.1862468760157761022316288e-14 1.6006471600566157809097945e-01 3.3431605119439267159719975e-01 -2.0178619834261161294916021e-14 2.8942346365281153664220724e-14 -8.6969303581252821475464597e-15 8.5795367103702041173437022e-15 8.9570806438062124110732753e-03 1.7551738297384038289816743e-02 
-5.9774064820073907558667499e-15 6.0220075288305758904593718e-15 -3.8243466026918455793352600e-15 3.2766019106185869410676457e-15 -6.7457912886305162412846119e-16 -2.8083168968174803178622466e-16 -1.8116845443258339232173171e-02 1.3973241252367265066713919e-02 -1.0442579816818672172606952e-02 7.9990435069739410783862255e-03 
6.8559874369616612736927067e-16 5.6631278535261956010515886e-16 2.9602041320171835067499281e-15 0.0000000000000000000000000e+00 
7 (band)
-4.8941066175159031459429571e-01 (Ry)
0.0000000000000000000000000e+00 (Occupations)
1.0377857097800813335197745e-03 2.2266894447536822454480898e-04 1.5906072421474626299442434e-04 2.6256676254637900669308692e-04 1.0892360269676911867327771e-14 -4.2452188184490032189018350e-16 -1.9421641120731605867355540e-01 -1.1097971759615540832122349e-01 3.3710404526384452061904540e-01 1.9297762964778281125077797e-01 
-4.2718397314246217173778967e-16 -1.0481931544757889151009350e-15 -2.3869886124557204709617508e-02 -2.3760683908816832010657549e-02 4.1419581185852372140487887e-02 4.1835560298162266512633778e-02 -5.8768933560715552744113666e-06 1.6477678767931602799023949e-05 -4.5539501956075364318927451e-17 -6.2343713195847474966863592e-16 
4.9016083048646045449822541e-16 3.0952445486188656315729137e-16 8.5917738057523923567160296e-03 3.2420961072596288232716688e-02 -5.0853715670989424468828588e-03 -1.8670685728064351227573070e-02 -1.8996143391158959445874643e-04 1.0442678257563953181374927e-03 -2.5744098362207035179949344e-04 1.6722965867972672260322042e-04 
-5.3170990880123132174151800e-15 -2.2788274227723400921250652e-14 1.0482447090343560702763170e-01 -1.9760653430438562816462422e-01 -1.8229371288674733886381318e-01 3.4299927859936774066085263e-01 1.4141177979428891851821460e-15 -3.2715202138317079640184944e-17 2.2999188203364058502575773e-02 -2.4604448894464760189126906e-02 
-4.0513896488839254428349079e-02 4.2713229828284404732130497e-02 -1.6654145710379153477731506e-05 -5.3564170655745479976417300e-06 -5.1658702033639042850424270e-16 8.3269359992664428830673590e-16 1.1060805974230552072022213e-15 -1.0746540022524091892907209e-15 -3.2135089148354667454299260e-02 9.6059012813599423119548248e-03 
1.8501737490609702907473633e-02 -5.6693226544409155986947724e-03 -1.4081289092010493280149319e-03 -2.4117631333541757199245836e-04 -3.1186431476116355243632938e-04 -1.0808241422045200552659594e-04 6.8125572028790284538380409e-15 -9.8157483660450865760449192e-15 -1.6482354939977231222947296e-01 1.5095774716841733886774080e-01 
2.8547099798319353070041871e-01 -2.6408546743821798008511337e-01 -1.3675800614046498862437269e-15 -7.2454098552863753980234582e-16 -1.7422239621401398174116437e-02 2.9151992124741885059613367e-02 3.0559826915924279133740527e-02 -4.9975682563736814612020964e-02 -2.0965003245917816776522358e-05 1.2092347415219644943262800e-06 
7.8641297165336938123983666e-16 1.9174999979947141965520600e-16 2.6101083584164568150853789e-16 1.6920976037588195253645752e-15 -1.0409507436788603684796328e-03 3.3553636332745100101515590e-02 6.0653774443271760152818217e-04 -1.9300343973245828732565599e-02 1.9682690946895564643170928e-04 -1.4150096136724271689288912e-03 
9.8233187217425244064372691e-05 -3.1510537923169767982045641e-04 -3.2959981580810140531207369e-15 -1.2453410393499765313327446e-14 -1.5606049143347225371947218e-01 -1.6000052150055232846881381e-01 2.7292201794318976526554366e-01 2.7703501028460336685910193e-01 -3.0426767673755064703428252e-15 -1.5665816959096122363266809e-15 
-2.9684853147756370267407178e-02 -1.6497956596576619087146653e-02 5.0910929941936605702679230e-02 2.8974973361342165611986843e-02 -1.8671647208806775402028383e-06 -2.0916675302483042110657241e-05 2.3842026304839676331930728e-17 1.7369800273628593619907942e-15 9.4210478235451964395871082e-16 1.9739892766260037338638400e-15 
-3.3569776691729467932301390e-02 1.3508089718494318762220807e-05 1.9309872229534633114589326e-02 0.0000000000000000000000000e+00 
8 (band)
-3.1682102427445946180029068e-01 (Ry)
0.0000000000000000000000000e+00 (Occupations)
1.2740631632082028965962666e-14 2.3818582014014129194938586e-15 8.3090976726953417693985177e-15 -3.7294664178484908314265660e-15 4.3779332062229014965737406e-01 -3.0866057768592858323586370e-02 -3.0367550380736483816347762e-16 -5.1811394763372538444304813e-15 -1.1000123461545530295163052e-14 -1.5789610520800828430934817e-14 
4.5175513208124407071863970e-03 -2.9816992794516605780330565e-04 -8.5401280437006314578173150e-16 -1.8234414911665896263582356e-15 -1.9441389040966208208252114e-15 3.7669015431631573521180559e-16 -1.2883925237529039511447774e-15 2.9800442593478439818159321e-16 1.3000901575189020148437535e-02 -2.1302836592999824932848085e-02 
9.9908342025103145933595528e-03 3.4139486576321598221284148e-02 1.5447971473806677262800142e-16 -2.7921014375385018237616131e-15 1.3666490438463398405419507e-15 2.5077365715652497487559022e-15 -7.2721307275243398744506846e-15 -1.3473877613135279529323228e-14 -3.7045799715891050185970368e-15 -9.1296071613500527839966801e-15 
-4.4602247752412685355416500e-02 -4.3660776974201759292881775e-01 -1.9751644892612178708852193e-15 5.0355615260525666983545760e-15 1.0693399902483098844659071e-14 -7.2153964083838720197450993e-15 -4.3992251524783976268651031e-04 -4.5059564381679378941569780e-03 -2.6395807826441217775425915e-15 -1.4357565849842895462788288e-15 
3.4191140392302702725636702e-15 -3.2596545789620049770477082e-15 7.0175646804853564641616734e-16 1.2391212925289315439319799e-15 -2.1700693116278303024246910e-02 -1.2325348147167094342568916e-02 3.3808821114426818033038558e-02 -1.1058251516834708555458988e-02 -6.8372224258356323247523382e-17 8.6961179509801282819596096e-16 
1.5059838958712650763401428e-15 -3.9868097268554180975882101e-17 -1.0847797677800718611609709e-14 -7.5346972475770299455754113e-15 -6.1508532257758316444508571e-15 -9.1776557073027095406096130e-16 4.3749436865876989433132849e-01 -3.4450981375204213497109862e-02 9.0803030088756049015995475e-15 -4.8393597141457431794007436e-15 
-6.9260887649279453711199716e-15 1.4297014894903956064349766e-14 4.5383749599890027548454441e-03 -3.7581621061657036197978243e-04 -1.5608524389620105745471432e-15 6.3930278669824599745125731e-17 -1.2814131012360179175830227e-15 2.1923643943640522762436354e-15 -1.6445988540901242328358043e-15 8.1246852650151374082231427e-16 
-1.6014382715112480265462480e-02 -1.9135230884654599176064593e-02 -4.8136640465745589301249652e-03 3.5239181149581889906929888e-02 -3.5856041383392787519705542e-16 -1.3597941433309941607796698e-15 -5.8526238251733988586408033e-16 -1.9991867837592517976660974e-15 1.0756403124953650913378308e-14 1.2640036234388087770659332e-14 
-2.7042879137580631350375483e-16 5.7026741060587855216914317e-15 -4.8176012107531800132687039e-02 -4.3619636012152818160814149e-01 4.0838359254641291306299912e-16 8.2578611512014803541436494e-15 -1.2469347915713143423071488e-15 -9.7652678764751413024196862e-15 -5.1818457047556835265433861e-04 -4.5243308734587133618232357e-03 
-8.8206689381333085847545644e-16 1.2292375048576850434725702e-15 -1.7380068653504035207524188e-15 -2.5033280361980110612093037e-15 1.0340069701685452269379382e-15 1.3302616161981491094636482e-15 -1.8622764886076545454152154e-02 1.6607532711184643664514837e-02 3.5372993582573765414256428e-02 3.7043993647462064751352262e-03 
2.5637719312177743351078921e-15 8.7047157899395960725007221e-16 2.8592838988055776939374642e-16 0.0000000000000000000000000e+00 
9 (band)
1.0562001303597313983662076e-01 (Ry)
0.0000000000000000000000000e+00 (Occupations)
-1.7577735134578450900088391e-15 1.2075327995615194848394628e-14 -2.6361689910579210303901428e-15 4.1397743400739366036930965e-15 5.4632341269630091407094596e-01 1.5247024252611660055656273e-01 9.5087395660040125093325265e-16 -8.8823700318718028483192812e-15 -4.7466012515065918299767682e-15 3.4865369407565118974542313e-15 
-1.1027853143863466933716211e-02 -2.7284144000632726267951966e-03 -2.4736522411386570790831052e-15 -1.3140584189318971122764183e-16 6.5448297106521839947379908e-16 -3.6505739168566620012141583e-15 -2.1242982921296315184852872e-15 8.9702702110235605130265289e-16 -4.1971307489236636678597847e-02 1.9976196819006652311001559e-02 
-3.6506552093018250493283716e-03 -5.4336389228560016961822043e-02 -6.4062276359975694412834537e-16 2.3234766710099094419107726e-17 1.8807175665947449994436521e-15 1.0336505991313553138408502e-15 -1.4820086499853033657704395e-15 1.2455471430818388923560667e-14 -1.4964838900521402564901889e-15 4.0078530916331030708381831e-15 
1.3523457457045753860036541e-01 -5.5084304112593063251779313e-01 -2.9221592090532914611011013e-15 -5.9350241584984789881671003e-15 2.6245303301076818908535040e-15 -6.0235825746342646421066272e-15 -2.3806748540078914722073478e-03 1.1108113131433089426636229e-02 -7.9630415834325028405459991e-16 4.2732427876035063259033271e-15 
-1.2605340448231350731690558e-15 -3.9898782811658492236305677e-16 5.1661076901364055551369220e-16 1.8903907678971005468288751e-15 2.1284690399493443740963627e-02 4.1323129677040826290834730e-02 -5.4194907649274759453561501e-02 5.3556010625657630985774205e-03 2.5597286050317375880069915e-15 6.3098841392970597886946859e-16 
5.3784867991926520816243388e-16 -1.2790468293895568760367925e-15 1.8040389999255867971586747e-14 -5.7764857859009242028754760e-15 7.3215876193444695562257768e-15 -6.8399016340330023460473458e-16 -5.4815192107956856037986881e-01 -1.4580297677240389164765588e-01 -2.6073009943028881574690160e-15 -5.7371155005792688955342542e-15 
-5.0127699738898877253862116e-15 1.9541539229207295920022183e-15 1.0910715653943095504452288e-02 3.2437860082280833839973866e-03 -3.4239352581593510903294893e-15 5.5623927023927953354364860e-16 5.2410906153224942469754357e-17 1.8153502006120446045680040e-15 1.4087654389002553677098045e-15 1.3269459179484462653416743e-15 
-2.6031491660190912706962507e-02 -3.8512236014200104672333680e-02 -3.0719573307314996385430916e-02 4.4973609411278599179428994e-02 -8.0762194312381734153342151e-16 6.8753561752526438081955916e-16 2.5368540727196045292754413e-16 -1.6583613027572741198611150e-15 6.2923736248333802181852292e-15 -2.1421756307937279703753738e-14 
-2.4115420717566218138332964e-15 -9.1760483623448921762488983e-15 -1.2851316387363218018968780e-01 5.5246122337238912081147646e-01 4.3778645302929574785178129e-16 -1.3227794342435181598229466e-15 4.7810908140948535069503743e-16 -4.5346922062761591496819609e-15 2.8994715348738993310195866e-03 -1.1007221655208889940502637e-02 
-1.5837220952724400588449737e-15 1.8438565735381833273108682e-15 -1.2337956714717301063327576e-15 -5.6735704452803985679683903e-16 -2.8654121761690410346443838e-16 -1.7027025671453633100268431e-16 -3.7675563637563171115463234e-02 2.7228345257468981183146539e-02 4.5916342766038294176400569e-02 2.9291759842207082398246598e-02 
8.8470034165568571932991157e-16 -5.0022802664689456374374954e-16 -3.0711390110955516106602918e-16 0.0000000000000000000000000e+00 
10 (band)
4.5612911683168555487810636e-01 (Ry)
0.0000000000000000000000000e+00 (Occupations)
1.9766725392526423364698450e-14 -1.2721985026974364206859225e-14 3.8839960413059544231487584e-16 -3.0344493250754264989626956e-15 3.9417824548371660497991797e-01 5.2796460285456503491730018e-01 1.1649151088427204798501725e-14 1.1448180085898584918248680e-14 1.5713641707787465219278903e-14 5.1400473549722029623225688e-15 
-1.0464026379309362968506036e-02 9.5304817365166188958269800e-03 2.9061209976506284492187319e-15 1.4107879078205987676409562e-16 -2.7963656980599962879091892e-15 2.1526537134004670777270612e-15 -2.6256011840584342508837280e-15 1.3215476737097544586653943e-15 7.0116180357380070153894280e-02 -1.9805568152133370962708625e-02 
4.0358555951508612302802703e-02 -1.1496743967835162947288552e-02 -4.7721613063197686185869465e-15 -5.4920876315036328834573814e-16 -6.3863944736445839346885046e-15 6.2047061775576042977719025e-16 1.4974734513938526360743083e-14 1.7656851691304385692853810e-14 3.3832292393814514942601888e-15 -9.5429690032509264744452854e-16 
-5.1532264629129875821433870e-01 4.1056751125647822364683748e-01 -1.3218356494802235259795740e-14 1.4602762838554936334316655e-14 -1.2854891560747981969783683e-15 6.1907059653660510890638445e-15 -9.8544620306759839190036132e-03 -1.0159503348240311870753771e-02 3.0121738032291803243614257e-15 -1.1051945863430681143696261e-15 
-2.2799512028092244831037528e-15 3.9314765631402631426957728e-15 -6.0030374246563054215478467e-16 -3.5931518758660320895082123e-15 2.1998197748511132132431811e-02 6.9459474325356262980335487e-02 1.2758763896430151685290610e-02 3.9977519985461285045857949e-02 5.4188153091743454585719175e-16 -5.5168183951736368361309640e-15 
-8.7336003464019467351881377e-17 -5.7514107825815662133790839e-15 7.5850057262712065002328370e-15 -2.4480436515374849052032129e-14 -2.0518166730057316138523857e-16 -4.1773119264667682081777496e-16 2.2794804939241791741366683e-01 -6.1819633009917129840005146e-01 4.3607011563585697707067721e-15 1.8933780235396421276340157e-14 
5.2446718070304938067593685e-15 1.0499759344607397502845687e-14 -1.2778278189546065160553390e-02 -6.1864457807283834700484704e-03 3.4875539935307963719411557e-15 -4.4062189322553953670103643e-16 -1.2619243756526950367953792e-15 6.6226436391220285825741186e-16 -1.9106065992011433587209847e-15 2.6374211129906604058621301e-15 
-7.2853751805526487106412503e-02 9.3708201656645534471934411e-04 -4.1959644763947041845586483e-02 4.4947967893107024228704915e-04 3.4271538036112022812632009e-16 4.6345879012641746685645205e-15 4.4337113116216076976884936e-16 6.0785034655363487321072564e-15 2.0916690031186074737700076e-16 -1.0230792249335433918539591e-15 
-1.1639008562829487905965904e-14 -1.7230254326741161458348131e-15 6.2505130878993087062411860e-01 2.0841755480256321519938467e-01 -1.1271688351902088251753303e-14 2.9248708585692161345512710e-15 -7.1533194564835217067952664e-15 6.1280162158907600617119259e-15 5.7820177255367127128193871e-03 -1.2966293838597507670495901e-02 
-1.5655381169711769730108537e-15 1.9569361023899098415480258e-15 -3.4295669181863381714720438e-15 1.3939702281636300326935450e-16 -2.5141282471072888813974039e-15 -1.4304047311358621486983949e-15 -3.2250112690629228334726619e-03 -7.2788368419423224442432740e-02 -1.7672421805255001791418179e-03 -4.1924821714274383699372351e-02 
-4.8752807685721172601191515e-15 4.1989830109783375012874914e-16 -5.8590196004341515424167041e-15 0.0000000000000000000000000e+00 
11 (band)
4.9653905839625184226449051e-01 (Ry)
0.0000000000000000000000000e+00 (Occupations)
4.9518686407658751846838641e-01 -1.3415806826868473256020309e-01 4.9496287927611182233533782e-03 -3.7132479189067799096868328e-03 -1.9191425078302630504423041e-14 -2.6319649764506830262726780e-14 3.0680914619956622946261859e-01 1.5864994682935470993179194e-01 1.7832294336799525691361623e-01 9.1776249352503655454249554e-02 
7.2816111347290884008488224e-16 -2.0736074541748505556614507e-16 2.7480375516328592322423674e-03 1.9987383930570340462296031e-02 1.7797691188982112109329137e-03 1.0734621315666215135564698e-02 -4.7413933198458407813902227e-02 3.9983753924237780408290632e-02 -4.6153493130479389104417642e-15 7.9807616729296842835868419e-16 
-2.0934764917468166017049226e-15 5.4091258619812990597722032e-16 -7.4655205448853512173457148e-02 -1.7577960456434532643399393e-03 -1.2835351965748326152905179e-01 -2.8514306094705177407888641e-03 1.4964606464667226659592814e-01 4.9072851249071913759536301e-01 3.8668872527253539406189020e-03 4.8305505139653176494007880e-03 
2.9683180837628281328395765e-14 -2.5464419156322935402303468e-14 -1.4893455448336168078782293e-01 3.1164106966430932255107678e-01 -8.6129704301350307193985145e-02 1.8111771341756172093440114e-01 -5.8233594167712997300755394e-16 3.2581645329935307557595926e-15 -1.9891203417687852716966290e-02 3.3745004622234980873329846e-03 
-1.0673420529040897331007898e-02 2.1160735142094488914210615e-03 -4.1453331987969826988305044e-02 -4.6134617223045744360820919e-02 -9.2228455839505936985147515e-16 -4.1533801834589969243424693e-15 -1.2160149139703993702787430e-15 -2.3933947494819589473474636e-15 -5.8804799287679940245077148e-04 -7.4673581319677842516036037e-02 
-1.1816578821979006885811714e-03 -1.2837975054358691240352641e-01 1.6086736564836043306137014e-01 -4.8837575603435812165997731e-01 4.7133707432855109775715619e-03 -5.1391463988006702567901129e-03 -1.0543175098512553425519252e-14 2.8799037511013218394075109e-14 1.4364764469634813681686580e-01 3.1448296360288707784746975e-01 
8.1108873756086261042064223e-02 1.8256087485355465549474729e-01 4.7934128720332556534815326e-16 -1.1599091274199252018327347e-16 1.8947286421235165487786389e-02 3.7951662357846166484520722e-03 1.1429506952507866718304896e-02 2.4547620498725220006264180e-03 -4.2407818432982719025758911e-02 4.5240924671746250707027315e-02 
4.5059172776859610972614054e-15 -3.5690653630187031413037848e-16 2.4143607938549544969421215e-15 2.0907251886815499803282765e-16 -1.9898521957441780982911439e-03 7.4575589824351182222095247e-02 -4.0353342171296890245058009e-03 1.2840641683495374048007420e-01 4.9318773814587163473177611e-01 1.4544773410192635143545203e-01 
5.2846610931652424070215091e-03 4.5496204899588554848577360e-03 -3.4994865364164023448163979e-14 -1.1541547564322738069187905e-14 -3.0981570368463245968015940e-01 1.5345491185900461683644380e-01 -1.7992310078959489194616594e-01 8.6803227080206074584012299e-02 5.8404991048205044709202878e-15 6.0311715199611102094499179e-15 
-3.1981449013875201670131787e-03 1.9057146131444588355030589e-02 -2.0945412837063710070895084e-03 1.1500973120115852432743253e-02 -4.6550662774245202268907917e-02 -4.0965840949227838585500194e-02 -1.4316115551327107813432951e-15 7.7613528336646054819585031e-17 -9.3151933536177232086489443e-16 -2.0663874784116779675265574e-15 
-7.4601294040500462645404411e-02 3.5360556128209014170593605e-04 -1.2846980893048656757748915e-01 0.0000000000000000000000000e+00 
12 (band)
6.7819861652304103127875123e-01 (Ry)
0.0000000000000000000000000e+00 (Occupations)
2.1506860838552591119743340e-02 7.0131844590695657792878137e-02 -2.5629709505300263261418081e-01 -2.4878130658851574374956783e-01 3.3094977001327237336881257e-15 1.8444853714824926581481730e-15 9.2218372826767217032006840e-02 -6.6431144762490748623129377e-02 5.3642424070377836553547013e-02 -3.8698692499576206604849915e-02 
1.9626040286476696000985791e-15 2.2765908621783116184161317e-15 -6.1312174584759529527566713e-03 -4.4372874713336472873859151e-03 -3.4457098415607081975942094e-03 -2.6684581316051697585933766e-03 1.0068165984681930191779742e-01 8.7920194980487462177443092e-02 2.3606638480335824420612361e-16 3.1269719652622437404054621e-16 
-5.7022871884005856249577099e-16 1.6123069628592840541689156e-17 -3.5388171263547596456788824e-03 -4.3260088878438740511711558e-03 -6.0137617609191326706330472e-03 -7.9255448981316936607477430e-03 -6.9421691934635265663899872e-02 2.3699142975127457377837459e-02 2.4060806172644663702975265e-01 -2.6398503759255387279836214e-01 
-4.3510670988378111130624240e-15 -6.1478526231869111057259110e-16 6.9295014094153284389676628e-02 9.0086215943206385259323099e-02 4.0364546289732017303464318e-02 5.2400399465533653575732842e-02 -2.9793919740050725751628573e-15 1.7950563581661641320746305e-15 4.2425117433818812506807205e-03 -6.2675706404999760590346369e-03 
2.5589090469141581585255096e-03 -3.5278278872394874809970133e-03 -8.4714324310596486600211108e-02 1.0339361958804085817043017e-01 -1.0336415657325272469328300e-15 -3.7695749931839693488163723e-16 -4.2299175311600656785733591e-16 1.2942005561871268543119939e-16 4.2127173314233969103614896e-03 -3.6729541566706686017695915e-03 
7.7327372983289474270285346e-03 -6.2597417138763131877476908e-03 2.3523896132382482448974770e-02 6.9787238731366718624826717e-02 6.3745188802275740136416005e-02 -3.5129955041766175449780008e-01 -2.2828736212164040862183701e-16 9.8202688682708022334055203e-16 1.1384322675127159230079599e-01 7.3353263283218450574452163e-04 
6.6129184107360239330830609e-02 1.8258591939571827689192673e-04 -1.1765853817487081495592889e-16 1.6260800028114422729517006e-15 -2.6034844697700662563555341e-03 6.9162061382621251026669995e-03 -1.1780317059289294179258434e-03 4.2241248938803127588315078e-03 -3.0705895967966183313091477e-02 1.3010116832007101450585651e-01 
-1.6354307808877054621271138e-15 -5.5562518867420446590913420e-16 -1.2162661261811084300050597e-15 -8.8372200329557354455429885e-16 3.4541797225535238874405408e-04 -5.5705768541794067200134677e-03 3.1296298838315653179087406e-04 -9.9586437648586413617923796e-03 -6.9013899507810380629102553e-02 2.5704358652242423333156296e-02 
3.5312849006385305106192618e-01 5.2679148857219679213947927e-02 -9.1031085532588104191566839e-16 2.4561702549885214685576332e-15 2.8427314894051529392537958e-03 1.1381009280792082904998352e-01 1.8946720457630422500272527e-03 6.6102288509268247729266932e-02 -1.5361129370523079180850061e-15 -1.6970003025151590561446829e-15 
-6.9945708314783708314799071e-03 -2.3849565226034116424691511e-03 -4.2590434133335649743989926e-03 -1.0447674490349119491572338e-03 -1.3100146674768653465292800e-01 -2.6604168008007605950027141e-02 2.5380092223712742093011205e-16 4.1362052913486946575720396e-16 7.9126216270786905727666287e-16 1.6152777590591243153271099e-15 
5.5786779514809753735549158e-03 1.7027148184285630138148915e-04 9.9635601803483592880938957e-03 0.0000000000000000000000000e+00 
13 (band)
8.2670639351496111313366555e-01 (Ry)
0.0000000000000000000000000e+00 (Occupations)
-5.1000150396141741282463045e-01 -1.2106673389696864795439524e-01 -1.0746398574515922397232259e-01 9.2550313777989834385095946e-03 7.1285647716567845498075647e-15 1.0531525149256128872054962e-15 -1.1003568747064929045365034e-01 3.5107305464552074347750477e-01 -3.1222387878913482328613327e-01 -8.3076882768354870512084176e-02 
3.5046446623225666806448915e-15 -3.1092768354599221652681099e-15 -6.9789776987233181904102253e-02 3.2102953658057431507444335e-02 -5.1225984022409409845977279e-02 5.3997623208750678003298162e-02 9.9653182131675344113119763e-02 6.2954914783295776170568558e-03 5.6154869565102961121961459e-16 -2.6638107401070768783487120e-15 
-2.2743506361140974614976976e-15 -8.2475248993078434455060515e-16 3.3441389142204236417654784e-02 9.9009393084913105420596935e-02 -8.1109747004447174667518539e-02 -8.1722696987955936731573559e-02 -1.0498746040164219639478915e-01 5.1355264701663538851050816e-01 1.2625989944333948500343467e-02 1.0712025119447465826283405e-01 
6.4648308440852278424961909e-16 -3.8776737755622699464694465e-15 3.5435612575494951359544871e-01 9.8953920362966130142012844e-02 -7.3228700306567834354964930e-02 3.1467932310217755498271686e-01 -5.7135207201386017453103830e-15 3.9802672760028993650150484e-15 3.4279262659402176538492313e-02 6.8746961802152117826381073e-02 
5.5580025683960851412557247e-02 4.9504600758187855547021172e-02 3.1622029380090864447705457e-03 -9.9801755468035352469868826e-02 -2.9234648776394002895432913e-15 -8.2677955208861434109454387e-16 -1.3477321092794520093480501e-16 1.4039683803633320860096473e-15 9.7910118508612795085177538e-02 -3.6534848028048599877237734e-02 
-7.9134653048192463153931442e-02 8.3636696186855027934647921e-02 -2.8788284389400764506916630e-01 4.3506059848563394254483683e-01 -8.4304556222783474939141968e-02 6.6204747565489441285535577e-02 -9.4357341441185217311503838e-16 -1.6085546275585810396631002e-15 3.2173214802639088505387122e-01 1.8150322545686892183880445e-01 
1.7308964874230767239104978e-01 -2.7418720944334240563478033e-01 2.2115182973275455418093331e-16 -3.7360131608286261626983621e-16 7.2689659332504569233535108e-02 -2.3206265707090008298951744e-02 7.4042103655363192271643413e-02 4.2018155590028971602123420e-03 6.8391737530607052408804236e-02 -7.2217731479616950607258730e-02 
7.4538035906487346494627636e-16 3.9728138611460721670567784e-15 -2.8634520434686399816358234e-15 3.9191307261122782097780373e-15 -4.2774465981603462805260563e-02 -9.5514255765000180553592202e-02 -3.6165433120779848230608167e-03 1.1508027415928928638422235e-01 4.4388854099530855590316492e-01 2.7407520744535363022009733e-01 
6.8820149623771059710364284e-02 8.2183415637776729978369872e-02 -3.8699323862855014210109249e-15 1.2722340759862775107540995e-15 1.7130781358234706268639513e-01 -3.2727454671968470023557529e-01 -2.7948879186257208351307213e-01 -1.6439181107116015989610958e-01 -4.9462118147276702569689010e-15 2.4020772547569068683421025e-15 
-2.5478052192594580205309285e-02 -7.1924864952358280589805872e-02 1.8740235371064832559095947e-03 -7.4137550563033394190881609e-02 -7.4330332779109942187290017e-02 -6.6089576571982042163533322e-02 3.2546114990262864747375520e-15 -6.1439082280135399709271620e-16 5.6737995881126132988008029e-15 3.1273181919896890679122791e-15 
-9.4123546799925447703394354e-02 4.5753534641121765269566879e-02 1.1513708736156767764580167e-01 0.0000000000000000000000000e+00 
14 (band)
8.6395765244323274867355167e-01 (Ry)
0.0000000000000000000000000e+00 (Occupations)
1.0829006799342165423549744e-01 -6.8549009946586803021517653e-01 5.5541892855519643668049667e-02 -8.3832142099502682253131525e-02 -5.0922461036214728407784861e-16 7.6140109697099175698680478e-16 2.8614952647802832652601523e-01 2.1066747970149768409697799e-01 -1.1440829069059520184392653e-01 3.2224769235577738202280784e-01 
6.3494383053322847760524637e-16 -2.6090738288941947146719815e-16 7.0077388677255020299483590e-02 3.8163502312943270444733912e-02 -2.0603918582555114102916605e-02 2.2738662192685603347097612e-02 -3.3766131325345588587438783e-02 1.0326698227759542603187981e-01 -5.5666326778337763225813225e-17 -1.6787408368960350616543259e-15 
-2.0764201837737952904385737e-15 2.9233525848754903276896856e-16 3.3826369667325252577061434e-02 -1.0227569156544684403353784e-01 -1.4445140754215116118963635e-02 -4.5615441990956809292789842e-02 -6.8855332471816588224555744e-01 -8.6704869017110899886979780e-02 -8.5535389013175783246012429e-02 -5.2881255065721249897237044e-02 
2.1578094893645500043138243e-15 2.9957263527031937408262564e-15 2.0157535418085587020087246e-01 -2.9262555441092885644138732e-01 3.2568233382769712358495440e-01 1.0422979247755459475399675e-01 -4.6884049254811610942977814e-15 -7.6471026086193773335104497e-16 3.5943486955759100520690907e-02 -7.1241554292940420523017053e-02 
2.3374626758181617225407223e-02 1.9879513152614887439018077e-02 1.0427664607168897481503933e-01 3.0505775476804955492760030e-02 -9.0740124494501707090963028e-16 2.7922026190521079052825836e-16 4.8972976322752757679715468e-16 1.5753670638766829107908804e-15 -1.0328773663368023827402453e-01 -3.0597121288554601781228826e-02 
-4.5139200687882158335995086e-02 1.5870828607874365445695730e-02 2.8316889334078360063173818e-01 6.3405498661700432361243429e-01 7.4909539728219759480154494e-02 6.6887625646062459638940823e-02 -3.4097610972122557000615981e-15 -4.1358247718374266044825798e-16 -2.2187101165436415306508877e-01 2.7794136300674898709672789e-01 
1.9309319188790477483941288e-01 2.8001187886588757569583663e-01 -1.6048731330944826321667085e-15 -1.3429888690819141758720427e-15 -5.6733293855230848556914225e-02 5.4159145198162450540735335e-02 2.5871791930722226604544289e-02 1.6687738608742341828161670e-02 -5.9756124961920550897609417e-02 -9.1435796349490686130145889e-02 
2.6033185883411583654657326e-16 1.0862769075824290001698991e-15 -6.5204449876383935115710205e-17 1.6838472027557158184622522e-15 5.8915847965590975587879541e-02 8.9983842670732464008587215e-02 -1.5046526490668094000469068e-03 4.7878823624636288047717869e-02 6.2484756886913028761654232e-01 -3.0294531501255411720663346e-01 
6.4501655135467808599436523e-02 -7.6973567486823130101569745e-02 -1.2557381613151286569078874e-15 -1.0396896925105496291612420e-15 2.8477335261580366543299192e-01 2.1303118251231065172213164e-01 2.7380850617664775903392638e-01 -2.0179329772007242871367794e-01 -2.1319025093677083939673031e-15 -3.0702571735021432899969804e-15 
5.5914456754359062595760577e-02 5.5004119537776841042386877e-02 1.5866851593853474600148701e-02 -2.6383200300189535436601318e-02 -8.9513693058959148407538464e-02 6.2598706691714509076085449e-02 1.7547080035413473101738628e-15 1.1942387301083469761961136e-15 5.3562361783301908449731430e-15 1.5486860850975689213509696e-15 
8.8088849569945948392302171e-02 -6.1713237354181001148578645e-02 4.7902460597297864819399393e-02 0.0000000000000000000000000e+00 
15 (band)
8.8109897675521597903980364e-01 (Ry)
0.0000000000000000000000000e+00 (Occupations)
-5.5550037113908379282634087e-03 -7.5581607414606510886301294e-03 -4.6154597457259693982223325e-04 2.3219050969025545327895088e-04 1.3374702370310592432037247e-15 6.4568830548011797926562115e-15 3.0476650782016478924418834e-01 1.1620740091364259449768781e-01 -5.3022242486587911614037694e-01 -1.9071814551761623324210859e-01 
2.8644889332963344987647604e-15 1.3722928392740171673600593e-15 2.0036004474071167358317780e-02 -1.8389800896530805740525238e-03 -3.7671201655397501539823679e-02 4.7277759290648424528313853e-03 2.6511247294594419976476729e-04 1.3342071695826157595732298e-03 3.2432134567906257716681723e-16 -2.2392327504550080673269408e-16 
-5.0662123319477673040381506e-16 -8.6419705589444565652238693e-16 8.2616804540768501441405647e-02 1.2548880231462106182860339e-01 -4.9083711055294257374903566e-02 -7.3258018905741989490465471e-02 7.3799443619372295799507810e-03 -5.7896702184941917224136887e-03 -2.4657344709733131082884938e-04 -4.5402494932350601075654595e-04 
-1.0980772947293106446104396e-14 -1.8354772129832598463803778e-15 -1.0657711222397518724402943e-01 3.0826628661914146078970589e-01 1.7396934878042044636536900e-01 -5.3595139382712986275691947e-01 -3.1377888476462838650324140e-15 1.3919255143330064080242515e-15 2.4674187734093494528408996e-03 1.9968354154783790610494520e-02 
-5.9087240964169202017686189e-03 -3.7504110160735737444781535e-02 -1.3252214348370289220824247e-03 3.0689011591565618086718814e-04 5.3625901719344938223413358e-16 -1.1599051456092400720077415e-15 -1.2655919581719865906641521e-15 2.2417891099226717623614280e-15 -1.2283182462269562340573259e-01 8.6517736671462161512913269e-02 
7.1680113873046513717213202e-02 -5.1360581189253740053146657e-02 2.0582435133460474929734119e-03 8.9541822724488514401164352e-03 7.7171643658756339245741174e-04 3.4830462748484947166360826e-05 4.1584129963808244090760437e-15 1.0308145177341874169139459e-15 -1.9422469638242922940207791e-01 2.6064973263255725166587240e-01 
3.4613911605155600614835976e-01 -4.4483977743726216269593010e-01 -2.8428912470882738762217500e-15 2.3247754249535005120090810e-15 -1.9194890335237871359375106e-02 8.7185855583223337283982346e-03 3.5412961082962879366675679e-02 -1.5573556185904779969320089e-02 -5.6421174634436240674650875e-04 -1.2980497549952548039936540e-03 
-2.8089636096515908378406466e-15 2.7435075617079472933549005e-15 -1.6281885709319202364850656e-15 1.2052815106332804340510895e-15 3.4134098436376693330718268e-03 -1.5014956589127140262895921e-01 -2.7689043095094172108883157e-03 8.8107963754904303210757632e-02 -8.8851129327649908118402777e-03 2.3384855564524964499639736e-03 
-1.0573076917749779646271691e-05 7.7242969236213099293308915e-04 1.7587583599214445464213920e-15 4.4754928419140731265280605e-15 -2.6662186286880124042042439e-01 -1.8594165226372910693086737e-01 4.5549276824205842117976317e-01 3.3199556221520554188941787e-01 -1.1885966650311993655972331e-14 -6.1048612627827132869062608e-15 
-9.3172095384822135877289639e-03 -1.8911561425084287557663032e-02 1.6678219564871733793243180e-02 3.4906309703056831450496134e-02 1.2796869265407002144024906e-03 -6.0470607002067902711189840e-04 -1.7994399036377674043332343e-16 5.6663689298808149583755863e-16 -2.2864565504334411153565179e-15 3.1400758687477056878460601e-15 
1.5018269393864791538817371e-01 -1.3045863079907049283945319e-03 -8.8151461179661952383135315e-02 0.0000000000000000000000000e+00 
16 (band)
9.8012591394415149448349212e-01 (Ry)
0.0000000000000000000000000e+00 (Occupations)
-5.4131508825840835008591512e-02 4.0202971138623699864922401e-02 -1.8442837617760021728940956e-01 3.8821735673989993253840680e-01 1.0639801726908604326637056e-14 -1.7304722060962236866341397e-15 8.9417620065502079196306795e-02 -2.4835529239061265860399885e-02 -7.2308328618359063444387402e-02 -5.6052963328987903679490046e-02 
8.4723753078327725749018537e-15 -9.7695460141617653636525380e-15 8.5440783584295215691284398e-02 -7.5597209567393464091367150e-04 -1.0436672310921690787210991e-01 -6.6666832782063173423736657e-02 6.0800622046543267851248515e-02 -1.1970956746424868399891750e-01 1.2245759361715592348556456e-15 -3.4866695838359781375596363e-15 
-3.6275613611468821469045816e-15 -1.5846084573545626532826585e-15 -2.5109255492203760851133154e-02 -4.2762325085266665591898771e-02 3.5655148406966652441241195e-02 -3.4214362813760314241395832e-02 4.1883445181534376122733931e-02 5.2841992353197586584911960e-02 3.9381883020065461264991313e-01 1.7214317004460022442202671e-01 
-1.9016671945196252298140128e-15 7.3873930240156689954692432e-16 -2.7631949725820458690916936e-02 -8.8593395042268208161573284e-02 -5.3754045085716822827137662e-02 7.4033314949902923052249548e-02 -4.6085960548284068817278555e-15 1.0609147351361501859904007e-14 -3.4393589377017252939339187e-03 -8.5374878057922959362358029e-02 
-6.3355698729127066237687416e-02 1.0640928025455935468368551e-01 -1.2156029170996751620492660e-01 -5.7010452226866709102282016e-02 -6.3184006878647122421527500e-15 -2.3091301157718716937454001e-15 -3.0042138656271910157892159e-15 3.4399441247485494908664406e-15 -4.1952523684309059315289403e-02 2.6440062681223425178345110e-02 
-3.5317435367597460604827120e-02 -3.4562855636226436084612601e-02 5.4085364751984277287277791e-03 6.7217400131298288279424469e-02 -1.6555278151471530811988941e-01 3.9707556030282981085477445e-01 3.7349178149544337709882953e-15 -2.0620372029196416451928585e-15 4.1589732912010721199713714e-02 8.2659798246396853915740621e-02 
-8.9366887264874711460649337e-02 -1.6567551891789676632438244e-02 7.4597746061291400850856233e-15 1.4886338368531417413972482e-15 5.7006696996597036597442809e-02 6.3832178878924755727197748e-02 -1.1979501473428573465884739e-01 -3.2787105144692282876484057e-02 4.8183038718884435569478342e-02 -1.2512766504828412572614127e-01 
3.4448107312741507072468392e-15 5.6554889114926235593299897e-15 -2.9024924623042389460310366e-15 3.9289885679387532263637546e-15 4.8551138572104204915724779e-02 -1.0118621091466788522450493e-02 1.5545403698514308199474243e-03 -4.9466276639590925356948503e-02 6.7014346165722910031448123e-02 -7.5172172503037495983058136e-03 
4.0207976601844042097155807e-01 1.5299864645026128862070891e-01 -4.6183400354220784637402104e-15 3.7701568317436014014764408e-15 8.1312645545174935812759998e-02 -4.4165617897534391322889036e-02 -1.3752295039620568428695435e-02 8.9843189481687540931531544e-02 -1.3268732455632866921714098e-14 1.2646815933734401867994878e-14 
6.2010057926722116083961822e-02 -5.8983584825069511337058970e-02 -2.9008074340943830471406528e-02 1.2076577098659679876391237e-01 -1.2657938791984754689501358e-01 -4.4228908357045335075774517e-02 2.5410046978069572314478508e-15 -2.5705442403647548673907104e-15 2.8792415820272963362061196e-15 2.6521298304309827140926560e-15 
-1.1638656279445215926959811e-02 -4.8209347946741851198559914e-02 -4.9490697311173406647277773e-02 0.0000000000000000000000000e+00 
17 (band)
1.0478045758284888488987008e+00 (Ry)
0.0000000000000000000000000e+00 (Occupations)
-2.2246471739938261433695191e-15 1.3347131966779156701006159e-14 -1.1500305548025230412658651e-14 7.0183447176921711594532179e-15 -1.6372530715391603317598879e-01 -7.1263642663127041432247211e-02 1.2458581894904300373169333e-14 -6.6041895371740444682154361e-15 -2.0321363485361382209055881e-15 8.6949029141603116125446961e-16 
-3.8081918799212283177624272e-01 -1.9620262557080908605300351e-02 3.6671107700817981735046840e-15 1.3949530098401584075676341e-15 -3.6165605714933677665529396e-15 -1.8060907496311365207123743e-15 5.1656079292953084974126998e-15 -4.8636698856077278178468178e-15 3.0809483368657464286144432e-02 -2.4627421730553732126534072e-02 
1.7341537976811205457039478e-02 -1.4088396004013507833985130e-02 3.4483551035955932798503592e-15 -6.5006205204730524872194656e-16 7.0689470313740846253830478e-17 1.8986902761480356295710535e-16 -9.7305843782741479009541914e-15 3.8670812238157441543824411e-15 1.4424431438216269251105684e-14 -5.8731680347202694295622345e-16 
6.6085742179351592007208183e-02 -1.6588296370895522224842011e-01 8.4680760042469952538358080e-15 4.9128504022276233632964414e-15 -7.3947138666810751164145753e-15 -1.9054926877179694028668337e-15 7.6487613755505251544875023e-03 -3.8124756405150167504203296e-01 3.1017894446201397699693859e-15 -5.3328097418936976989651668e-16 
-1.3992578030950075904669904e-15 3.5323624819407177536753904e-15 -2.6051740213795496505944035e-16 -3.4043084135043818290905268e-15 2.5583018843992701152334490e-02 3.0020714737762643070650981e-02 1.4626155102479741765275634e-02 1.6890453761978473090632491e-02 -7.7206341324816588204736326e-16 4.0797790463587438605012717e-15 
-6.3114449260401211516410428e-16 -5.7188393338037716951265280e-16 6.0981941644388720327505293e-15 -6.0757125037946968759316646e-15 -1.1851496217538290212958361e-14 1.2751620322280530081185397e-14 -1.3833502373860220857615388e-01 -1.1292794944333735263075624e-01 5.7762626931285912085392667e-16 6.1685406429970235181056204e-15 
-7.5045550027448950864098062e-15 -1.2992916406365434185791038e-14 -1.9182391863821654509614234e-01 -3.2952747647141017450778122e-01 1.9388592158979010632498062e-15 1.4172626415648497666092043e-15 -1.8240452072063897213130777e-16 -4.2807943282512995872306803e-15 3.4964467341203688575594929e-15 -1.6584608122166214266155550e-15 
7.7827645224725384986985688e-03 -3.8667455090672916973026929e-02 4.5921391058154868713980790e-03 -2.1868432026699885506459964e-02 -6.5149540690778641465052341e-16 -3.4717831906189899648047445e-15 2.0176639196721914312916536e-15 -9.1648234545410780605847872e-16 5.0647854844572913389329224e-15 1.2032297483293860269349893e-14 
3.8911232064928910848400930e-15 1.0675764261926408358881101e-14 1.0852701821454364961017092e-01 -1.4181391636822848756338544e-01 1.8638702599105739437295301e-15 -8.9866476344088621809015053e-15 6.4165161863593117465438077e-15 -8.1331768035179409262033487e-15 3.2333953966017203729421681e-01 -2.0207997328702342887396526e-01 
3.5395321288582577096972368e-15 -3.5331245210537036823447936e-15 -1.6589129970279302747564773e-15 1.7157636430609872236359039e-15 -4.8078476755029964901469185e-15 -2.6790052293710204845831445e-15 3.8892837577149674821441749e-02 6.5643500819705675325410610e-03 2.2001883850709148815472105e-02 3.9029691125638961944621652e-03 
1.8272142877994070106457698e-15 -1.8581840214909224773012293e-15 0.0000000000000000000000000e+00 0.0000000000000000000000000e+00 
18 (band)
1.0495488624789370835088675e+00 (Ry)
0.0000000000000000000000000e+00 (Occupations)
-7.2946788991733346740886645e-01 -3.3736376814225649267697804e-01 -4.1407394244796780213846432e-04 2.5183737158555291602013426e-02 4.7937382224771999433851558e-15 6.5771448817070016454777888e-16 3.1829946916071188978136774e-02 3.7253773892213470908529871e-01 2.7643172160770335121782182e-02 2.1287587295833829137414739e-01 
-3.1056854438847741403705051e-15 -8.3263281548205689395486046e-18 -3.8597549545278844740359148e-02 9.3114473658398450028883531e-02 -2.1416017028749706474499703e-02 5.3813498667316626844492333e-02 1.1053793532260169918401971e-01 5.5685289787295637331521192e-02 1.2887537703034154271902934e-15 -2.8964706528296343933035864e-15 
-2.2131713106597407332576131e-15 -2.8963453913033329726780437e-15 -3.4027741892309920634929199e-02 8.6579707881164445770760807e-04 -5.4585851429049161986917227e-02 3.9543291585925517683808295e-03 3.1428415934244113838502699e-01 -7.3970479359130714147596564e-01 -2.5184316881396544285376393e-02 3.7717067862234887609673706e-04 
-3.7316625537607404506947949e-15 -1.0691318386211942631119450e-14 -3.7135411124244810388006499e-01 4.3515933923499290625347413e-02 -2.1190253854454749182778528e-01 3.4316124683038018439162897e-02 -8.8008328721811603141351271e-15 -5.8608758581730816130585832e-15 -9.4280905616344529152073051e-02 -3.5653707685765978485648020e-02 
-5.4459638305513591305384580e-02 -1.9715126675353633611820214e-02 -5.2185732002847859400951336e-02 1.1223250874593490578057242e-01 -4.2996372158309137956294575e-15 -4.5404594402640504090231802e-15 -4.6704634410716351367892602e-15 9.3320537035999852550002996e-16 -1.9342070627639072061265679e-03 -3.3983755912344704164240738e-02 
-5.6669609641673002187189923e-03 -5.4434708125967790071086938e-02 3.6121788219441353096073044e-01 7.1844414625411834318668980e-01 -2.5903028235722214134284513e-02 1.8267259135227864597084135e-03 -3.0784103148435036091822064e-15 -2.4009047199074855111691698e-15 3.7261704826134139922899635e-01 1.9501641275660980268114031e-02 
2.1412387092972134938761997e-01 2.0365613663640588087977434e-02 -5.6680105208959372173522446e-15 -5.5734005660588226160323736e-15 9.2603186004901569261527072e-02 -4.2150182684867587568078307e-02 5.2337263134315054058376404e-02 -2.3302887737528969747113905e-02 -5.9430630845055940070231770e-02 -1.0850057148304857734810724e-01 
-4.7927635989860882661896108e-16 1.6365469160182806893602010e-15 -4.0570836972562220346467557e-15 1.0545651996123176336233576e-15 1.8640514819694142811812299e-05 3.4186449759985436391840352e-02 -1.7159584408759989693216141e-03 5.4602682943784834612710455e-02 -7.0674350956502951515147970e-01 3.8360651896378750169702698e-01 
-2.6394583138817789835783856e-03 -2.5832867807395357845345885e-02 -2.5313469361317276257244247e-15 -6.8170341579867669167987599e-16 -7.7878340615942891200784715e-03 3.7304574559705855341107394e-01 -1.3629771140033414278391888e-02 2.1465791310941201297524117e-01 -3.6648783988217218502312250e-15 -9.3264389482280846321142136e-15 
4.5038120479601352619258847e-02 9.1233522689259979876474915e-02 2.4935342332249973290592138e-02 5.1579476461792242436565914e-02 1.0658027177341465596693837e-01 -6.2809390727001451759647921e-02 4.4500811670867987114304442e-15 -2.3547061799901964846151212e-17 -1.2702536391296894208801871e-15 3.9090369101487127806102386e-15 
-3.4168995297997738214146324e-02 1.0924536540025419663335615e-03 -5.4629639373057543860756624e-02 0.0000000000000000000000000e+00 