127 (index of k points)
0.03517586285367328008399923 0.06083892811759585711461895 0
18 (number of bands)
52 (number of orbitals)
1 (band)
-1.5127074148753079096962892e+00 (Ry)
0.0000000000000000000000000e+00 (Occupations)
3.2257451089761823848078848e-01 9.3518788177218203916396533e-02 -2.6660388086678310504140654e-02 -7.7292295512396413936784256e-03 -8.4630516712842109507360551e-16 -1.1226887447847407004033238e-15 2.2633848501510400730296624e-03 -1.4696038973755404244414535e-02 8.1663522093957940928277139e-03 -2.4185132900700422042827853e-02 
3.6446330213558689491101325e-16 1.0537802614774529445368949e-15 5.1771669560778527108269031e-03 -1.2211349171011846859169481e-02 5.4695370868625831084486322e-03 -2.2130581797179683239962245e-02 9.7467257061140538665355848e-03 2.8257100378837676779575361e-03 1.8874887171518409368895934e-16 3.3181295703252021093794821e-16 
-4.3767661192698658747986158e-16 -3.7739836018956685353842607e-16 -2.2062626764260510892068368e-03 5.6120782665981154904710770e-03 -3.4354423750229678979906112e-05 3.5890957484935731569564155e-03 2.2747344971438607230673767e-01 2.4709493822820727260136664e-01 -1.8800393463282504685762930e-02 -2.0422107824956819976947031e-02 
6.7300797688281458805251870e-16 -1.1433251328150508028170241e-15 9.5489636263916769648441019e-03 -1.1397972019622337747080110e-02 1.9513757882755694561538462e-02 -1.6456707299030738644862737e-02 -3.1521923488730013828843909e-16 1.6280004698703027294154629e-15 1.0754172274162220046545002e-02 -7.7632393345202083123623993e-03 
1.6142685646921450803858988e-02 -1.6096340786981355730489440e-02 6.8732067027230461797593364e-03 7.4660785443263532126789706e-03 -5.5984516726755409577663154e-17 8.8201210203268599769544617e-17 2.1432488846030092221851814e-16 8.0333621075988776593301134e-16 -4.7943663625547999762588347e-03 3.6574675185715131708885650e-03 
-1.8886340830352845235329262e-03 3.0521877102626078850922120e-03 2.2827425627002964625411607e-01 2.4796489541263735945086921e-01 -1.8276304274618154765974509e-02 -1.9852771296657752142511555e-02 -9.3366970185779435023293506e-17 6.4122549256280811101100066e-16 1.3071292102902417470167151e-02 -7.7747435823423086814765171e-03 
1.7710567819695099966992302e-02 -1.8766419631021824532268738e-02 8.2320364393668795647193678e-17 -6.4090094872800571786353273e-17 7.9942033939569313860662447e-03 -1.0651470616843596722622678e-02 1.7612154752732103735191060e-02 -1.4310197734135526870247190e-02 6.8743155125819254552821391e-03 7.4672846811583920914601187e-03 
-3.3947654637308160545114227e-16 1.3729935325921117441964356e-16 3.0250843063634642852546254e-16 -1.7857691319523253133026037e-17 4.1669640640385995078442960e-03 -4.3859513211460228812588191e-03 3.0325841033279890210372365e-03 -1.8365982151645346767687705e-03 6.6805127145958459466967838e-02 3.3035253959917809662982791e-01 
-5.3486257431903539566464545e-03 -2.6448970277799299655185905e-02 -1.9117180663700216210065575e-15 -9.1993015829945581262892769e-16 1.5208243265555355244744717e-02 1.2104456363930260476280409e-04 2.4870498977849989780120055e-02 -6.8775721629740962231869261e-03 2.1483784487672639230789870e-15 -4.4573456329625092860170009e-15 
1.2355705340441050163469150e-02 -4.9696740079844320056579043e-03 2.2477876655482290774168419e-02 -3.1168598436582019284291079e-03 2.0117886515534574853880656e-03 9.9483295430669201053763828e-03 -4.8710130130768607417081766e-16 1.0825312869300371745041589e-15 -4.0314452103351763865204276e-16 7.0745778669500951820510767e-16 
5.8363133798143510683198443e-03 -1.5929860749719930348294872e-03 3.5453715387405580934665483e-03 0.0000000000000000000000000e+00 
2 (band)
-1.1331899172298149913729048e+00 (Ry)
0.0000000000000000000000000e+00 (Occupations)
-2.2705605921635002575342810e-01 3.2031781065042841394330253e-01 1.0663214558770034434687091e-02 -1.5043064627087064655253101e-02 -4.9577140082194061590096383e-17 1.7130997067734439436378756e-15 8.4485801443177133140949309e-02 -5.6758072058433008122424468e-02 1.9123288098264024092998170e-02 8.0997684500775657401305807e-02 
2.5135897158507596048494063e-16 -1.0367942079205735621874348e-15 2.9449987569758764860416989e-02 -2.8089807085147234372302094e-02 -2.3763731201632831702141857e-03 2.6626325036383957645114151e-02 -5.9039721076977018376918949e-03 8.3289927981607218832049710e-03 -3.6254224981249501976966366e-16 7.9049716860278807155137795e-17 
-4.0490257193299711556422271e-16 -4.5621825219706436170123849e-16 -1.5688935515597648984176260e-03 6.7671452229399187139335936e-03 7.6940280651904930861451071e-03 -8.2326837265092461803916990e-03 3.6014891559820938482516794e-01 -1.5636723582693590195447086e-01 -1.6913646412177685274258465e-02 7.3434666980404447733654649e-03 
1.3644662109621369195183887e-15 1.6848968711809807809081595e-15 -1.0166834937145000083980051e-01 4.7828992638278130730689064e-03 2.5601611087761606821988636e-02 -7.9188904222038142277639849e-02 5.8131645876494101965943499e-16 -1.1324559997156596186390353e-15 -3.9741745587058820154968686e-02 8.7711280707658788313718645e-03 
1.5825820163818116181886353e-02 -2.1544181355810182454391111e-02 9.3646899640098812955812946e-03 -4.0659057488174402128500162e-03 -5.2023401680781135232036918e-17 -3.0776205623502921475529974e-16 -1.7130155397567304733707927e-16 1.3138528625860830835541339e-16 4.8475394735622359676519011e-03 -4.9756449327445079200415989e-03 
-1.0845949153425689381879948e-02 3.0562290768067108814864952e-03 -3.5946008406819063285553284e-01 1.5606787599995977644518064e-01 1.7273863025635712714622727e-02 -7.4998408126972018750144855e-03 4.7584079443457626673981054e-16 -6.9685071573660394135015250e-16 -7.2778362837759416614780150e-02 7.0907542285742503063161735e-02 
7.5218220545831354639787492e-02 3.5329681168415442982233543e-02 -4.2213077576094812379273893e-16 5.1827445054832757728377401e-16 -3.3641543074817897851502835e-02 2.3128103711565858868759449e-02 2.6635144535259887982325822e-02 3.1747514133244128520239258e-03 -9.3338219965367411057322045e-03 4.0524914968126587999641686e-03 
-6.4581478996331635232054733e-16 -3.1357493730940295554114733e-16 -4.1053714623129056841330571e-16 -3.1821282211796430977072083e-16 -6.9265831628597647820488881e-03 1.4446400439724685349496269e-04 9.6130104544472211314243282e-03 -5.8218460697004124210218734e-03 3.8831668393258528260147955e-01 5.2715149028177810119899505e-02 
-1.8660565174140636424127138e-02 -2.5332318144053178610164423e-03 2.2763996340335104357282817e-16 3.2934416747817835432730862e-15 9.8984032555455472857097732e-02 -2.2950619804518065242282532e-02 -4.6037248493769812596188018e-02 -6.9184816431552664806048369e-02 -2.3337588030764097182111605e-15 2.7890807762048677007061746e-15 
4.0756756000886303070718242e-02 -2.3557253726299298701718499e-03 -2.1138143720421373461526571e-02 -1.6513293160516580998509184e-02 1.0083117797217665961850841e-02 1.3688155033589435079915964e-03 -1.0903659723033410600119920e-15 2.8869769952253351343382563e-16 8.3229836600468162189965238e-17 -2.5046514021134859909645139e-16 
5.9995879388897339901109973e-03 3.4645878144636799676747696e-03 -1.1238499083803180425555901e-02 0.0000000000000000000000000e+00 
3 (band)
-1.0637953273539619836185466e+00 (Ry)
0.0000000000000000000000000e+00 (Occupations)
5.8685961360612555470783747e-02 2.8303326929515953969129782e-01 -2.9550158722106145692265500e-03 -1.4251586578855918174824069e-02 3.0481735652351353137436397e-16 6.1762932435076102906953433e-16 5.0072254571150803803547547e-02 2.0793993370429347811167986e-01 -1.3558034483530920222271732e-02 -1.2341843086212855862271454e-01 
-1.2123655682598600371118364e-16 1.0853792380222198420520931e-15 7.4650848140890291304572202e-03 4.4042323124486304486424615e-02 -8.0043597054213627695062883e-03 -2.4699673864804125994476536e-02 2.3401584191742944018876926e-03 1.1286234894864306810280397e-02 -8.9430693541479932512628444e-17 -3.5270215812726343721528558e-16 
-5.5802094520170716887917677e-16 -6.4109848680692133428218649e-17 -4.7771320899841138163388621e-03 3.2189037909852967478396835e-03 -3.7747086494342371731924857e-03 -3.0881319056360184704956851e-03 9.6421004110201741221786165e-02 -2.7249745605254854785570728e-01 -4.8550918082258948116347597e-03 1.3721075845327404540974214e-02 
-1.3104490188704590639812368e-15 -8.3321069114063080366176563e-16 6.4888484989162609206658772e-02 -2.0380316784238863836442590e-01 -5.2337022499664265229313287e-02 1.1259114286388886838619072e-01 2.3289473770225186530301282e-16 1.1024708304952007218617709e-15 1.6429746182720195157855869e-02 -4.1539344696982630211756771e-02 
-5.9484549658157300638938736e-03 2.5273692782041171783768974e-02 3.8448866342021491802893873e-03 -1.0866107228397639192229995e-02 -1.9602540376642397709608583e-16 -6.4021910487977847710286502e-17 -1.4721174964598492319966902e-17 2.6433870602390004811400895e-16 5.7536671601272036669083576e-03 -2.7865181006345510206223537e-04 
1.6290151358690600769119072e-03 4.5968786955758872414534721e-03 9.5893653222294539251180368e-02 -2.7100605319985382468672697e-01 -5.0178110429021510752178870e-03 1.4180891977614171195476445e-02 -1.1581588400380389526104451e-15 1.6438416051557676967927276e-15 -7.6523324266552422701082037e-02 1.9796313904414919448981891e-01 
3.0963147900469417672653094e-02 -1.1915785502019675401452758e-01 2.8075641463692169515878833e-16 6.5533662588009891218961765e-18 -1.4116842436992561166109184e-02 4.3520937435802577175625316e-02 1.0792836342133071969584535e-02 -2.4232078878209883932015600e-02 3.8378437281617796411614663e-03 -1.0846179126168427331311506e-02 
1.3439544535323776949511771e-16 -1.1475303030620480878033887e-15 -1.1081113357334334974115471e-15 -5.2377113946039115693212993e-16 -4.3859971913414001754016880e-03 -3.8831167452792296479469059e-03 -4.2204115891834124291159824e-03 2.5559721108599090313995283e-03 -2.2241245899379449846300361e-01 1.8213338980982402004471510e-01 
1.1638141291228313450867304e-02 -9.5304665273218420323830813e-03 -2.6409797144481509971332514e-15 -4.6971323472776193579129961e-16 1.6800556952438044922004678e-01 -1.2968944515960517671615548e-01 -8.8211757370879911865912959e-02 8.5883623598812672272906354e-02 9.9504433134412994226850994e-16 -2.8193004378274638519756506e-15 
3.4620063550277177522040972e-02 -2.9913348783727537055776580e-02 -2.1784677824170362719913285e-02 1.5136273490028486973790756e-02 -8.9013680966079245654443142e-03 7.2893272753673668887253179e-03 -8.3481829162892463896836423e-16 -2.1237429224166452482127091e-16 -1.0143636335682057382457810e-15 -3.3654485990851442467371366e-16 
1.7400658883387990633062614e-03 5.5935442899949956718774757e-03 4.9340518251849256603502880e-03 0.0000000000000000000000000e+00 
4 (band)
-7.3730327541114026868029896e-01 (Ry)
0.0000000000000000000000000e+00 (Occupations)
-1.2699917519246478603278661e-01 1.3028559835325773108571923e-01 5.1029332891693035545443990e-04 -5.2349605582605041043109395e-04 9.8213666462951426587392271e-17 -1.4077493408042416896981467e-15 -8.3673090115476383976655939e-02 -1.7710445516083311856547766e-01 -2.5492522341644868744126029e-01 -1.9325451171976340547509210e-01 
-1.4222317979478037070820561e-15 1.8740138006588363756377914e-17 -1.5306727892324095696707786e-02 -2.4405005774493424702820121e-02 -3.7414161908514209642362403e-02 -3.0986744137559307787910257e-02 -1.1968530022389567424312418e-03 1.2278237554788152055551542e-03 2.9673284026982363394203523e-16 4.3932098514520210418814813e-16 
1.0861360679398044029404600e-15 -9.0142060061742905799459680e-18 3.8453722551224679693238073e-04 -9.8945135165587633913064636e-03 -1.1649878488011994326356557e-02 6.4822464788629099302630365e-03 1.7612201440635649740684698e-01 -4.5652641536771565444752241e-02 -7.0767177195318886617769749e-04 1.8343408945226125084104751e-04 
7.6252696761421457660045427e-16 -3.8054297882660529936137866e-15 -2.0173920421049457152307127e-02 1.9483374189840080292768221e-01 1.1794286838599615796496778e-01 2.9736115353364356295173820e-01 -2.8767276638614801799548592e-16 -1.4299810068112947808045885e-16 4.5037582557233557523090894e-04 2.8804468181837850071502771e-02 
1.5950766527111942538752487e-02 4.5886499874803116094668098e-02 1.6597911508447887873884952e-03 -4.3023437689248059112578915e-04 1.0563916794133658432863049e-15 -1.4566027642140657077786105e-15 -1.0744797553722631681877201e-15 -5.5035630395369217680227593e-16 -5.4545446451387119557452365e-03 8.2642125651156972399036249e-03 
1.3322868451349180116127791e-02 4.9026974840821538337287677e-04 1.7606081123939676391643161e-01 -4.5636651673392432393416840e-02 -7.1507231275858007535362049e-04 1.8535512976453061284587420e-04 -1.2269431914030656316145974e-15 -2.3640973811590504273166017e-15 1.1239898524720912109664539e-01 1.6053073984126753348533612e-01 
4.1326164000583406887834315e-02 3.1732683200222838726389796e-01 -5.3306045126327785609585131e-18 6.8830411386038650085908951e-16 1.3534541397350746683159173e-02 2.5373832365513236675180764e-02 8.3638498878300070182856274e-03 4.7785494436391587336210307e-02 1.6601825833464968224656433e-03 -4.3033567445182528644551101e-04 
2.7935970979775085550432164e-15 -1.4133276579170260515909193e-15 -1.3973445576970609649158248e-16 6.5171438541961315355263503e-16 -8.7833637047209523612822935e-03 -4.5846376015956369354142907e-03 1.1402740919626799809272200e-02 -6.9057453667958120652192733e-03 -1.7423714373605603267236575e-01 -5.2168294709873178072179201e-02 
7.0766626331172921560153100e-04 2.1188061817867948066762551e-04 6.0472523268102079711495899e-15 -9.1107199541346912450984271e-15 -1.2982815796996196450185934e-02 -1.9553796770083498035575076e-01 1.2903494606439688818788625e-01 -2.9283810003776961083943320e-01 4.6080486071387997799433021e-15 -2.5519309171438011658096777e-15 
1.5673675061229040694765757e-03 -2.8715127352154225931490927e-02 1.7600038500443424688279848e-02 -4.5206704240192477350923639e-02 -1.6429863496256530072670010e-03 -4.9192566277652565506078863e-04 2.3630716873460972314478419e-16 -2.5631963794149182151671893e-15 -3.1211188725175559280493009e-17 -1.6677574921824974529397501e-15 
5.1380092916576041231491168e-03 8.4715547821072965245514652e-03 -1.3330859670370603237143925e-02 0.0000000000000000000000000e+00 
5 (band)
-6.3324493835345052605845240e-01 (Ry)
0.0000000000000000000000000e+00 (Occupations)
1.7479201069682841944953720e-14 -1.0769780636744367423503803e-14 5.5143118013876867315828833e-16 -6.3875933286564337188783786e-15 -4.4032237012533087527899056e-02 -3.5115340446509329952462508e-01 -6.8487629871030628806239627e-15 4.3027368361039823963307947e-15 1.7142820705583955303140536e-15 2.6950677250245620568669022e-14 
-2.9371572988954874894318436e-03 -2.3423589374339304214345248e-02 3.2700204444528683148815127e-16 2.2286616388672623103106353e-15 6.8975300312696847216084490e-16 4.4494066520168377491358795e-15 1.0768298547321874550768887e-15 2.1888084503030395815664118e-16 8.5239388615767769374897966e-03 6.9694962145681188525614402e-04 
1.4239637512667858987303049e-02 -2.8064969545891641292123531e-03 -1.6715186651675254959515243e-15 1.3416932336134989848939564e-15 -6.5639638318456219033950421e-16 1.7301584997504927312837710e-16 2.0267310658892174088327876e-14 -6.7308620616819645571938036e-15 7.3707522368112819324284426e-15 -7.5745584712754753190658491e-15 
1.4424334609320743627591810e-01 -3.2317396007659004997236707e-01 -2.5710872855565739389242114e-15 -2.1817124147902813924708330e-15 -1.2579331661347625807696618e-14 1.8897500005723585729308818e-14 9.6217125712540971238517784e-03 -2.1557228007612727616049142e-02 -1.3010307535357193691950589e-15 -1.3439045954287778182068631e-15 
-3.3377298603990282587358496e-16 1.8859419717308259803879407e-15 2.4395441464350364363290215e-16 2.6687965627681453846690622e-16 6.9300339301718348952729976e-03 5.0117763534919959958480185e-03 1.3633918230447787667269921e-02 4.9759396432982883062834389e-03 -3.2303696709321477569529442e-15 9.7174087730392756581588279e-16 
-1.3013892229038228014426064e-16 8.7365205532180528632853543e-16 -2.7831116295614114003390877e-14 6.5198984094287791037978151e-16 -6.8460458996118007925154137e-15 4.5420940309619761137428563e-15 1.4425794427378541007200852e-01 -3.2320662670096350632675808e-01 -3.8837049375689534217937077e-15 -4.3776627617342701908041401e-15 
1.3729631112986791871760649e-14 -1.4444784457715773958902120e-14 9.6070566788621809817261266e-03 -2.1524392566222825401434093e-02 1.8331030558814234669035813e-15 -2.2297732507617163479473722e-16 6.7340602370670857272906523e-15 -3.1040860730140164753298419e-15 3.6982523351754345463640577e-17 3.7070061364259656471104070e-16 
8.3594893374995000306926229e-03 1.8130164076767662367783984e-03 1.2810789012768782069162654e-02 6.8268912648222716127444087e-03 -2.0815732956656511049327854e-16 2.6472381887733078125447591e-15 -5.9713665553594084481582638e-16 1.1407329486582668772137640e-16 -1.5836426622884569162837613e-14 7.1120953760141199230646261e-15 
-6.4872952861576955665132373e-15 7.7864378163898853180632265e-15 2.9082285200451507556351771e-01 -2.0172988569241623313388345e-01 -4.3985479825359050250055489e-16 -3.1243086107208211913315788e-15 1.4523209209094291955840988e-14 4.2503477326735976623361637e-16 1.9367749637357004055537857e-02 -1.3434481283635515969088203e-02 
2.8737237898499955266661790e-15 8.4087388816157453463176533e-16 5.9641821399882840585356465e-15 2.2300468494916152307512181e-15 -1.5910403306274777668103293e-15 -7.5755030612969003211797995e-16 6.2112169451963789371107261e-03 5.8812306992636498997883976e-03 7.4213770014261160046231680e-03 1.2475813515522082147723992e-02 
-2.0900680285076171815532704e-15 1.6579111053199518784577467e-15 0.0000000000000000000000000e+00 0.0000000000000000000000000e+00 
6 (band)
-4.7781367197746904551536318e-01 (Ry)
0.0000000000000000000000000e+00 (Occupations)
2.0707127600740310446880699e-01 1.9299809597468353672411467e-03 -9.8407126429472524531405497e-03 -9.1725897468836192771846072e-05 7.0038670742373045139444215e-15 1.6561177035629531100349991e-14 -1.0801233830981606109933324e-01 1.9339922272144266512938771e-01 5.8269426007429139802162865e-02 3.3678006753732930844691396e-01 
9.8775772254881956128836786e-17 2.2220179184353111025708178e-15 -8.6731591052511616823927909e-03 3.5532191178273053733249753e-02 4.2487271754101593734809228e-03 6.1634528203471025675774797e-02 2.5938639412447367371683526e-03 2.4169971165715654903838328e-05 -5.0538764496586603222182206e-16 3.2705689080474895965517591e-16 
-1.3232160275715549678882327e-15 2.4179005264943680143090113e-17 -7.1661034430624825919409204e-03 4.0160742486010203577961875e-02 1.1580804283169324891966667e-02 2.3266644276547860520354405e-02 1.7612158654376949828979093e-01 1.0891935056337610776555636e-01 -8.3698773972190054770692313e-03 -5.1762139944901697230505988e-03 
-3.5317100380236872303471911e-15 1.4159209679646740236740232e-14 -1.9257591480209820811175803e-01 1.0947347447918755192208806e-01 -1.2461958671869105552687529e-01 3.1825476980516076430660632e-01 2.2976442919229853387061866e-16 2.8508272238045940331985561e-15 -2.5825345052463241635187785e-02 2.5900035747383837181345712e-02 
-2.8294140939361757391967700e-02 5.4920928050966877353999962e-02 2.2061778132551022879592750e-03 1.3643657095893310660095210e-03 -7.3928506551323034573759080e-17 -6.6326914220804601492132448e-16 -1.2151543566237601658230176e-16 -1.2173669127727790907809923e-16 -2.6933978092371975432417486e-02 3.0639828650038100632535532e-02 
-2.1469440635811676970634565e-03 2.5900625377088825479487966e-02 -1.7613419489295845110632399e-01 -1.0892706963315321178065176e-01 8.3788633376579435552145014e-03 5.1817517464500945090222217e-03 -5.3854852546143676527033889e-15 2.1359282121970022200836373e-14 1.2210165788100038608554598e-02 -2.2106882936168414932609494e-01 
2.2895624483347470912164567e-01 -2.5381834803162134361897984e-01 3.4337277357051362370493785e-16 7.5092746698994089825812447e-16 1.1689546759077379389779594e-02 -3.4659631580741673273493575e-02 3.6485304481761141048856700e-02 -4.9885617460622574959039355e-02 -2.2042315935131380141842605e-03 -1.3631750475741905709314850e-03 
-3.7153306618787304693241712e-16 7.1335458495814837307699194e-16 -9.5157502449002832616608247e-16 -1.8371970589324554088944874e-17 -1.5357184825777284511993948e-02 3.7778146089573583221721265e-02 -2.2234469943313107942461926e-02 1.3465673637279761132301559e-02 -9.4231731191782519552191388e-02 -1.8441459255184253218651236e-01 
4.4826928797479445587548241e-03 8.7727627654354545239101526e-03 -1.4353568037382027632445479e-14 7.0117506590261641051929801e-15 1.2496376395568227490873170e-01 -1.8276918001115621814633982e-01 3.2732574872059772008725531e-01 -9.8501624708666288277036927e-02 1.6909077886565182589814645e-16 -3.9629441666109633243494135e-15 
2.7953445807651647325720035e-02 -2.3591109177485476700031342e-02 5.7050322697335606458857171e-02 -2.3770001108205048023780392e-02 -1.1792594331861310560233269e-03 -2.3078627163289218947317405e-03 -1.1146442150836562676732016e-15 -7.3732716663927693250068897e-16 -4.6816783087763336455549185e-16 2.0425099066283782171200156e-16 
-3.2706087073764857076074719e-02 2.4358639454238432964228167e-02 -2.5994153576638888425431873e-02 0.0000000000000000000000000e+00 
7 (band)
-4.2625259751581529021891015e-01 (Ry)
0.0000000000000000000000000e+00 (Occupations)
1.1397870050474545600138754e-02 -4.6036808115582292244560847e-02 -1.4726014383580066091639083e-04 5.9480415742101111487016851e-04 -2.1494498507391447982737727e-16 8.2992940783056743551126492e-15 1.5659067981909788325189936e-01 -3.4101220141593696633108834e-01 6.6379115751306838610901195e-02 2.3601604763891259608499240e-01 
-3.9162938589436486650880589e-16 -6.9957009095992818276204923e-16 1.9818583104455139709543232e-02 -5.9442087442825732035434072e-02 -3.6458090728737346797316832e-04 3.7114974863611399635843213e-02 -7.6549192843945387809689862e-04 3.0919247484936622505369286e-03 -4.7872792385848589702716069e-16 -3.6754906042700187687212057e-16 
-3.0237922544286023716009705e-16 6.8584831671466431614412585e-17 -2.1718381935646326186262201e-02 1.8286119861296121213989352e-02 2.6344077682841082754805484e-04 -4.1038482776970475196520738e-02 3.3597640710503307026613129e-02 -3.3473835780298999420523387e-02 -4.3408568279443282555973838e-04 4.3248948616608773320990622e-04 
-2.4301627818061517919597235e-15 1.0080143083309071898120222e-14 3.1059560183927381604718221e-01 -2.1057144782437092755955632e-01 -6.5484364074880799244660068e-02 2.3626586679572214588773704e-01 -6.3804001066976244103374383e-16 -1.9949119840333325538168576e-15 4.7744714461266241078973849e-02 -4.0578075814917902164324914e-02 
-1.9538408907858843821525596e-02 3.1557960259068096320334007e-02 -2.2564749675763988434606944e-03 2.2481764307013714365712787e-03 -5.2897204891269390466755670e-16 8.8444175722332095065487996e-16 -8.7333275634296245567381071e-16 -5.8702341350048063139183114e-16 -2.8049831680814166223747463e-02 4.3905849453470743859462289e-03 
2.1484380325428840963208899e-02 -3.4966382022035627508138589e-02 3.5016479060647226484448424e-02 -3.4887889032398700095427557e-02 5.6632116101064389201980021e-04 -5.6423844836578362915702201e-04 -5.2137977589166281765319288e-15 4.3572540567552151314074045e-15 -2.1048816593517349904374214e-01 3.0804787468301675357196245e-01 
2.3516454447357235113535978e-01 -6.4224324773640484309567000e-02 -5.1187700245930985879609510e-16 2.6909006515759398566164324e-16 -4.1842197965846622542684941e-02 4.8762907218304285539289822e-02 3.2355546966098741590300847e-02 -2.0000491122331792714916787e-02 -2.2646573118507099670049243e-03 2.2563251549744672841413262e-03 
1.2560986467402554439162121e-15 -4.9918743953249627652984715e-16 1.4850223904180621940506967e-16 1.8106335407758044710102938e-16 -4.2997233784927042787860074e-03 2.7834959304677435454333789e-02 3.4702185889506041716057183e-02 -2.1016390805792834611809283e-02 4.8024713523311390872549964e-02 -1.1702371466786220394196150e-02 
7.7670163687866555779493183e-04 -1.8925974558572575268122762e-04 -2.3020855155079683633655732e-15 4.2735181927313421384312468e-15 -3.3962117358507271092094015e-01 1.5445458733292119490876360e-01 2.3442128149475036091864411e-01 6.6886393627160770081196972e-02 -1.4411571300944844902340040e-15 5.4714222421926188307161522e-15 
-6.1050823700088331646984585e-02 2.0034659381540240175034739e-02 3.8036573094829266572514115e-02 -3.4665806228526647655985293e-04 -3.1059442982311461813049736e-03 7.5682624252418069076692175e-04 1.4999786496034489081953432e-15 2.0002954840150684138568488e-16 -2.0807459150117040547491310e-17 -9.7179542635246077386493120e-16 
-1.8097090429990810023230807e-02 2.1581656530337299526589590e-02 4.0570067636270849831259255e-02 0.0000000000000000000000000e+00 
8 (band)
-2.3884916605790595944824872e-01 (Ry)
0.0000000000000000000000000e+00 (Occupations)
-1.0370778513759189974548090e-14 -4.5990732646958162299288029e-15 -6.9692130235357169260484032e-15 -5.3751926802189917250574879e-15 -3.5378244328190416867485624e-01 -3.0845262688503438663900624e-01 -1.8482321622089592982420326e-15 3.7131326102877985200938843e-15 -3.5398903690839214210130400e-15 4.7102034234144945710958425e-16 
-1.2415340660575924225383915e-03 -1.0824554562664095991308955e-03 -1.5710773641773551035819998e-15 -1.3064961467015196587928592e-15 6.8441567110198886507798648e-16 1.0289328588720377834707316e-15 -8.0709033786780995112900807e-16 -1.4854567411566684144010742e-16 -1.8956835811593172880229474e-02 -3.0414183874630115744785996e-02 
2.6833992808057344214844875e-02 -6.2138443347903304925239354e-04 6.1145424152776653473243908e-17 3.8610623072357079785850410e-17 -9.8226024076070376422113237e-18 -4.3759126350347775864296923e-16 1.2665562614266203340989232e-15 1.2830259002918821374530292e-14 1.5862797059311748301219292e-15 8.8022981932899560427375819e-15 
1.4282606604140879458242352e-01 4.4710821404435086012796319e-01 -3.9633757556725576616903020e-15 -1.4925559531008198143269592e-15 2.7659350672371667674244921e-15 4.5014918785732458160876175e-16 5.0122270517388711752460040e-04 1.5690418897507454887296774e-03 1.1104277629149674494411898e-15 7.1453394989555903201265494e-16 
-4.8821022190684272405158695e-16 3.1058744866199646217931385e-15 -4.3863914406863987259280132e-16 -1.0247081970808205837408814e-15 4.5963112581988430083157482e-04 3.5835358850940440822441246e-02 -2.3274732325890501449805470e-02 -1.3369223006413313847851043e-02 1.4398223370946132236621921e-15 1.0573622426538619489817598e-16 
-7.2015981421125050674104467e-16 -4.5202099693713730613553454e-16 9.6372647807577646608792665e-15 6.3622567595175026522347451e-15 4.4737084483912279916507950e-15 3.8772045667531936025980930e-15 -1.4281835893112559965345554e-01 -4.4708448487827434636443513e-01 3.8894571206218074043536873e-15 -6.4886978336497510646333956e-16 
3.0617731463687536197163331e-15 -3.6869243905502134838899043e-15 -5.0753613753416054743539121e-04 -1.5888172077573176066422889e-03 -3.8681213435944738880215177e-16 1.5272419851856061329363566e-16 -1.0634956451932906633761583e-15 6.9499918912240989435566737e-16 3.5107661272500018522318638e-16 1.9385535500256680220151613e-15 
2.0397683086424058668262305e-02 2.9460687561672662532208378e-02 1.1213115192529578278968216e-02 -2.4382928275901692011240485e-02 -8.3454565389153142426679794e-17 7.2604918234834265818630704e-16 -4.0274024941747731702790673e-16 4.2553620726406521331741203e-16 -4.0195795838591673110141351e-15 -1.4793730197115100810277466e-14 
-1.7498266514735780589787162e-15 -6.7465216851465675112798979e-15 -1.0944011868930605957395130e-01 4.5640385700377616995382368e-01 2.6835072548066744458791813e-15 -7.6798547530455437374705650e-15 1.7769425349394438568141222e-15 -3.7168759689230893924360581e-15 -3.8892195370177572687209189e-04 1.6219348829408278787889142e-03 
-2.7434632909445544498456819e-15 2.9992603291837617637995714e-15 -3.0314889354079153156461043e-15 -1.2786660998646829822931963e-15 1.8904504466102308680412187e-15 -2.9212963916534265419339207e-16 -2.1860172325053948798323500e-03 -3.5766169987293726373334124e-02 -2.2222313394457307578200300e-02 1.5047588877531752754590499e-02 
-3.8992012305236293122429662e-16 6.3518025822153966544375604e-16 -6.5345921066470900613109430e-16 0.0000000000000000000000000e+00 
9 (band)
4.2322464302133044888876157e-04 (Ry)
0.0000000000000000000000000e+00 (Occupations)
-1.2417154457783406776132140e-14 -3.1268633335218185143669155e-15 -5.8069485779997860621223049e-15 -2.8854564486789964061652240e-15 3.5650160844773071122659758e-01 3.8737546656279081558338362e-01 2.5626322374586356667907215e-15 5.2887602139606879227668698e-15 -2.3196643829586850558064817e-15 -1.5137290241334165982281251e-15 
-1.1720867748901006577533224e-02 -1.2735922327727862424229244e-02 -3.2189062858133861530257904e-15 -3.8016635375189556224248300e-15 -7.6214776103803601137903194e-17 2.0892002110099565970579050e-15 -9.3899092145219109586358305e-16 -1.3972387231373842622488697e-16 -3.3375036094703186551058138e-02 -5.0727270486362448231876243e-02 
3.5926543812695749258168121e-02 1.4025158358190296242762329e-02 1.4177604446062121788620810e-16 -8.9325882773660981374838369e-16 7.8829301372064755641223549e-16 -6.4840775308943078367696675e-16 -1.5903566965348115979147455e-15 9.6389065271343729354361967e-15 -9.7524523401205337174842721e-16 4.2167111899104757484769706e-15 
-1.0426778013598332617295483e-01 -5.1602459141603251868701818e-01 -5.4701480660304498580220148e-15 -5.6882496093269519188485013e-15 4.2075956973937068717860669e-15 6.1026313448473154594889761e-16 3.4280596163628468397988058e-03 1.6965578846359498366158647e-02 2.3680497758502425013196041e-15 3.8240056427145157197442657e-15 
-2.4007103942873066155176305e-15 3.4867301735129275048807995e-15 3.1484319329371005419732039e-16 1.7299727017758752811445499e-15 2.2697168365684783006286374e-03 6.0679464325264921564784260e-02 -2.3464870729858644526899525e-02 -3.0607539249813228710017654e-02 1.9488730234651917304827283e-15 2.0629486904933904540022983e-16 
-1.1150793582878528243008251e-15 -1.6969048772961752358716647e-15 1.5941631524810744363006232e-14 1.0986131376156554346486041e-14 7.1237277443883542361537054e-15 5.8100383738794533913813583e-15 -1.0427080406475047746894802e-01 -5.1604031580151887848018077e-01 5.0925549204291097550234846e-15 -2.9659176567645306903243897e-15 
7.0961430608858020627127458e-15 -1.0518285412691449059772406e-15 3.4329886753035609991968613e-03 1.6989994720082095963631375e-02 -2.2253635791664336389019841e-15 2.3482608046945087565819837e-15 -4.7952850992195301700634762e-15 1.6615013271511326121869220e-15 1.7774041943811688761072301e-16 1.8530524169768877606584540e-15 
-2.1470318294364545280705769e-02 -5.6803777796556965962171404e-02 -9.7420017057138971749985501e-03 3.7319606452764511606012832e-02 -7.1809149773004596633583450e-16 1.2471780096045377640401123e-15 -4.3614514523764373995225488e-16 1.1287093057834188306125449e-15 -2.0842155035478855475121585e-15 -2.2425203819106581225081834e-14 
-1.9350386101109038217166276e-15 -1.0705984918812675566553317e-14 -1.7813330230846441404324310e-01 4.9541753574286256922576399e-01 2.0571855492113661077711975e-15 -4.3486450911069740617289014e-15 3.9601848742587053375209532e-15 -3.2650145828775521234887975e-15 5.8648203348301642182094362e-03 -1.6311015120878187556474614e-02 
-3.3259909053295025350780172e-15 3.6999782813312975762414007e-15 -3.9347878141020512530589800e-15 4.7731011990467556439119443e-16 2.1386482018881323456724361e-15 -2.8630091209478337460231341e-16 -1.1060948206524874593004171e-02 5.9710126146194357488194981e-02 2.7665524201735184478545548e-02 -2.6875237555537976469333117e-02 
-9.0632495738827500843982479e-16 7.6810721071349074895997202e-16 -4.5010652340329895126772570e-16 0.0000000000000000000000000e+00 
10 (band)
5.3854859131324583909616877e-01 (Ry)
0.0000000000000000000000000e+00 (Occupations)
1.7538464320025626275167951e-01 2.9250262216553468697100016e-02 5.1379865996124117477616977e-02 8.5691372368614238119732818e-03 -1.7969380852256187125082615e-14 -1.7353509847136041140769385e-14 -2.0751197867429410637285514e-01 2.1147266827472305239510320e-01 2.7829212476382890473214360e-02 4.3025511020520884608586698e-01 
4.0056677675420749556851367e-15 -1.8981205135296303975468615e-15 -2.3592081703472905784835234e-02 5.4904885029849193056605827e-03 1.0110998567614312704243673e-02 1.7987776424407179998166129e-02 -6.5605507808499746724706370e-02 -1.0941647091878579922674675e-02 -8.4338278824033945237535213e-16 -1.5368049208751575021472593e-16 
-3.6817577324165583452370154e-15 6.8488340647722366876541528e-16 3.6289200317846465049242966e-02 -1.2898961482231061093095548e-01 -1.2357466579530490546900978e-02 -7.9803544569970824573701407e-02 1.3486532972136133778917610e-01 1.1587361110000748976034401e-01 3.9509456531040598736836955e-02 3.3945892054630777412427278e-02 
-8.5766560801938128029713437e-15 -2.3300004002460850041523722e-14 -2.8704688401970734901169635e-01 7.3389352736865753890072028e-02 -1.9907965424557605427224871e-01 3.8244112774415445210607345e-01 3.9926625840626754786067195e-15 5.6849588654986005138907184e-16 -2.3024044851540644007759084e-02 -7.5249678922052476437443147e-03 
-6.6956721601259261422711688e-04 2.0623871422989770163525236e-02 -5.0448537930810478935317320e-02 -4.3344518875376887578898533e-02 -1.4235094075819904947645950e-15 -4.0053735623935647086698801e-16 -8.1017877352133969992511469e-16 2.0759058396829333356097122e-15 9.7860589383301985200169781e-02 -9.1534320543003741543763851e-02 
3.0770256268629440910000739e-02 -7.4662601316580021193480832e-02 1.3411056571000598558462968e-01 1.1522610182222459140888304e-01 3.9189040167425789884525500e-02 3.3670560060808901736706389e-02 1.5071112874812549237693946e-14 2.6470185312609245361928885e-14 -2.9654062819265469830298798e-02 2.9464760064800393779549381e-01 
-3.4802496268217514296949844e-01 2.5466091163401272101651784e-01 1.7960800591403950134699769e-15 -2.5380425869604302316465410e-16 1.1323592046560818080713773e-02 2.1912131882171670405057284e-02 -2.0444419492737848920160815e-02 3.5059435223744744858365152e-03 -5.0423521146724124830651448e-02 -4.3323105034683624670055480e-02 
2.9602941193373614502998097e-15 -8.8990822798427837902664696e-16 1.6048245125453836506640936e-15 2.4893676392035756844980051e-16 -7.5859392285888005424965286e-02 1.1048017058360304343267444e-01 -6.9036161259586337202165396e-02 4.1809785394582001105678870e-02 5.5023151898695152328677693e-02 1.6803318461344118883715737e-01 
1.6078644819656928710571719e-02 4.9101574972856942835619520e-02 -3.7814233134684604893189124e-15 2.6593606941453653715080055e-14 -1.7800044087391014846488702e-01 2.3666942146802832924734616e-01 -4.2960934517798454734816005e-01 3.7541511689567604037609527e-02 8.9603099271829744158950909e-15 5.8702783407928548195076678e-15 
-1.6652802133087334091054998e-03 2.4608780999260899957636894e-02 -1.9303599192152371549768830e-02 -7.5919026999622576251658401e-03 -2.0687939325918544564153478e-02 -6.3177781546420466729507837e-02 2.4603854787995143888405900e-15 -2.6936427781935732297897890e-15 3.4540382189194289219358079e-15 -9.2906088030764450498693101e-16 
-1.2211912531829495487389892e-01 5.5203575261580706268205176e-02 -8.0709663090613711911025518e-02 0.0000000000000000000000000e+00 
11 (band)
5.9963936855609123455224108e-01 (Ry)
0.0000000000000000000000000e+00 (Occupations)
1.6591666626668891137974526e-01 1.4243137771067226893251245e-03 -3.0642103429815953363757330e-01 -2.6308485759359845346239126e-03 -3.1830430434664883140917527e-14 -1.3481774089159909495974106e-14 -3.4381843668370964950398161e-02 -4.8665451022348871212841459e-03 1.9969434792714402249202976e-02 -7.7344973310326525783864327e-03 
2.8185595678321832820107168e-15 -5.1896438083895047260106151e-16 -9.8687388513759022323768022e-03 1.7361484403335014636837741e-02 5.3602651211911989115321830e-03 3.0220391537326196651491728e-02 1.2297258761271592786279427e-01 1.0558255634030982994531200e-03 -1.0937568018580597364360391e-15 1.3574819230171661364473763e-15 
-1.0306032761241938678604607e-15 2.7196748672012447537144968e-15 5.7874611238713478955641989e-03 -3.4058820459434008265375837e-02 -9.3758067597253039182625400e-03 -1.9716428253287135441418343e-02 1.4118135348788110605688928e-01 8.7167621523816046780197553e-02 -2.6073875068892876649684354e-01 -1.6098470583804730393850946e-01 
-1.8304136975307033162933067e-14 -2.6842741810603443174353757e-14 -2.6887998468263313300852246e-02 -2.1973392401715016730712193e-02 2.1087819338911406585879149e-02 3.7288939961242495435556066e-03 2.2973117508339805259081779e-15 1.2301056131190004029029098e-15 -1.7435084349527028846349452e-02 9.7381199894347042489428645e-03 
-1.1069999838954791560041713e-02 2.8626204959865481081138228e-02 1.0463941026785894550243938e-01 6.4606237242090039374353694e-02 -2.3753166485251929064222746e-15 8.0786209896158165874897058e-17 -1.2673694992877714235313544e-15 2.1549178980368536707642588e-15 2.2593776306380347618230076e-02 -2.6134636587592165180016224e-02 
2.1939123499480112262915998e-03 -2.1721649202198718697776059e-02 1.4259996430309418435911084e-01 8.8043974644519629180194897e-02 -2.6052126748807147293973685e-01 -1.6085041787103893096144702e-01 2.2478058209206371399267885e-14 3.1791928181952259761961903e-14 3.0791149162047469489689178e-02 1.3713469278906070814016971e-02 
-1.2338179722751335676278472e-02 -1.6779655138195861963090749e-02 1.9128498080190006088134537e-15 1.5054983398992119870653022e-15 -1.2681364288786786675977680e-03 1.9753672000514706230678286e-02 -2.0452274596787181626389440e-02 2.2891866397110618991384001e-02 1.0455059326923477058812750e-01 6.4551356259799852477243576e-02 
1.0805555895784802172669553e-15 2.9133092645610990285291703e-16 1.6153339379430120982279767e-15 -8.5439651270002995720240402e-16 -1.2966711655191621999083651e-02 3.1992320540030295961120288e-02 -1.8827330506501278178932424e-02 1.1402236649140275875913275e-02 7.6365756094724845937093960e-02 1.4918030227385503660997301e-01 
-1.3951572030970380011716259e-01 -2.7254275174612940801921468e-01 4.8114190686490849336657863e-15 3.7675370957193028296025388e-14 1.9233701045316214939262522e-02 2.7680658418515163843309779e-02 -1.8613234018694433356821971e-03 -2.0744227645809770743667855e-02 -1.1507238738810727727152537e-15 4.6352562445001731877331729e-15 
-1.1317654207956938036683248e-02 1.6239656115062575669760747e-02 -2.9352749817253609432299299e-02 8.9860537218066621062417809e-03 5.5989494832797158385684355e-02 1.0937495424592244552819409e-01 2.7136645473844381602372355e-15 -4.5730677823770930862370280e-16 2.7986032556907419551783251e-15 2.5051958127206059651064174e-16 
-2.7664147852790147569246315e-02 2.0647980730907723040390422e-02 -2.2010892181010068696656035e-02 0.0000000000000000000000000e+00 
12 (band)
6.2746896125495332796617731e-01 (Ry)
0.0000000000000000000000000e+00 (Occupations)
-2.9693822527273433749371523e-14 -6.3979246434564898938263565e-15 1.2905839769760611018158462e-15 1.8725518895787989237491072e-14 8.5758398094581161918981138e-02 -7.1442181337151167141996666e-01 6.4648783369223606934081108e-15 1.7325898849061677149276176e-14 1.3212010168350233752667391e-14 -1.1850959288651890871498174e-14 
1.2501567494356685683598585e-03 -1.0414314824306963869204878e-02 1.8457667410774599573268620e-16 -2.1420230393831544462878285e-15 7.8457676786505722778969232e-16 -1.6792052331880835260436525e-15 3.3324805406856660350256613e-15 -4.0489221160312636058795851e-15 -2.9516866434022029364037110e-02 -1.6763206876602515515983782e-02 
-5.4661488707396205244393173e-02 1.0820403824302431139425806e-03 -6.3024534729247892249753653e-15 2.6067686992092606116694387e-16 -2.1890383065139077735229046e-15 1.5182841164485276343505077e-15 -5.4152844638478937870432120e-15 -4.7918554411400694328625579e-15 -6.9916901873741981687108530e-15 1.8146693621330230093102752e-14 
4.4344446411964011378614714e-01 -5.6666571936763476813325724e-01 -7.0265121986464940152228276e-15 -1.7162012497549122888598343e-15 2.0831023086308075796633473e-14 5.6679267055642244639507892e-15 6.4642357657173354912316654e-03 -8.2604177329604622226355559e-03 4.2299082996013598387410885e-15 3.4308103002505920941662338e-15 
2.2276230911777984526179810e-15 -5.0713868136548670609719090e-16 1.2167450977365959473135019e-15 -1.4506561220514573349207325e-15 -1.6563878695416790753913716e-02 -2.9629182091906423879290600e-02 -4.7316009992295959829533558e-02 -2.7390588849216107591999503e-02 -8.0202658626265577615222212e-15 -1.0877806436147306479783242e-15 
-2.4957221441988631005479149e-15 3.9420768928288379700965636e-15 3.4622860854039147056120205e-14 9.5349825301937589457634127e-16 1.0334518865193954031686961e-14 1.8694113111828945415223728e-14 -4.4345280992183572221776444e-01 5.6667643905697906436813582e-01 1.2276057473864470817116942e-14 -3.7021181762969747218623768e-15 
2.3584257379480764694575066e-14 1.5505123924059149143052325e-14 -6.4784170357983020260839169e-03 8.2786500537573443070371582e-03 -3.4827472214169998310983263e-15 -8.7775709639771303956284636e-16 -8.2244266301485078242755996e-16 -4.5656594632170073309413676e-15 -1.1359157358864356088719964e-15 -4.6041061125245297225522662e-15 
3.2737971440706094272687920e-02 8.9573647853182537803551355e-03 3.7960709559111613375925742e-02 3.9339630557731208870819728e-02 9.1539893964644804165577993e-15 1.3993185936662983907902795e-16 2.4252896677410696533219150e-16 3.3124315714857530339519600e-15 3.2291156231252700657187917e-14 -2.7546850855549356199664974e-14 
-1.5485034385457995973063123e-16 2.1516230807743997849473396e-16 -6.7286738566790749160873020e-01 2.5499424015908744856062640e-01 -8.4824277672848185355125217e-17 -2.5402900929483574673166185e-15 5.8506233679770030719379477e-15 2.3351572342797932348390211e-14 -9.8299707236239770857810782e-03 3.7252663763623419801440662e-03 
-2.4700380278273687554242963e-15 -5.1996389716601707990348964e-15 2.3782538795828555127537449e-15 -8.6555595543249707950261222e-16 3.1323747570147515284914803e-15 2.2089904603606628114402810e-15 2.3362733830276840446549258e-02 2.4620963139680894504746078e-02 1.2091243082436758590758608e-02 5.3314386832931603965590739e-02 
8.2345537363758757572114057e-15 4.6044355815994876056394597e-15 0.0000000000000000000000000e+00 0.0000000000000000000000000e+00 
13 (band)
6.3552293018308880778732828e-01 (Ry)
0.0000000000000000000000000e+00 (Occupations)
1.2713328669967066675283718e-01 -3.1259493233062818351442047e-01 1.1297377625615681595583339e-03 -2.7774557508351256987499944e-03 -9.1765048637991255532901098e-15 -1.3347871392722875925577515e-14 2.1563120725179094061552121e-01 -4.1090465533002384912464322e-01 -2.8604259702176892954383902e-02 2.7664866511417707251041520e-01 
3.3726261352719440638254303e-15 -1.7069130183572107830133971e-15 1.3925122525768524051059671e-02 -2.3157061803905754082677504e-02 8.7368543454541258697076955e-04 1.7018724324000256142852550e-02 -1.0687765852061378163417871e-02 2.6278867728958682503659361e-02 -1.5923592813888541481705617e-15 1.2948404982975413951130218e-15 
-1.9094194435048966514926979e-15 4.3757489290020810472807057e-16 4.9972879540768198880495987e-02 -6.3304125351106077523866134e-02 -3.8727026039247977595714190e-02 1.2951526310981820167000933e-01 2.7067788764909933574287493e-01 -2.0152405673680590103558075e-01 2.4051344016216419374742941e-03 -1.7905017090579233851599383e-03 
-1.6400239464406148794183486e-16 -1.5770409426656371160315193e-14 3.9730293778352288036614937e-01 -2.3977036710437332756029605e-01 -1.6777854206165376815818036e-01 2.2181760166006680989880806e-01 3.6298555997657179580446012e-15 -4.5094396946306721090251254e-16 2.3907035598352527339116591e-02 -1.2594133461510059746046863e-02 
-8.0688395687544267609325743e-03 1.5009801193505478700274125e-02 -2.2755096189239897019884751e-02 1.6941452872846117505556407e-02 -1.7869124650785232441558660e-15 3.8306886198951315756574423e-16 -8.7741798949277262787997251e-16 9.3817835678406641793409954e-16 7.5538261871553477599938731e-02 -2.8260785011907093439154082e-02 
-1.0021811838828820206970249e-01 9.0721081733859301743372328e-02 -2.7002087067761171290669608e-01 2.0103471378561033056087126e-01 -3.0415697404060325348407190e-03 2.2646562469633979564065385e-03 5.0222131654943769955619909e-15 1.3744127254717719585003351e-14 3.4453757504942805756087409e-01 -3.1230064130473672578958144e-01 
-2.6087253435801216472356145e-01 9.7736714199125496183029327e-02 1.9658996232318005494473097e-15 6.7326884609007186539452347e-16 1.7953960435652671634443323e-02 -1.8803779331327898777237451e-02 -1.6390493753911307417414633e-02 2.7997553495617277796725375e-03 2.3143047575072264038231751e-02 -1.7230440560303338093373071e-02 
9.4273661642313961454735223e-16 -9.7269067600973319396754512e-16 1.2131339411107101725703958e-15 1.7003911681188753757462419e-16 -4.8849679358272002360763508e-02 6.4309191861298159453852463e-02 1.1580577610631621887637976e-01 -7.0134470951419156103945340e-02 -3.3510761383580467409615267e-01 3.2079805136562895839791310e-02 
-3.7748031535689494098129160e-03 3.6149073899083630778683585e-04 -5.4490032901318480347342097e-15 1.6060702812362320823670284e-14 4.5648529521522379637232802e-01 -8.8651037402637744566646916e-02 -2.7377130011267558629128871e-01 -5.1538526554709598870296361e-02 6.5135454827736881226143911e-15 -1.4104948402846536394079295e-15 
2.5098041656540552579723879e-02 -6.7834443664418694885931416e-03 -1.5470191454532348715456003e-02 -6.0959077974364478391677835e-03 2.8721569360395143161168718e-02 -2.7495793205664911459940036e-03 -7.2270283129832509869266058e-16 6.8297809057346949084633881e-16 -7.4906852940421342273183221e-16 -1.4643501445812252941943278e-15 
-7.5098168176864182887797483e-02 2.9702331015247600276563134e-02 1.3538767224242753695051533e-01 0.0000000000000000000000000e+00 
14 (band)
6.5661533608701927455797431e-01 (Ry)
0.0000000000000000000000000e+00 (Occupations)
2.6826946726260053610602085e-01 -5.8234500975819047940973405e-01 1.1723407444616251726898781e-02 -2.5448539077473075753488274e-02 -8.4587399234148533119952445e-15 -3.5456185437592496716541719e-15 -2.2744423002591063198707388e-01 1.6195652878760671833369145e-01 -1.5945512152391894122871463e-01 -2.2767625496863200251773662e-01 
5.3651499264669121312626487e-15 -2.4247402588159383050388468e-15 -2.3416750199528879594623731e-02 -3.0211071283206269999510596e-02 -5.7535329748589492115939947e-02 -1.5274467370722299985885684e-02 -3.2291127279414882922381480e-02 7.0095829002605053448249350e-02 -8.3006193242865696742983494e-16 1.4079995212340004114391769e-15 
-2.0760702274069848068022682e-15 -2.3403637911682270119677459e-16 -3.8709184260463339044555653e-02 5.8846529706675504423074585e-02 4.5107733256456145065627084e-02 -1.1241416235716580884762550e-01 -5.3113855819761024434910723e-01 3.5914627862669445956811387e-01 -2.3210814325799605795097591e-02 1.5694729103236007561328336e-02 
-4.4302791355184165450931827e-15 -8.9470205390600492416377305e-15 2.7844552179903575561681350e-01 -2.0709572160272776697453878e-02 1.8449762599564364928816929e-02 2.7734819111861463980517328e-01 2.8400624685563456859391190e-15 1.9553763312184150981549662e-15 4.3797003050494998088737475e-03 3.7971979711684783476144389e-02 
4.1301078113995977336703191e-02 4.2870088282615015362608801e-02 6.3932208860507766523539885e-02 -4.3229790824793438985818028e-02 -1.1302370163975033279660644e-15 -3.8996050012642476045748807e-16 7.7452224966554822007969057e-16 2.1175990072154291931650643e-15 6.3594544550653775427662140e-02 -3.0282815391308490204913539e-02 
-9.6817115217519525427469773e-02 7.2788032663032325997320982e-02 -5.3073346261979326143887192e-01 3.5887245608633822069322150e-01 -2.3130635317892229985137220e-02 1.5640524900385446155359759e-02 9.5568556015648448916952668e-15 5.7351922513327012230419074e-15 -1.2324451085350113244132331e-01 2.5095843000037548753411443e-01 
2.5075498657916672762269172e-01 1.2035827478993244010752051e-01 3.8852626996134319815016544e-15 1.8007124189211411901370514e-15 3.3647721796759982870739236e-02 1.8178957592018825384361236e-02 2.4376173886080921421326551e-02 5.4310057428824116965149216e-02 6.3920771913330856617285747e-02 -4.3222091288758965332839068e-02 
5.5377690285225554573108060e-16 5.6519515241721385895686188e-16 -2.5714790676081339932616252e-16 9.2872556979136898531175009e-16 5.1801660300715805795856994e-02 -4.7726384415671792293967002e-02 -1.0360959139361347602914520e-01 6.2748198943138294714216840e-02 6.3987606076727177040197603e-01 -3.2032404511911506672650063e-02 
2.7887333104824552076905775e-02 -1.3960521728253628016142018e-03 5.3219297558523927310998098e-15 1.4536724840658238153237424e-14 2.3542219480688852950578394e-01 -1.5081688644207386085227540e-01 -1.5213801644676708257897246e-01 -2.3284802244458716047326163e-01 8.2958628644717544278706496e-15 -2.9489857898995998882885645e-15 
-1.9363867627656527331536651e-02 -3.2980059304726729030310395e-02 7.2835686839017492813508348e-03 -5.9082398550448271545842971e-02 -7.7065754465490576841091297e-02 3.8579458309068361682170334e-03 -4.3325242485903232789652580e-16 -5.2113861673172163560408473e-16 9.9875803920561789697577628e-16 -2.6047865796994318607103204e-15 
-6.9032845024488115326377624e-02 1.3988784333462898554212295e-02 1.2112920332998822203762757e-01 0.0000000000000000000000000e+00 
15 (band)
9.2498481727309234123879378e-01 (Ry)
0.0000000000000000000000000e+00 (Occupations)
2.9018721082758280882529789e-01 -8.4330984167587730304660454e-01 -1.0864479924672820754238955e-02 3.1573189910938187496824980e-02 -3.6484118013988450430688336e-14 7.3007363978946827315218403e-15 -1.8273389515566762497655873e-01 8.6911117263863801873924331e-02 -2.0969368963755180557129165e-01 -1.5876301076608606566153981e-01 
-5.6764533459749985131740306e-14 1.3991224973363375600598106e-14 -2.9383402839228384140213279e-02 -5.5849955834648690178312336e-03 -4.7606901880768881518690705e-02 -1.8998647218870068353879788e-02 -3.5857916785056911934681523e-02 1.0420638384493940975517035e-01 7.3765695305616626150305887e-16 -5.2369273253427318307231485e-15 
-5.1106720059915250991295225e-15 -1.9523500940377658532451517e-15 -1.8764429352883020551967519e-02 1.9800245339562760893414861e-02 7.8811658128709917436882648e-03 -4.2897602022473127481028143e-02 6.8507304412474767651985985e-01 -5.7101228586513108620437151e-01 -2.5648852977567804245495608e-02 2.1378484186690666080110645e-02 
-3.8747225167645450560533228e-14 -8.6056683491241304687587240e-15 -2.0132634919465350331613251e-01 -2.0320429689523723804089883e-02 -9.7120960044220161488937038e-02 -2.4442720016686811379535982e-01 -5.2914609275061966124356907e-14 -1.8846988321568491456047170e-14 -2.2240334072200024229104542e-02 -1.9998601912050856244107422e-02 
-3.0879430007080748560310823e-02 -4.0912424827542592797868792e-02 -8.4653301838689562486273132e-02 7.0559047031627963875166643e-02 2.2928024731536012871385796e-15 -4.8804916452277816638117814e-16 1.0297677898945787692853042e-16 -3.9651139070801681678854085e-15 -2.6307484108477312972906859e-02 7.2159409870333757197613522e-03 
2.8963384047932576315087516e-02 -3.2610418861771947596217558e-02 -6.8498547234803097705224673e-01 5.7093904336257772502705166e-01 2.5634100519973009035812339e-02 -2.1366140323809693080114869e-02 -3.3123364435855850467981820e-14 -9.9041115753923758982101438e-15 -1.5982472452717472188865599e-02 2.0153469802855339398917067e-01 
2.2286276785178757431360452e-01 1.3976973061121483743463045e-01 -5.4783722174613749148484792e-14 -1.4443348553978289604341497e-14 1.5303034146467497933485902e-02 2.5713701372872176109662945e-02 3.4814231813577629914835398e-02 3.7516554966799814385680634e-02 8.4703225151697120187677115e-02 -7.0600551760523627686794157e-02 
-9.0479603190912696539629136e-16 -6.0411937029744946887134979e-15 3.9908289228476533703078335e-15 -1.7465962201647262976212850e-15 1.1779034708574080345111490e-02 -2.4550432715436193431557399e-02 -3.7218038656632888849795648e-02 2.2540045400123522728597081e-02 -8.8167393693587536862565912e-01 1.3351987676607554589303106e-01 
3.2994731199663895893081644e-02 -4.9966763820315993060994231e-03 -2.0708002341988302627944704e-14 -2.3727339388703423113756319e-14 -1.1807125262076013927359242e-01 1.6410622547521988567886808e-01 1.1822435100426605114609657e-01 2.3500296534151807192891681e-01 -4.0792791414892240519587409e-14 -4.6604908736574136100470595e-14 
-2.3072333957959573202955994e-04 2.9921966164041503832837776e-02 1.0344260869573951994171424e-02 5.0125032672407525413671436e-02 1.0902510420278870018062634e-01 -1.6510630319904070345549130e-02 -2.5190384242033446504083004e-15 -3.5240091811325703578898052e-15 2.2576093177876988947805752e-15 -2.8248395130487387996445139e-15 
2.2793152546489215543035201e-02 -1.4897704594117808230002709e-02 -4.3511332409920853991902590e-02 0.0000000000000000000000000e+00 
16 (band)
9.5420015083272469169628494e-01 (Ry)
0.0000000000000000000000000e+00 (Occupations)
-1.3728513048986020030590638e-14 1.4567463012833008587110487e-13 -9.8301201145117223702053910e-15 3.4138043375720450723638539e-15 -1.8437718171054193194713378e-01 1.0296218981777781331654609e-01 1.1842629033702835673718390e-14 -7.9903997019047834303197076e-15 3.3791521204807890549464923e-14 1.3134315763982632891206401e-14 
-3.0166572930662288731795684e-01 1.6846007125861012232448388e-01 3.2524208947959555462406969e-15 6.1509627999444400858881735e-15 7.7947372874194543623205181e-15 -6.5767935808516308336657378e-15 5.1180327656372769003210251e-15 -2.3965923477738859294792960e-14 7.3686088644483206666624397e-03 -1.9004636355390076840610192e-02 
-1.8887643802691617134215107e-02 -1.5205322726253356346859391e-02 5.4788767673345677701071885e-15 -6.6043960313651747938385579e-15 4.0588177592588986681504758e-15 6.6218975458691537607711425e-15 -8.1731528492862735337847190e-14 1.1772922668329005567890948e-13 5.1730551129723480016156350e-15 -8.4815276455235236126456485e-15 
-2.1104684689454020207755036e-01 -7.4421827086748396085091883e-03 5.1129284604663015168156871e-14 -1.4419666257766321571738921e-14 2.2874493699611463910794952e-14 6.1721865274485249822896059e-14 -3.4530095027767909732219209e-01 -1.2176271345564398940197748e-02 1.1946236768029343047914585e-14 1.9557526868387635637195453e-15 
-4.1579208128181694714772536e-16 1.0387588028351306741222749e-14 4.7245974338922412495603394e-15 -1.4372311429914722530188000e-14 1.6147759604481341094706082e-02 -1.2438748303338402478868119e-02 -8.2790476102703666749782485e-03 -2.2790399257005253264019018e-02 6.3565385520071090651356904e-15 -4.3426094504581505693982309e-15 
-8.6491829281878556732148297e-15 4.5105085034006068737103812e-15 7.2159632816436309965918745e-14 -8.6881015374290750037667913e-14 -1.3335566432349214881865250e-14 2.9134146368113096157007458e-14 -2.1105238069568815761911651e-01 -7.4421968392074135112412847e-03 3.4388593655462910562027403e-15 -2.9084944763978345818597451e-14 
-5.9726393520786305747967436e-14 -6.2726965478587003556908919e-15 -3.4524992259574244224396011e-01 -1.2174451932623411853917617e-02 -3.8084974544726984749299045e-16 -7.1514137805690314925938223e-15 -1.2851374272732164952491017e-14 -1.0597073982653456833706951e-14 -1.3443645740422041198678701e-15 7.9534454746046299346951934e-15 
-1.5238936683006501851544989e-02 -1.3550919724111189224036167e-02 9.8685355960445794720747870e-03 -2.2159788291728883813380691e-02 -2.9799037375999690714852895e-15 5.5968472252464116748838579e-15 4.4305444686277910392820785e-15 -6.8746848711508287744105562e-15 1.7882789186181906691754011e-13 -6.7356873340805005031148828e-14 
2.0085718225863467859897481e-14 -3.2697039854455568563848551e-15 -1.7667140450340068635881607e-01 -1.1569662277658221416487550e-01 1.0694105447278518792343087e-14 -2.2041929943444166335089083e-14 -3.3449816222892819569741424e-14 -2.2232351105187527078359354e-14 -2.8900774969646886303209499e-01 -1.8926237594304884392926169e-01 
-6.2693487548299872898029240e-15 -1.1492221830005270450604094e-14 -3.0366303290469149601908331e-16 -7.0504607516261433255980544e-15 -2.8824886635092415350935454e-14 1.1386989430418563457033260e-14 -6.0150993836176301632345798e-03 -1.9485153219903784266309188e-02 1.9920561505331963597642542e-02 -1.3842522936839031164057978e-02 
-6.2888819108657040397406645e-15 5.1182580401563072906599317e-15 6.0868680750180158020271898e-15 0.0000000000000000000000000e+00 
17 (band)
1.0400340224970452407404764e+00 (Ry)
0.0000000000000000000000000e+00 (Occupations)
-4.4799831114904692386247120e-01 1.5070097026452589084044575e-01 -3.2164626258321321605748722e-01 1.0819784970776312460483126e-01 9.0802264829370580066342894e-15 4.6028171883628594408437202e-16 -3.0973636028167067513194866e-01 -7.0407198499353951248735939e-02 5.7321644249792913505814340e-02 -3.2126121765464249468990943e-01 
1.7494551575210870380636760e-14 5.8574368051059201199967203e-15 -1.1804037535365627387129450e-01 1.0607914574817217667757063e-02 4.7955328683079861962212931e-02 -6.6460286190483414126006778e-02 1.6520797972405651399263604e-01 -5.5573884698357951805736121e-02 -9.7813091666127856233016788e-16 -2.5954511020774488241151821e-15 
-3.2992186611772256484182371e-15 7.4567230694102669590041886e-16 -5.7773034630217295903875652e-04 5.5127061036250236958355941e-02 3.9395211339019076124401408e-02 1.8372198920712200231886158e-02 4.6126891691051224997366376e-01 1.0317100136782703101445691e-01 3.3117412593662631792312823e-01 7.4072877797757036288928134e-02 
3.5161338794217526257766077e-16 4.2251665629773462530667344e-15 2.2846458219220111551805985e-01 2.2067560165277497197244827e-01 -2.1545287362078191506498115e-01 2.4510120382609518197014609e-01 8.3564610814403731507344141e-15 1.2580361849993661932052877e-14 1.0646270459915257999838900e-01 5.2074471621803550269724781e-02 
-7.5447497535348448383096809e-02 3.2005598030286866451099570e-02 -1.7010177464088593879409927e-01 -3.8046280882507228782163367e-02 -3.7673618474843653766480521e-15 1.9175229813735317741378775e-15 9.2477770147775344300253987e-16 3.0539475907835174528006212e-15 2.9051476451824202740237268e-02 -4.6854437856165526143925604e-02 
-2.4179960540323924833572278e-02 -3.6122705849598091276675405e-02 -4.5834156221229094274605131e-01 -1.0251659333463111756223896e-01 -3.2939770123464096052146033e-01 -7.3676012625252015886267998e-02 7.6414316265247226903850976e-15 8.5039822774919234168070029e-15 3.0129399931957390190717661e-01 -1.0228646491800469364719106e-01 
-9.0793321006463770239669486e-02 -3.1377341696537414117429421e-01 9.1863126091628192904647004e-15 1.5810648711269011435290175e-14 1.1814057458072275974547694e-01 -1.7191136352112945662184984e-03 -5.4471932378571452648685636e-02 -6.0859044037782972225159028e-02 1.7018368268455585923248918e-01 3.8064743539921550019577978e-02 
4.6204200865462662100930651e-15 1.8835846562429230114649133e-15 -1.7758566347906592345696664e-15 3.4049285873528854767784087e-15 -6.1965740073872468962612459e-03 -5.4787442123294255447163437e-02 3.7071129355665172200318125e-02 -2.2451073964953563444346685e-02 3.3894262702398170183926140e-01 3.2512233873765961078561304e-01 
2.4358885654507428375481481e-01 2.3365673408247839004658886e-01 1.1063931185947082427311270e-15 1.6329719241010270457028954e-14 -3.1070327034332417825979178e-01 -6.8586243003631114367735222e-02 -8.4881742943969815118343547e-02 3.1542395921726429364184696e-01 8.3679407636409921533223357e-15 1.0519743709469963718148330e-14 
-1.0194377246965981298476578e-01 -5.9729540167419339913301712e-02 1.5066715566676953247382542e-02 8.0274583401488505685072994e-02 -1.2585047457889408928366493e-01 -1.2071896537455618914069788e-01 -1.9358978331580521447941358e-15 -1.8907450656531049528025680e-15 2.6633547712149811900788876e-15 -2.2681089504321635249599153e-15 
-2.3081046850247744633977121e-02 5.0073212600541892880467998e-02 -4.3339581837905878647365654e-02 0.0000000000000000000000000e+00 
18 (band)
1.1877130300308804677911212e+00 (Ry)
0.0000000000000000000000000e+00 (Occupations)
-6.3247738045443563370540119e-02 -2.7363254202598574771343465e-01 -7.2624355455363151512493403e-02 -3.1419887219118380894400389e-01 -2.5946551541985704949509937e-15 1.5173173748938351495652123e-15 4.2854818788813475727295099e-02 1.7161554692132074961818944e-01 -1.7794383891605508596356344e-02 -1.0083882760089925290092339e-01 
5.1915567903302393426917354e-15 2.6868011148347107551722841e-15 8.1129430390403323158921012e-02 2.3681561288438268686462607e-01 1.0909669540301258905401482e-02 -1.5028603686619723678319360e-01 3.1176117177867251895051481e-02 1.3487884832111654564990033e-01 -2.3892011724789693992571007e-15 8.1628168748855159222246962e-15 
5.2754402988443561798204990e-15 1.8816780641451948522807997e-15 6.7050374523119168901352793e-02 -4.5361958888176373561051946e-02 5.3754948294912792416955227e-02 3.9449881535090158823919637e-02 -8.7649192738316838990897395e-02 2.6681953345994507964533682e-01 -1.0064322401922873306823192e-01 3.0637586352474849293869852e-01 
7.6543351776902765348279619e-16 -4.9196214672988406560357032e-15 5.2245008156778884045312594e-02 -1.6899375894164014866305479e-01 -3.7016556273127887433105343e-02 9.5471900639332696325567440e-02 1.0110615345107238785689678e-14 2.9831030468904548122370626e-16 5.3281668498907336362080400e-02 -2.4459084770948585907390793e-01 
-8.7183967636582052063154435e-02 1.2289780125603740057460556e-01 4.3203950011795708152639861e-02 -1.3152061705336429153767597e-01 5.3111902544319785175787924e-15 -4.5295674669533872566922545e-15 -4.6950458273834513239031964e-15 -9.2054713942219534098762716e-16 -8.0851213899380117156034942e-02 4.0670934166547913213296539e-03 
-2.5543957429851067014725530e-02 -6.1590533835514826854762305e-02 -8.8195425627073498198171819e-02 2.6848062083415302758737653e-01 -1.0062759567411383443413797e-01 3.0632585538466061692020048e-01 1.0902477240138222744226071e-14 -7.4458640545425726167809433e-16 -5.7387171574824744069154292e-02 1.6535444889479058994119498e-01 
2.6787760208433958331042390e-02 -9.7704509859356206136205003e-02 1.0346928293892473800079940e-14 2.7753249614977863340880361e-15 -1.0271436449399652668379446e-01 2.2923075401463435807336566e-01 2.2872247776197091040373266e-03 -1.5129402581888537482335266e-01 4.3197991184035125500351171e-02 -1.3150120388751027067364419e-01 
-5.8695829973422649628228390e-15 -1.0381111924026068412470472e-15 -7.4794345196295242048961850e-16 -6.3231478972997849248240270e-15 6.2500694328604528005044472e-02 5.1184362988285096729423884e-02 5.7000844830367297655371317e-02 -3.4520938681780036216828478e-02 2.1451942806640256211636597e-01 -1.8396111504091555710616035e-01 
2.4475831567267974930857122e-01 -2.0989237622498521651515091e-01 1.0323726680703542867764575e-15 9.8101227254747716458744121e-15 1.3474500619823265301633342e-01 -1.1171018098318824529613380e-01 -7.3526867732953027356757048e-02 6.9696162485618232129702676e-02 2.4374102982173954766683682e-15 -2.6434757563545247485830575e-15 
2.0660591834403141398013304e-01 -1.4286697926652500156841086e-01 -8.0330802053731137357672765e-02 1.2822665825433651742848440e-01 -1.0507119314346047289632224e-01 9.0103703795188519465320098e-02 2.0712568868807759648922785e-15 4.4939542768472168159283087e-15 -5.7012438071320689929160782e-15 5.2695237721871087690102354e-15 
-2.6945977682561843280506508e-02 -7.6158322544591691705129222e-02 -6.6639264092928002236604357e-02 0.0000000000000000000000000e+00 