35 (index of k points)
0.1339388624177652586944021 0.07710755216330431038862514 0
18 (number of bands)
52 (number of orbitals)
1 (band)
-1.3669700168639566939532415e+00 (Ry)
0.0000000000000000000000000e+00 (Occupations)
-3.2412489429327251411194766e-01 -1.4058213459356438956859847e-01 1.9053471839549807054225994e-02 8.7738487585171665017469422e-03 -2.4751894242974229248198437e-16 -2.4045024130549023945329265e-15 -2.6553411965757695023526708e-02 7.8479820889305523801127151e-02 -1.5278358930017752609353821e-02 4.5190992917687605734400336e-02 
1.5770882435958459050598274e-16 1.6835055732882586341946720e-15 -2.3034981826971404061943360e-02 2.6301232299541260628572559e-02 -1.2921617382536304541318373e-02 1.5151280353894625019250952e-02 -9.5671930806721094953104512e-03 -5.5057229642991121348893913e-03 -1.1796798248188518031891893e-19 2.7856465162718169839622266e-16 
3.2117293898556319845420160e-16 -7.8843786833326646529648005e-17 -1.5649305322759932135312511e-03 -3.4610412840086757224611347e-03 -2.7048641610269014146084032e-03 -5.8901230002200224977748633e-03 2.7934142233278097533499817e-01 -2.1630685018417986076322279e-01 -1.6867662339880011568293838e-02 1.2469850775603773251898332e-02 
1.0664285935606101873439661e-15 9.5630809407173485031565875e-16 -5.5980187519507985938194139e-02 -6.1076874339810807712503049e-02 -3.2240763422804963322931826e-02 -3.5159454864898756487612275e-02 1.3544119013287185620231117e-16 -1.1033823174548666754587032e-15 -1.1950758429461512052927041e-02 -3.2856423743378444790597115e-02 
-7.0521315359584335613618578e-03 -1.8622484607113926752264277e-02 9.4337322295405846850346876e-03 -5.7313929392246443228486896e-03 -4.0170551667457469380871818e-16 3.0467940893910145733332165e-16 -9.2505898537329556063721757e-17 -1.1506793011517314209321525e-16 3.7868446307211464652020538e-03 2.9601027554849307366069411e-04 
6.4646323788909790253320864e-03 4.6729786335019188325823336e-04 8.1959582110559661694004774e-02 -3.4386725291966635520424234e-01 -4.6904326266457505023588226e-03 2.0368763325206998282546067e-02 -3.3500456746984084815460687e-16 -3.1879669128697122610003521e-16 -7.9179118268832129889922555e-02 -2.6211309317238702665253669e-02 
-4.4998344726033701057588132e-02 -1.5454423048452020292287123e-02 5.3284845211375058055085052e-16 -2.6459296773489347564197008e-18 -3.4441127134881011073730406e-02 2.7994104151986692885500929e-03 -2.0159191713266029488682562e-02 1.5134947381871544092035720e-03 1.3235081026741232594623465e-03 -1.0963037971563557165799452e-02 
-5.7075138711508833941727336e-17 -1.3131341554519415603292615e-16 -5.0248978409027864801142214e-16 -4.5523829147593330307110336e-16 -1.8215943377860657759192975e-03 -3.2779464467767322616298387e-03 -3.1399514126128832969264693e-03 -5.7115504163346778043752749e-03 2.6184884097219790488608737e-01 2.3748104179438969674187376e-01 
-1.5589650215115397752230209e-02 -1.3922984011859172726044420e-02 3.8944136399969938922940507e-15 2.6675218196320481303175977e-15 6.1113976585542441333220864e-02 -5.6757795692361133477188417e-02 3.5220932053845348252973935e-02 -3.1987124989632569060926670e-02 -1.2036952605256500498684832e-15 3.6627999338406768894341850e-15 
1.4138997490407353985197858e-02 -3.1529616029377434405223113e-02 8.3854791255019052453878459e-03 -1.8394766013471740978557634e-02 8.9693785168876785651725925e-03 6.4412828135817631544646211e-03 -2.6162473982879374822379583e-16 2.2258379381367193882528834e-16 -7.1934536491842388422743661e-16 8.0583122737873610146833623e-16 
3.7500461330872330092955913e-03 -1.7112542285692216529474630e-05 6.5177529127683903054091274e-03 0.0000000000000000000000000e+00 
2 (band)
-1.2288406403128431243487739e+00 (Ry)
0.0000000000000000000000000e+00 (Occupations)
2.4259864860764238092549760e-01 2.6376245983998225508315727e-01 -1.3329943309658295880204548e-02 -1.4289746007872639044222751e-02 1.1339791887061202893383122e-15 6.2123665850446824956475658e-16 -4.3562990901996404002893826e-02 3.2696932119512384096182700e-02 8.9257955618892020899224349e-02 -9.4903216443314286632215726e-02 
-9.5528182660955361079166781e-16 -5.0854306810276991541013560e-16 -1.3251038042781645986956107e-02 4.2712887509804564611926025e-03 1.8354553799829781413066598e-02 -3.8476366421081084623345703e-02 8.3815243594376059865780348e-03 7.1873693433776066064044841e-03 -9.2486870706461111486368096e-16 -1.7782015252860165136540366e-16 
-7.9409400164350543538793789e-17 5.6207669686354461306576855e-16 -5.6828074268781038347331247e-03 -4.3595650505513783290467700e-03 -2.6453049214161437029113610e-03 -2.9309464731592507411028770e-03 3.4800959580140977678297531e-01 -8.5522282226470069943502494e-02 -1.8943949047832628340692906e-02 4.7969807255850462068824669e-03 
-9.4209892145467850289796662e-16 -2.5604247621148132529304191e-15 7.6659091113751472168491574e-03 5.3926407110531801580854960e-02 -4.0163974464711607592626308e-02 -1.2393731596152804397270586e-01 1.8758101485383925763752573e-15 1.7036033135635946414237333e-15 -2.6407773978883268550799102e-03 1.3669682203342940415846662e-02 
-2.4874723189043698723388331e-02 -3.4620348993456367958643227e-02 1.0336169922276587651577273e-02 -3.8822441968257501154759836e-03 -1.4098579918042643843147069e-16 -1.0660873338018102352992195e-15 1.0287705266558879224479352e-15 -1.3906305274285731628430831e-16 -6.5580293329947567104731831e-03 2.8796456289878896717127077e-03 
-3.8427933382930851147207818e-03 9.0610414134868581814696853e-04 1.6994271064077459687524652e-01 3.1424366974065620627953876e-01 -8.9975198592317610912783010e-03 -1.8031968744925429282144336e-02 5.4833609107381291194528046e-17 4.1962748297692241317016612e-16 -4.5828173367715975550229501e-02 2.9811463488166364821374543e-02 
1.1875651080870712472670192e-01 -5.2950728275280696533133806e-02 -1.6294439272179804417073622e-16 8.5094576899827654121362108e-18 -7.9421034774444683457250704e-03 1.1588014460326034882342583e-02 4.2491529798071359103062150e-02 -4.9092458485541085044800980e-03 4.0697363054788809194617372e-03 1.0197499725671767961676650e-02 
-8.5889404713955623944978048e-16 2.1529516084145719691689317e-17 -1.2609477774272087619721002e-15 -3.7210438123787175348300190e-17 -2.2649783769270520270011637e-03 -6.8178316958500372046980686e-03 -1.8407280204749904353733747e-03 -3.3482718393261327871623934e-03 3.5724435219322087098348106e-01 2.4661099014997326858700255e-03 
-2.0136122915516377340772181e-02 -8.0238043767724709105088055e-04 4.6130446088698998287383207e-16 3.2278790218565723889042538e-15 4.0460936992965709085856574e-03 5.4521316522108918822819845e-02 1.0810308504773132390330836e-02 -1.2957633161335435634242685e-01 -3.8431706460671224891136426e-18 -4.6237584613844440839557139e-15 
6.3285169496708759684366896e-03 1.2542286872695382685116705e-02 1.6168445667358793266243921e-02 -3.9600658631943307097511564e-02 1.0896747547142069528769426e-02 1.3463458489823211701452710e-03 -4.0065231325575072684647518e-16 -8.4423599252196940127250815e-16 -1.6346318180422394849974842e-15 -3.9569137318162889854771354e-16 
-7.0656731133311905315719237e-03 -1.2996997870283290895526696e-03 -3.8208904662899523599350893e-03 0.0000000000000000000000000e+00 
3 (band)
-9.5646812017949212059164665e-01 (Ry)
0.0000000000000000000000000e+00 (Occupations)
3.0183929868447473277015547e-01 -1.2065118090149676288724834e-01 -1.3192194030268666882221851e-02 2.9121779787844026543552900e-03 1.2292274711648563886237571e-16 1.0912185042068507314892154e-16 4.9607309502230072240092085e-02 6.6402755124265744335332329e-03 1.7224716764920486311574166e-01 1.7482300709069326094535768e-01 
-4.3394082665631933187839268e-16 9.3058102819150860567704168e-17 9.4015349258490393813403330e-03 -2.2923391599613540670077327e-03 2.8585541374653092305813118e-02 4.6022924720940605602947926e-02 1.0195109861775089599156274e-02 -6.7783160286540369843244491e-04 -8.2499585207711134317546033e-16 6.7018835029706569098901371e-17 
-4.7701012360274078281687245e-16 1.8229693426419515148590542e-16 -7.0474188216729724554276970e-03 1.4263144340690786515679633e-02 2.6232662777406212661901463e-03 -4.4554588416772164527479561e-03 3.9684755350359424141970521e-02 -3.2262794342097733668595083e-01 -3.8034269272627652114238117e-03 1.2963360194072624451133713e-02 
-2.1243447792850459444038664e-15 -1.1335681102339540001365958e-15 2.9717421403881186248163715e-02 -4.0272239570652047790932926e-02 2.3617927480755548930169141e-01 -6.6719717646178053338523739e-02 1.4308452653104530865711765e-15 1.2282589135618057063790276e-16 2.5204318739171335979343258e-03 -9.3429706707849682900679511e-03 
5.4101385951540334473541805e-02 -2.8779877820627529187713645e-03 4.3175432722457329770548995e-03 -9.2605907407569375278111323e-03 1.9512345043645201145245932e-17 -2.3795962360600704367908653e-16 -2.9728183859929624448617237e-16 -4.5343497932488528862054847e-17 9.1037687539035766493000779e-03 1.3047022380870005806019485e-02 
-2.6405801781725218857488358e-03 -4.4452194295052580019778077e-03 -3.0022878551881171382831326e-01 -1.2597791849112593975945629e-01 1.2683938722581250546639353e-02 3.5835074872940832213519258e-03 3.1392416194952528827967716e-16 -1.9958343343823842700641150e-16 4.9706757643214999342617944e-02 -5.1441855368573596862802333e-03 
1.7610580974326600633972362e-01 -1.7142371002268480539854068e-01 -9.4139236573701407453621349e-16 1.1171825664795733867753592e-16 9.3824477577310692183454321e-03 2.1181542379541118403807332e-03 2.9270525746029646407819769e-02 -4.5343037826319237959538100e-02 -1.0235430341936852319251194e-02 -8.5147008131312897777354110e-04 
-3.6887433452459763471413684e-16 2.7590847087100667749081614e-16 -1.4588241682325160680674683e-15 -2.5976319252220686257300224e-17 6.7552570951596047771348097e-03 1.4425364961900312421594350e-02 -2.5201747591120995939384386e-03 -4.5841808687899004634558331e-03 -2.5503161200657487039933358e-01 2.0240216520279802336901298e-01 
9.2507856307883634672251105e-03 -9.3886523336901492320372142e-03 1.0801689206823380146842751e-15 1.9900294099452000249969270e-15 1.9438528972971550606851920e-02 -4.6036594048707760173932968e-02 -6.5380121336303248513743824e-02 -2.3690669960414006967042155e-01 -1.0641963709277330434649736e-15 -1.6835563011650455598720170e-15 
6.3761813874318035155752682e-03 -7.2014730588127410376708681e-03 -2.5633223619649831565014964e-02 -4.7494132307405539927813720e-02 -5.6771050933514385569700345e-03 8.5591771417000920424422716e-03 1.1738576032690040392546343e-16 1.9182605010915225458585479e-17 -1.2830115090709202923671253e-15 5.4989995834726070150824105e-16 
1.5895413603280839076603570e-02 1.0297956527510689246629472e-03 -5.2312517674315646074023611e-03 0.0000000000000000000000000e+00 
4 (band)
-8.2377177974057580467359685e-01 (Ry)
0.0000000000000000000000000e+00 (Occupations)
1.7099482418820913243173720e-01 2.5568550341456530716754969e-01 -7.8645521838316412299718650e-03 -7.7159456408174842412250882e-03 1.4633663181294504818937342e-15 -6.9408687795746909066035353e-16 -2.3565715198253378570569794e-01 8.9176945273178057083107717e-02 -1.3612163744846864088522409e-01 5.1003870065280731971313344e-02 
-3.6585295295461736421011134e-16 6.2095878860463527751467656e-16 -4.2387776457163531262928302e-02 2.9539163058222128732666079e-02 -2.4159875119059141812538627e-02 1.6612373209151237718472771e-02 8.5022558395190239721728176e-03 3.2931731134651920367417688e-03 2.9854035278520166673783674e-16 -1.0375472884934213759868998e-16 
-9.2549662309237416021765583e-17 2.1391597685033209043001762e-16 -1.1923735055409181993191226e-03 1.4127526120953998178819688e-02 -2.0803580194932533992124846e-03 2.4413668387426284978047875e-02 -3.0643629943761330203244597e-01 2.6666476004542735700475475e-02 1.0550311617626043775297617e-02 -3.1745744526055011403009587e-03 
-2.0198864747817935942043222e-15 1.1018854490678368656484062e-15 3.5382345947123312879245560e-02 -2.4946925751291787465291350e-01 2.0882066919245007713401563e-02 -1.4385560199195124297943948e-01 -3.0816081763508761091298285e-16 -6.6953307915120380258020305e-17 -5.4648988655820948667773962e-03 -5.1375291994818120255850147e-02 
-2.9184250101159155826868741e-03 -2.9174531784912645371310447e-02 -6.9818225867121523273151062e-03 5.8640853407470570901605100e-03 -6.1751878660328183643076618e-16 5.1312031572836936096233053e-16 -4.7395152740026940512077081e-16 6.1696693155970827566118797e-16 -1.1805615195092166586077198e-02 -7.8508724827500708798311280e-03 
-2.0391640572938928011037518e-02 -1.3584406073305172954479580e-02 5.2979754526698535910256282e-02 -3.0259632424760463109691955e-01 -4.1596255938828041731625262e-03 1.0442774177464725360309217e-02 -2.2273347666205196599768104e-15 3.0271550031267742027248089e-18 2.5139976342706499279344712e-01 -1.3129821634956372056191043e-02 
1.4465882311223055012305849e-01 -8.7976998619797297518374535e-03 5.3350490614466685029380167e-16 1.4594621771999755459355868e-16 5.0882910161550998218160657e-02 9.5622258071789388578221036e-03 2.9076059816321480483436446e-02 5.8347695437636348803067676e-03 6.4416475879501382262315445e-03 -6.4267962774771283246399989e-03 
-3.5207107027886960164413590e-16 1.0081300169587247381878327e-16 -5.3968077190057948967156403e-17 -2.6313807414132956260008021e-16 -6.7233279624172997968045706e-03 -1.2423591908673595890499897e-02 -1.1799617863471762932436881e-02 -2.1463425214151864162115402e-02 2.3964398889863028352387175e-01 1.9220340377479608329203131e-01 
-7.1471578571746944077980324e-03 -8.6759525222104387498500699e-03 -1.5991548231365356919445959e-15 -4.7021041362638061207128675e-15 -1.0960700929277666926253687e-01 2.2662863186553691696722979e-01 -6.1980436367472045711135564e-02 1.3100381725268639421244643e-01 -1.1442964199044201635295988e-15 -8.5443742611683535480594661e-16 
-3.2892471270234771574259014e-02 3.9982396659430666230328200e-02 -1.9120546172628885561728396e-02 2.2668623781158171726080042e-02 2.5285571164685399607463534e-03 8.7409915311925587277919192e-03 -6.0475574672752311076308059e-16 -5.0935385372129145824184546e-16 -1.0843862963695644246043410e-15 -6.6818996264631868374386934e-17 
1.4125864527792063654598742e-02 9.3413841953443252363875615e-05 2.4493052150505966596538698e-02 0.0000000000000000000000000e+00 
5 (band)
-7.1734564980842341341826796e-01 (Ry)
0.0000000000000000000000000e+00 (Occupations)
1.5689367877189852595876118e-01 -7.6453315796122120473476969e-02 -4.1574985449932544412376956e-05 1.5859818599401782901470170e-03 -2.0862099835673166123646250e-15 8.8573769926899089150651711e-16 -2.1983670283286121938104429e-01 -2.9661848802899309918146287e-01 -7.2587839123513742123350312e-02 5.3844820714239099990194859e-02 
-5.0266254050600980209018246e-17 -6.0868130002655446318780919e-16 -3.9156807156022994942379256e-02 -4.1462464813451518907960747e-02 -7.7776161155366646537956399e-03 4.1236937747510284124619062e-03 -1.0363125601264844277693555e-06 -2.0224784066691925410452768e-03 2.0021377264409379090582331e-16 -4.8590969858589217747405979e-16 
-9.2571623708839355044168774e-17 4.8054796741867481071328221e-17 1.0465973495052042704922535e-02 -1.0639555155002394792873588e-02 -1.2837459592716565781600480e-02 -1.9203885797199823914915839e-03 8.5875548480293384390193978e-03 -1.7431864454651843643340214e-01 1.3697775962884170541933315e-03 8.0048502555599143626352543e-04 
3.2901342824722653244258077e-15 -1.6510950116636804918278002e-17 -3.6583590177644298435666315e-01 4.9747324796798012003229417e-02 1.2215117884803387837688859e-02 8.9549148524316640740394746e-02 -1.6285346673701444290323211e-15 -1.0261154826822925635194111e-15 -5.5197770600619373848605420e-02 1.4338676918824179787326223e-02 
-1.3327473814940538066053932e-04 8.8021815837168310148186379e-03 -1.7728105853939814338243730e-03 -9.7342827558543829069570563e-04 1.2421626538397212614837274e-15 1.9204485342584322371014356e-17 -9.2905434897591870502433150e-16 -5.3854111676739943817232467e-16 -4.2814920707279092298991330e-03 -1.4297047273606302772441801e-02 
-7.8673426656117005639767825e-03 1.0324397341904857638983373e-02 -1.7460202632744059592084795e-02 1.7549082679098584880428291e-01 1.6201203935563152080945315e-03 4.0851572712480299642834325e-04 -1.4492064817063406289043834e-15 5.8247735224497535441685974e-17 3.5473205939320268109682388e-01 1.0461347997631621764558219e-01 
-2.5303022111528690463178037e-02 8.6007124336589094171223735e-02 -4.8558289185413962429007753e-16 -1.6441008899680797988675965e-16 5.2031807726810937186900929e-02 2.2104730604880742234064073e-02 -1.3014513937708886356925397e-03 9.1829890301430537602467297e-03 -1.9040737677053845566810253e-03 7.9876700897680424917624009e-04 
2.3253966227418628765285716e-16 5.1679381215036182490326850e-16 6.3227739802399411783427628e-16 4.9003844888269316332207799e-16 -6.3572869274799957695076813e-03 1.3517863993098152078364826e-02 -6.3030661327764889861891007e-03 -1.1465234732690385288655932e-02 1.4537226703447400644186871e-01 9.9843842779700361922401441e-02 
1.1384840126697284845569413e-03 -1.2229183708781744474580755e-03 1.8932909159146809439459480e-15 1.7670022387155231391162687e-15 2.6256696426024800361531675e-01 -2.6045614493284263701866621e-01 6.3178793719402534523332804e-02 6.3607455449704794481213810e-02 8.7984147968667770573305909e-16 1.5137673616588682094603616e-15 
4.4437037632163556288844575e-02 -3.4946785501829807918383608e-02 7.4201356392704321748854390e-03 5.5644092546178261504685736e-03 -2.1732966758906979189147624e-04 2.0533615032601168146064730e-03 7.7936397647326053496240768e-16 6.3727902747756169087317516e-16 2.6304420060449829750315790e-15 5.2234628704845688120441512e-16 
8.7831481824470029884377453e-03 1.2083213646187909370843805e-02 -1.3083587052101287515060157e-02 0.0000000000000000000000000e+00 
6 (band)
-5.4517529485347093753944137e-01 (Ry)
0.0000000000000000000000000e+00 (Occupations)
7.3929115276505363851811126e-04 -6.9874501208766481852308061e-04 1.2715209852928732736643269e-04 -6.5223678587522648797403235e-06 6.5546844295626289260157032e-15 3.4099444209629001285264371e-16 -1.9619953925063760014069203e-01 1.0550545088287216488609488e-01 3.4025482439389331812407136e-01 -1.8288262868786084314187690e-01 
-3.1078851094472437764399272e-16 -9.4758618556567398934832854e-17 -3.0065078662235261708346457e-02 6.9118167549312575781428336e-03 5.2671366750126180633628792e-02 -1.1689447996303843624321672e-02 -2.8003965679423981072204697e-06 1.3068229884352633440869340e-05 -8.6100191596847845773196448e-16 1.6254611364047372183488067e-16 
-2.1779335062749661968078966e-16 9.2767883927278811190687342e-16 2.3057218680215624262430651e-02 7.1047263300876000585715175e-03 -1.3326719174541923340626681e-02 -3.9995145277399515859606538e-03 2.5615869265316337788362944e-04 9.8446875252738985651035364e-04 -5.5540396115605350502164583e-05 1.1456640802368078801976026e-04 
-7.3461399952773791654946952e-15 2.6771140495074162097525193e-15 2.0647175013411012134412204e-03 -2.2275860546745557266845594e-01 -3.6577425994449713764211651e-03 3.8627195383328188915683654e-01 1.3266647796102838521614625e-15 2.0713398943845029818219472e-15 8.4270909141087764482325184e-03 -2.9676022384165109263554072e-02 
-1.5131083086643161428330728e-02 5.1787705050611365642510009e-02 -1.0102675808740246843342447e-05 -8.7496739780354437776566101e-06 -3.4704094265639827399022927e-16 -2.2777644575849831421173283e-16 3.0716255923058548068735015e-16 -9.1999479366138440581543469e-16 -1.7333818956699401092613755e-02 1.6782466739698027879956754e-02 
9.9249972236474734432754019e-03 -9.7515122173579271702692495e-03 -1.2811448935315383756972096e-03 1.0479611722431989018211596e-03 -3.5778405149056169420873630e-04 2.6847850928676548348805753e-04 -1.8858318566406596770714940e-15 7.0335481884663593474006968e-15 -6.3987651552678798116957637e-02 2.1373840823442502578899393e-01 
1.0971064289033169436571313e-01 -3.7161052834004604239481750e-01 -4.4242493977696890277769555e-16 -3.5794809123481972979825023e-16 7.6700555592501551416262373e-05 3.0692672255915563750416908e-02 3.8908991249055058236905325e-04 -5.3160646902634750565752597e-02 -2.2892332506279505777158079e-05 8.0095768481129071825197485e-06 
-5.3564003382028273063849219e-16 6.8057499165423926907077486e-16 -1.3718181240366359788641984e-15 -2.1835877435842956853932934e-17 1.1723399751807576929518717e-02 2.1223338933789075155811332e-02 -6.7287065997417893140064571e-03 -1.2239471867865687332299629e-02 -3.0113911614436383867854374e-04 -1.6275349733549798747489490e-03 
-6.2905729795732778786288009e-05 -4.4286906260689734571300846e-04 -1.1769155867529535820227057e-14 -4.4253132183828796458054183e-15 -1.5647410868512279247255492e-01 -1.5904206995951983283354991e-01 2.7279128305852495817163117e-01 2.7516490659938475094037358e-01 -1.2479778137586751195358512e-15 -4.4339582086146627247180581e-15 
-2.6933144500715489044750939e-02 -1.4719094418055744810658325e-02 4.6397584501337817142196940e-02 2.5951299052432923175626200e-02 4.0096195974279146402672463e-06 -2.3919346970508950514858193e-05 6.6845055131493727411421615e-17 -6.1386429932775511514311071e-16 -2.3888708014081987155937583e-15 -1.8742234833853803316275702e-16 
-2.4245944583913332792679540e-02 4.8872007275031531699227560e-05 1.3967110084394626298709419e-02 0.0000000000000000000000000e+00 
7 (band)
-4.6260822579494248474318852e-01 (Ry)
0.0000000000000000000000000e+00 (Occupations)
-6.0328217096767048521604990e-15 1.0550432055457739069780938e-15 -5.3897890505840502665259008e-15 1.5527746927710345904538992e-15 -3.0534583014484828478174450e-01 2.5126895498874940448885695e-01 -5.8695372566309667860027938e-17 1.1712513438746864528642758e-14 1.4216510799743584114426408e-15 -9.4689982104209647403332350e-15 
-1.1218113119997569215868793e-02 8.6155307980640555287621396e-03 -7.0864744330874518431299301e-16 -2.8918361753682923042589018e-15 1.3813937326734202903865217e-15 2.1302580109877694130533319e-16 -1.5979660201647182367173869e-16 1.4519754161242333019761436e-16 -1.0242688664958352062761548e-02 -2.7540458946637827453152170e-02 
-5.9252362303216787875470573e-03 -1.5820667110493492890643807e-02 6.9454076153363188380151024e-16 5.2479489700873913896082364e-16 -6.9783025525009779390155186e-16 7.4685451129224761687696717e-16 8.4950872822043971058904050e-15 -7.4834129622784063199011845e-15 4.5982024852506431968166879e-15 -7.5454430599977707156761145e-15 
-7.3087188200356506539989709e-02 -3.8862633293299880810067748e-01 -6.9901623143204092978284736e-15 -7.6214619215801375450836782e-15 2.7273568920530921287449509e-15 3.5656440374289849232803537e-15 -2.1454799784187371380905773e-03 -1.3981071080843926468517679e-02 1.6862243782292216556893471e-15 7.7202878020801765766915135e-16 
1.2520729872388212741683667e-15 1.1245165805151918469142037e-15 4.9412491807591848706806562e-16 5.1476941300410774464293494e-16 2.9068341043435880904910462e-02 4.2919807852772884348979687e-03 1.6718260595554850639343769e-02 2.4293404177525984577457052e-03 -1.1819006980159580337541608e-16 7.6557390949294507874246572e-16 
-3.4780439803730080307462143e-16 -6.7788731357149955921716022e-16 6.3780888063959048408318826e-16 1.3213867306591667272637847e-14 -2.9885004341589049336933027e-16 6.0563816193864820856565595e-15 -2.7199563205341004135107141e-01 -2.8703495649462873462454127e-01 2.1665686223349780610074662e-15 2.2685506406057623804458296e-15 
-3.0731657309436426918636366e-15 -4.0554594781561590476952305e-15 -1.0061462264543928613047541e-02 -9.9371433278305013048203875e-03 3.1346282069929753753939053e-16 2.2898781126984300633300982e-16 -1.5318011574332327367076196e-15 -3.0348492898669737252054832e-15 2.8237041760557864374418680e-16 1.1886079561926257263191745e-15 
1.3566890823240876362554275e-02 -2.6065662681056533944712328e-02 7.8339305655008711903874996e-03 -1.4967490653901002750636451e-02 4.5790809423494462686505463e-17 -4.1429802394399194853376467e-16 -4.1446628221533706406909754e-16 -7.9761134164245298812619226e-16 -2.2101151604617047786582793e-14 -5.8973737731120435815360194e-17 
-1.0517086701752189125749762e-14 -7.5843132133009574835248645e-17 3.8256554486370375478543338e-01 -1.0007144442424478758546513e-01 -3.6481647255806517569741563e-15 2.6371620570005079334013326e-15 6.2684430208203893099896583e-15 3.8977212983054797598697838e-16 1.3555131491511433761143479e-02 -4.0296712851720477288619549e-03 
5.3012392635553687551506184e-16 1.6872286388990793816182203e-15 3.1510774614721181663925908e-15 1.8804854153883519355590863e-16 -1.5328858745786343841766555e-15 3.6531659266889281257655988e-16 1.6305614826947117945721288e-02 2.4445985820326532333979230e-02 9.3420872109192237137120784e-03 1.4075569300148528875671339e-02 
1.1815841629109103515439190e-15 3.3298153026911832971737067e-16 6.1409453356181087844141815e-16 0.0000000000000000000000000e+00 
8 (band)
-3.1125318638922461200735370e-01 (Ry)
0.0000000000000000000000000e+00 (Occupations)
9.2425802893481590528784854e-15 -2.5366215917506250320799282e-15 6.0783622183963546649330871e-15 -1.4356031037829689922734257e-15 4.1971455773084198614952811e-01 -1.3884103396519190121161103e-01 3.2115199331805090675265567e-15 4.6813419417787984168716604e-16 -2.8599713883478621330985621e-15 -4.5861009080819903643361667e-15 
4.7128146112721293337077810e-03 -5.5595404757927124883565284e-04 -1.8364232869935613270051314e-15 1.2992526580358754561102810e-16 1.9383852349480168257387073e-15 1.7556424829915788836960642e-15 -4.4623435115429180651891483e-17 5.2877877359278624329034962e-17 2.3591669286682770412255650e-03 -1.8122396676263485132407638e-02 
2.9528602740472531529292155e-02 2.5233848838732503283566189e-02 -1.0981511147896443257460865e-16 -7.3923132921063672921122272e-16 -1.7331588386112109248124381e-17 9.8357676455465970962316134e-16 6.1779435797512071814686017e-15 -8.9388898615821319509067892e-15 1.3832060664708153471490936e-15 -6.6191168479799724966396784e-15 
8.0531704732926395751135829e-02 -4.3468584888000122434803529e-01 -8.4776265809194437010673233e-17 2.1933485042622291849177859e-15 6.4363664093967213414878687e-16 2.1056019201772757682342684e-15 1.7832295086487315316503555e-03 -4.3977038307171645303839114e-03 -1.4191855554217093653987439e-15 -1.4309901587969494295274265e-15 
8.6545622171019951751490757e-17 -6.9885732614006165083933019e-16 -1.8358667049150624515221392e-16 6.9679006384779707496621519e-16 -1.4744239930109164296578861e-02 -1.0797884921248699502394075e-02 3.6338103161911550209595134e-02 -1.3719612444049032740078786e-02 -2.2051781918107119785920971e-16 -5.9032200443616712068546286e-17 
1.0091890202701141733429602e-15 -6.4206427424333886243340843e-16 -1.3476626627243800121791930e-14 -9.5889406815290718177920877e-16 -6.1356192140225455649782061e-15 4.6294348399441982334971085e-16 4.2886424424008673383923451e-01 -1.0716169952931613174040848e-01 3.0173496557844544024623430e-15 -1.2084472014155685474219464e-15 
-1.8000602768474288738214784e-15 -3.9181074955668621710801291e-16 4.3057632804916687319085611e-03 -2.0562671850031838567673947e-03 -7.9836457875547822879149005e-16 5.9052679050315396374655298e-16 -6.5211687239137869023863016e-16 1.1324738441909727903963628e-15 -1.8999055197480005139646769e-15 6.8812567644649764983355966e-16 
-1.1682715434996994788297009e-02 -1.4049708755692520006919111e-02 -1.1452881380429574820212224e-02 3.7109166839870345866447821e-02 -6.6074976533649510876117175e-16 3.0579236425148593131626452e-16 -9.2251056083974871847586089e-16 -4.1165373332474920717065808e-16 1.2913031792736162064243827e-15 1.4674970348487783858093679e-14 
5.4118166259448152199436557e-16 6.4726640204757894363932505e-15 1.1270041221112443718954665e-01 -4.2744214453077911120004728e-01 1.1562630769432712925600325e-15 8.7753339847074773811778520e-16 3.6087540527180646010812080e-15 2.4255075646716215494942137e-15 2.7239661001640311233096270e-04 -4.7637833966916419414783235e-03 
2.6514353045346846815193555e-16 1.5177870483359907062394236e-16 -7.4955816017545492402731946e-16 -2.4019192863717588259951007e-15 -1.1530775738997924944220275e-16 1.6220457376712393952174318e-15 -1.7940044719580050536222871e-02 3.4691427636252989905041311e-03 2.7001543108565412981691978e-02 2.7913713927381202800637183e-02 
-1.0370767283353009537769123e-17 -9.3408030326903498600880173e-16 3.1447889081876557386166666e-16 0.0000000000000000000000000e+00 
9 (band)
8.6001305734619171161625673e-02 (Ry)
0.0000000000000000000000000e+00 (Occupations)
5.9286005349922084588495393e-15 7.2983034391745805777521462e-15 3.2171781223703979334866537e-15 2.7963262483593240392482203e-15 -3.1036104884039367179937585e-01 -4.6146340512242645104379335e-01 -5.1604876550874034146698440e-16 1.4851388087225578235404329e-15 2.3205898246049370175118252e-15 -6.1404270512849684362166243e-15 
3.1442049462910570678531030e-03 1.6068914596462278987498706e-02 -2.1377731776467800410696528e-17 -2.9390468403548639298991637e-16 -2.0203196072865860890192676e-16 4.0389503400612651319006291e-15 3.3727592393093010427478694e-16 2.8740545116719016532885499e-16 2.4953298875370941156681681e-02 5.0279845081114410421108118e-03 
-1.6957770059949556218370503e-02 6.8011701598600482476797424e-02 1.1223278128459839761769191e-16 -4.5097536555231300504274495e-16 -1.4877426187648259642981795e-15 -1.3476446781541955343804127e-16 1.0215882628946063861631173e-14 -2.8960553070830637642289455e-16 4.4970444173263565245261709e-15 -1.4462767294209450361524290e-15 
-5.5390104008149865233434639e-01 4.9659769443054974091822373e-02 1.0654670698925524811994541e-15 -1.5116251607898084805589050e-15 -3.9247080724049404667072620e-17 -1.2586513816021218689786832e-16 1.5596029486942115938052922e-02 4.9859708478081077309695957e-03 2.2890790555583483391805909e-16 1.0943396697900969416412585e-16 
-1.7729440149142906953926811e-16 -7.0710095713282451154587035e-16 2.1728847078928589026000335e-15 -5.1533831797479892654986628e-16 1.6427399825783652043131866e-02 -1.9444492483510045222061535e-02 5.1429640401050136233607191e-02 4.7625094309217089194596895e-02 1.1415182800526669897415217e-16 -1.2874310236813985951625049e-16 
1.1166351710997557396412970e-15 9.6437405646119481683274054e-16 -9.6476519770152328752396977e-15 -9.0636685757064039141401038e-15 -5.6972730663498528521216225e-15 -3.9989613935478975314981440e-15 2.4786151189170793629479306e-01 4.9784692721136492021827280e-01 5.7149293765958637094350753e-17 -5.9424634966446492533074851e-16 
-8.3880101147934637681332656e-17 -9.4026658216736971583856822e-16 -1.2434475276621172537550031e-02 -1.0686967637830009636434880e-02 9.5994917985611541793471141e-17 1.0758399867367610473428939e-15 -1.7090166924547413878344546e-16 -3.3780819958218947459866152e-16 -2.5700663641922330900120259e-15 -1.3014099393622390810508001e-15 
-7.9605692900787880517121664e-03 2.4178518473188054249689571e-02 6.7513053928137403691955853e-02 1.8865614704290063069480610e-02 -8.6721728969367270208811482e-16 -1.0664225558817327253491835e-15 -2.8608365803073446298976860e-16 -1.0833450979659645936166011e-15 -1.0462944417066332361456445e-14 2.0133889490774192393171938e-15 
-4.9243613101681819623063284e-15 4.1485256658735770488997216e-16 5.5567478197687991681164021e-01 2.2636887727853098606356497e-02 2.9450863164736558422605466e-15 -3.6126748646648232587397222e-16 8.1957958448034909379219575e-16 2.7340058449115241079263911e-15 -1.5355415280484558185336574e-02 5.7479278232104979301508862e-03 
-5.2673319853055516429442565e-16 1.1284495255154386706970933e-15 2.8688099408232810556774162e-15 -1.3482784581154081136027724e-15 -1.7103264257197612050938826e-15 1.1257653484494023813010189e-15 1.7352763748180139585786108e-02 1.8623990154641480165853551e-02 4.9056725968210208865816213e-02 -5.0073560949412183884721372e-02 
2.7412246567667131126022639e-15 -7.9974519483648432606950597e-16 4.0681160103515319542611456e-16 0.0000000000000000000000000e+00 
10 (band)
2.7841040314562215396421152e-01 (Ry)
0.0000000000000000000000000e+00 (Occupations)
5.9676686676634180993158129e-15 -2.9427374408716793058812236e-15 4.7492312916381215649959199e-15 -1.2443174868086286274102539e-16 -4.3427573896226989713653666e-01 -4.2067972205039699806761178e-01 2.2227684735842738382391178e-16 -7.3120787201572189134780028e-15 -2.7559083303805304799110046e-15 -5.9143428658637467354787042e-16 
1.8313033756690244580056515e-02 -3.7366493943236239738681093e-03 -1.7897120715245755297749405e-15 2.9847085982014347983509198e-15 2.2981612071521837666851703e-15 -1.4944053396116980213214467e-15 8.9882001682899597531517087e-16 3.3360038698479727642568949e-16 -7.2509641257737678099459799e-02 2.0833442000672733329658115e-02 
-4.1745635885795724651092797e-02 1.2026421684624880037439709e-02 1.0817993661726133984545202e-15 8.4157660501238844924965538e-16 1.1749915453797394036135002e-15 9.0711719791241189396595857e-16 2.4917700602289122968794013e-15 -7.8008386015052604201868205e-16 9.5991546728534508437422544e-16 -2.1307653395418151514513952e-15 
5.7785838341006701135427193e-01 -1.7789472931576283398769078e-01 1.8046872446503084606000468e-15 2.8547461072818054158693494e-15 -3.9800511098891408383853659e-15 8.1298785354523913668425722e-16 -5.5479204710109641940363190e-03 1.7847978387402499422798030e-02 -1.4867691221596487810487563e-15 1.0299985193727645097009093e-16 
1.4322591598589823167024206e-15 -4.3858528998500360963933170e-17 -2.1601673208992772182006786e-15 3.4533662748824905158682288e-16 1.6675301690217810002270227e-02 -7.3577270229749414109932104e-02 9.5722798064319519761866673e-03 -4.2375752422262588647861037e-02 -8.0429625036401154084049587e-16 -2.0066681605453135719860447e-17 
-9.7056477287595302899137788e-16 -8.2198528947747197795943317e-16 -7.4825695042832730409940605e-15 -4.5083385185811008160763714e-15 5.7962368611537779655101679e-17 2.1613065749642352505848402e-15 -3.3885497991391128058680238e-01 5.0074614385412341555081639e-01 2.3405140059053104926843246e-15 -9.0329994823108030986079094e-16 
-3.3947142284655719828357750e-15 1.4012065369459103878462778e-15 1.8724669995556234014522090e-02 -7.1323903438861788184333079e-05 -8.8350798536273993897301342e-16 3.6561921813611175245694882e-16 3.3015807631852568037479730e-15 7.9883659497517474612890300e-16 6.2819691462898865361807927e-16 -1.6881840114755200671578103e-16 
7.5242649736760230938514837e-02 5.5228116394825613882924031e-03 4.3323475030034447330606895e-02 3.2086058583306285851843853e-03 7.2495617174732251679663734e-16 -3.1267409609268251100519686e-16 -7.8805915151783364556849110e-16 1.3709582098727812129649475e-17 6.1260606800638526400386197e-15 8.3294281281192196047629730e-15 
3.3310706202382452593796535e-15 6.0146367271738703547625961e-15 -2.7556255930437673073996052e-01 -5.3817717705866952027093930e-01 -3.7749872860201359199877004e-15 1.3545330639069067845012112e-15 5.3115604758707590495192229e-16 -6.5454694044142490330660148e-15 -8.9581769536705036643953193e-03 1.6442913951254689575165457e-02 
9.6835159313251316684659595e-17 -9.4732911339832493545831779e-16 -1.8655569609476795509305976e-15 2.1804469103323040328774526e-15 1.4837992830271258323811638e-15 1.6070678562922719911889167e-15 -4.1088099692135005014392846e-02 6.3275001789832155396631208e-02 -2.3682966017854960305566436e-02 3.6418892910536813933841671e-02 
-1.9982066869122449701671013e-15 -9.9866393693206967075758287e-16 -4.8758814620131105070718048e-16 0.0000000000000000000000000e+00 
11 (band)
4.7202220732237409883680357e-01 (Ry)
0.0000000000000000000000000e+00 (Occupations)
2.0628101413522226259544823e-01 -5.6657006533837939166176056e-01 4.0144682405982567985347487e-03 -1.9251281317182733499038250e-05 -1.8412032507441378436998973e-15 -1.8620310775589699256249750e-16 2.2289766985404890764499442e-01 -1.7169308067197294742634028e-01 1.2932791314720615272193527e-01 -9.9381767859849257096271913e-02 
6.8276956739976992498736446e-16 2.0955609327523320562606622e-15 1.0262646619676497883322241e-02 1.5244248587719166909693058e-02 5.3789055159766951952349245e-03 8.2052318147433495054698938e-03 -3.8628064441816600815826632e-03 6.2149452460420820387732022e-02 1.9619920100356503896327977e-16 7.1851989448801360131689783e-16 
-3.0519169115143525785949318e-16 4.6088853567236996168092616e-16 -3.6341418153607196739329765e-02 6.1267733352956446624126841e-02 -6.2722399385956806305841837e-02 1.0572224763823190318845491e-01 3.9711249651179036934678379e-01 4.5371264126569821328871512e-01 -1.9171147980805852695240787e-03 3.5271797115561387414572891e-03 
-6.5249908175458838980867589e-15 -3.1122615174373533342500303e-15 4.3074022109289872295434520e-02 2.7804048949089266162815193e-01 2.4784709727603923545835585e-02 1.6120844601225903236496606e-01 1.0604004398908405378081884e-16 1.0655693949431769564412422e-15 -1.8302704584712586877159879e-02 1.6492530216914574880959776e-03 
-9.7816069455431559065416991e-03 7.6067026136070192698923620e-04 -5.2601059155306488512859886e-02 -3.3325730156967735273720876e-02 -3.4274599238954298589180726e-16 -1.1138621807212748796526983e-18 -7.0706625139423271887835400e-16 9.7621901391825820831365847e-16 -3.6181712290772938267480185e-02 -6.1362183136947121009363570e-02 
-6.2428365481975528483715721e-02 -1.0589613880430331915860620e-01 -1.8831886295388267082984157e-01 -5.7440110213184891740922922e-01 -3.7722727895932936514888922e-03 -1.0929931904986589508155248e-03 2.8663733412107629088562433e-15 1.3729118237812309292092493e-15 2.1804057446530877850676688e-01 1.7738973234295296599327685e-01 
1.2498745943427248816792741e-01 1.0365431555857132495113149e-01 -2.2160495132833535486010733e-16 -1.0505386421542787061765834e-15 1.0265278516570247591133125e-02 -1.4087954695622850742608989e-02 6.3244006564967467087789998e-03 -8.3697339719431551596784402e-03 1.8977929266345231612556077e-03 6.2199742665230144111898625e-02 
-1.5281836333595069997847217e-15 -4.6056066163591658524983865e-16 -1.5577421010582002663740860e-15 -8.7123040305338423422463146e-16 3.4505178336381163439749997e-02 6.2254611964521047728915448e-02 5.9238788474161120645167244e-02 1.0775495621160972870011818e-01 5.9407482695346347512099783e-01 1.1169476377537387867810992e-01 
2.7751035102023414308236582e-03 -2.7791143591725103734191293e-03 3.3236756441683595597732418e-15 4.4282679462812466281743534e-15 -2.6048965527521861229587330e-01 1.0561225662043378925591952e-01 -1.5104613693844187727322037e-01 5.9591498267136243371933091e-02 -2.9712172193878631637948259e-15 -1.5175381725651029519704135e-16 
7.4000331668811793195406068e-03 1.5782456071771505667911129e-02 4.2876505370414751475149906e-03 9.5742646347924710570342910e-03 -5.5420318709640419008177759e-02 -2.8301905938211406599247510e-02 -1.0053721196090839406853488e-16 -2.1330064248348620039869951e-15 -9.0186583064399425302350198e-16 -6.9509004531387080554507603e-16 
-7.1177128767131392361733333e-02 2.4573022859856324950911244e-04 -1.2296489193282587881750345e-01 0.0000000000000000000000000e+00 
12 (band)
6.6063200587286019516142233e-01 (Ry)
0.0000000000000000000000000e+00 (Occupations)
6.2591322489617839952558143e-01 -1.8668584299358952777181386e-02 2.7510799947375069729460506e-02 3.0273312365949739399795249e-03 -2.4888567937103557585666601e-15 -2.3087303437500095494994105e-15 4.9888340397263919445691727e-02 2.6760629383677125847640355e-01 -2.7706249237425117915023520e-01 1.0790308434648698820979007e-01 
5.7159735303199176351938677e-16 -3.5207938342586859742060290e-16 4.2208216042767254805312405e-03 6.6323198676177155808098007e-02 2.0539505540124167182192139e-02 6.3840257977428316316093060e-03 -7.6450516028459217232615686e-02 -6.6954595193166165784104393e-03 -3.2198527649169691794848637e-16 -1.4210449095304855855374663e-15 
-1.2734475363141953949688976e-15 -1.5427720683487123673470769e-17 1.4035258773986492020213745e-01 -2.3753362460028720065663421e-02 4.9163246425112661075473852e-03 1.4140403514076319013703653e-02 2.8517659063407568842407613e-01 -5.5748559918080586861321990e-01 1.5906299537457618820113225e-02 -2.2649469821271195346668037e-02 
7.0182993120827548998743258e-16 4.0273406994886685988492311e-15 2.5853907419218213892264657e-01 8.5202829322165524184029550e-02 -3.8919680046913630866445288e-02 2.9477442018798971634652162e-01 -1.4773236971587401897498916e-15 -1.2178560244968354832316830e-15 6.0152858357392396948526425e-02 2.8252710473328866008779769e-02 
1.5489346710324449624129883e-02 -1.4923378025987490969050953e-02 -4.2697592886421567581756165e-02 6.3768535665311709692559816e-02 6.6316242854617320091025610e-16 -2.6704540130466106976779743e-16 -8.4658142419550927774390854e-16 -3.4393035333121739642032796e-16 4.6800144616135186392824608e-02 -1.3443517983527006331989639e-01 
1.4759787517508381540776163e-02 2.5039832206949219628455694e-03 -4.3199307467382686009926829e-01 4.5283411327925982003961280e-01 -1.6372262792785113871829594e-02 2.2152641554182547767304357e-02 -4.9044368596924348166868892e-16 1.9519323643747815010829473e-16 -1.6733621029939799162988834e-01 -2.1745498381511196850368606e-01 
-2.6472754791668340335064613e-01 1.3323460268199363576435701e-01 -1.1673498203042533559126436e-15 -1.7036648947680891569933664e-15 -4.5432017292303034095013459e-02 -4.6505828769241121245503479e-02 8.4127155015378957125804504e-03 -1.9134764350444914693394338e-02 4.6135481516891091446908035e-02 -6.1363232182625543353893249e-02 
-6.6252801995237794746555000e-16 1.9372039274203768034092237e-15 -1.2109319409482788300373409e-15 1.4115809088532137593815352e-15 -1.1142544925571233604966181e-01 8.8596864954054860286092321e-02 7.2974306581608146260453651e-03 1.3273977089686146701996705e-02 1.8870730750775094319848790e-01 5.9671291490022260184389324e-01 
1.1525110020779896768949868e-02 2.5019239712547422516131235e-02 2.7729493763517131009558881e-15 -3.5184737989997739366608196e-15 -2.7117208904798884017139926e-01 4.1878101493929190124454465e-02 -1.0779096501574124411515498e-02 2.9616877799053437092524632e-01 -2.7725759059780689255970420e-15 -1.2348094132376884345372985e-15 
-6.2640409663881749247060782e-02 1.7408026364387915729814438e-02 -1.2715065219317860101266859e-02 -1.6590361820191867198159841e-02 -3.1547072543498241858905828e-02 -6.9990793199028136784001219e-02 1.3125790901880369163468996e-15 -6.7304662284015206720985638e-16 1.3098527540305629878602165e-15 1.3723696321083434979888480e-15 
2.3958405022810862899929063e-02 1.4032473071518078433506105e-01 1.5147638825517442326407114e-02 0.0000000000000000000000000e+00 
13 (band)
7.9128930948622433483308214e-01 (Ry)
0.0000000000000000000000000e+00 (Occupations)
-5.7494933805448122932091337e-03 2.3294473978233254385372675e-02 -1.9089095015464818683170733e-01 3.4687681382546198260996562e-01 -4.3040144500446285104374598e-15 -1.9801341279954379172655343e-15 -1.0842967951910871537979375e-01 -9.4331570397148595263914217e-02 -6.3241358076048734271346063e-02 -5.4809202403679174731010448e-02 
1.8458239084419722706777271e-15 -3.0136343464836821256362920e-15 -4.0783075973252772006283351e-02 -1.9335799970051997798137222e-02 -2.3640283186719783514728732e-02 -1.1038494486986655251925526e-02 6.0311051897913130204198495e-02 -1.3173902736286016712519142e-01 -4.4064693995616697347238292e-16 -1.0173158819664954247847916e-15 
-2.3496897302161212396931967e-16 4.0955282839043685665053809e-16 3.4838278404687172962184150e-03 8.1381188731609044317849566e-03 5.4781827355047741159865815e-03 1.4287732843772729673936794e-02 -1.7643263594907532265665395e-02 -1.6260517881529268358065110e-02 -2.1200805251779758497931994e-01 -3.3438819430155353185085687e-01 
4.0069256810040517079254137e-15 5.2238556225805735095721548e-16 1.3489978176806372012208612e-01 -4.9573071854995189033932235e-02 7.8496426802538446509949210e-02 -2.9014289904528860197796547e-02 -1.1996550661935693812160494e-15 2.8632987625935715544228183e-15 3.6591487369027453357972490e-02 -2.6423389230829326390637135e-02 
2.1061899738575758089798029e-02 -1.5398302798998272922226249e-02 8.6388718859793031668026231e-02 1.1631673811325785039549885e-01 -1.0943273761051939847699784e-15 -6.7261547196786578919723735e-16 -1.0987709266470754394226295e-15 2.8148857247864846912472309e-16 -8.8098347936231419241792651e-03 -8.6766705869589788591156321e-04 
-1.5159570393911355606908486e-02 -2.0825996664473357677938026e-03 -2.1606447411107676526142995e-02 -1.0781902581604774216117448e-02 -3.8830553595631162044909956e-01 -7.7637890695338621083188002e-02 8.4668533720940593743470239e-16 1.3368752579394489775058907e-15 -2.2034477979456096319310632e-03 -1.4389969602746560672912324e-01 
-1.0247872808084833307074035e-03 -8.3454570176667769443312750e-02 1.1016083457711212668229587e-15 -1.6429397830181970778277811e-15 1.1421074060950497930377878e-02 -4.3374319241833186877599360e-02 6.6597169818420134945746724e-03 -2.5373850146221024748349748e-02 1.3963063678533549349936038e-01 3.8744530271753674366408404e-02 
-2.3938348256440957669733941e-16 3.4608468755571286669369787e-15 -3.6633837468674152956656193e-15 2.0652763803509131047523928e-15 -4.0245109338596825321321404e-03 -7.9080135569755405366976220e-03 -7.3760324952763384187548468e-03 -1.3416953300635831025644507e-02 1.9857238680436768707426864e-02 -1.3739653015861122420382401e-02 
2.5510222086184319856272396e-01 -3.0287239596453602308301356e-01 -2.4142487234475639097897976e-15 -2.5398584570409816588760315e-15 1.2716178395750446505907405e-01 6.7393311238875902580147681e-02 7.3625492363701472431358752e-02 3.9306517863405110446706203e-02 -2.0383597584465304337762975e-15 7.3646056808613670464067857e-16 
3.2507061302920858825160622e-02 3.0904101149304870344014518e-02 1.9026931257087119353510474e-02 1.8059900012435070593141972e-02 -1.0121966298079634882789435e-01 1.0369393994400702418978710e-01 2.3906870860527324462941819e-15 -7.6556661848076852869259027e-16 7.5155485886999507937610078e-16 -6.1456772062759235623914941e-16 
8.8686680347025773074598476e-03 2.8300877066928485648045211e-04 1.5310796558075540421683947e-02 0.0000000000000000000000000e+00 
14 (band)
9.6522440707606937948526138e-01 (Ry)
0.0000000000000000000000000e+00 (Occupations)
-3.6241362848769947957450199e-01 -1.1376367085424263225768016e-02 -3.3363704859529563773179461e-01 2.0019814108995070967011998e-01 -2.2033871651015924782770157e-15 -3.3239559892599285749321023e-15 7.8858829223953597065133181e-02 2.6504244486871486596868408e-01 -2.4912146424872672056949341e-01 -2.1855860812670838133620066e-02 
1.2585502473531816103688631e-15 -1.8926713276052527846953115e-15 1.0653312673266440713248926e-02 3.8986370128436781401504163e-02 -1.0099598505170376272488397e-01 -3.5279226537285351961159563e-02 1.5538620947820408479955745e-01 -5.9409740564072645307991394e-02 7.4961678657788473767728068e-16 -3.8428908882598101657943674e-15 
-9.1287499257422852701168322e-16 -7.6520823411459315580150970e-17 3.1138168199938677516147578e-02 5.8891335038725092093647717e-03 -2.1903371291155444844367395e-02 -4.6552677175638629281095859e-02 -1.8456328354004691849610253e-01 3.1210487694136390679489068e-01 1.4704094392256839007870894e-02 3.8881456441259021339362789e-01 
-2.3848993029083186324901592e-15 -1.2463111425272396856533935e-15 2.7024899564759746750652880e-01 5.8580652779008250685688353e-02 -1.3916761752765116622043706e-01 2.0777766201631281406392304e-01 -7.3035412646419661288089078e-15 -2.3135047511045710823594644e-15 3.9296289095909091304559269e-02 9.4462579890756820377717418e-03 
-7.9570608749593305097924656e-02 7.1507559354609367963107047e-02 2.2796724804897531418967915e-02 -1.6478683414661748907192873e-01 -1.2368808042890357045658737e-15 -2.4474436216655527217281696e-15 -1.8171042267110352725590243e-15 -4.7662897359680084924033025e-16 2.0161613964232154294631272e-02 -2.4449473095174811820839977e-02 
-5.1346451577659629750272074e-02 -3.2328526907143273483313806e-03 -2.0481605781874978600143322e-01 2.9940221123995447438659312e-01 -3.5854376444462515705069450e-01 1.5198912760726990267556857e-01 8.9137443151196918692466143e-16 2.4729113823799199205562210e-15 1.6831043273211385158383280e-01 2.1912581276308559785626073e-01 
1.2934372199507804257478938e-01 -2.1379351472603447259501763e-01 1.4097161898138653645717271e-15 -3.3962210345229691098953517e-15 2.5456025087394459904821531e-02 3.1840649623161833281503874e-02 3.0332138655491502898797762e-02 -1.0273766234117587270446847e-01 1.3932936616181054723107025e-01 -9.0828756045326961010566436e-02 
-2.7689612722383830576575943e-15 3.4754225463533834893444763e-15 -4.3741578742392387668260378e-15 -1.4423636576512069498280278e-16 1.3542390345825293385129129e-02 -2.8684888037377384573112238e-02 2.4766767279890390673902090e-02 4.5050582439109178312097725e-02 1.6369726936026354757736101e-01 3.2371979494582647784994833e-01 
-3.9540688031165310833969784e-02 3.8741561651920775055657487e-01 1.7964154257234404200555689e-15 -1.8840130423606412768077007e-15 2.7310558285268310418913984e-01 -4.1926891135082737516182050e-02 -1.2503687181138101180977173e-01 -2.1634057882439308717614779e-01 -6.9498695649414905248443463e-15 -1.0523564821360920035228191e-14 
4.0165707575585185562516699e-02 -6.9679348897042862193140778e-03 -7.5417080561021254681008941e-02 -7.6074502025309242991824021e-02 -1.2471411603872778126045340e-02 -1.6585234123279399276462698e-01 2.6756876532627156160409912e-15 1.5357092647522499446082792e-15 1.7178396774171317226969311e-16 3.3658223009381902163834580e-15 
-1.8612662698242649766955381e-02 -2.5686337327011914133390036e-02 5.1409607463969934915137827e-02 0.0000000000000000000000000e+00 
15 (band)
1.0620389724715793011711185e+00 (Ry)
0.0000000000000000000000000e+00 (Occupations)
4.6216670473362536641914744e-01 -2.4365636744393515122908411e-02 5.5953295358579568929968673e-02 2.3542514779777892752754553e-01 1.1513507304480835743516722e-15 5.9040795634335403263711991e-17 -2.2921336553619844900175906e-01 -2.1498250668480717306962902e-01 4.5135907703345523600546585e-02 -2.7656671109759500826186240e-01 
-1.5944513544885825176507336e-16 -1.6063131263150821027220045e-15 1.0396003215821292275933274e-02 -4.8641034161480856123915828e-02 -1.0149254522017377155851392e-01 -1.4508506625913961118889972e-01 -7.5640984106798231367818630e-02 -6.2883637353488688881419932e-02 3.4222467292648693395528932e-15 2.1387323084821700122048236e-15 
1.5232572809987207061884138e-15 -1.4547527418531720431490843e-15 -4.5216949258613303719300802e-02 -2.1563835825734817275289856e-02 1.1110949384596741085218241e-01 -1.4201976062762008967688132e-02 2.0129873781023210899121523e-01 -4.1673800567540936201638146e-01 2.3326033528257852922571658e-01 6.4384683434328904283461270e-02 
-4.8865621737800327942902832e-15 -1.9232824143303457637840039e-15 -2.9881498770078313009790349e-01 9.7292590911720627788739080e-02 -2.2061286704257310198329378e-01 -1.7278992663573988775027601e-01 2.5472152983236844418961654e-15 -3.4341871480785135293324287e-15 -3.7616150414759796927199886e-02 -3.2543083983181481100288579e-02 
-1.7603341929123630937858991e-01 1.9043331623451009715353166e-02 -9.1545673484438830347365013e-02 3.5990276321958357408359319e-02 2.5541837937383385938069371e-15 -4.4278267738122267251573559e-16 -1.3480685194075651671202337e-15 -8.4233890537213566243689654e-16 -4.0679964818474162457917487e-02 2.9235457549747816130558675e-02 
4.1082120394254253992194492e-02 -1.0420784582125078299164045e-01 -2.5302227207032990108359627e-01 -3.8777018994114009764473394e-01 -2.2332759711639943445149470e-01 9.3699532273074453980754583e-02 2.5578861048438687957034457e-15 8.0365213720265896116381812e-16 -3.0860202803584418917992593e-01 -5.8365991548200941985147239e-02 
-1.9672796093938124672995116e-01 1.9941379860377020372119716e-01 1.6396948099356367873695947e-15 -1.4954067561685248372426370e-16 -3.3137150571422309408564644e-02 3.6712267096148970546565238e-02 -1.7692898133971379781570477e-01 3.6123247253144752377806981e-03 9.5383301863185207536410815e-02 2.4077701542172872534175454e-02 
-1.7567813160338166934019606e-15 -1.3912108271835474897863540e-15 1.9044570436325647688373744e-15 -2.7550904801934991776410417e-15 4.4095926900728582564781277e-02 2.3706531102821015027926066e-02 -5.3986188874252868941105987e-02 -9.8200513008704595763198597e-02 -4.6170001696675039282169450e-01 3.4915393503922080575829767e-02 
-2.5479364391258692984498779e-02 2.4084355912544147537701633e-01 1.9913582927927383844337049e-15 6.8044361190334565510641846e-16 -1.9981666912255607870818608e-01 2.4231198777197934801641566e-01 7.9973225828294261519069153e-02 2.6846235646654625917051362e-01 1.4290001879312102186278960e-15 1.9890858523307957463965092e-15 
1.6207260858870999736813800e-02 4.6724575961523719114243391e-02 -8.2070682528200197825007933e-02 1.5678429894982343073550624e-01 6.7050706822050568089998990e-02 -7.1985503405484721484164368e-02 -5.5084332388297316143086620e-15 1.3765441613449284841757387e-15 -4.7670051048325408263068233e-15 -5.3418208156224963979410783e-16 
4.2017566363411792962345714e-02 -2.7220846846834262366954249e-02 -1.1206181037418817825201955e-01 0.0000000000000000000000000e+00 
16 (band)
1.1023043698447907434712079e+00 (Ry)
0.0000000000000000000000000e+00 (Occupations)
-2.0975463797072380067731956e-02 -1.9885090068435529175872034e-03 -2.0370585649582828580150817e-03 1.2601253247363497500543872e-03 -1.2599516977054868101020278e-15 2.9585925137441679129213854e-15 2.9866664075335358496943172e-01 -1.9421562036729556055547619e-01 -5.0380072976256062844413464e-01 3.6007084446333947891361049e-01 
-4.1100268441560782073726581e-15 -2.0307978674027513718384931e-15 1.2071397241469633554444840e-02 -2.1239821003225842210859753e-02 -2.2975263655709676768879035e-02 4.8074370069528471471898001e-02 3.7738871634730580817418399e-03 9.3703276136550273101022412e-04 -3.0030025847761457434591894e-15 -1.0548791634486226408718443e-15 
-7.5822695914713136641530795e-16 1.6824739146343037943019926e-15 1.5077639601738446195611232e-01 5.6794287238280533047785070e-03 -8.9759124535281703538558418e-02 -1.8818918283666358215455716e-03 1.1847550476282053821819318e-02 -1.7422967522319532385211005e-02 -1.2289579172009013063870952e-04 -2.3921580330973357675361513e-03 
-8.6253015373414035321751730e-16 8.7241682801813682294298475e-16 2.6308693982174218006786504e-02 3.5528766107830511700171883e-01 -7.2824633714026143493924792e-02 -6.1494939715902874333153250e-01 6.1866549927050588180594351e-16 8.9287737590695802209757806e-16 1.2797157055442183806737155e-02 2.0810607845732270737570957e-02 
-3.1059473951246356626665346e-02 -4.3293381428403499011636768e-02 -2.6392120748527092555235640e-03 2.8556635555402332116159414e-03 -3.1803915223906359893803516e-15 -2.4858046927350303843499051e-16 -1.0308680784768051191922934e-15 1.7901086317782254655621773e-15 -7.7614004078716519741121260e-02 1.2939027736846653304780830e-01 
4.4890902409348322488202854e-02 -7.7749912122578118678362102e-02 1.4171726853404953416770695e-02 1.4758033081861576807369829e-02 1.0230867019768996595274757e-03 1.3740460442066906865399289e-03 6.0446052896593377958068596e-16 -2.7301828915302043738941337e-15 -3.1949964711853962029408649e-02 3.5266281241092345410947928e-01 
8.3610388947935876391426291e-02 -6.1415731186852751122273730e-01 -1.1526308873405402422683779e-16 -3.1715738855513124754550272e-15 -1.4570115643052609227803273e-02 2.1176208647428723663708183e-02 3.2784892374886936972089302e-02 -4.2967676420920919433399376e-02 -2.8214094870747871701688325e-03 -2.8097375304504995825738423e-03 
4.6614006614262836438576551e-15 3.0215871365312916084758104e-16 2.6088983835566935268717890e-15 4.9412358671047981954937966e-15 -7.4746726054578688236418316e-02 -1.3093564249318501158114714e-01 4.3232380326164755734996703e-02 7.8639407877170830474256036e-02 -1.9759844453945477060763380e-02 5.3090422496781530803389160e-03 
-1.6969615048458425166089114e-03 2.3458598102396588380713638e-04 -1.4299061029032253729362914e-15 4.6555023804464149885183170e-16 -2.9364876543140538966980557e-01 -1.9789457310216912455658189e-01 4.9791054291940761711288133e-01 3.6914088382522941556018736e-01 -3.5690000247908100705354255e-15 6.4052709658917913508898323e-16 
-1.1537646352613889835780903e-02 -2.2969605986451743784293456e-02 2.1858619516991358716628824e-02 4.9429456176028327418769948e-02 3.8214161536573570260300059e-03 -1.1188186021080658190396395e-03 4.0171548603372566940020030e-16 -3.6125837666949427303316131e-15 5.1535190322513951680907933e-16 1.5242124523475880532434471e-15 
1.5074928807648951822883987e-01 -2.4223285110711069434419329e-03 -8.9739596499754936687054396e-02 0.0000000000000000000000000e+00 
17 (band)
1.1747013696723915820996353e+00 (Ry)
0.0000000000000000000000000e+00 (Occupations)
-6.6052736387060417833083648e-01 2.5022754801478308550599650e-01 -3.4101853188016839624197019e-02 6.3572644469980538195486020e-02 -1.9188579547264373932656184e-15 1.1923184950438400482614803e-15 3.3550591513834626677947881e-01 2.3891504988483941440691183e-01 2.0453291501685288977796517e-01 1.1607597745252511145519492e-01 
1.1362919358114934600782050e-14 1.1227135770724930057639875e-15 6.1073822474072544941314789e-02 1.5047677660089781026542255e-01 3.5504271237033355190781947e-02 8.4460889780968967377461354e-02 1.3070772878122147164781097e-01 -5.3383531289947355746861035e-02 2.3014414339721918633926511e-15 -4.5056329240967283053939019e-15 
-2.0777739659888074768370268e-15 -3.9831876867694469266212404e-15 -2.2910086244098903929256039e-02 3.1214212004514449438907775e-02 -2.9972195539905772954103469e-02 4.9330809524144633715359021e-02 9.8935412532991873213461531e-02 -6.9937258192911366805333273e-01 -3.9280439950124194925518140e-02 -6.0510036796295532668388262e-02 
-1.0599407648290230396460304e-14 -2.0041001663491780925238262e-15 -3.7099406147786001541888368e-01 1.7890787154975804074119594e-01 -2.0025263771836748771804082e-01 1.2331353110541315443171584e-01 -1.6346874647172344321798313e-14 -7.2436062457865133198740748e-16 -1.6128634289514715005608991e-01 -1.8973341384614310356493405e-02 
-9.1117955032243971857930376e-02 -9.5767139147766855433729916e-03 -1.6188583500122432495826885e-02 1.4025776819980564913414867e-01 9.2414696295365398142839328e-16 -7.6313561556600834267624828e-15 -5.0977639185438064652036283e-15 -1.2946135976182601999684225e-15 -1.6316204269775737289993600e-02 -3.5113822933452297492262772e-02 
-2.8789702595738181356566088e-02 -5.0030133901866793988411075e-02 6.4712628017229101295981764e-01 2.8449103703670514109447254e-01 3.0707015765248923955255123e-02 6.5982063972343060753722455e-02 5.1206112920821083897336067e-15 5.2106852935192516092939395e-15 3.4755451054749636474738850e-01 -2.2107252883185612990502023e-01 
2.0933927553490605522057422e-01 -1.0521069898486580529439749e-01 -1.1326188403020700893084959e-15 7.5811158661402301731988724e-15 6.8749746033992448213112425e-02 -1.4808251034142125290848924e-01 3.9267181823720950784029071e-02 -8.2398563858771159407190510e-02 -1.2777897008351760121946938e-01 -5.9795199959412535795078014e-02 
-3.7673443968363342730860421e-15 9.3427086828199893479811720e-15 -6.3908515897105612276964207e-15 1.9861167433932502886463961e-16 2.1066751861998463807301718e-02 3.2698446547950607565802272e-02 2.7762781764951439261723820e-02 5.0500312556198696800624504e-02 -5.6105685924863302194154357e-01 4.3002647980545249950523612e-01 
-7.2613741087646080374362612e-02 -4.8783387042150416074148822e-03 -1.0204405392604517494502145e-15 -3.5001440032371843858149104e-15 2.6291671382670696310857039e-02 4.1106684227985812452033088e-01 -8.6531267902064529229377854e-03 2.3413104633752346295239022e-01 -1.1925794841376163890097356e-14 -1.8947874785949088714168057e-14 
9.6645250264420903829609699e-02 1.3158515512809398906313163e-01 5.3289302820274997429805808e-02 7.4105904618295581620657231e-02 1.1395692146965553936954763e-01 -8.3167007779219148666527417e-02 4.1096508539053737246310311e-16 2.0851173344752962044133470e-15 -6.2701148225725309850590248e-15 3.7831668239095379278934926e-15 
-3.8802852247929620066457801e-02 2.7083386216064488441479519e-03 -5.7628583355843400470863713e-02 0.0000000000000000000000000e+00 
18 (band)
1.1879456127323564373909903e+00 (Ry)
0.0000000000000000000000000e+00 (Occupations)
-2.3033858938680207432762252e-14 -1.6334315158021771162831591e-14 -9.7006193945807759972878316e-15 -3.3425719321983871647713363e-15 1.1318087593343557906155894e-01 -8.8565331184495846295057220e-02 -6.6709503422850649823902992e-15 1.8287345327471401126578310e-14 1.5686036142322654096785065e-15 9.3898926586713960600761283e-15 
1.0982379927820118403758443e-01 -4.1551766378307974925121471e-01 -5.5620314548710653313688641e-15 2.9921955951777413982618810e-15 -6.7752524552581578371416869e-16 3.2449598727792151483656313e-15 3.2240845964106080194230705e-15 4.2968320322522898635848056e-15 -2.0380946086851568083142539e-03 5.4566600086130775948412008e-02 
-1.2549428488417922050723874e-03 3.0951780129918882861206342e-02 -2.3158667219751555547699644e-15 -1.5096605786275816614425618e-16 -3.8324160525572484074385334e-16 -3.7110020167577692392227920e-15 2.2468976857699847938796297e-14 1.0401980873646585368892253e-14 1.4857262384975225742801386e-15 9.4735820726992706298706824e-15 
2.3085088518287541492490789e-02 1.4184783132985739895204347e-01 -7.8568029307532143079778057e-15 3.2548120836617686183887240e-15 -8.1319475320574363959248223e-15 3.2955163636901664959511727e-15 3.1121288564323423830870752e-01 2.9641649011694320980936368e-01 -1.0141721551029263079481345e-15 -4.5940422629161501472756665e-15 
-5.1078997355661929639338783e-16 -2.8319905846918918224086913e-15 -2.5847090845220499975280577e-15 -6.7748422482830239724098946e-16 -4.6835216596866867388992972e-02 -2.8073655994890707454647583e-02 -2.6518678358887097512575082e-02 -1.6010848599083870452686185e-02 2.5275577169749618033600354e-15 -1.5600901490847825567971787e-15 
-2.8405941446170264885915855e-16 -1.8953389679431871224712450e-15 -4.2589357746307047361024688e-15 2.0900350443996600898619305e-14 -6.5198374670211155952957300e-15 -1.1896391514169672372458623e-16 1.1052538141471476840216326e-01 -9.1864897893287097985215439e-02 1.4214360073843392735891174e-14 1.5422741264200170766166235e-14 
6.2695932698830667380955204e-15 -1.4517176038250487635447662e-16 4.2932885255815250724609200e-01 -1.9365353072548892321425029e-02 4.2922526165376782484502807e-15 -2.2584330831020781034799798e-16 2.7168818468872488855743574e-15 2.6883054997757506246168186e-15 -2.1654319821512574164614436e-15 -4.9637698765006246767988735e-15 
5.3755532103279185518474037e-02 9.5525285950735228102104202e-03 3.0508163972781533745948224e-02 5.3362654449974188802796604e-03 -1.0468328365797316060437409e-15 3.7278828643191063649767804e-16 -1.5692606736984590435641236e-15 2.6790366048353494086546154e-15 -1.5066406629880567273155866e-14 -3.1532167334473716433660165e-15 
-4.6005208391580670038777590e-16 1.3730027543258188834738005e-15 2.7255815107401569485912063e-02 1.4111038212917251244427064e-01 -8.4958684543793936810839438e-15 1.2644221521943451050041007e-14 -1.3561611375686683343498710e-14 1.5079875236032804780935123e-15 -1.8986076385889225082159726e-01 3.8555307142524786190307395e-01 
-2.8197073421208141903706801e-15 7.7945457267725503335382915e-15 1.0165710392350623666619967e-15 2.9565519462531157393155010e-15 5.2259402385347869413714372e-15 3.5592162212174949564447597e-15 -3.4267869713207228798967918e-02 4.2504366123777427566299281e-02 -1.9373625139920389731651440e-02 2.4163742401120347214060757e-02 
8.3239324326599578249677167e-16 1.1804849631772304792647146e-15 0.0000000000000000000000000e+00 0.0000000000000000000000000e+00 