37 (index of k points)
0.1298801090111662837056627 0.07477095967350719241117929 0
18 (number of bands)
52 (number of orbitals)
1 (band)
-1.3777949273556304721211063e+00 (Ry)
0.0000000000000000000000000e+00 (Occupations)
-2.9562352642873951369395513e-01 -1.9172971164047125647300618e-01 1.7595125439058001415304489e-02 1.2045669566129291183642636e-02 1.1144330678762885119215499e-15 -2.9975084238758250470890751e-15 -3.7214692457812573178621562e-02 7.0383318229058522419450128e-02 -2.1386575181061948103256043e-02 4.0535262439159558400803007e-02 
-7.3315036938009537485273462e-16 2.3137933101685719532126211e-15 -2.6299227645442159462252363e-02 2.2029287878554237867234633e-02 -1.4832980437304150306276895e-02 1.2742991868340325378738953e-02 -8.5485924312727196161532106e-03 -6.9172648795736840776626764e-03 -1.5488886245955465379999083e-16 4.3693662188084000930236184e-16 
6.5520579326722197658049409e-16 -4.9660719357918825379048804e-16 -7.5055927139949102366855982e-04 -3.6971991381043872726408495e-03 -1.3286222117811358200967220e-03 -6.3042422338358966582561038e-03 2.9935260550658543410307288e-01 -1.8585362326388479847771862e-01 -1.8390887732952648087048075e-02 1.0791748834493485043051209e-02 
2.8948414119409808800034005e-15 3.1601898212111817471541436e-15 -4.7839484985475362599505189e-02 -6.3640619858591832014305112e-02 -2.7571441204163743554644839e-02 -3.6610227108189591360698500e-02 -1.0151668462529951693789939e-15 -2.7769147203847715729864354e-15 -8.7350291034916233146034870e-03 -3.3175867219176896627530482e-02 
-5.2146278694358561001109820e-03 -1.8846984018488197737406509e-02 9.8987420213761598275503673e-03 -4.7897695523300455600068659e-03 7.7781307425790834050471543e-17 8.0301180269675342470214683e-16 -4.2969305203898527867682991e-16 -8.0543210127964733624447781e-16 3.6648983933646808730522082e-03 8.9506449655463865555660163e-04 
6.2699487425623267461416432e-03 1.4820424724522572590412750e-03 1.2243962615806334992551996e-01 -3.3065150385813529831935398e-01 -7.1560278323230183672443161e-03 1.9979454536775666240178140e-02 -9.1527241068095887423856385e-16 -6.9548128572074599846976486e-16 -7.2297113090623227327213840e-02 -3.4646877939096522303064063e-02 
-4.1023159314202500835833121e-02 -2.0195106235832850638534097e-02 1.1107844910520101677981138e-15 4.4832236114933161064831210e-16 -3.3861846442071741325463563e-02 -1.7143092884771421458012242e-03 -1.9799017364919638262144019e-02 -1.1512577825179195339933003e-03 2.7093194589474568247100539e-03 -1.0662822651724915973270313e-02 
1.6193628487311769199084410e-16 -4.6939117113690466753503502e-16 3.0845872562605778332288806e-17 -8.8924154624192161792468942e-16 -1.6017948521855132626434681e-03 -3.3689634322720818371266205e-03 -2.7583943516763763381671737e-03 -5.8618863815395987060252736e-03 2.4705016834433310424223862e-01 2.5157124910928468919379952e-01 
-1.5031062497531753191504222e-02 -1.4981805569413161535741175e-02 9.1837437208721391107977589e-15 5.1478593717254440116242657e-17 6.2132046036715134207373268e-02 -5.0664460595733429304488027e-02 3.5739890160176944478020999e-02 -2.8520206298940843636646747e-02 -6.5217784183141915563279317e-16 3.3196494742717688827726731e-15 
1.5968826409694353296586655e-02 -2.9909197312870929030825806e-02 9.4717007732983051621067361e-03 -1.7424504800974512791489346e-02 8.4944382710719201073912288e-03 6.9914746149640884589904211e-03 1.7752921697803092434218517e-15 1.0316440648346186579528846e-15 2.1336210106785386712332611e-15 8.7081900871297461526818623e-16 
3.7303403296823998275266732e-03 -1.4912451256081881139498035e-05 6.4784605694121009250574517e-03 0.0000000000000000000000000e+00 
2 (band)
-1.2311315436686405266897282e+00 (Ry)
0.0000000000000000000000000e+00 (Occupations)
2.1016628567000994465274744e-01 2.8892687793723892397679265e-01 -1.1674556831562543646185759e-02 -1.5943755817242638572750479e-02 9.8398102818239237125263218e-16 1.9066390162224266832337653e-15 -4.8907423231508047323234933e-02 2.8817642542159738194840202e-02 9.9713079578353125409506674e-02 -8.2681477278611512082839852e-02 
-7.5876380623378272816334666e-16 -1.8169204308595608580927507e-15 -1.4756800116282286355895437e-02 2.8275448536299596646870214e-03 2.3074307171658342552333920e-02 -3.4908809376286140113698764e-02 7.3938753040870067168022217e-03 8.1989882749253679972145648e-03 -4.6908061874789690560590140e-16 -1.2558016655969301694506748e-15 
-1.1704274050691847215989331e-15 9.6140985851141848818507943e-16 -4.9342137866996930301022317e-03 -4.5668230846925700339156151e-03 -2.3605423914117990014105430e-03 -3.4680545680723217499830113e-03 3.5091330756557820302887762e-01 -6.7145059388297165248182807e-02 -1.9397126118443727693652079e-02 3.7749337899963056330854272e-03 
-6.0503913810436144993609472e-16 -6.0538992318347423190562174e-15 5.2512145446605637544301715e-03 5.6522715032441994686962516e-02 -3.2356672996895652349991224e-02 -1.2542715270843168839931536e-01 1.3404653590674294583799173e-15 4.7034872349455661705370470e-15 -3.7247008236507873901732779e-03 1.4556261997697701390808156e-02 
-2.1761872932139582348387563e-02 -3.5741705471441960473288901e-02 1.0566825382897583607277880e-02 -3.1992189784493564597145365e-03 -2.5895107240702712303186284e-16 -1.3445880265792726950424504e-15 1.8928181236156033472512836e-15 1.1766691482561383669394911e-15 -6.2330711213875455989352758e-03 2.5201514191526067087956164e-03 
-4.1430596597449680096314495e-03 6.5925679713727154684921317e-04 1.4199202138557875940705344e-01 3.2659708631516098931157899e-01 -7.5736117937232868072006120e-03 -1.8928375917276370199449076e-02 3.4866002239365925773495316e-16 3.9953358619607406113690834e-16 -5.0264035853996122393816393e-02 2.6771623127620797211179138e-02 
1.2174812521366730477812013e-01 -4.3420294414666667226487817e-02 1.1001329016041147409231388e-16 -2.3089108228935815711219932e-16 -9.5870023770013891584174104e-03 1.1735771766691618922529017e-02 4.1939279991521763446549187e-02 -2.2624800959473237438324134e-03 3.3237413500605051709657634e-03 1.0463366298978189414259354e-02 
-1.1606312286883146896456190e-15 -7.7118596957548589313264403e-16 -2.3855285170431853456322396e-16 -1.5638390810162320693908172e-15 -1.4242589350987764837408456e-03 -6.5951469777574198150027485e-03 -1.7340663607793944597790237e-03 -3.6850785960892383508191728e-03 3.5597114122797418600541164e-01 1.0580053854482815087201253e-02 
-2.0351593653320829147013171e-02 -1.2065016526925538813824756e-03 -6.2672503464137856317884249e-15 5.3636165189617336291400271e-15 2.8223032671817502130273692e-03 5.6879062136138622274295074e-02 1.2549973490419192093114908e-02 -1.2864845947577246976223364e-01 3.7577630000200867648695624e-15 -5.3123628571890847561389700e-15 
6.5368966957524820421410183e-03 1.3671427691560624623212661e-02 1.5809723727059653286541874e-02 -3.8911112269711008171402256e-02 1.0882717124551492468564895e-02 1.4476736012279979581851563e-03 -1.8068608713624422413724556e-15 -1.3642544742685267674298380e-15 -3.8115691924433190379473563e-15 -1.0508047856689885230811197e-15 
-6.5738873608543616292032574e-03 -1.5193689937636873331372467e-03 -4.0726883508246467663349577e-03 0.0000000000000000000000000e+00 
3 (band)
-9.4578440915389117016331966e-01 (Ry)
0.0000000000000000000000000e+00 (Occupations)
3.1264663906082257316398909e-01 -9.6974026526522094648896655e-02 -1.3232214210924242436817622e-02 1.9074531949035133937542241e-03 -7.4968658476691456182684695e-16 -2.5166699864325563489117439e-17 5.4852648167124345990330880e-02 5.3890862652447024672142106e-03 1.5717737954898766683520250e-01 1.8934595778719484626684277e-01 
3.6015405076780611435568314e-16 4.7122827738847339107740436e-16 1.0425454987895155234411959e-02 -2.6140219688351451488017574e-03 2.4855150084678090394163519e-02 4.7970690311888941614881787e-02 1.0100322924913066394148053e-02 -1.7270145210402515489889197e-05 -6.0083256506682645302662201e-16 1.0268580271469955380782021e-16 
-3.9818702672709919098079738e-16 -3.5492942406696755199865517e-16 -7.5397820393475444011865960e-03 1.4211387140361839143132272e-02 2.9518800384642357448328198e-03 -4.6268549655682708610093812e-03 4.5373741901752362437605370e-02 -3.2418066919948862469880169e-01 -3.9080875405053255855492012e-03 1.2785019452088999813987868e-02 
-5.2718311238704216980667713e-16 -1.0609770804761320555689500e-15 2.8231312717940063028443376e-02 -4.7337598628819151092006479e-02 2.3824821819537511657927098e-01 -6.1598757284301190739750353e-02 1.9671582611018266961096651e-16 -2.3449162003386036965050126e-16 2.0737050458376508552116313e-03 -1.0546230129340847248009538e-02 
5.3987986514462626974619752e-02 -2.0646856528367917016364430e-03 4.2848818449609735181660142e-03 -9.1463986912967715908751032e-03 3.3325030143685155290777399e-16 -1.4331200115430179479208140e-16 -1.7745373782242172221859541e-16 -1.3042529542648341477910632e-16 9.6485644824005345476791717e-03 1.2873113107678692615398752e-02 
-2.9296541491209992548461205e-03 -4.6409599438515351799150466e-03 -2.9977502083794654863524443e-01 -1.3286344996334276125082852e-01 1.2425451368787671091453717e-02 3.8908349538381292731514804e-03 -4.1351804543849155791153063e-16 -1.6633326718184390318759486e-16 5.5038974719373537358713122e-02 1.6480365480406877765062745e-03 
1.7907968081717634545313445e-01 -1.6933538229441730260660393e-01 -9.9006792378260787342664599e-16 1.4012201944153038728995995e-16 1.0093906361393152962269149e-02 3.5088245462764622306650608e-03 3.0141300337045623392029370e-02 -4.4560006317688673205257288e-02 -1.0085513870757999502214552e-02 -1.1922822028446098362175487e-03 
-8.6732029944207132639892621e-16 -1.4962976574127957212245698e-16 -1.2560129571091337506777325e-15 -3.0270538166163465659506965e-16 5.7831839267708726182171119e-03 1.5035810728636390953827373e-02 -2.3620105649904826750073994e-03 -5.0195279567395272024565855e-03 -2.4785643981206317842946873e-01 2.1467404290744132588919513e-01 
8.8110326040989200846453855e-03 -9.5862475873438081352961859e-03 1.2425511052190680972554937e-15 2.5347448351089545718167322e-16 2.4925643716605189181834135e-02 -4.9099053432179566580639829e-02 -7.6970815207618142883561063e-02 -2.3413563886058774698994966e-01 -6.3750082741274658920678597e-17 2.3748861499425200685234629e-16 
7.4726556715009901515900381e-03 -7.6392547113066627123556529e-03 -2.7485557669948239983837013e-02 -4.6245391863543865162977653e-02 -5.3730121422674572903566137e-03 8.6179967166087681484931693e-03 9.9617117002281164863364016e-16 -7.3136468182589770903042889e-16 -2.7608412575363002054076137e-16 5.2790295857147132949481047e-16 
1.6067168258362227173385861e-02 1.1691555738171826358401395e-03 -5.5474998708988990103740946e-03 0.0000000000000000000000000e+00 
4 (band)
-8.0450568846010850343475340e-01 (Ry)
0.0000000000000000000000000e+00 (Occupations)
1.3909968931278909876070315e-01 2.7146475267935582520451021e-01 -6.7995712536516594859392626e-03 -8.4277747192409852017291882e-03 2.6812350717290460985916070e-15 8.4882482407443933559132644e-16 -2.4884278886744992664858955e-01 6.4851971713113493178681779e-02 -1.4365185468969945969952562e-01 3.6903395212895706567479692e-02 
-6.9589519247223111535436469e-16 -1.0457232656125017453216846e-15 -4.5733906526718472174142249e-02 2.4816483424661646417508365e-02 -2.6046924512025608489107498e-02 1.3938547428473044287322580e-02 7.9372980584959534899880396e-03 3.9666398111105616308691424e-03 -1.8960504972804022001789510e-16 -4.5577368939367286510315834e-16 
-7.9219274025177428624441490e-17 6.9713569097697041951964950e-16 -3.1525935578599374731201266e-03 1.4413992290963670295234067e-02 -5.4775261045764845474481675e-03 2.4919281938038190249429249e-02 -3.0485441918782740788884666e-01 1.0277091799126857052382178e-02 1.0520795189369776256871347e-02 -2.5640640660451116672469141e-03 
-4.3488560056921845787991813e-15 4.2747172380120230631381201e-17 4.7272287943269368504228822e-02 -2.5277231375096159693427467e-01 2.7772794605319384847463837e-02 -1.4569278573025604139878908e-01 6.7115711336822314343220084e-16 1.5229968111013893334022343e-15 -2.9820752282507974328940037e-03 -5.1947620572029618024600950e-02 
-1.5217337191894154263538397e-03 -2.9502706781557593018749941e-02 -6.9686601527706865111255752e-03 5.4929689181437875433733353e-03 -7.7002424551998857359198391e-16 5.8812745145151197321362846e-16 9.6981959278166665544879937e-16 9.8465582189407995475162458e-16 -1.1699861107241225216535341e-02 -8.9897313628521727246756257e-03 
-2.0215423241228998307850162e-02 -1.5566328009895576481302903e-02 7.5785203765007774778794669e-02 -2.9506289064115065468030252e-01 -4.8943939433218619505794322e-03 9.9067891648825096018171621e-03 -1.9365409857412964659587021e-15 -4.6775740016846855001993177e-16 2.5674549224495774035759155e-01 8.9994638697024065265850368e-03 
1.4784738237441541475192253e-01 3.9404113921184258373386911e-03 2.6736669021087952809158652e-16 2.7480094964798193897523135e-16 5.0296114272046540949467897e-02 1.3838133832377606802221948e-02 2.8689414290062123513713743e-02 8.2656079430053069900807827e-03 6.8626381757420848450657047e-03 -5.5955559993420209141667954e-03 
-8.5482546215152163884039932e-16 2.8774287416399597100700305e-16 -3.7360125668959911649733500e-16 -6.5912611068736786954305254e-16 -6.1759895969795905457111473e-03 -1.3348632809792516928926176e-02 -1.0856409001154357016338814e-02 -2.3071043499490455352951557e-02 2.3471311526074781217410248e-01 1.9420417108754667312453535e-01 
-6.8799992536356796568597360e-03 -8.6466857176614505403611233e-03 -1.0276241698726457832674237e-14 -1.2043865914237196504058059e-15 -1.1745987216757566851121908e-01 2.2847848163106571073299733e-01 -6.6515744552560263080920322e-02 1.3209856563765154380263311e-01 -4.9080788768376324244557103e-16 -4.0595261794722715941591834e-15 
-3.3936161750414445270607189e-02 3.9617294007530966248875615e-02 -1.9694304163753655750879190e-02 2.2439633474726519007935721e-02 2.1410412210582105765888095e-03 8.5919725420112499220115510e-03 -1.0499024844816183058145979e-15 1.4529415029002767248194016e-15 -2.5410461282955461567750550e-15 7.9943745697317777679509260e-16 
1.4707812555046110430945205e-02 9.5368958020948567735897150e-05 2.5497738420410746840172322e-02 0.0000000000000000000000000e+00 
5 (band)
-7.2845925456374382989110927e-01 (Ry)
0.0000000000000000000000000e+00 (Occupations)
1.6356385990403848884611193e-01 -6.4609323982672328678944496e-02 -3.3846914043626774581952077e-04 1.7121268113512236319628812e-03 -1.8995296469989762837963235e-15 9.8860105139952931329821790e-16 -2.0375833384295016781351251e-01 -3.0010074439516082334122871e-01 -8.3470922297408045587019387e-02 5.3255095203270541581730413e-02 
1.7773600679449303108039304e-16 2.8684329044007250696644426e-16 -3.7453748063659385303392213e-02 -4.3004898122983581387757113e-02 -9.2899381898899277554271237e-03 3.9525495456089795170973034e-03 1.0453928340108456507273615e-04 -2.1447795257214935515932552e-03 3.0073654497115013658578163e-16 1.2994988164575681681326188e-16 
-2.8384227962821639014803630e-16 -5.6096142805319757195924712e-16 1.0816363207824059022854613e-02 -1.0646668478755269560132035e-02 -1.2835447062769705928175767e-02 -1.8152112437628056818006428e-03 1.1181840214491076124225799e-02 -1.7550631744077394014169613e-01 1.4050655053201160926690250e-03 1.0352441755041297266615175e-03 
1.5950510898742851101094637e-15 -1.8864542161323602760107391e-15 -3.5829535102804510593443865e-01 5.6589370279765016658046761e-02 1.2646460659508244883664219e-02 9.8201665296860474185791645e-02 -1.4511022141025080650495047e-15 -9.8565884187169017427964025e-16 -5.4859025527225505070028078e-02 1.5578569407618017908512265e-02 
-3.7908954610076095459447743e-04 1.0088701135354441462688158e-02 -1.8961438744215174893176235e-03 -1.0077926786916241441716124e-03 8.2594167073315259490066543e-16 -5.2774402354590623974986150e-16 -1.1341585918538250314233731e-15 -6.5735802867070592681250821e-16 -5.0280101942758691213608557e-03 -1.4320069002149885678543129e-02 
-7.1075197966059232290714220e-03 1.0840980375475942065754964e-02 -1.3665717968772972401581001e-02 1.7714184237914260000579247e-01 1.6785488651414187666333078e-03 1.5565249800073011066103845e-04 -2.2300437090290309167027698e-15 -1.9308656594124226235381939e-15 3.4699491528860693101421475e-01 1.0742969904978105777360042e-01 
-2.6261467783855955981930919e-02 9.4685912894832163777536493e-02 -1.4191055729123000331744328e-16 -5.8295629093246789345719149e-16 5.1785759231691833037736217e-02 2.2888749049574986377253438e-02 -1.1750758578190634295879136e-03 1.0514883848142701078254291e-02 -2.0265066457792087206701837e-03 8.2761155848918785404855214e-04 
2.0228002002812353387774220e-16 3.7630857480323063326328351e-16 7.5529367697611561983207112e-18 4.7687269033785167718460389e-16 -6.9902936234952153804478314e-03 1.3487879865059082887257524e-02 -5.5582515711811129877073512e-03 -1.1811885842383377728803673e-02 1.5446415139285446516126399e-01 8.7788439464239725884553422e-02 
8.5552993763517160008547080e-04 -1.4525228117435620527053697e-03 5.3298200736255284812008380e-15 -1.7557872305330938440133882e-15 2.4494854714679756280126810e-01 -2.6822904526683927217689529e-01 7.4492786326216670067523751e-02 6.4077387401852037296379194e-02 5.7296579116844074416368496e-17 7.9115930151023017393575991e-16 
4.2759663215979945571909582e-02 -3.7111600530179943147057742e-02 9.0138283930555236633797023e-03 5.5402602206108073762402810e-03 -1.1399923693846623342848523e-04 2.1860178981654939701917417e-03 6.7989080374968351198437269e-16 -5.6204479040956246450755876e-16 2.0103213040312863591630593e-15 -9.2140572331410632648490412e-16 
9.2278763154772340537856934e-03 1.2067866708877536541244524e-02 -1.3054302267147823227166903e-02 0.0000000000000000000000000e+00 
6 (band)
-5.3951377240888709341248841e-01 (Ry)
0.0000000000000000000000000e+00 (Occupations)
8.1806864830225034523891736e-04 -6.1422873850647263793689490e-04 1.4359448567627386417200341e-04 1.2110345250837539765598194e-05 2.8063004387026391424064021e-15 -9.1117066454149279349557502e-16 -2.0780052180657987426215527e-01 8.0511628822363290325370144e-02 3.6042925128701597259350820e-01 -1.3953728717668514858196716e-01 
2.3076134867593244976424883e-16 -1.3813951647694857781112718e-15 -3.1020416966212327469776255e-02 3.0587091348508038679554488e-03 5.4284142387186151701428116e-02 -4.9309612171229699750796271e-03 -2.8947825191638631991963848e-06 1.2966008953688157312456042e-05 3.1260320498231650552678686e-16 8.0677350123153459373626070e-17 
-3.2911832089078549925468115e-16 2.7926863824085097726257634e-16 2.2918749267484356257895683e-02 1.0533341049220112245476955e-02 -1.3261025341922402787098179e-02 -5.9772022075223890658079995e-03 2.0745408945593846183896858e-04 1.0017365209209483367658322e-03 -7.2097326386300064626766471e-05 1.2477184101805649518723840e-04 
-1.7483282500741285413076783e-15 2.7130909106242484208677709e-15 1.5628059165072167441268292e-02 -2.2230371792989730983514107e-01 -2.7206199007135903333853832e-02 3.8553822434556117570991773e-01 6.0594953262707839276162916e-16 1.8299615955477542157801085e-15 1.0440248389094505809815416e-02 -2.9370447458341979868334803e-02 
-1.8651396584919557875004159e-02 5.1217261725603008271079375e-02 -1.0499457214131757698538649e-05 -8.1399356398823008440501781e-06 -5.8628011410928306305177426e-16 1.0853495478151441462161831e-16 1.2701599301858500357500632e-16 2.7153798572941711859194860e-17 -1.9289180760851565299418553e-02 1.6252625856154702399525291e-02 
1.1054604230934961250909510e-02 -9.4539655513487409060902067e-03 -1.3661898269259203919645529e-03 8.9663383033490584583802274e-04 -3.7488279452504991162697934e-04 2.2127255086914297669588303e-04 1.3759197170277000353845569e-15 3.2263508683502850645896004e-15 -7.9116508367966659198700086e-02 2.0864485160986162570750935e-01 
1.3598194415928868683529629e-01 -3.6296135795453460248793931e-01 -5.0014177405088530881054060e-16 -3.3172291955096855088314037e-16 -2.0089859891994285567839995e-03 3.0997862402552200933314452e-02 4.0124542633732940277724310e-03 -5.3621172802638873700065147e-02 -2.3146498781606659328469178e-05 6.5017337542590779297935200e-06 
3.8695448142573359551735917e-16 2.4700666807787966453760263e-16 5.3166381516224960621488755e-16 3.0100866224897221140398923e-16 1.0827494234752457064052678e-02 2.2903848684399874535699837e-02 -6.2126119944618364912547470e-03 -1.3202472526085645351812126e-02 -2.2960320918649634869268539e-04 -1.6179336312946157594439001e-03 
-4.0596059318331878529306778e-05 -4.3341736395339364174006391e-04 -1.0833307845414923192724725e-14 4.0027920163321416593789594e-15 -1.5510133521035288084455317e-01 -1.6042341417513455992249760e-01 2.7051895982727613976237535e-01 2.7758157157761348399205303e-01 1.2481848634965816019389972e-15 -1.1097439816851666738811357e-15 
-2.7192319839199098618909289e-02 -1.5016032764840755303614728e-02 4.6809467803088138093681181e-02 2.6461362133087709680445698e-02 3.9723552668430726539892939e-06 -2.3711881860041144395173651e-05 -1.3424600565272448849592755e-15 6.5993855653216232707819202e-17 -2.5517678419170460319907857e-15 1.1626678666549564031318177e-17 
-2.5334144719933771733311190e-02 4.5025227067006551480432552e-05 1.4591155834811206024048680e-02 0.0000000000000000000000000e+00 
7 (band)
-4.7484122052213184606017649e-01 (Ry)
0.0000000000000000000000000e+00 (Occupations)
-7.2416812160508119747119635e-15 6.0268941544840080967406442e-15 -6.7410245761970530329887267e-15 4.0119507453399918578169736e-15 -2.4455376199436845707779753e-01 3.0633506568927382218703315e-01 6.6029881450135522103438680e-16 1.1624501312118207511468555e-14 3.2636215631492992658471510e-15 -5.3336141194415941125302818e-15 
-9.7112781336773923435146116e-03 1.1289436596995272577004243e-02 -1.0264558248605424881503417e-15 -2.9070285206493911812910773e-15 1.3955976918207833247312486e-15 9.6366659166450238775735423e-16 2.0925048701802206900307006e-16 -1.5466760619483504942704639e-16 -1.5807438315444580223534388e-02 -2.3928254220406550145661129e-02 
-9.1213337542093292364953072e-03 -1.3735763664781880377674383e-02 6.9610060262911986637363762e-16 7.9094493435278813106372841e-16 -3.3041831010069006936309376e-16 7.6964277391537809420279594e-16 3.5070376339393981273543333e-15 -8.4929900222957350947445395e-15 1.5685034796425074776880113e-15 -8.5604458930542190074168108e-15 
-1.7305432702306558501170741e-01 -3.5170998688556259770265910e-01 -5.0289801959692866944055061e-15 -6.5296374190236219348342208e-15 -1.8462543092112215179782297e-15 3.5173400233927792024085075e-15 -6.0801265161119222302232856e-03 -1.3593835485809627194875304e-02 2.6284699800843251836060371e-15 -1.6774196516987284523306271e-16 
9.1692154686763808902781860e-16 2.8418301453730711023733314e-16 8.0270898378879111803667144e-16 8.1207263824788837539368945e-17 2.8381411624316895542241568e-02 -4.1148426876482895042652643e-03 1.6312165574171484661025744e-02 -2.4048258130832805834486976e-03 -1.0270675977981142649700791e-15 7.0797267259981166786535941e-16 
-6.1230544607002544274444883e-16 2.1742112014236048787983555e-16 7.5173308651128978882687305e-15 1.2673343013719992329918245e-14 3.0493999442848686189962631e-15 5.5934517929319497383573042e-15 -3.3452702903476905227364568e-01 -2.0430260631662741643843617e-01 -1.0390168364105805726601756e-15 -8.1524320447560375182899651e-16 
3.3903553290061798041193380e-15 -3.6743436726579553882560987e-15 -1.2977154364353215426630683e-02 -7.2938728052676787827479643e-03 -4.8205566057642754643790965e-16 9.7391075005678728223954939e-16 -1.8940382674218446153967503e-15 -3.0735764677486489434165651e-15 3.2527389908698377351683394e-16 3.2870340864600227205729768e-16 
6.6802506868463180922379507e-03 -2.7891047077970354539644404e-02 3.8787470110462907157966583e-03 -1.6025778524718058137832344e-02 -3.4622031475120251572344370e-16 -6.8452062848500585780397216e-17 -2.7874994939828441558075486e-16 -7.9304163113668364781565632e-16 -2.0395240382281517079051986e-14 6.5909861151337120683490797e-15 
-8.9289933548843326312839742e-15 2.1762693918566999764769181e-15 3.2729320651640630979173352e-01 -2.1570128666935919903302477e-01 -2.5110693412988067430557384e-15 3.5113964862321589888646033e-15 2.4554143859453320530667534e-15 5.0696346913595176057062519e-15 1.2125097023238114168908197e-02 -8.6365003371023756073565636e-03 
8.9890896945032550286516959e-16 9.7767549044312443662170785e-16 3.6101252093555765951127356e-15 -4.9123682046886968654552479e-16 -1.3442824542948107862006897e-15 1.4371601551137178872028988e-15 2.2392261512828571384803311e-02 1.7919901804579582010878980e-02 1.2849067791470519805940853e-02 1.0333039852300655858652334e-02 
6.9164270032279038518639592e-16 -6.4255822130371832879270218e-16 9.4183412627595727959334211e-16 0.0000000000000000000000000e+00 
8 (band)
-3.1254278421509074092909941e-01 (Ry)
0.0000000000000000000000000e+00 (Occupations)
1.1141035662794866423466294e-14 2.8049895636715013669214171e-15 5.2357713449603581929958529e-15 1.2854571224457278608904829e-15 4.3990337608911511679821160e-01 3.5628881589215788405766716e-02 2.3713273292267237383059726e-15 4.4149877795591292911910911e-15 4.5973284479055235960530093e-16 -5.5579796288239074992609564e-15 
4.5392286686991205682528694e-03 1.2258153070208721580058864e-03 -2.2544479055067719005699941e-15 -1.2662675597527007936595070e-15 1.0882392038334477322251442e-15 3.3823669096638122717452069e-15 9.1988731686995960734476909e-16 -2.7034209142959492250755574e-16 1.0002512775555763568924306e-02 -1.6315423012270430236370089e-02 
1.5787012247351368127157301e-02 3.5182972382628630025891425e-02 -1.5547628306556770530382226e-16 -7.2419714964064835213417358e-16 1.8894796681349903800001055e-16 8.8768252639730705233860274e-16 5.9894734188618354823740473e-15 -4.6712583487393209949419396e-15 3.1366157668845690293514728e-15 -4.9633212106603705868597319e-15 
2.1953972373935271011902159e-01 -3.8286643519424784498639269e-01 2.3790859783450676440756677e-16 1.4186375275183457146265108e-15 -1.1116256006891359531295968e-15 2.5577729375961889761168869e-15 3.0418604179275332555221212e-03 -3.5852901237533041367555597e-03 -1.2264758754766813465712176e-15 -2.8394613264119710438349186e-15 
5.8610264301394437439566674e-16 -1.2715141358494348440970136e-15 -6.1216302016338188952831095e-16 4.1672817266050785489856392e-16 -1.0503773310482623221107090e-02 -1.5997313403707108525608760e-02 3.8556288088572698846689946e-02 6.9566529721414721576522311e-04 -9.4833644195036234072397850e-16 -1.6355005898975420981303357e-16 
1.0667572937673859983983179e-15 2.9609347121624189210909993e-16 -1.1897811503022360894669727e-14 -5.9956553534716823130101098e-15 -6.1258129374886679181126092e-15 -1.7858793017264969036591087e-15 4.3649800534734439771966663e-01 6.5000265958175776348504371e-02 2.2394151650768158175224920e-15 -1.7098837369215158799226349e-15 
1.2354649709152767088327529e-15 -1.8492403554419415574401456e-15 4.7253745719507307676554575e-03 -1.5985793412459647910850435e-04 -1.3397465601181405542086833e-15 1.0918460013329588930807986e-15 -1.2587476903489688073324758e-15 3.7816013436323718764805184e-16 -2.1838530226939572557878267e-15 -4.9714531759431912603406657e-16 
-6.0413613621601840869557165e-03 -1.8155617088519593327333723e-02 -2.3347827936499455925289936e-02 3.0684340249705698011606358e-02 -6.8212104610506203120886512e-16 1.2450836010392384561025369e-16 -6.1438134470395360788491479e-16 -7.3759444702849863425094738e-16 -1.7097725781508251388775124e-15 1.5383868758315770008380670e-14 
-5.6288224529466496686332822e-16 5.7222355333537613668936084e-15 2.4466581054280014950741418e-01 -3.6727943639451732238399018e-01 1.6662083526997500453946287e-15 1.2493095671334420345866828e-15 3.1379344629124114291379829e-15 5.9814435528214736125658293e-15 1.8673228542796585505136875e-03 -4.3437109436771526721488001e-03 
-1.1177897080326243082569752e-15 -3.1672781290959282338704675e-17 1.0585141804483729129465916e-15 -2.5939063339179461673992815e-15 -5.9012193762586409722487744e-16 1.9022991781546542849442053e-15 -1.8999980056777616976848577e-02 -2.2638985876719287804181846e-03 1.7822999506619686266306601e-02 3.4190502986926753214991237e-02 
6.1405200891257064645260748e-16 -1.0653361780896955846364949e-15 4.3381280290592295395211735e-16 0.0000000000000000000000000e+00 
9 (band)
9.0269078361855742409503023e-02 (Ry)
0.0000000000000000000000000e+00 (Occupations)
9.2155572830740559558173395e-15 8.0736669892102948676621497e-15 3.3472748724088656284509083e-15 3.3793888759202232850472447e-15 -4.5437376741880841635179422e-01 -3.2478902311608998099146106e-01 -1.0749878816686211951073598e-15 2.7398738348354138234139884e-15 1.0610443691842154523175704e-15 -6.5272588725788317491407234e-15 
8.2509222039044149976660947e-03 1.3071347522879105118587262e-02 1.7712127911682305556029158e-16 -5.5759841658567325026875892e-16 4.7553712130076512993096143e-16 4.3349217263174004010785971e-15 1.3066228268273156295995689e-15 -1.7689393206586971106723578e-16 2.7482697680795760419858453e-02 -4.1048689305682312111756005e-03 
4.9568413325779964173634085e-03 6.8395902386583884435822256e-02 -1.1307581628293003145030319e-16 -9.5872475475763220797717608e-16 -5.6223490621908540007243564e-16 4.4407813894986318558891774e-16 7.1603307226813997521430336e-15 -4.2749248623331345855287982e-15 3.9374786525208796522709919e-15 -1.9429718398303335318664107e-15 
-4.8734083525678123516300388e-01 2.7284123652097758139234429e-01 5.5641677473016989659501395e-16 -1.6501746345715602791389772e-15 4.9388023500773991630906213e-16 -1.1650148160539095834429648e-15 1.5340380661625047098439723e-02 -1.9001485297964193499353769e-03 1.2816786654544227291591577e-16 -8.2978135124346763913698121e-16 
-1.3903592695857511021073556e-16 -5.2114941488408626237438607e-16 1.8368457979994501504443348e-15 -1.5080872631094561044941940e-15 7.9873670936219942628753188e-03 -2.6614856521554430823783832e-02 6.3996983148192007617716115e-02 2.4636474731615051747546374e-02 -1.1164967411979104234111366e-15 -3.3558907933455447445427390e-16 
7.9623671371012179647943770e-16 1.5254267199911399266243735e-15 -9.4461091541676264431790537e-15 -7.7908526951779570429190486e-15 -5.1160143720805418321196125e-15 -3.6989188615853421771231841e-15 4.1322062348423377331485540e-01 3.7577424923152075164622943e-01 -2.8934606617131790533787041e-16 -2.2124566548319015049023107e-15 
1.1687264847686403129284263e-15 2.0188923869492779783643188e-16 -1.4537559663459636433158195e-02 -5.3193274033343368456527855e-03 4.5315497271902088934528410e-17 1.2840664637076587030416843e-15 1.3501743306555138463219125e-16 -9.1434898937094174640611106e-16 -2.4238805982591900179432993e-15 -1.2038473486135750972172701e-15 
1.7733619480515211766502581e-03 2.7731542379061148440033691e-02 6.7911396387611566716202560e-02 -9.5583958614074565618423662e-03 -7.9991295038523674905696836e-16 -4.9541922390913219071348017e-16 -4.3414005191278000877071218e-16 -1.2395036392339713531983065e-15 -8.5900946680569755065862274e-15 5.6379174615907817753987760e-15 
-2.7092739996808568674698365e-15 9.0591002033641718644613372e-16 5.1595149065199641391643581e-01 -2.1389630513921953358646988e-01 2.6008356725139938647690898e-15 -2.0476492533486119806459880e-16 1.1059023475691983414834362e-15 4.2345630612892907611307862e-15 -1.1002863190055410524959001e-02 1.0889117806940313420982491e-02 
8.8695679635950977439164689e-17 2.4476339153232684751008978e-17 2.7115229795036713848779148e-15 -2.4522773127909588940341888e-15 -1.1877938099652410369625070e-15 2.2122076768203921221927159e-15 2.5847310545110885326991479e-02 1.0202930603751506066778632e-02 2.0266571089531188604171419e-02 -6.5517835640624119686314941e-02 
1.3032504473779030123873491e-15 -1.3343678798318446482094935e-15 6.1990305197504414659824716e-16 0.0000000000000000000000000e+00 
10 (band)
2.9955776461938649068983409e-01 (Ry)
0.0000000000000000000000000e+00 (Occupations)
6.5456280147855089058179357e-15 -9.5746365021695429651998408e-15 4.1669240573578448322487323e-15 -3.6949196406039966390159372e-15 -5.7797788120505555475858728e-01 1.9781586823845120903797579e-01 -3.4873908951146340034256561e-15 -4.9645076640665995717623483e-15 -3.9963972119642547056502043e-16 4.1559459028371090219519564e-15 
3.5900344401779415992592703e-03 -1.7610724063322008570153798e-02 1.4682323158465658575763856e-15 2.8175213743168257744172583e-15 -1.3434251067508198962163673e-17 -3.8548123894849901664273770e-15 -5.4455078494923265943034831e-16 -3.2793055167680597986410362e-16 -1.2750348346334716004291110e-02 7.4515556495764370681378352e-02 
-7.3060464464575203269447456e-03 4.2915879835590559077118655e-02 1.6136929065033072470831274e-15 -7.7664514678519991468776539e-18 6.0957809834242661617468527e-16 -1.2882144090964746882244069e-17 1.3426393757336100490548507e-15 1.6566604734548734262107786e-15 -1.7446937308679505961729182e-15 8.3013129731762611152435569e-17 
6.7101863810557660361411081e-02 -6.0719592288022505854883093e-01 3.0375825599998507872235540e-15 -9.7088300763767216474597571e-17 -1.2604533042094083312592167e-15 4.6951871384494120457771819e-15 1.4406097225373799136649566e-02 1.0746641896391462278614881e-02 -1.0243247698848515283556306e-15 1.9539211743928877088028640e-15 
-1.4649764984331165784608739e-16 -1.1785958300992756040899063e-15 -3.0086498840583380291448133e-16 2.4398030838651338171572275e-15 -6.1994857060816595251129257e-02 -4.3264040967473410548294055e-02 -3.5720685775506508252696847e-02 -2.4883401384614478590862063e-02 6.3282012945837852764685161e-16 1.0598774162425401854667941e-15 
2.0224283800170941277184356e-17 -6.5137788423124531738770451e-16 -5.0143502243288977652095587e-15 1.1892840169420299415341463e-15 4.0702231707634203595049385e-16 4.9597285166875550163824856e-16 3.2298001680347648845170738e-01 5.1853233632332507152540302e-01 -2.4465216006086017230176379e-16 6.1496085314825441848256286e-17 
-3.6723258268972012275514768e-15 4.1059742581933830603572106e-15 8.3822137246894468098901143e-03 -1.5939496198096359674822864e-02 1.0222073585547093783977484e-15 5.2150595472449447669275889e-16 1.9008325146070767708749978e-15 -2.5792010197704047904983549e-15 1.6557285584075878239426834e-16 4.5430303273875807398339581e-16 
3.7194299893795412792485422e-02 -6.5817705984547017483698994e-02 2.1447094485676540531748913e-02 -3.7882045861907361061771127e-02 4.0995015136213150714490084e-16 -1.5428025575651023007911910e-16 -7.2922680998819469781424330e-16 1.0760991886855498874967669e-15 1.4540795289282673785537540e-14 -2.0474189453303530953199898e-15 
4.6466258611672596224280517e-15 -4.8387979591234073393928862e-16 -6.0670028822799937362475475e-01 7.1460725796387694619404840e-02 -2.4087614847330631232226473e-15 2.1406770060949433291012497e-15 -3.9947720301171407724262466e-15 -4.6324348715479140401891202e-15 1.0853514341270204673906008e-02 1.4371161136778784830903000e-02 
-2.0294396554569588828825409e-16 -1.9886224049497255680827111e-16 3.2133296311561205835974176e-16 1.6227382589799408593875993e-15 2.1790035980782175411358978e-15 -1.7692549307734548510878970e-15 4.3717078247034864280085031e-02 6.1678224967978770298948632e-02 2.5144971202371309282330714e-02 3.5535301937551291850958535e-02 
-1.3252385263217353459204117e-15 8.9475380485277538197950847e-16 -8.5312099565935939347671422e-16 0.0000000000000000000000000e+00 
11 (band)
4.7482492513116741905676577e-01 (Ry)
0.0000000000000000000000000e+00 (Occupations)
2.6529374752286555283475877e-01 -5.3280480460410761800460477e-01 3.8293668664215463337541223e-03 1.4549492020071025377703222e-04 -1.3312453162919745418945830e-16 -5.9683008606259777076010333e-16 2.5002342962618662181029094e-01 -1.4274787234330962859552017e-01 1.4503630439768833149116745e-01 -8.2635065640283555943312876e-02 
4.6641282236668546971922960e-16 6.6730766398758539713857293e-16 9.4808260721569240225825581e-03 1.5880573996830765759469273e-02 4.9854127331923625554566115e-03 8.5076641752391130024690824e-03 -9.8274167435240256107675805e-03 6.1536385312724595220146284e-02 -2.9326076225405704990656699e-16 -5.9098020316412982168386982e-16 
-3.8543353384001384944316229e-16 5.5678177102656858256867611e-16 -4.3873747460261430797245907e-02 5.6570678367219531801346477e-02 -7.5687001588754909686684869e-02 9.7591887307056118805448364e-02 3.6913961701270603388280733e-01 4.6690221185557956307121685e-01 -1.7621128513446993046898115e-03 3.4029660105105094536348531e-03 
-2.5114578211650615592271906e-15 -1.8733954413342995141229142e-15 2.2707337837309882200287348e-02 2.8700705083488259328206027e-01 1.3016987935981730317713811e-02 1.6641707151549631205078583e-01 -7.4601037446107783858297922e-16 3.2828698110515189184086819e-15 -1.8405912369482635426720663e-02 1.8168883637888419424477604e-03 
-9.8206502007519985708583476e-03 8.8854908329397130906102120e-04 -5.1495475602952436866566188e-02 -3.5093031069325160420380172e-02 7.1312226848087046341526572e-16 -1.0570441804285381865832916e-15 1.3172779543774394070950114e-15 2.4035952690481599506242739e-16 -3.2506147051078307375071574e-02 -6.3784776953659430565046762e-02 
-5.6077821819495866917382187e-02 -1.1003625119764129380861561e-01 -1.4332292648717828709159505e-01 -5.7921781283378337423783933e-01 -3.4383863336267320165440253e-03 -1.5986682404484087172136242e-03 -5.6458345917400599583022186e-17 5.9966071031886313545928030e-16 2.1392664240599335023773619e-01 1.9239432406113621265575375e-01 
1.2249059492970870710593090e-01 1.1230596783247751013767868e-01 -9.3025375564875819161701460e-17 -6.8574431646085245025275404e-16 1.2132205087462016868116166e-02 -1.2691630319437782400959769e-02 7.4399954759371486612273827e-03 -7.5236756195158349669327436e-03 -3.7474659320036940099440947e-03 6.2166591473072373152941594e-02 
-8.1786244260898191837460597e-16 -7.3451852505450873185290038e-16 2.1208971420147997422490818e-16 -1.0829995770108032171622383e-15 3.0689399252341383050879386e-02 6.4610864888460406429970817e-02 5.2602561351204751849408581e-02 1.1178613305644757858203775e-01 5.8511588042699369527355202e-01 1.1693648888606933411438149e-01 
2.9105119691463440800838214e-03 -2.4304651406267530067140115e-03 4.1415664468544564003484712e-15 2.8872381588956407727940212e-15 -2.6516912340192788644088751e-01 1.1164909429229556703244697e-01 -1.5377143658075828613895908e-01 6.3015248542822116517569953e-02 -1.0761258494736417838160605e-15 -2.9990669797193613430783883e-15 
6.3180887656534342328162879e-03 1.6381380735408318516377335e-02 3.6398292315249656733722183e-03 9.9353344520912538484491705e-03 -5.4654420334747412513198839e-02 -2.9860055829901459983899414e-02 -8.4746081241332057586767046e-16 -4.9230192385064593237591772e-15 1.4152661980380255353196431e-15 -2.9973257083357698465932531e-15 
-7.1528569106516726172628751e-02 2.5863038783667437886526486e-04 -1.2354419858666242093558907e-01 0.0000000000000000000000000e+00 
12 (band)
6.8281134386087782850438543e-01 (Ry)
0.0000000000000000000000000e+00 (Occupations)
6.2092626609309764518229713e-01 5.1169176824430465111426258e-02 3.1563352288779822352182691e-02 8.3245871926592718281767702e-03 2.6494753548074341821729378e-16 -1.6135529482187864119220118e-15 2.6407191326339396475475496e-02 2.8209091380111728231128154e-01 -2.9024492874780616347152318e-01 8.5504130043425136120660568e-02 
4.5950224524615434456551266e-16 -3.9171171626802004388031163e-16 -2.5508384034476083712661421e-03 7.0910721018450181829528844e-02 1.9247157510692267101681807e-02 8.7957855510295002154919075e-03 -7.7195877631024104048584888e-02 -1.6091088690847712289189175e-02 1.0302869744676703268608830e-17 -1.0359571314171997582933428e-15 
-1.0037341152174036470476242e-15 -5.4994244641951365746684585e-16 1.4252353363913167205723198e-01 -1.0358365154808410468767477e-02 3.5393797730794568368040132e-03 1.5121703224046810845604405e-02 3.1067680113440820921510976e-01 -5.4004410728946228292812748e-01 2.0971333469465031074108197e-02 -2.5014938179930695794084272e-02 
-1.3359397248413760670044114e-15 3.2840642653271275840895586e-15 2.6648712527728302124074844e-01 9.6214528343446015234974311e-02 -4.6213830181736650914992026e-02 2.9902735128786706031434051e-01 -1.5546530492747922535034413e-16 -9.7104547091502885207247064e-16 6.3075844519042592595248209e-02 3.2500384153518711849439882e-02 
1.6153705803809609992116592e-02 -1.3670285458076053553000406e-02 -4.7428058440590836752903670e-02 6.2997666076108571608926923e-02 -1.0545092729037076381871023e-16 -1.0175010463163204002561565e-15 2.0177257737672902271088098e-16 -8.5335344336031377996170614e-16 5.1311040172826768990255175e-02 -1.3336952622712014426831217e-01 
1.5189520768843934456215905e-02 3.2359815183605894484131227e-03 -4.5399147857646049430968560e-01 4.2583573970137378328360001e-01 -1.9692324969543692492202069e-02 2.5728235737792828907721798e-02 -3.7056463637595451564025012e-16 -1.2527328850984847665427165e-15 -1.5631938159334030080671596e-01 -2.3895687522371464317494372e-01 
-2.7973630150491124446432423e-01 1.1290797883997738537686928e-01 1.0219462962745789304556637e-16 -4.1112165576100530032749727e-17 -4.5090420358939120593078087e-02 -5.2877661238458911752147174e-02 9.0157340747025888072485600e-03 -1.8511924889931447024693512e-02 5.0469530248819713391661423e-02 -6.0635115993829473424181487e-02 
-4.7678414474217173091889566e-16 2.9920014899648332045660546e-16 -1.1063778105551246175150874e-15 2.2949450657763398575049416e-16 -1.1800171912624726755502991e-01 8.0610671967754565780950315e-02 6.6878812469003401375289286e-03 1.4212471098885456205485056e-02 1.9200752706382670509377419e-01 5.9209581097814434347270662e-01 
1.4895019532992131994220131e-02 2.8772698344062236364138130e-02 2.5008326655449620404070872e-15 -1.4026316304908728181509346e-15 -2.8277220062785751730771722e-01 3.9699116243052390284873354e-02 -1.6943730586119101766406914e-02 3.0118685240094544841582547e-01 -9.1826151117655288838006079e-16 -2.4934643229350781910434506e-15 
-6.7043705596496486198709874e-02 1.8284819006103736338531007e-02 -1.2911377566363256563786166e-02 -1.6039674353763709591103037e-02 -3.3375412445664651150956104e-02 -7.1483373026204610756195734e-02 7.2260453267710392752411402e-17 -1.6986097776191442713611579e-16 -2.0371255880850369346709042e-16 5.6063696188838492778000807e-16 
2.2696028340856204408293451e-02 1.4109350250594271392046153e-01 1.5707389672042292028120158e-02 0.0000000000000000000000000e+00 
13 (band)
7.7588378042696704017799902e-01 (Ry)
0.0000000000000000000000000e+00 (Occupations)
-4.8177350168165933297359516e-04 1.4967368016995719059991643e-02 -2.3786773581202241834020583e-01 3.1138497745479398748358335e-01 2.5819575768826767940142091e-16 -1.8223057341371973893704283e-15 -9.2015035496375435775107121e-02 -1.0710984489310598766209637e-01 -5.3670141025659701128347479e-02 -6.2263062293484591758208069e-02 
1.3096076689239176201439116e-15 -2.5747921852328226094681960e-15 -3.3011580838109517987977171e-02 -2.0464387522667271124277022e-02 -1.9177243585684313614825314e-02 -1.1731411697872423660626851e-02 7.8618245204849113161316154e-02 -1.1963719479059237160711859e-01 -8.4814423218635974061403532e-17 1.7390751270983360277544488e-16 
-2.0002269163875987657918216e-17 -1.9312129243485915441630549e-16 1.7081137192449247219627750e-03 8.2358265502732175278310933e-03 2.3925881973051515635986242e-03 1.4347155342990233761746310e-02 -1.3337750305737194889132979e-02 -6.8087170483537018395026053e-03 -1.8047039529238426136537043e-01 -3.4781043737626693435061043e-01 
3.0948010876488208975048515e-15 2.3347217594620523590464485e-15 1.3609398187171775629344950e-01 -3.7652539472503535056269186e-02 7.9188937756628427488969635e-02 -2.2051872955688972544052717e-02 1.6608042595823787231531610e-16 1.1118203931444890233166805e-15 3.2572378945349797496611188e-02 -2.1156458965273735456369408e-02 
1.8780171855931913904580455e-02 -1.2357096626281708490191491e-02 7.4776949580259557959216465e-02 1.2207495512152455319210276e-01 -1.0742145664374076361601138e-15 -1.3174918669746238590693741e-15 -6.9602613409746295389981430e-16 -5.0397688693459531098454547e-16 -8.1792781113951482097057522e-03 -1.9610968921669191811218980e-03 
-1.4000408787926476444907209e-02 -3.9438431115785474445623038e-03 -8.9602950114257284841556839e-03 -1.2199713324650196533127655e-02 -3.7298596800912287019258429e-01 -1.2020530684253841191555523e-01 9.5390256475023432210806656e-16 -1.0513211599510400191374140e-15 1.4614447724345364099107769e-02 -1.4064928327856507372928263e-01 
8.6667650536590336990405703e-03 -8.1544551079300350848733103e-02 4.2548487883236724753507910e-15 6.7903605806262418198964815e-16 1.5318144190335739041053387e-02 -3.5383105929869311523372488e-02 8.9687870744302716080609272e-03 -2.0755047493012282466828822e-02 1.3283788879457941733974735e-01 5.3411596085458867833040131e-02 
-3.2438911510783067227428019e-16 1.0208319751920331038167969e-15 -1.9442789517906033243625595e-15 -6.4656642178058777200054296e-16 -3.3352555397109552581813574e-03 -7.7414000493967183302856938e-03 -6.1979196798091999026647514e-03 -1.3171249768136088914571857e-02 1.4853738710672510434096516e-02 -2.9131320277415682917787620e-03 
2.6757471470376714695049714e-01 -2.8630686365510726876237868e-01 -2.7748808641502805277340041e-15 -1.9192572282129133780923113e-16 1.2104074722172247779994336e-01 7.3109099851310421769312597e-02 7.0093586713035060942189602e-02 4.2561904667466968210653988e-02 1.0187625827170571886916241e-15 2.3090643337511366531839249e-17 
2.5493442864159415739422343e-02 2.8925665033181058305444822e-02 1.4961004640144650798538883e-02 1.6952270590722226528690442e-02 -1.0488787923746913099964928e-01 9.7453763831186063226752481e-02 1.6413676868249398810681080e-15 1.5481307188549668596355100e-15 2.5732112691600464726755389e-16 1.1737806659057341913709760e-15 
8.4247109295402019396581395e-03 2.7829838953776994420891144e-04 1.4556648955442482232247592e-02 0.0000000000000000000000000e+00 
14 (band)
9.5801879566679171151832861e-01 (Ry)
0.0000000000000000000000000e+00 (Occupations)
-3.9788255206772182859253917e-01 -4.2905149610492174239162466e-02 -3.2450992758799979132078306e-01 1.8340983174247196818562600e-01 1.2605638356501766103697436e-15 -3.6014108138063407735705912e-15 8.8045948543336666203273921e-02 2.8874933374560851628842784e-01 -2.6017115850314365133044703e-01 -5.2586121249238726438335334e-03 
1.7116054337008918831955275e-15 -3.7980403973694955954330469e-15 9.6756722089501312478176942e-03 4.3513209033723396212955947e-02 -9.6193577228490367847513198e-02 -2.3207247422834330341512299e-02 1.5546773722710979792616115e-01 -5.0901864746977144859929609e-02 9.9187063295023207426369092e-16 -2.3279937218810261172652866e-15 
-4.0752401148438288221011665e-16 -4.7656297921854970642341399e-16 3.3232297440846755853804950e-02 8.1688899852757086011978416e-03 -3.0489258420446696540295761e-02 -5.1321819733272100449994468e-02 -2.0823189120316154543388620e-01 3.4174677260943175927110360e-01 2.7784570374575490170343528e-02 3.7171746950078260463001811e-01 
-1.9218533357794407728838022e-15 2.9591115657290058777960557e-16 2.9875635015050788778623314e-01 4.3277130660022672392628351e-02 -1.1553362606214497010359565e-01 2.3317089433992499447612090e-01 -3.0122209613331556919699402e-15 -2.7493956665293284068578376e-15 4.3491629531856978996273710e-02 9.7722133506462222074517854e-03 
-6.1955778446911934087548701e-02 7.7157385582942106250214920e-02 2.0137558773754320878834889e-02 -1.6234437434007914502487324e-01 -8.2870156239254151608950242e-16 -3.2250301859231927085097015e-15 5.5348093298344749170264336e-16 -1.0781411708926846528832217e-15 2.1541056708742099129461067e-02 -2.6591337549282466345967890e-02 
-5.9419065727042953695136163e-02 5.7357377805879738996708284e-03 -1.8832357801597940372140272e-01 3.5324520160453104500319910e-01 -3.3416158393086370370639315e-01 1.6583869379686955181085750e-01 2.8952795141377878212834570e-16 -5.7638596986945123132951488e-17 1.9010053863048770317334402e-01 2.3419117946634168681008248e-01 
1.4199451545538344099384176e-01 -2.1788946221676522285726207e-01 5.3994821546366888632050023e-15 -8.1143217327983116620398000e-16 3.0770839558769441657304355e-02 3.2724691411481578173781060e-02 3.4167628703006658330565415e-02 -9.2965405893739930243135916e-02 1.2919290083649390132869428e-01 -1.0030328921064490810266534e-01 
-1.2422397112587742033837814e-15 4.7288018839181343630783448e-16 -2.7807996917603141202057781e-15 -2.0555953055028599471381542e-15 1.1844419055660034001409286e-02 -3.2129242496285508046138801e-02 2.5400984800052182205343243e-02 5.3979840404853735025270112e-02 2.3944153493295500245707785e-01 3.2080475969395977342557558e-01 
7.7762540186981365941676358e-03 3.7296912259443570913930444e-01 7.2570403067828164039408859e-16 -8.3664309224781039648459219e-16 2.9284338729432868309032756e-01 -7.2294355557268680234628278e-02 -1.3669395566432773758691610e-01 -2.2125329974796137388892703e-01 -3.0076053728307536207694519e-16 -6.9208180844450756625836334e-15 
4.2711772340896160538026294e-02 -1.3908792134005974402977124e-02 -6.9569745452522091522240544e-02 -7.0498539430605675071284111e-02 -3.5749467735709916649256002e-02 -1.5960429508516887908697868e-01 4.1613856447454355284514336e-16 3.3799542166837487175409452e-15 -1.2866056345800232856415760e-15 3.8873485985324881761172063e-15 
-2.4028299431364936317168102e-02 -2.4397116890888762008593460e-02 5.9657633199339830942786733e-02 0.0000000000000000000000000e+00 
15 (band)
1.0432848635141929172220898e+00 (Ry)
0.0000000000000000000000000e+00 (Occupations)
4.4087486173227069530256017e-01 1.6534351841377414871203655e-02 1.5636858327145286562398496e-02 2.6296020179975115871329194e-01 5.4013619439869553931160430e-16 -7.9703309518194819512061059e-16 -1.9752110710813039484712306e-01 -2.1035494253380887519355724e-01 4.5264800116737030633018435e-02 -2.6241356994225706333878634e-01 
1.2426965234310218180114490e-15 -4.7243608378598432040506940e-15 1.9152001296687620746084235e-02 -4.5131026975057247918599046e-02 -9.7180873425983582691856100e-02 -1.4188901803004155821597010e-01 -5.9836557196475501085863868e-02 -7.6309889144348691525365780e-02 1.5477747880673016574659556e-15 8.3010251285415393666865859e-16 
-1.5832083392169101511851413e-16 -1.0836430299714732512519906e-15 -4.2687042781298409344081790e-02 -2.5388955559607857825898947e-02 1.1001868624171233512765156e-01 -1.1173419271057027923887972e-02 2.0267611513825439795155603e-01 -3.9187551703407613734597703e-01 2.4459135477115598322761514e-01 9.7814356002120572686209243e-02 
-2.4371625175678734796996001e-15 8.9479373649370399150763087e-16 -2.7443523967812716302105969e-01 8.9157662735243725649070257e-02 -2.1816608249147298459469368e-01 -1.5268707957718885559472710e-01 9.4565078975987443718972653e-16 9.5186642818075429837804031e-16 -3.2681248568447118785229577e-02 -3.6545105575149894328035316e-02 
-1.6976262540240771858890412e-01 2.7518477680407216201530218e-02 -9.4524419001297071973866082e-02 2.1650565138511192186943077e-02 1.0112720625598046653483532e-16 -9.9387787622043021724550656e-16 -1.3681942312827230148931434e-15 4.7906118583253384432361716e-16 -4.1147872658614081942118901e-02 2.7814299586562160615521577e-02 
3.6733666261911254724559228e-02 -1.0430529412987066262274993e-01 -2.4185050298129773249655727e-01 -3.6934744667576857590773898e-01 -2.3363293736573403913681091e-01 1.2227218652459291570178124e-01 2.4194808376751975950507557e-15 -4.6843463161700664551077555e-16 -2.8190620447710068585678300e-01 -6.0764822160562247110870970e-02 
-2.0135573849611632102352132e-01 1.7398754999410079302712973e-01 4.5301675770943433192079805e-15 4.6012328503464644598586209e-16 -2.8712959152412519808761360e-02 3.9337181516736562103542241e-02 -1.7164763017604148243044904e-01 -1.0053477965778379044081703e-02 9.6221861423650009714769737e-02 1.1987902836953794397101269e-02 
7.3140845750845636052490972e-16 1.3094684526012237116315873e-15 4.5894957899110998114913925e-17 4.7021427702517478158361567e-16 4.3786955848319937534274260e-02 2.3372944311435397968246264e-02 -4.7107000079895919308903274e-02 -1.0010747088273108662548339e-01 -4.3717049733551904822093093e-01 6.1572383563052918153957194e-02 
1.1159115573763450646183060e-02 2.6345836703218633578771346e-01 1.4364026792240718193265787e-15 -1.2470561999284143121595059e-15 -1.7501147895925237008007969e-01 2.2920395713731814280045285e-01 7.1695538337583700205790649e-02 2.5627241513814918993929837e-01 -5.0036690436358659151688999e-15 4.7610158676472524826719290e-15 
2.3367962597459220053242035e-02 4.2729219475815823081621403e-02 -8.2180665209978839835791575e-02 1.5103085654893977363144586e-01 5.1816254779241642525189349e-02 -8.1959942477486155687493863e-02 -2.7207684018694430910459044e-15 -3.7856672642527548016889922e-16 -2.1872295787860396250337245e-15 -1.4703623786242100736143916e-15 
3.9792051349668851323304608e-02 -2.9667906525998141709088429e-02 -1.1063713293043311858276923e-01 0.0000000000000000000000000e+00 
16 (band)
1.0762931868827132486643450e+00 (Ry)
0.0000000000000000000000000e+00 (Occupations)
-1.7833524278498713577789658e-02 -3.5310829175762004084049295e-03 -1.5847982285844830485643797e-03 8.7882524180482590736573911e-04 1.2046122375702329332575879e-15 2.0056452324143461053001179e-15 3.1566422449502745672944570e-01 -1.5798933951623081450854613e-01 -5.3732337082072190170833892e-01 2.9473131341965558283035875e-01 
2.2742327310128451206797248e-15 1.0972484019446408607631792e-15 1.3890406706976443640400021e-02 -1.9647515106737893642030457e-02 -2.6788848421069932914662104e-02 4.2999050419776217724088241e-02 2.9863356206890762090111480e-03 1.2046961752150142643813524e-03 -3.2091427901509231026959594e-17 -2.8355405612471824056147093e-16 
-8.2137510352658279948578526e-16 -1.0839692563164489847518475e-15 1.4952913188256716781054934e-01 2.4085762406486264930460806e-02 -8.8856865673059615140516598e-02 -1.2975544370693398166238808e-02 1.0788164681676204459392920e-02 -1.4632793224857665315141730e-02 -1.2041058614192801101694386e-04 -1.8081538987859691047788147e-03 
-5.5705648996205194924855999e-15 -1.1055052159983162601754937e-15 8.5497385176318725641397833e-03 3.5289011887289095659170357e-01 -3.7899701421569259585098166e-02 -6.1167521167064631271159669e-01 -4.3464177315140131535313424e-15 -1.0450131001210434370505247e-15 1.1863355655066415081377862e-02 2.0933920821402191014826144e-02 
-2.7500567147593107941716539e-02 -4.2547379981483057775903944e-02 -2.3615615542691981154632686e-03 2.1891825733141717647001201e-03 -1.1342788585411782355364982e-15 -2.4191023280242282246509795e-15 -1.6436566404912747476904081e-15 6.8343417066632426416745206e-16 -8.5459857245950260340450200e-02 1.2504278480486924474135435e-01 
4.9574036884028116478617676e-02 -7.4875377768496495511918454e-02 1.1304110092714397817204031e-02 1.3524440988794961260310856e-02 8.5200352240569210415799262e-04 8.8761096422303870090431133e-04 2.0438688246106861318263352e-15 -8.1232770692642527237315443e-17 -5.7387217510058596836586275e-02 3.4630371585407387913235766e-01 
1.2365625967298066179012039e-01 -6.0073670567139525466870964e-01 1.0940123358997384368749500e-15 2.9869056893151443325160000e-15 -1.6114636564356250858498498e-02 1.9540170525805727885781948e-02 3.4249928189754641483233399e-02 -3.8372086462990256938709877e-02 -2.2266899511705351422108379e-03 -2.4461329769797273206433097e-03 
4.7475601937790791314296136e-16 2.7475976201992259851319951e-15 -1.8821390613652989463271907e-15 5.4752058245591733255122480e-16 -6.6402600342451989501313392e-02 -1.3600584635656859378016748e-01 3.8215262899485819003686515e-02 8.1211567527080183448440209e-02 -1.7050336063176310674727176e-02 4.4698377129705479937626933e-03 
-1.1658998686785160270318329e-03 3.9298946831933800893921216e-04 9.1116955546820477795180668e-17 1.5548270794692289391271308e-15 -2.8891068165790628752276348e-01 -1.9937445767154454712155598e-01 4.9091254805966938468131389e-01 3.6766877791673036046660172e-01 -6.1839757236231520907475182e-15 -7.6177404251865677040680044e-15 
-1.0819196361335988582075274e-02 -2.2900759067624038012311871e-02 2.0137191730521902116590738e-02 4.7328301361189990814626327e-02 3.1614057614407112088705798e-03 -9.7325653927242210781967113e-04 -4.8550751202513027977374135e-17 4.7403098652980270482529756e-16 -1.4581530525240264166891497e-15 1.1584746611618883952990881e-15 
1.5133462120884713653090614e-01 -2.1743962335384735967691583e-03 -8.9753690835980171058849919e-02 0.0000000000000000000000000e+00 
17 (band)
1.1615105574335289340126565e+00 (Ry)
0.0000000000000000000000000e+00 (Occupations)
-6.9320461105173714067007040e-01 1.8967022502109948112192228e-01 -3.0557785523117830805972517e-02 5.2990392323644178174113506e-02 -1.0437519863325023147926864e-15 -4.6621146153641345427725991e-15 3.1004691996214855942426425e-01 2.7003775226906712170205083e-01 1.9003287607196872599502058e-01 1.3852040210127958275165838e-01 
-5.2632959128181118077153738e-15 -2.6644024188305918291711657e-15 4.4628809708829347835390422e-02 1.4775938738142987971535547e-01 2.6256096700459793935600317e-02 8.3359947641957934938439223e-02 1.3321637560467794458851643e-01 -3.8622257691210054586505862e-02 5.5558094071087923945177061e-15 2.9850164553196215747025184e-15 
4.2376134806524321540464968e-15 -3.5279061743621760485805763e-15 -2.5781110515526339810321588e-02 2.8435219007215822850653808e-02 -3.5848238099113131915895991e-02 4.6182983324220584775421372e-02 1.2353341755680692648500241e-01 -7.0798793901422807373080559e-01 -3.4936268223415965772371550e-02 -5.0211722708053366237557213e-02 
3.5622756870343688962730651e-15 -2.1333890995209586006244473e-15 -3.7634902137359182994202911e-01 1.6556235785858822162630588e-01 -2.0624907048771434769918187e-01 1.1296776845384454146525854e-01 5.5138803932301348478269010e-15 -1.8907281119861787266999304e-14 -1.5269871393973452611270147e-01 -2.2531532937442522862570016e-02 
-8.6605637970977075723588712e-02 -1.1735712865151182171530309e-02 -2.1774310443505119627705113e-02 1.3698233799699549573247737e-01 4.1024302285152555477542312e-15 -3.6993528188520093156807278e-15 -2.6664440537597095520532064e-15 -4.3310548030239554609577914e-15 -1.4751892429458551142529288e-02 -3.5434573641458647075275223e-02 
-2.6524175253649140415745933e-02 -5.2100213537471316838090019e-02 6.3266201391072307558260945e-01 3.4209680442644041509225872e-01 1.7624628214577997553647037e-02 5.9281946105255257928323687e-02 -1.4844603235439083204882887e-15 -1.6013679606494248089852090e-15 3.6308766884087928517033106e-01 -1.9264126294229544367198059e-01 
2.1577911008800518266603774e-01 -9.1948139640030401853465492e-02 1.6014722408206608342739840e-15 -7.8273768799662702478081626e-15 7.6998286238060209552003244e-02 -1.3478118755438320275352737e-01 4.3868059257411606832732787e-02 -7.5154224770326003013387606e-02 -1.2104581685089063625149208e-01 -6.7506129409621862258461533e-02 
-5.0479925992814034642560167e-15 -1.0512210467150557493267348e-15 -2.6961429056261669566514287e-15 -5.6503406446683298508396958e-15 1.8480351846010430877376152e-02 3.3830188879195310924785645e-02 2.4856297125666514807873497e-02 5.2822320176193059138025632e-02 -5.7891282729026105613456821e-01 4.2679197021867226746749679e-01 
-6.1144110274161694862371519e-02 -9.2937846171035429915230353e-03 7.4372525251211953099787473e-15 -2.5787223433629043704535843e-15 1.9711815716330807757294963e-02 4.1055420564583411380255029e-01 -8.6771124575848249116383215e-03 2.3439238992131225525206162e-01 1.4817140826122138716584663e-14 -1.7048109831984748081526613e-15 
8.9169388896538775979294655e-02 1.2705717093492324698544849e-01 4.9323464486354134939105620e-02 7.1692119336129664364243297e-02 1.1262017424278465693721074e-01 -8.0782817718208249635480911e-02 -1.3068222925976729946705216e-15 7.1286769701622010999218154e-15 -4.0956946034130738169884959e-15 -2.1329025118775709460188534e-15 
-3.8479021204795460509018312e-02 2.3173284348672320773210309e-03 -5.8378360850536922810327667e-02 0.0000000000000000000000000e+00 
18 (band)
1.1680928462602075956766612e+00 (Ry)
0.0000000000000000000000000e+00 (Occupations)
-4.9461773489845738281074459e-16 1.8554262349590033569770923e-14 -2.9411307420343456556735324e-15 -4.8679980461358009213605907e-15 6.7140251012195839575014134e-02 -1.3127096985158606679000570e-01 1.6433905837284251280678949e-14 -7.1500810020508437358440788e-15 -1.5315244223492065540060143e-15 -5.4540893693106305850624007e-15 
-5.6836351176106025828715929e-02 -4.1962187915629622914082120e-01 3.1491717923671399726531487e-15 -1.6881147016307713986717029e-15 2.2941389594446001432379628e-15 -1.4401752771881894415046156e-15 -2.4468592009632202982568405e-15 -8.6972982274335773839530364e-16 2.1409243320265874260810435e-02 4.7439177313729173623979563e-02 
1.2087142272405849985350557e-02 2.6918368307489292517997725e-02 2.9345030863966499261716630e-15 2.1010652039884820359712370e-15 -5.0944981276664766627307280e-16 -1.0986587513973268901694780e-15 -9.6552524823726533988533839e-15 1.2711618935369395019673783e-14 2.3818995168397147438311356e-15 6.8799159501366345745055410e-15 
9.0190596213687440618755886e-02 1.1664277597165713384885777e-01 4.9481562996802133404992222e-15 1.0685771640117285263025622e-14 7.1268155755230795825134979e-15 2.2159104800849659025601660e-15 4.0388496940613227703664734e-01 1.2723923832475630968374958e-01 -1.2002318482957068798028328e-16 2.7050548777821530193162387e-15 
7.3508379014267724207743726e-16 1.7490213111934723282119968e-16 5.9234352418461513921493616e-15 -2.1662418575427321356183759e-15 -5.2039863434039976275435890e-02 -8.2695678008667082570237739e-04 -2.9502922726667164809999377e-02 -5.2451047297954371886885561e-04 -1.2658398500485120889247807e-15 -3.6127566205597565439060216e-16 
-5.2037318668770058882734240e-16 1.3605432903357060842603841e-15 1.0040615004845714147719604e-14 -1.7708370400410546267269835e-14 2.5072722278378858969902697e-15 -2.7954104783902249086454786e-15 7.0276247122681934076382504e-02 -1.2962566850248416483459835e-01 3.0005908392610053185151890e-16 -7.2297627306217498568036235e-15 
3.9451122707298078726220271e-15 -1.1717563012469604484598639e-14 3.7816085474419119938360723e-01 -1.9049622899631332706427145e-01 -8.0953919546867327158608379e-15 -3.6796343385135503877758863e-15 9.1390689852374982154090118e-16 -1.6369262463020037244586550e-16 -2.1302093964504679636371855e-15 5.3161235829144263382898498e-15 
5.1223207804469275683523222e-02 -9.1853717652421520978300862e-03 2.9032551639747238014788167e-02 -5.2481463325541278727714989e-03 9.8545368774024995108614606e-18 -1.9483019223020552495601908e-15 2.6176346009578071604954379e-15 4.0374788723079262640806369e-17 1.8502496430416761774491406e-14 1.3258412382467244899464428e-14 
-1.0539356705850509144131256e-15 3.7721777161370082083397821e-15 8.7366640841297540931442711e-02 1.1877977484601826008159264e-01 4.7177068727338144943086669e-15 -1.0496275293702019603646111e-14 1.3404403363019526865713358e-15 2.2787461105562949593719251e-15 1.1353080558003984801285213e-02 4.2327952098406607106539923e-01 
3.5692983486061854695090581e-15 -2.5139591418885516321765716e-15 6.3327607306905639524113882e-15 -7.4498269919620816212058034e-16 -2.2518636702236728340543378e-15 -1.9127767353532445064069793e-15 -1.3498608270519654034336199e-02 5.0259085218556820429114396e-02 -7.6127944925165266787381313e-03 2.8503990153273529167821110e-02 
2.8606486626200160105930525e-15 3.1262261246669672089642842e-15 0.0000000000000000000000000e+00 0.0000000000000000000000000e+00 