121 (index of k points)
0.02705835604128714252936128 0.04679917547507374264714741 0
18 (number of bands)
52 (number of orbitals)
1 (band)
-1.5283499399796540707541226e+00 (Ry)
0.0000000000000000000000000e+00 (Occupations)
2.7172729667154360555514359e-01 1.8937697798763167278401909e-01 -2.4167888521908681420669041e-02 -1.6843528247385351759302097e-02 -2.3502193409997173877546844e-15 5.7589464246308202782808836e-17 4.7781594231089824509339792e-03 -8.6286624355588134593908478e-03 1.0183191977060176980351969e-02 -1.3586370384318716131311078e-02 
1.3043676265832684552456532e-15 6.5930471450411229608913661e-17 7.0513384955114694063738057e-03 -8.6355562942089618416741104e-03 1.0591381628753365751194337e-02 -1.6053894046264966660730877e-02 8.2074699374103249338574528e-03 5.7200950027229829908392844e-03 2.9708037469170933133127918e-16 -1.5578527825141562602714189e-17 
-7.9222755572237935998159530e-16 -2.1666505516464397929092064e-16 -3.3317232455205812724496894e-03 4.1223806169989624798022376e-03 -1.2040424711403652224817051e-03 2.8708371825543997635232785e-03 1.7120868130115013405756486e-01 2.8352592649576757732887700e-01 -1.5227584644158119811518937e-02 -2.5217294568060478338056285e-02 
-4.5585544264484384352924424e-16 9.0890798249801185369131113e-16 7.8746590299029802645369713e-03 -5.9392228500397131751853408e-03 1.4828883456306674037961102e-02 -8.2698896305101500525669422e-03 2.4193569815823868217997778e-16 1.0197604073749276605121206e-16 9.9541154308623435581493410e-03 -5.0209354783463007454447080e-03 
1.6205415549342835901391879e-02 -1.0358058974911165533994151e-02 5.1713246409368987532850781e-03 8.5638455772939752613792663e-03 8.9000847902188023853406068e-17 7.8350447204034908615689583e-16 5.6672080811549621729210898e-16 1.1501668592163620291740538e-15 -4.7204038906071069114922523e-03 2.4108481589907681912066106e-03 
-2.2676222086803025923540389e-03 2.1329120750148613389063357e-03 1.7183120580178512515345801e-01 2.8455692613291261316987857e-01 -1.4825763646493017589023111e-02 -2.4551821023876964356080776e-02 2.8958965371478451093151157e-16 3.3411355261913354819837414e-16 9.6470906583806109724221756e-03 -3.2032701193638922834705518e-03 
1.4007552462870886955670358e-02 -9.9746319326300368623972048e-03 -1.0364822484755765127776234e-16 8.7821821173852891376488961e-17 8.5839777942079316386259080e-03 -7.1835650727420556974078814e-03 1.6888983482664293722663729e-02 -9.0421089536321126028939332e-03 5.1720519079326652406303211e-03 8.5650512508113341159088350e-03 
-3.7901383430137380674014339e-16 1.9926954295076746224537325e-17 2.9521024218397475267290106e-17 1.7473332062375283560983550e-16 4.4344642211570847734058987e-03 -2.9349350195463381335558850e-03 2.8160615367625154228936601e-03 -1.2537913756200695300502268e-03 4.1235888656031199905882545e-02 3.2984573513118969900759225e-01 
-3.5578837718654838205567525e-03 -2.8459385909695062572000168e-02 -5.2699647836712411854765104e-15 -3.8203320861999417619081597e-15 1.0115943185689375838354209e-02 9.9749240227188463656093909e-04 1.6853584233202208858548588e-02 -3.4148948279548990009102383e-03 -3.8407245053589015339307349e-15 -4.8196651272369016451348582e-15 
1.0763673065278806309508219e-02 -3.0710949300852144819296008e-03 1.9106611186853104944471937e-02 -1.3910091162042609660987047e-03 1.2411843340687867334737327e-03 9.9282266954495365651744976e-03 1.8922183724799614604748600e-15 2.7799233925614875644037931e-15 1.2959155209845803032735526e-17 1.4100312780688451575810527e-15 
5.2448302637766999398372114e-03 -8.7753746465055507651464861e-04 3.0825631205874783405396222e-03 0.0000000000000000000000000e+00 
2 (band)
-1.1467535608810679459423909e+00 (Ry)
0.0000000000000000000000000e+00 (Occupations)
-2.9239570797280101110970918e-01 2.6877353154767047449524853e-01 1.3035918131869383973509002e-02 -1.1982772869940911883435142e-02 -1.4341392959160546658757354e-15 1.5034537684603067250915522e-15 8.6722872892456517868176036e-02 -4.1284084650576154118528649e-02 -5.9522070414078642741628755e-03 7.1942706824967728174158310e-02 
1.0195967156542796980636616e-15 -1.3374871738890470708520043e-15 3.4634902798173050619823243e-02 -2.4118452818680885529900593e-02 -1.1150779884233047445363241e-02 2.3599241809466875441358980e-02 -7.4471828554046274467603794e-03 6.8455395457529891189984994e-03 -5.1841148772919279289305021e-17 -2.1844247980098304282234076e-16 
-2.2194971444099150784196239e-16 -1.1257648963493261482936979e-16 -3.7414022721455088282827006e-03 6.1158584484329314712169889e-03 9.5832820241099573449483628e-03 -7.2680960076986489415418191e-03 3.7643681481675189681723737e-01 -1.2660879018507531501569474e-01 -1.6782736607196563349830853e-02 5.6446221456334377819530346e-03 
1.0146206996115550097017968e-15 1.3563663950320074864884725e-15 -9.6017036607732517139446315e-02 2.4415178113138058871300906e-03 3.4699346770750386093062900e-02 -6.3301952321000803936001944e-02 7.0995922338210746428111768e-16 -1.5981235334645500680073746e-15 -4.1450416662488782926221376e-02 7.9460189222265685538015845e-03 
1.9785420704417890080950571e-02 -1.7023549381889324649819173e-02 9.5876718445354943559655325e-03 -3.2246694025590133536596227e-03 7.0953954317706267186120117e-17 -1.0959389125897409293244493e-16 -9.7317623228574780065943026e-19 -1.2387764813062078956009584e-16 5.9054847856022489593907920e-03 -4.0653493048302125068005353e-03 
-1.1710964734039205209503720e-02 2.7418641338971851129091561e-03 -3.7566448749167369314250209e-01 1.2634882994238885722815269e-01 1.7179011364597061850556514e-02 -5.7778848115117714678845573e-03 2.2888417546153320096432556e-16 -1.0366116575412885788993010e-15 -7.7836786584559627955037797e-02 5.5992968909466533933283472e-02 
6.5792691251540150187970823e-02 2.9436337067157605784650798e-02 -2.4511839774363408954102932e-16 4.8870766886085559871863580e-16 -3.7940983660772135965810747e-02 1.8785791340957223860552716e-02 2.6137887276205494513359184e-02 1.6293967107743612121595334e-03 -9.5548385421924970223317430e-03 3.2136174248508847170469060e-03 
-5.2265007697459507828094138e-16 -3.8558679526991896977804023e-16 -6.1998694981430756590823530e-16 4.6104375062587990884937864e-17 -7.1429379226392239465859291e-03 3.2948064115418534969492725e-04 1.0958997344253200434405215e-02 -4.8792599793306603433995505e-03 3.9457728509454942367185026e-01 3.7371112876303243244269225e-02 
-1.8043885271299044820159097e-02 -1.7089729887021054381690544e-03 1.3460841756523643141309425e-15 -1.5121950180898659189488441e-15 9.3881835031103463840018719e-02 -1.9493049127888649463269388e-02 -4.8131777318041878144239121e-02 -5.3651730393901510274279332e-02 -3.6938319589078598967168590e-15 7.6103038355618682785316790e-16 
4.2301682989247274546684707e-02 -1.7296860203468529190717895e-03 -2.3215412845675829217606534e-02 -1.2119764490667357323405717e-02 1.0035875312283705496074759e-02 9.5051735229085762557410533e-04 5.5659980428146549987485431e-16 6.2455025324084532401769656e-16 -7.2571269175136500681104439e-17 -8.3017106219705586092483494e-16 
6.6594103434991901852013640e-03 2.6042990489678419577246338e-03 -1.1996116068850037894577554e-02 0.0000000000000000000000000e+00 
3 (band)
-1.0763415163582954470200548e+00 (Ry)
0.0000000000000000000000000e+00 (Occupations)
-7.7878788556065031700725854e-02 2.7175986839611709910968784e-01 3.9200203704416458627690645e-03 -1.3679000217545034256971803e-02 3.9998048418372196742098144e-17 -9.0664793836018204358506657e-16 -5.1964332483646152871514801e-02 2.0792558878126299326538629e-01 4.6298355669893202779530128e-02 -1.1556065871450456328251022e-01 
-1.9624534418484289365711560e-17 3.6971522936115203154456592e-16 -1.3242531795815401518545684e-02 4.2744578732669430420898493e-02 5.5386937384088591462827367e-03 -2.5320998412794858134500231e-02 -3.3016675205068020393373018e-03 1.1521237183292298150716348e-02 2.4265749236334867293023969e-16 -5.9583114205198651746496863e-16 
-2.8536226308807480467067497e-16 1.4148655753034204192781605e-16 -4.6669030588544040127896295e-03 1.5761042421014769335241290e-03 -9.0227306319171779458443439e-04 -5.3194577551969809969811820e-03 1.8168051011718241993797562e-01 -2.1658883632634232108138406e-01 -9.1448674319462575077466227e-03 1.0901972587946923143320532e-02 
-6.4813534417002594864169609e-17 -9.0017326921941798751384770e-16 1.3204273588324080823674933e-01 -1.6881367901023763833379121e-01 -8.9298406912085070974427481e-02 8.6738677089462243308126688e-02 4.8017715239291683047124606e-16 -2.2285257412766754528798610e-17 2.9483441231761303713554412e-02 -3.3662892812861548719194360e-02 
-1.5358826398869721008288991e-02 2.0879093385440812558062618e-02 7.7023327016329298094765576e-03 -9.1822647317000329059144548e-03 -5.8388632438864490628779703e-16 6.1868943380070098244053356e-16 3.9769492387951918734129136e-16 5.8061713741890843046826424e-17 4.9044874392636470666895221e-03 4.5835761237029981618462671e-04 
-1.3393509316812009408981243e-03 5.2265539862986418184753745e-03 1.8055060877754250392435154e-01 -2.1524142586948322164452918e-01 -9.5209589867057669437810929e-03 1.1350308750007018221417354e-02 -3.5080479448300514093786550e-16 2.0259816884009783822237488e-16 -1.4189711817350578182406196e-01 1.5860449029255305197771975e-01 
7.0046660011576722393300543e-02 -1.0176413812062114205847507e-01 7.1494593285337463465277589e-16 -7.2036346445040258147504761e-16 -2.8923800652172339947787449e-02 3.5455342463943134712067717e-02 1.7830017264704720036938568e-02 -1.9571128926776620859939726e-02 7.6826903218704077624945370e-03 -9.1588389987823960736168516e-03 
-1.8959211898698853643512484e-16 -6.7217872020395184445069655e-16 -3.9967714884248766854823425e-16 -4.8263732686062367796822811e-16 -1.3608330676699413597230404e-03 -4.8016509417392015668379912e-03 -4.9513626933676696539876616e-03 2.2044887022020231981400684e-03 -2.5248776352717411386450408e-01 1.2319627839069918762149314e-01 
1.3314415313289472073132735e-02 -6.4965001048470699326897737e-03 3.7803824030642912066779034e-16 -1.8600870026371785385155185e-15 1.9413972571467652539212168e-01 -8.7177654168591162120449667e-02 -1.0538201199859732748453922e-01 6.4475622783646241442667701e-02 -1.5467099156535300986418328e-15 -1.2727379212040902958444798e-15 
4.0844193675574007318385128e-02 -2.0625697476550155368135719e-02 -2.4248826562296658254647141e-02 1.0626994564779067981019622e-02 -1.0743722274636706426331756e-02 5.2421840937593782924763808e-03 -2.2212216417750798517400213e-16 9.1274237763446615607787187e-16 -6.5314142257622845682613337e-16 5.5715468086164203736097372e-16 
-7.0982451747958388160730792e-04 4.9400270807700812081275643e-03 5.4199412321012585200263878e-03 0.0000000000000000000000000e+00 
4 (band)
-6.8644066695816141621122597e-01 (Ry)
0.0000000000000000000000000e+00 (Occupations)
-1.4533934146400195874804240e-01 6.7753622232485474774499323e-02 -4.3524949993115069624138869e-04 2.0290388090854483138514297e-04 -8.3546294612587530967367434e-14 3.3966780988097917442169645e-14 -3.5198764104234336880239198e-02 -2.0005707160772651098668007e-01 -1.7095170224047318008331331e-01 -2.9469822801216882801611519e-01 
-6.9879971805847412416437898e-15 2.9604197298950429849258325e-15 -7.5041949872333701954119078e-03 -2.7183525645125355962861136e-02 -2.2776434836221881585771598e-02 -4.2448339642215920930468087e-02 -8.6738513741986544847151208e-04 4.0435266958837451367614335e-04 -2.6119114738170557467241852e-16 -9.7867609071163248103045974e-16 
-5.5934086186772667867887145e-16 -2.5793461608211863501369869e-15 2.4454183405764667522119815e-03 -1.0573967701200301036457141e-02 -1.2603135213398834746367783e-02 4.4419745201142136429434126e-04 1.6033197607417484786829220e-01 -2.7811779821118459699036407e-03 4.8014864699888470944699748e-04 -8.3299982568396657711673470e-06 
-8.8758346447281141753492636e-14 -5.0589722279684771152416220e-15 -4.9214870658987594498334772e-02 1.9707785619074719152266084e-01 3.6307583090189610164344458e-02 3.3875254907171670204490965e-01 -6.5407928863876266490355135e-15 2.1203215663781394320524638e-15 -4.2011127228420430679278752e-03 2.7885617454086228383935975e-02 
3.5420134177198137059860983e-03 4.8042498510982939441404937e-02 9.5686079976215615561230265e-04 -1.6597225578406787915852760e-05 1.4575532218907591733229019e-15 -2.8849544636764456778625612e-15 -6.0737591613473693632697937e-17 -3.8035575490946135607176528e-15 -6.5348209434835935471852508e-03 8.6651589162044240222115832e-03 
1.1694208306947102490869206e-02 4.7203623438535884798694653e-03 1.6023686930103128722713279e-01 -2.7794125788645693275746851e-03 4.6016167597727475335744884e-04 -7.9808410417239912526543577e-06 -9.3324905280998711098295656e-14 -4.3887756988491508219602333e-15 5.6137908865988433992910700e-02 1.9531404700969684506972612e-01 
-2.4602753670000476748924712e-02 3.3991916533296112623574459e-01 -5.7829652981134654068994721e-15 7.6329505417269050842619661e-17 5.0992963531014678935093798e-03 2.7682960721563676376177909e-02 -1.8369511699843979468660393e-03 4.8064315250109276855816631e-02 9.5636894017479476270970906e-04 -1.6589496893665983678900488e-05 
1.8254893199796487021442825e-15 -1.8192566206190105935398984e-15 1.0431806454377545008370577e-15 -3.1451358995024760892557891e-15 -6.8306857398709695805560926e-03 -8.4450278710738613946462650e-03 1.1521733674858300466858907e-02 -5.1298063359541852535006257e-03 -1.4751415304150741758526522e-01 -6.2635086573975470858322012e-02 
-4.2362470938062113390287777e-04 -1.7987375426607721262683981e-04 -7.8763226423921717840325266e-14 -2.8871951231382076299588913e-14 2.8156848171764316257625893e-02 -2.0126160506212925627167465e-01 1.6073331407280119775826677e-01 -3.0052476802416633328007833e-01 -1.0219586810865482033150593e-15 -2.7764333276719450796062668e-15 
6.6012354925906006897218248e-03 -2.7363713702269205907402494e-02 2.1227656632012304599443908e-02 -4.3161781519959252495510782e-02 -8.8043405741908113432830918e-04 -3.7383503270208121070997120e-04 8.5780008091718534344435857e-16 -4.3995884453629632347296645e-15 2.5088924486261474400205042e-15 -3.3220529081123354124875887e-15 
2.8052396437237493882765893e-03 1.0493207038904557582004173e-02 -1.2612107671548068027478351e-02 0.0000000000000000000000000e+00 
5 (band)
-6.5212021655273444409317563e-01 (Ry)
0.0000000000000000000000000e+00 (Occupations)
-2.4250354189189724816379340e-14 8.6558923735049112619637433e-15 9.1373249769925638730578519e-15 -4.7809506611353495135203752e-15 3.3027958388469058625958041e-01 -1.1628249496625076009337363e-01 -3.1978397719466223127778810e-15 -5.8847003161036209574374914e-14 -4.0582947870573965804557658e-14 -7.6424988749508057313511704e-14 
2.3075523733349936894576615e-02 -8.1242661050003606160174741e-03 -1.2787185430133562294257782e-15 -5.9475182685529809753392967e-15 -4.4635090799367333507442342e-15 -1.1418940943335996482608241e-14 3.1423399129509232610058389e-16 2.7559555841414187051857246e-16 1.1572603845075059292302200e-03 6.5153865198367688638114714e-03 
4.3353246276293735950169150e-03 1.0447126585785372621106859e-02 -3.9958733298623486798877212e-16 -2.9357955252209142995413178e-15 -3.3859730737132056671629253e-15 -9.5514534430461023702193356e-16 6.3640919875417777537543671e-14 2.5013553896130157288594101e-15 1.4226975102678320025413335e-14 7.5169841405945480627957707e-16 
3.4902176526217193464063371e-01 2.8107464131342848462358219e-02 -1.4327062527284107382737881e-14 4.5940125869609604230137065e-14 5.1915279986056257710325389e-15 8.6658710733537280946980861e-14 2.4384976612410416696441473e-02 1.9637746625947583023474863e-03 -1.0849239852474399871522632e-16 7.0899000453662486776518799e-15 
4.5667891371916239762416474e-16 1.2632948404264018607774170e-14 -3.6550818587355560396211121e-16 6.3159921550433572867764839e-17 -1.5928364735738182161178811e-03 6.4228019640085506208881938e-03 -2.8871307584068389706644098e-04 1.1307260423559228890155737e-02 -2.0619692982001617647380121e-15 2.1181324984277464843965039e-15 
4.1016190640847816707825187e-15 6.2792295010788108403911462e-16 2.7448811425569094667368514e-14 2.9893882026585130947486178e-15 -7.4998320208739962151637981e-15 2.0082365749294303717759980e-15 3.4905728145543551965701567e-01 2.8110336976294086896999147e-02 9.8125315064630362712820061e-15 5.6365211766507611366487765e-14 
-1.4452530777401690616137388e-14 8.4197825250376036374520449e-14 2.4349426464489995480811046e-02 1.9609112461699863827480073e-03 4.7542974606166474705460374e-16 6.2177004150281331114364842e-15 2.1207471053349425759933694e-16 1.2317620007997762914884318e-14 -2.7446580559284757444853803e-16 2.2479807204162090923187201e-16 
5.4386393269396839794671550e-04 6.5960966060339158364977941e-03 -1.5243319425998062312255232e-03 1.1209866135028464725897912e-02 -1.4476661012166777518602144e-15 -2.8350305902448266621445830e-15 2.9819144340186794795107866e-15 -1.0565910058910821855002307e-15 -6.1383085318902845291632990e-14 -2.6065233064757158997722554e-14 
-1.3290955138671237376751552e-14 -5.5822189413547593571848924e-15 3.0744618984024701946466962e-01 1.6765445754496721697535122e-01 6.2379114243481683430998811e-15 -4.8138450086240816158520603e-14 4.4804055398402459835381668e-14 -7.5230687821364960616391107e-14 2.1446733485691493042990530e-02 1.1695185541867911954705406e-02 
2.2168685871018949615681896e-15 -5.8051322739707338406201707e-15 7.2140258282758318442249373e-15 -9.4390030935216486098298885e-15 -4.9301628062875976183340069e-16 4.6387427951186943848509331e-16 -2.1860297653927837982501536e-03 6.2470434829791695457990031e-03 -5.9520098427891963629998706e-03 9.6207206314203597141698765e-03 
1.3941304238184967512053868e-15 2.9758571539843979112276351e-15 -2.8270362925367196599322287e-15 0.0000000000000000000000000e+00 
6 (band)
-4.3017278445689044463762229e-01 (Ry)
0.0000000000000000000000000e+00 (Occupations)
-1.6201629776723114328973452e-01 -5.2213929335431841227688210e-02 8.2148882656285920900174347e-03 2.6474697209534769903882534e-03 -3.1817905224572818830138935e-15 1.7786496955387871425413984e-15 1.4958746097562991561602530e-01 -1.6852178250348448518280975e-01 5.9533949288392375154277403e-02 -3.5566170305520805605681289e-01 
-7.7915619481018312379296252e-16 -7.0306167501479027793313454e-16 1.7922989469036254561729038e-02 -3.3162770946056685517078222e-02 1.5872449331826115476173911e-02 -6.2231929776079587812720462e-02 -1.6428791177813468257079554e-03 -5.2945414490788121619768702e-04 -8.1939521620963786883800049e-16 -4.3352607734418959990593792e-16 
3.0245228824999914824431459e-16 1.7519078569437868907507696e-16 1.9332080148162032740000171e-02 -3.9160224231158780039407930e-02 -2.9325550057670273645937797e-03 -2.7076084239199896264160827e-02 -1.2677193455440055602778671e-01 -1.1359776304218244247223879e-01 6.4278509133955386012360123e-03 5.7598800139446043599988911e-03 
-1.3398961866312474393633667e-15 3.2697872780553552426101419e-15 2.0519892959129515386251796e-01 -9.3109607205024230713874545e-02 1.9904761610663651572039612e-01 -3.0069849460924003015094286e-01 -4.3210815025294511593803753e-16 -1.8203858151275485018666432e-15 2.9861979745540168096340494e-02 -2.3005762191346590395113481e-02 
3.9812210195891983843807793e-02 -5.0395790010323626706423283e-02 -1.2854963539909256692306272e-03 -1.1518995664044316684648805e-03 -3.1395099816555141581551228e-16 3.4827767885560790078916352e-16 -8.7067158535463963427645193e-16 1.8195517842399157822278991e-16 3.3588632150844059676142450e-02 -2.7911579584911014317860634e-02 
8.3338133051983794008510387e-03 -2.5928011346498601452648103e-02 1.2677853871690725195975347e-01 1.1360361223202672387166956e-01 -6.4352893761808749317765432e-03 -5.7665167597439476177001438e-03 -4.5842280902136348664578137e-15 -2.3222601758638326285988968e-15 -7.0443116492110074977617273e-02 2.1391710511356692991924433e-01 
-2.7702431727173809639097612e-01 2.3092130722061321446147986e-01 -2.2607549785012954234597114e-16 1.7477953176149370108151273e-16 -1.9670305273610216856283728e-02 3.2161942382568198262049464e-02 -4.5731932711248445000418172e-02 4.5132118879577749759324234e-02 1.2839888237060966165448139e-03 1.1505637187941863443241264e-03 
-2.8190566050753749875859477e-16 -8.0491287710357705490902713e-16 1.7427725290027420657244262e-16 -1.4393104310923075761127244e-16 2.4041497108635762058881369e-02 -3.6439212520645525295037714e-02 2.4886169124961901588655167e-02 -1.1080036360622325108948871e-02 6.9611206297365002537702594e-02 1.5534754117522664440542712e-01 
-3.5334757094543159383626119e-03 -7.8854431902187216429922501e-03 3.6617356269856049209568631e-15 1.7257299990823144998823313e-15 -1.5136091431695719577987802e-01 1.6677120296510550279123208e-01 -3.4699846400960399073198914e-01 9.8281170441346224486700578e-02 8.5541778715882634411020420e-16 4.9146448678212234059198317e-15 
-3.1051158511736037803885324e-02 2.1380762438590331792065413e-02 -6.0135085924610941210399773e-02 2.2629389406402848627930524e-02 7.0500573299806228860786561e-04 1.5733375629063454069489492e-03 -1.0485786043471681255920184e-15 -7.3126362430119191809590824e-16 -1.8661183502177956613658190e-16 1.2550880378068361824667414e-16 
3.6784163454510084012571980e-02 -2.3510319251367439025157680e-02 2.7241303556713742511918852e-02 0.0000000000000000000000000e+00 
7 (band)
-3.9484968311238610727542664e-01 (Ry)
0.0000000000000000000000000e+00 (Occupations)
1.5539701767656399766792674e-02 -2.5477265592869807742104626e-02 -4.1516029826436928740207577e-04 6.8066111538468872244056485e-04 -1.0756533477772577713597669e-14 -9.2172180497811599986887837e-16 2.4695868630796469211929889e-01 -2.9419065892791279592799469e-01 -2.9216475298455266140784659e-02 2.3936637525699128170586505e-01 
-1.5723208138305526867566218e-15 -8.0672760327657561313292269e-16 3.7173821100415532781013894e-02 -5.3083062090348777373183253e-02 -1.3425489261991413458829925e-02 3.5612447209661494962329442e-02 -1.1478163503239671716649184e-03 1.8818624891934233878121319e-03 -1.5420942794235673028164618e-15 -3.9934741855828603534222202e-16 
1.2551642111746108299112839e-15 -5.2376217897302069779036774e-16 -2.4920306427020644246539405e-02 1.4058764611534957725269557e-02 1.5735220928755358493766892e-02 -4.1225725823009137793739853e-02 2.4558761444235629317622838e-02 -1.6954074125185819577055213e-02 -6.5611762180919908082898928e-04 4.5295396412509125738665716e-04 
2.2161764223234331143944695e-17 2.8105459837678921717432951e-15 3.4526610713157279697327340e-01 -1.6830939311163053972997261e-01 -1.2404965422582714396071424e-01 2.0678865374819033196018836e-01 7.6639448260304702330841879e-16 -9.1803628943367034820975056e-16 5.5550801886921928607332433e-02 -3.3373835048043282158758416e-02 
-2.6749681960553543802472376e-02 2.7072950950968344141500666e-02 -1.8140048445789013105422516e-03 1.2523079597873236490368498e-03 1.6307448579806423608123971e-16 9.2149876964269877466590438e-16 -8.1085001013297409198067322e-16 -8.9204106079111547186989812e-16 -2.8484047463240277919815924e-02 2.7073187715816425524817390e-03 
3.1142852932773034541069634e-02 -3.1261483626316775852327368e-02 2.6242463641244235389438089e-02 -1.8116786083348448976870770e-02 5.0743070393205642887313189e-04 -3.5030721319254110035501526e-04 -1.2609018643985796418526011e-14 -8.3522178171789894837072127e-15 -2.7820218311315486614532233e-01 2.6164311351232494295970810e-01 
2.3592993925297989221689932e-01 -4.2523477964439504450666618e-02 -6.8837176468513668051644660e-16 -3.1620713559288023426538043e-16 -5.2229331794521383081075783e-02 4.1061608062282518860630631e-02 3.5598006782328932284809042e-02 -1.5919027805974095279850644e-02 -1.8240117336962653662307821e-03 1.2592136874701952663213600e-03 
1.6330629174848974770618669e-15 2.1482300945896786691337436e-16 4.8883456719499152944682639e-16 -4.0539153156418001409795044e-16 -1.2383835237592028671871347e-02 2.5523564050970587446798277e-02 3.9865120727810905709720402e-02 -1.7749095289309558404200473e-02 3.1342444211422973432412675e-02 -5.8767360673427741779573097e-03 
6.0604379457693258181905094e-04 -1.1363090229877907677558113e-04 1.0757448481139777768036279e-14 1.1217352957995867511141737e-14 -3.6057018235791471472140302e-01 1.2586785583195692073132932e-01 2.3282858100800263301266568e-01 5.7114221345499226190067787e-02 2.3325751651990732036892042e-15 6.3188254785074335490222063e-15 
-6.4415129438455981381039805e-02 1.6268062447303978379498091e-02 3.8995249327960966601036574e-02 -6.3741765026633593477223272e-05 -2.1784859821450948229315525e-03 4.0845653498862958966433845e-04 -2.1189428994938758599907765e-15 -2.4166658893513203010796904e-15 3.7322367004355913227316381e-16 6.1164947515317754463258066e-16 
-2.1694565190153947131790346e-02 1.8279976429583934260936218e-02 4.3637807394872531185914255e-02 0.0000000000000000000000000e+00 
8 (band)
-2.5861389686877850335733342e-01 (Ry)
0.0000000000000000000000000e+00 (Occupations)
-4.1199255558788185452448845e-15 -7.2329614392544266848216923e-15 -4.4758697336654721178756362e-15 -5.5319606799829786890048326e-15 -4.5884872882052396558805185e-01 -6.8734411138330481216840440e-02 -5.6101522333532247083513396e-15 1.0122106483273969732224702e-14 -3.7932683218790119621141262e-15 2.1499558221629815577442161e-16 
-3.0576883475661731370820462e-03 -4.5803301016429653902406471e-04 -3.1048916203265753542661808e-15 2.5528934635474614635371270e-15 2.8330687088395835762492473e-15 -2.1230823423624066345051304e-16 2.4298081666436211495305762e-16 7.0961715846404383876121707e-16 -3.2814121490109003642654528e-02 -1.3103451543610540597217806e-02 
2.1740897728463270954790687e-02 -1.0904881063267257701454582e-02 -8.4306237752523871968587174e-16 -3.3907172732422403113944726e-16 -1.7975908278127955141837368e-16 9.0538740573574530258280796e-16 2.0354879225645588852948304e-14 9.8445007525127314144924279e-15 1.3183569630390451275505944e-14 5.0860001713530323141723496e-15 
3.9122236831931955780561339e-01 2.4942260070283053807749241e-01 -1.2641561893373416850898706e-14 2.9741642187487394242562306e-16 1.2909582277797765222661331e-15 -6.9159147682873616055019929e-15 2.6070384919017058900081452e-03 1.6621078698358590641781518e-03 -1.0637351936334620544541653e-15 1.9754908342125763276138084e-15 
1.0011524747599200993385718e-15 -7.8606168787121081427142876e-16 -4.7591496278922181938721137e-16 -9.4049711606142035990984158e-16 2.4647537741326767946059562e-02 2.5317304256441523074849798e-02 -2.4296713081677898116161884e-02 1.1192848029687521571595710e-03 5.5265903565964752752821124e-16 6.6550023367930408424171164e-16 
-4.7216886563683276163820566e-16 6.2800337503246688446992447e-16 6.5573698898677939288972614e-16 1.3566434424920930728669260e-14 -7.5564155197399849836140524e-17 7.8927239206795802750415506e-15 -3.9120140312020806883097634e-01 -2.4940933211858171136832141e-01 6.3796239033907768077063676e-15 -5.8982676370089825282598107e-15 
-7.9384794126395440469632380e-15 -5.0272098201993356146698126e-15 -2.6246319461204897782735657e-03 -1.6733280063809738424929208e-03 2.6601035696433150857034757e-15 -4.3354145654160869947089496e-15 1.3625203814047343083535303e-15 -2.0337484392887952018531479e-15 9.7360763712795987449985534e-16 5.7324743597295162072133564e-16 
3.3348860741276728503201809e-02 1.1659083813143265168088547e-02 -9.2366688688446350885552505e-03 -2.2496735337073914262617791e-02 3.4516689303144534983611151e-16 -8.5847154326117804344473957e-16 -2.1090504661166836306406879e-15 6.0780401319876510439102979e-16 -1.8291428590827707729713303e-14 -1.3365298218984243755066477e-14 
-8.7840121575466111581088451e-15 -7.1013751703578978269451126e-15 2.5593635036240025559806099e-01 3.8696270791154141477363737e-01 5.7207915781624015024554991e-15 -6.3979333048464289063714206e-15 -5.6294417636180536462720140e-15 1.8394278052193620962419697e-15 1.7171167763909566013336150e-03 2.5961951863811166298090516e-03 
4.0290526204667814079306575e-15 2.0534447391151773494882495e-15 -4.5122455063632294724402226e-16 1.2664095104041930918430663e-15 -8.6261020235590961720158592e-16 1.6605184195027517341471186e-16 -2.5723523637266404451295898e-02 -2.4215306725002612442398942e-02 -7.1212972126583832643137439e-04 2.4308682067918852692800513e-02 
5.6622628629526435641424451e-16 3.1461126479887287895484168e-16 -1.5601007182167859556937899e-15 0.0000000000000000000000000e+00 
9 (band)
1.1173848860145709979696527e-02 (Ry)
0.0000000000000000000000000e+00 (Occupations)
-6.7851103904760257412354749e-15 -5.4914993513930695017318068e-15 -3.0335920615829319209881472e-15 -4.5041312677756550712735632e-15 5.2034545358752926080825318e-01 6.9793853389510884799307178e-02 3.8859888213464436470753235e-15 3.4865585611903921524561343e-15 -4.6009671118445611351879616e-15 1.6738404857688651650005301e-15 
-2.0032499818538052061001054e-02 -2.6869567365181770690618634e-03 -5.1707912012718973342254529e-15 9.9621430263357612574591402e-16 2.5964225490110331155972059e-15 4.3517535203514690077762855e-16 2.4029041041890696335780197e-17 9.3110769486330724576028476e-16 -6.2614579432738098896393808e-02 -1.5597940288028314115287287e-02 
3.8391636639413959097844042e-02 -7.3024366431626297480050880e-03 -1.4322615880738498013310510e-15 -1.0810618933099072339878095e-15 4.3790902039547946915745721e-16 2.4319800368009139519588419e-18 1.7932505127861673466909233e-14 7.1716979923114726246330374e-15 8.5559438086070957291561091e-15 3.0505646337832403971604174e-15 
-4.4697150790643741524732491e-01 -2.7540342074859136545228466e-01 -1.0329254402519465892104493e-14 -4.2868327068070395241472194e-15 2.2708762104571096180716299e-15 -3.7576424629719084341042584e-15 1.7207715451799499017937478e-02 1.0602608849419523778800922e-02 3.2552915490498326258537493e-15 3.6369562147542167059574065e-15 
2.4596087001524039656101868e-16 6.2701862497300304160714767e-16 1.7125720691013002333995185e-15 3.1893369592711781421585914e-16 5.0857010752993959956658188e-02 3.9717071342653627319396747e-02 -3.8042673830289683301053572e-02 -8.9441775822230590309303011e-03 5.4965962663504015805789343e-16 3.3071497153731211106596725e-16 
-7.0245024902112297354231440e-16 -3.0135751091223666493587746e-16 1.2610200829377222250325134e-14 1.4893943662519754380250757e-14 4.5365862508308335397267245e-15 9.0314664021147876460656892e-15 -4.4698377073427958405815730e-01 -2.7541110094814957864883809e-01 7.7440519381739295204776297e-16 -2.9178009027393376741834545e-15 
-1.9246846041735004777495967e-15 -4.7555324497468811005146990e-15 1.7228259819904521987776747e-02 1.0615270562664627998494815e-02 1.9386280471898392830525545e-15 -1.4671729752728882784904069e-15 2.6832884397067079724986644e-16 -1.0116421520978363573510508e-17 1.5561814317043183218008501e-15 4.5640867234862754916218067e-16 
-5.8347250407930255355903881e-02 -2.7568362339064445692971006e-02 2.5095790646300391441014810e-02 2.9961043276898264436924890e-02 5.6726550037197372001431354e-16 -4.5439952490836752918333885e-17 -1.1194456153402105416135922e-15 5.8455187397521097348028023e-16 -2.3607354365185570568351495e-14 -1.7998746211322597034623570e-14 
-1.1296744689740544216678835e-14 -9.5120923210776951177075538e-15 2.9632020674696057938035665e-01 4.3340523866094904370527274e-01 -1.7465674296025801773518411e-16 -1.8913555640793252112157057e-15 -2.3773550251175502819722104e-15 4.4307893330080119098824271e-16 -1.1421178988262609479975573e-02 -1.6704896768879009399944024e-02 
3.7179789879424897371598824e-15 2.4017424448658504632578080e-15 9.4268684628139441205201394e-16 2.9347654194824167201737663e-15 -1.3704245969078396400801317e-15 -1.1448217272021455654896012e-16 4.2089802425260461338218931e-02 4.8916916951360377152635550e-02 -1.0739891386957533397916720e-02 -3.7578152634202714732492012e-02 
1.0029057846828662117181564e-15 1.1597588594870632567197684e-15 -7.2181742873474563120940406e-16 0.0000000000000000000000000e+00 
10 (band)
5.2381267017314370182390348e-01 (Ry)
0.0000000000000000000000000e+00 (Occupations)
1.2090585220068687799521712e-01 6.2184726311934501730149805e-02 4.0227788324314270318460274e-02 2.0690237024608815197268541e-02 -1.6675611091484268031742153e-14 4.3875892977267214803246967e-15 -2.3695915970614361834023498e-01 1.6170253989124619420358897e-01 -1.2917021379745904918756594e-01 4.2402836572191693331745910e-01 
-1.5285384810329288112269854e-15 -1.8507867498538564552273519e-16 -2.0622780815510416418945283e-02 3.0933482187194411006103678e-03 -9.3583063586853004744980922e-04 2.3214032912374719941350776e-02 -5.0631822522689634569204031e-02 -2.6041260101165135398826322e-02 -2.8058385718187903212899777e-16 -6.2040903653413718015726699e-16 
-1.7049163125986863772822224e-16 1.8139566861442366304882101e-15 7.1698500170819051691140089e-02 -1.1358135256219897835094912e-01 1.6987075835074444407624128e-02 -7.7880544404004811709363310e-02 8.5160185254052722658713037e-02 1.0598541470581505918868714e-01 2.8334435744316766037087518e-02 3.5263587631596017557544798e-02 
-1.7985791270366050095286294e-14 2.4706876148860600423880503e-15 -2.8224331224641041604428437e-01 5.1342647653798201279329305e-02 -2.9047073610601659154895060e-01 3.3483092828369009907873988e-01 -9.6418393671280822743372710e-16 -1.6524016938500923285804896e-15 -2.0098025808541239434212855e-02 -5.5621264248275625874384787e-03 
-1.0296921644674003962216524e-02 2.0826437709778655715808782e-02 -3.5662536764616115103621041e-02 -4.4383692400907323594161369e-02 1.7847057814004521771719027e-16 1.0413182194755566447106806e-15 8.3072821424459213907722814e-16 -2.7348940653030352088493491e-16 1.1169753720487278492168315e-01 -7.4599321437732568629286334e-02 
4.7195337156872831096965371e-02 -6.4238151380151570224441571e-02 8.4653081349390466026072488e-02 1.0535535970366101399253722e-01 2.8121248661326970347262844e-02 3.4998205259301418124096017e-02 1.8463687445837851269753854e-14 2.0318766154078584557529634e-15 -1.1111775139793955702316453e-01 2.6439992635306908130843340e-01 
-3.8950579083895980891938393e-01 2.1172111693856959790949190e-01 4.4006442003106621871698396e-18 -1.4906783944618551533110972e-15 1.4063657186204336912993540e-03 2.1120424787569730407099655e-02 -2.2639361812632166626180208e-02 5.3261061798740710893085293e-03 -3.5646525057482850162848820e-02 -4.4363851710647252135633067e-02 
-1.1174938719131251879950468e-15 -3.2031864400356633570072898e-15 8.6907998060471603624359838e-18 -1.6476097182831162388879811e-15 -9.6992197282994602192118805e-02 9.2947418012047589019886118e-02 -7.2791769808150469378560388e-02 3.2408983969315546813660944e-02 3.4482552611756811522525368e-02 1.3067842042819116654683853e-01 
1.1454986458764596091164378e-02 4.3410393719408357782185703e-02 1.6253691226351581247464848e-14 4.3817501247186210392101455e-15 -2.0905225551915079806875042e-01 1.9634569053990166831447084e-01 -4.4194598231683568378969085e-01 3.4990586860333926233490587e-02 5.2490886143343450846371337e-16 2.6676059953190949306215023e-15 
-7.3056716635727355149687590e-03 1.9866488599800075781631747e-02 -2.2848408696304847720348619e-02 -4.3426179165447238023078924e-03 -1.4520316930611678121754160e-02 -5.5027143152377770707328608e-02 2.0794729365639938649178313e-16 -2.3229526317017245612959311e-16 3.3175437337205256749879078e-16 -2.2748339899258443138628792e-15 
-1.2641190203753838172673341e-01 4.5461410802382411222577474e-02 -7.9680512007176768074501183e-02 0.0000000000000000000000000e+00 
11 (band)
5.7689572447940573596270042e-01 (Ry)
0.0000000000000000000000000e+00 (Occupations)
4.0877077679029344414729508e-01 -4.9971392668561132044402484e-01 9.6911003997191269565547600e-03 -1.1847178344217945689109683e-02 1.6119319655304729333568538e-14 -5.8489013374827840955015817e-15 -2.3624753698500225440604083e-01 1.0882677099071946802411048e-01 -6.6960635254728395615586578e-02 -2.2943074698285104151551650e-01 
-1.2080528315542349171593335e-15 1.0221309771141771311763596e-15 -7.6148333554881264539915264e-03 -3.0303930823755292900401059e-02 -4.0398562318747166521859526e-02 -1.9126749136204934664817756e-02 -4.4368051208911296612313890e-02 5.4239025029712804870651865e-02 -6.7556970627611652632618037e-16 -1.2798647492171026734728422e-16 
-5.3753176295278876328841503e-16 -1.6589307457023948308657471e-15 -5.1480137043559616449872607e-02 4.7270908931189639656800239e-02 7.1670825782765332223611665e-02 -9.6632910350368417251587516e-02 -5.7668265137995544655780122e-01 2.9024933432946720124334661e-01 -1.3671942299082306959689959e-02 6.8812103183920336757495306e-03 
1.9026389084726752471500748e-14 -1.2536416180693103634524235e-17 2.6008669980136217558808198e-01 -3.3276721911244255824868787e-03 -3.2146307658446171551247517e-02 2.3683076075279785310812031e-01 -4.6566977928424462149022370e-15 1.2214298563314491350528838e-15 -5.3692226713663721016089880e-03 3.0781250109587349195194861e-02 
2.9126373366368127348913220e-02 3.3904730414246853076321031e-02 6.2593230609330169356141482e-02 -3.1503702736896163627555723e-02 5.4435572327910586645460877e-16 -1.0163961960979993260611621e-15 1.1596715096142098346563088e-16 -2.7775397224255672434640063e-16 6.6256256167858906813705744e-02 -2.2245266009312619770454944e-02 
-1.0477870290342587711318600e-01 5.9127405228380711110780510e-02 -5.7623815024393010286729577e-01 2.9002564238045847044844550e-01 -1.3589290521742958262052525e-02 6.8396035471145685824545524e-03 -2.4547985743627633596972433e-14 -1.0455134150990066576824714e-15 -1.5799960024587741957979858e-01 2.0710319647447891777680695e-01 
2.0958690420955455868678996e-01 1.1517201322621370418453068e-01 -1.4954406755209572098589520e-15 7.2406223255516718093894916e-16 2.8019487955904628928571753e-02 1.3986019702391161434462674e-02 9.8305521151991030748273914e-03 4.3633079889117548644250633e-02 6.2594636529857278217647831e-02 -3.1504429323847005228742546e-02 
-1.2287867229312629534181600e-15 6.4049917245088858255768585e-16 -2.0904288108325813979279582e-16 8.9531356983968935904231885e-16 5.7345161633092979480696982e-02 -3.9950730016616212147972931e-02 -1.0990915352079015654407357e-01 4.8934707919939660070163256e-02 6.4438380086212954100943762e-01 -3.0574437381085541043379550e-02 
1.5196352015458061690544866e-02 -7.2102634471106876248858164e-04 -1.6301809825524373751101050e-14 -7.6748840972540255145441090e-15 2.2857627601306909626011077e-01 -1.2493395740069999921839639e-01 -1.4462248629405702327055394e-01 -1.9046154337517667842760716e-01 -5.2544823257107791718222859e-15 -4.6426129653479682978399558e-15 
-1.9908449244866059657521618e-02 -2.4173417240665639321717251e-02 8.7665162083444755913852475e-03 -4.3859247702956453973666129e-02 -6.9997051699723353279658511e-02 3.3211959707086786790231070e-03 1.1324732759793911682069276e-15 7.7376001312647100100143076e-16 -1.0782017134591707827413118e-15 -3.6174362635311523827005760e-16 
-6.8636837742544615226236715e-02 1.3172429399764996535426853e-02 1.2031054678150987502505131e-01 0.0000000000000000000000000e+00 
12 (band)
5.8046518854459783209875923e-01 (Ry)
0.0000000000000000000000000e+00 (Occupations)
-1.6626277903880923303425732e-01 -6.2491958957908100291689379e-02 2.7272799304807293641061960e-01 1.0250855776191195034563464e-01 1.2917924127409666281719482e-15 2.7266209510921601206388138e-15 2.5687464375131141558483705e-02 7.2291623372622709764456772e-03 -1.3008069591536775000406578e-02 -9.0855216992866694170061237e-03 
-1.8866237932851504829557058e-15 -5.0046082976682553485145981e-16 1.2399825763619476415300369e-02 -1.4497901002753582622162298e-02 7.3916599479175726372659483e-03 -3.0357710632710255271859978e-02 -1.1867273944204662083912183e-01 -4.4604793106259532642354770e-02 2.9323376130086431873236727e-16 3.2732709942449487422219945e-16 
5.2126992218302474486418829e-16 -4.1950094281067210151994373e-16 -1.4659551515718842462643323e-02 2.8838547953485157981923237e-02 -6.9796255783705074549061464e-04 1.9511748984887111735275766e-02 -1.2647083696548291897876481e-01 -1.2471440985433465686860188e-01 2.0745543255899853707369118e-01 2.0457469566937386273863808e-01 
1.5535297643283331240327817e-16 2.2357067229992365346474246e-15 2.0526301177755001958757930e-02 1.7052201443899978744456192e-02 -8.1880482920008434977177103e-03 -1.3590895636827221570896995e-02 -2.4595081356790983495118348e-15 -1.6937414330806319236845224e-15 1.7224632087076613418119564e-02 -8.2010281013113542347703344e-03 
1.9100210683055729443680093e-02 -2.4726689699764270446991077e-02 -9.0270538253874169076773626e-02 -8.9017057792825010631432292e-02 9.8105844094788786372930744e-16 5.9013639632189413902066773e-16 -1.6672975727230032256999862e-16 -7.6838500813537456573145947e-16 -2.5121860883173502410059541e-02 2.0382747716437735197025916e-02 
-8.5737638062504638314376137e-03 1.7540982708450059135429910e-02 -1.2799874592274396167823625e-01 -1.2622160295666751128607075e-01 2.0725039485254787008372546e-01 2.0437250492419120617704209e-01 -1.5849730679237550120824838e-15 -7.4667590424056361055890834e-15 -1.5197262917161301343238478e-02 -1.8591724672254471284471578e-02 
1.2947046140129397917561960e-02 6.5305019176041811945765403e-03 -1.8100206224273893584294495e-15 -1.6613128629092733120620477e-15 8.3938432764110657013922889e-03 -1.6978833864973934958397805e-02 2.4286356879384768392426963e-02 -1.9733003648245484029644103e-02 -9.0175972047257510477713538e-02 -8.8923760766395701371500593e-02 
4.4887200739505178745910237e-16 -4.3312167486940951975986521e-16 1.1268853653268404578643843e-16 3.7799544242514978212989173e-16 1.9521441302029533815254325e-02 -2.5719545900244944469648090e-02 1.8087000058282835801559685e-02 -8.0528512561769197142247378e-03 -6.5593721858240819355678752e-02 -1.6737095226939696646084599e-01 
1.0620687023367141044172257e-01 2.7099990341454860409697858e-01 -1.0129120717513750903406648e-15 -7.2911744352287338659719666e-15 -6.3214548253318972315106805e-03 -2.3165669326791295257184089e-02 9.1715207640139517764055199e-03 1.1231948447331890558742451e-02 3.4645878245869344394754824e-15 -3.8579977225470571218973439e-15 
1.4574071286394629440308357e-02 -1.2096852917276492561660106e-02 3.0212826671186309573924333e-02 -8.1488445801240049631841700e-03 -4.6211297713440027679077104e-02 -1.1791376987927797148625331e-01 -3.6605309366523668589496695e-16 6.1207264645687267944861520e-16 -4.0432564254718906817989522e-16 -1.1734424580687542609171234e-15 
2.8294805788334258245253494e-02 -1.5555888827771745600014874e-02 1.9798686432790875422416121e-02 0.0000000000000000000000000e+00 
13 (band)
5.9368884445604408472974001e-01 (Ry)
0.0000000000000000000000000e+00 (Occupations)
1.2715432428928441499493829e-01 -1.6618303074782755923699540e-01 5.4918625835744319663156432e-04 -7.1748039936343765976545228e-04 -1.5457839912915226363040026e-14 8.0997637403227291252664144e-15 3.2679685804999258902370229e-01 -3.3909384848785062427367620e-01 -9.0928385552205337472031488e-02 2.7105661511569806298993512e-01 
-9.4602598519397462960128774e-16 9.7237229032309538144626083e-17 2.1969216219662884848062845e-02 -1.9184611551962049702524382e-02 -2.0907333745216749587569893e-03 1.9211452519271032812753219e-02 -9.6796953586552048065527742e-03 1.2650609047663040340747642e-02 -1.4307609844659244249405224e-15 1.3968405745307913802813855e-15 
1.8578947614129546347856903e-16 8.9966668233321083234178778e-16 6.3215009372789232600098330e-02 -5.1259700448320011378910976e-02 -7.4806564382593421225209340e-02 1.1582047479114616905793156e-01 1.8375398343242127507934924e-01 -1.0009742987077790976613301e-01 7.9353218082474363814782237e-04 -4.3207678468359933532383366e-04 
-1.5684591143762553459556270e-14 3.1101429986772277194068575e-15 4.3646567885764248062585580e-01 -1.7685738800790190561329496e-01 -1.9331587129884333919882522e-01 2.1063863321120213090154039e-01 -1.3349429429494420789911678e-15 -1.6480866790000045467080122e-16 2.7872962186427818753742258e-02 -8.5903294849067890481819632e-03 
-9.7239816830432673766537732e-03 1.6700157309790186754838714e-02 -1.3988307982849241400957752e-02 7.6198196363236811445851515e-03 -9.1891981133069663492963414e-17 8.9577475655500960866945130e-16 8.4700221139551915348505067e-16 6.4280732025542958763274650e-17 7.8598983151880102981934328e-02 -2.1116205803673022967092976e-02 
-1.1544762820640908085323417e-01 7.5380697775267513360830662e-02 -1.8256823833284635538731777e-01 9.9451444201724886751136978e-02 -2.4499911903399923529534021e-03 1.3347871876402128687999493e-03 1.3605667140144964812576394e-14 -4.7644746155938764278080841e-15 3.8623438809147303540925122e-01 -2.7115127868812871625436856e-01 
-2.8221226748000866058063707e-01 4.8650516969912460663039155e-02 -8.2526986773509792604804130e-16 -6.9566435733562461145263665e-17 2.1459431358209879459053582e-02 -1.8355437260061155391177579e-02 -1.8869436120812266288737646e-02 -1.2499262100550967424794635e-03 1.4812581455826706253176006e-02 -8.0690595924407960276569796e-03 
-1.4760840691858976884725841e-15 -2.2575684492178724200478938e-15 -1.0361103975911711350692816e-16 -1.5844363072949360414268965e-15 -6.0415530928097302409973679e-02 5.4710772023739702440980892e-02 1.2612386059408492444688932e-01 -5.6153960632030305855089125e-02 -2.0723493140173968041217734e-01 1.6596222723488502498456754e-02 
-2.7810851831040553361340528e-03 2.2288757998127975423763303e-04 1.5801821939763612809499934e-14 3.6091282388868579576375398e-15 4.6312983168187016325134664e-01 -9.0613340546117915330626147e-02 -2.7760168300651988371186007e-01 -7.0341611508186283052701526e-02 -9.4725731837502761341642201e-16 -6.3006354575326613977687652e-15 
2.7069994973902947871247093e-02 -8.0401892601599869725426117e-03 -1.6729696866049872938653209e-02 -8.8167555153980288473736238e-03 1.6813948716283669965187997e-02 -1.3466330822057683089948421e-03 -1.2584238548194811541803204e-18 9.9419793099736989927603839e-16 -1.3270174934882102699951631e-15 -1.9802407128506434243684283e-15 
-7.7445209602387765635000960e-02 2.5407567030303536415036803e-02 1.3805975338895648540926686e-01 0.0000000000000000000000000e+00 
14 (band)
6.7467937397259813980809895e-01 (Ry)
0.0000000000000000000000000e+00 (Occupations)
-2.7408119056977168149863784e-14 1.3109831067388328536086423e-14 -1.6997754519073376101682909e-14 9.5498797150571937316694286e-15 7.3751228820728242929760654e-01 -9.5147319097937943510601144e-03 2.9358260976536584030600418e-15 3.0380330694123858189636947e-15 -6.0390769883103728056969410e-15 1.2220220520535158808302958e-14 
1.2519090596444723550995093e-02 -1.6147552669498743682652275e-04 2.7980773751263672145411700e-15 -3.6518100478716450561334546e-15 7.9810155660813299769016684e-16 2.1221429646203177605045629e-15 -3.9387817776121564508938479e-16 -1.8804457549663519196827685e-15 8.3055941393285620533148972e-03 -2.6207575494242296709757056e-02 
-5.5790563605070788225082090e-03 -4.5070378714382491880385828e-02 6.6012181968775243917980998e-15 -1.3952062023551134070161007e-15 -5.0978834573422440770594323e-15 1.5875101617801273520534657e-15 1.2087843641154791927991445e-14 3.2759992686517252053617766e-17 -1.2658291755266132204508843e-14 3.9494948313914253331455941e-15 
6.7762099097632821909087397e-01 2.9128113218732304412483813e-01 -1.0501835836955366322798291e-15 -1.2765276647516664726697901e-15 -2.3722479243623077810407647e-14 -5.0293888320561672096125051e-15 1.1502436362064577535235799e-02 4.9444576491417951968898592e-03 1.0599476865767282592496530e-15 -1.2269566586671575086463099e-15 
6.3802119409194126893497651e-16 2.0695984137823456973742835e-15 -5.3392490323967025211002534e-15 -2.5168166655596896642831895e-15 1.8247119077830852018617946e-02 -2.0563622070372818834149697e-02 1.3235052942548258814170481e-02 -4.3443046404915516833789013e-02 1.4614742531384185089356463e-15 -1.7464430099728731300926220e-15 
-1.5443735614910063122863474e-16 -3.7948025307289646607776257e-15 1.4092905849975446335536556e-14 -2.7910387450440096803208203e-15 6.1740490247897058434405674e-16 -8.8678326465505683210380196e-15 -6.7763782763758950711263651e-01 -2.9128832516797426022137074e-01 1.7697363416711688015084157e-14 5.9293271999658890248414367e-15 
-1.6244711211997412601389568e-14 -4.5534481051588231522260980e-15 -1.1528309961556452989395183e-02 -4.9555032678878438434644238e-03 -3.6977452725788729240944312e-15 3.5911998927401466917026597e-15 8.3902325680448123817217341e-16 1.4045962556393868209670018e-15 2.3562393890288821655265107e-15 -6.9670196699120690437256210e-16 
-2.3692890817778467643650586e-03 2.7386789802861674636424993e-02 -2.2413543534598755202491560e-02 3.9494046164111402952290319e-02 -5.8067545762078469244079091e-15 4.6133426519173292448673904e-15 6.7259195360969705767201189e-15 2.3138082768248509658750969e-16 6.4041555497431959262199853e-16 1.8971792780007796382141377e-14 
1.6482730570479815389877919e-14 1.6367941487591570193359210e-14 -5.0057532384181402385081583e-01 -5.4172526153504685364481475e-01 -1.6515112085475980410596459e-14 3.5392024275508948981559904e-15 -1.2631221773626568562688396e-14 -5.9198284223104600764697393e-15 -8.5160504361336489959066753e-03 -9.2160635944548447567870042e-03 
8.3635956893581335120713754e-16 2.5408813072819881755784054e-15 -1.0472230137952075819062019e-15 2.7602678961249280441289134e-15 5.3002280685383583773963135e-15 -4.0516862261300133314005539e-15 -1.3303664226526514327564321e-02 2.4055400736778906334301098e-02 -3.6539466642850369770822994e-02 2.6963197021982861223410310e-02 
-3.5335617437233140725672998e-15 -1.9731473558682229333582874e-16 -2.9308931421472498118305954e-15 0.0000000000000000000000000e+00 
15 (band)
8.8564076631195964850462587e-01 (Ry)
0.0000000000000000000000000e+00 (Occupations)
5.0648448879166407810004102e-01 -8.0158073446604527489967040e-01 -1.8934123744311109893700973e-02 2.9965859308242394354326876e-02 -2.5053958518322823372812629e-14 9.2870826745759223239677681e-15 -1.3762604016680735075084385e-01 9.8701631113256582672477180e-03 -1.3712542511412123547032138e-01 -1.4262930438358573104196125e-01 
-2.5104331802772342298168451e-14 1.3703734362737647825136186e-14 -2.0003166174653821962614586e-02 -9.3576414443940492127183006e-03 -3.1177075432796672038726626e-02 -2.1596803276718590236527007e-02 -5.8571950203514216992672914e-02 9.2698135706147655188402723e-02 4.4108295839093183515713430e-16 -1.5909298904602415865042335e-15 
-1.7006320369556881588976363e-15 -4.4237141102972880509931751e-16 -1.4221416230733481544934449e-02 8.4083307468267587392318774e-03 9.9786050675065400550334260e-03 -2.3909161597829298173678580e-02 7.8872886117096119296121515e-01 -5.2627463819727293703465421e-01 -2.9485395762145649722896223e-02 1.9673972725269203709608234e-02 
-2.8344653263082685994180938e-14 -1.1091272443039912203321738e-15 -1.2974220086019108699737501e-01 -4.6960710895304645651204822e-02 -6.7257744778885270031665300e-02 -1.8607228823480517765354136e-01 -2.5926455422234420585650717e-14 1.8935498238502149227858825e-15 -1.4467705929825769306518168e-02 -1.6684651495925122144381447e-02 
-1.9697464379636032277831603e-02 -3.2410520534669418069029234e-02 -9.1211867587638731369459322e-02 6.0860602405933710012941873e-02 1.5736027304797084588048459e-16 -1.1135057669368274627479215e-15 -6.0056960563542547398211761e-16 -6.5589138276256312446446611e-16 -1.6411886420587877555288259e-02 1.8970212633286076542304954e-03 
1.8840641459340945473854845e-02 -1.7783441646789601570111117e-02 -7.8863432585106030270338806e-01 5.2621134942699798742182793e-01 2.9459399640602478009920873e-02 -1.9656583154378112765492403e-02 -9.7892554321675279383909529e-15 4.2314310672833744724605971e-15 -6.0097482903400251119663267e-03 1.3763558422651450685592067e-01 
1.4584873179223908912227614e-01 1.3379759666084034552824278e-01 -2.9050177792586972553024514e-14 3.5839716132436022226694318e-15 9.3324864843253446666793138e-03 2.0034962231633646201345300e-02 2.2585486488230110957431407e-02 3.0351827177168583249411427e-02 9.1274887502747786838241950e-02 -6.0902574115053439984812655e-02 
-4.2263210726791035882044654e-16 -1.3896827413224511862162012e-15 4.3957107177589206747768177e-16 -9.2992598981523993907172723e-16 7.9717934541831542150092105e-03 -1.4397706066661922208460567e-02 -2.3540960396470758664300149e-02 1.0481110847038723962731943e-02 -9.3448274392988672776283465e-01 1.5995150975715954899669669e-01 
3.4907553372868091456915352e-02 -5.9749649380534276127407978e-03 -1.1073177119853842544048628e-14 6.6457003745386550371156109e-16 -6.1471613743118692918532275e-02 1.2329197793735902077827404e-01 7.8819061121918637669025998e-02 1.8155221023571915806016364e-01 -2.6148034263329732806315057e-14 -1.0969324858533650796768413e-14 
3.7669735494912613693596626e-04 2.2098712964923585000409645e-02 8.2876682942514302843139973e-03 3.6914118804968087950157951e-02 1.0815506742442922150093665e-01 -1.8512428606091271832134737e-02 -2.2541883637931326967152153e-16 -1.5690673633708846465657436e-15 8.0865128509437813635979044e-16 -1.5497005233775040433463484e-15 
1.3138670332464720547083203e-02 -9.9105384693736146145548460e-03 -2.5768789280370692218458117e-02 0.0000000000000000000000000e+00 
16 (band)
9.3371239879115319748592583e-01 (Ry)
0.0000000000000000000000000e+00 (Occupations)
-2.7508837891082080813315992e-14 8.8555315237512697429394658e-14 7.4870875529242541192681022e-15 4.4327995546619603309339721e-15 -1.7506289805936869896640928e-01 1.3670494337805128015617129e-01 2.2317614078067764332007729e-14 -1.9323921099618422499752355e-15 1.8048781297691813064801064e-14 1.0767665557443483349676960e-14 
-2.6578090815198135432595450e-01 2.0754594028046904896633862e-01 2.4302897405316105455674398e-15 -2.9681182733965243600178812e-15 2.8072121572681996517592543e-15 2.4476100922139076915647966e-15 -2.8146982498158909900336112e-15 -8.8594653559182076861226673e-15 4.1071638505891920091495084e-04 -1.4401443681725328849196899e-02 
-1.6000265532766337617243124e-02 -1.1859048558807150364202698e-02 3.0858592248239441499221873e-15 -2.5799701962544907455015646e-15 -2.7252878547942679820402168e-15 2.8837817907171228474609171e-15 -8.4111221042010751513409907e-14 6.6055097280396523049717796e-14 -2.3930513345624639203909358e-14 5.8604633751718911752111899e-15 
-2.1553082508309145959302100e-01 5.3681684585547895238732963e-02 1.4468921271355022241882523e-15 2.4908765047150754680561649e-15 7.5192336160090846895069944e-15 1.8489951506033767849023104e-15 -3.2721948040063991713921610e-01 8.1499816633715083113997935e-02 -4.7409492516683982082803247e-16 7.8620020472451695113711772e-16 
1.1254043819497743553829705e-15 4.1698165498956615209792551e-15 1.0740443570899818129699478e-14 -6.7042640984469054937816684e-15 6.2328029459572040216208677e-03 -1.2989320055482676125047092e-02 -9.7934602983783657775829212e-03 -1.7341674233570615604183018e-02 -4.9844313613539990543110059e-16 8.1949210165683494182670296e-16 
-1.2086458758117001839008612e-15 1.1875527064506089505743834e-15 8.0911754277318490400461519e-14 -7.6282191026900025288571964e-14 4.6271692205521331652187282e-15 -8.0107386683205197932164514e-15 -2.1552155334458911184469798e-01 5.3679568515074840839851333e-02 -4.5809871353063234047654305e-15 -8.1580237752539028628061443e-15 
-3.3151870764026008725929914e-15 -9.7527872385265460416509104e-15 -3.2717033678387019701716554e-01 8.1487593156832974217174126e-02 -3.2308475474988223079034968e-15 2.3986352090640006969005525e-15 4.2832659122735813672873030e-16 9.9099052143402198240130785e-16 -9.4943467620988282740401988e-15 6.8544525533162216750965050e-15 
-1.1604854574057101718187468e-02 -8.5513968595456422983058786e-03 5.1725990652716361331564521e-04 -1.9918152012921935822831188e-02 2.4501313352792898861570289e-16 3.7815681278841377659222461e-15 3.6395564604623081528263607e-15 -1.7819939097456717146727775e-15 8.4101255618204275503940905e-14 -3.1636852208818755069529129e-14 
3.7861897205985743911727864e-15 -2.6873607814320383371001862e-15 -2.1872218358322026432460916e-01 -3.8621787123537705543885323e-02 4.4497273817219377191523516e-15 -7.2967335574151070234260451e-15 -8.8658279027819869323418423e-15 -2.3419085921960679099139026e-14 -3.3202896513970436842555500e-01 -5.8629543900887655383247221e-02 
-2.0301260114657101140016750e-16 1.4301671813313592090474433e-15 -5.4422246237208339043247195e-15 -4.4927716326368010390417807e-15 -4.0967353723117707181197335e-15 6.2423844606473527331854174e-16 -7.1233957309916476688393949e-03 -1.2532209350073816173098962e-02 8.5739827232836386683434426e-03 -1.7985748738421038911416971e-02 
-2.2036822227956823632650960e-15 -7.7405325388522173549967175e-16 0.0000000000000000000000000e+00 0.0000000000000000000000000e+00 
17 (band)
1.0531648741396431034900161e+00 (Ry)
0.0000000000000000000000000e+00 (Occupations)
-4.1715495976487676488275724e-01 2.6705974650193697872424536e-02 -3.6602201818845697678383999e-01 2.3432543236625552607321765e-02 -1.1121159731571012052149316e-14 5.2298164646557727486848574e-15 -2.6539725556189697197595478e-01 -1.2536786671583652341688264e-01 1.3250136916271140763434744e-01 -2.5470013951270720209407727e-01 
-8.1814394266706906274247949e-15 -1.1763441046996882966254384e-15 -1.2774528503431575865434411e-01 -1.2286315297888178443841412e-02 7.0848733220628984375011328e-02 -3.9929842958286942966594779e-02 1.8215988876411967622992449e-01 -1.1661744379800706439276325e-02 -5.0733241366880112853533274e-16 1.0565387815137803241974199e-15 
2.0467370587290349770395326e-15 1.7497527895831635058321652e-15 -1.2119721527972998620370504e-02 4.4547098341473231886133988e-02 2.7506527653852662351763314e-02 2.3437735378134622044044022e-02 3.9195231711166422794434538e-01 1.4527508612715450686536656e-01 3.4390862609338868072228479e-01 1.2746787352056754283324835e-01 
-1.1099311388173603045548668e-14 8.7398774652691230508999125e-16 1.9146075204113713330578150e-01 2.2247603397335319330707648e-01 -2.2464190365887459766014445e-01 1.7878699342598541877080720e-01 -8.8600432800781411099816296e-15 -3.3157876535686787576449398e-15 1.1170383024096462720731182e-01 6.3182795930487284374876822e-02 
-8.0964468696514621526283406e-02 7.6609507459876134000120729e-03 -1.7115459770924756899290742e-01 -6.3437568045452405463002776e-02 2.0970796221471549596919075e-15 -1.3237521658671195737643975e-16 1.6097728710874096545894357e-15 -2.1662133559846005060459639e-15 2.9190853786453571649950334e-02 -3.5766264492933456942136417e-02 
-1.5595477586057731808621973e-02 -3.2599349412068184816959615e-02 -3.8903703490041358081796830e-01 -1.4419493842265232452781731e-01 -3.4213742462300805735608833e-01 -1.2681186081142920007991393e-01 4.3859802533209074738797982e-15 -1.7727555270196494342118662e-15 2.9084073147866096320512952e-01 -4.3793982536955405882039827e-02 
-5.4154504216112703263164008e-02 -2.8226118693345170207464889e-01 -4.1604161095688880842527509e-15 -3.1242747372765197654622735e-15 1.2564627431147556979595947e-01 2.4874196319275829192285698e-02 -5.6330006861795053896280194e-02 -5.8402705236132029797957443e-02 1.7116828993508495515563084e-01 6.3442795991384220988251741e-02 
-6.3715064147257473031880689e-16 -1.0123647368305606860571783e-15 2.4000917439942918795849615e-15 -1.4883857045132054696007734e-15 1.2901897306693754438611244e-03 -4.6162713471975112822232035e-02 3.2910397015257490671569229e-02 -1.4652652794434029362435901e-02 2.9675365089759742076580551e-01 2.8996424860619368635283877e-01 
2.6097905959592304636629478e-01 2.5500822697030633978698688e-01 3.4113074690003099734491711e-15 -4.4222208662851839287588395e-15 -2.8350884658705161056602151e-01 -7.8287788960740886667899474e-02 -6.5333366294655595418738869e-02 2.7988504644688388944828716e-01 -6.1247914342085283726276413e-15 -2.1923505965417269833504133e-15 
-1.0466633605995556699497229e-01 -7.3828652884038101222863304e-02 2.7705501626470337844798664e-02 7.6265003976759865311763065e-02 -1.3056550389911011911259209e-01 -1.2757829374183185522362294e-01 1.1219592566486186417230424e-15 2.5422321250522765371101682e-15 -6.2203945007259852091940196e-16 1.4953919863789391824101756e-15 
-1.9954714079070658139247740e-02 4.1646969765633375104574299e-02 -3.6024914512265450439176817e-02 0.0000000000000000000000000e+00 
18 (band)
1.1892471620590092662439474e+00 (Ry)
0.0000000000000000000000000e+00 (Occupations)
9.4090017407816584071866828e-03 -2.8789662881974159569509197e-01 1.1283747413394953906795593e-02 -3.4526469005322862892981561e-01 -2.6078333115515732522048417e-15 5.8874347407071493460244560e-15 -1.7286770928715278206055928e-03 1.7532157472451556645687276e-01 1.0223842485787310030431740e-02 -1.0106576151162441346009757e-01 
-3.2921947869759903510935138e-15 1.5855377554079485049214805e-15 8.3626151142045385133982904e-03 2.5011861719123407166165407e-01 3.3288007606608258082125928e-02 -1.4336772580742326854696955e-01 -4.8065409562790470388016217e-03 1.4707330057431441949766793e-01 1.0578081950380416881025101e-15 6.7838787711084737452447248e-15 
5.5382809302921983849167956e-15 -6.3151032053710918253407080e-16 5.6931008251284616339393807e-02 -2.0157445373333554572425896e-02 3.1112257743191075454181060e-02 3.9263046948589425122477792e-02 -1.2569365914937907779957982e-01 2.5917967175140621538531605e-01 -1.5074001718654497783411728e-01 3.1082547574456709238432950e-01 
1.5044528134412202264632534e-15 -2.5512642832736110246534402e-15 7.2888933861452107065836969e-02 -1.5946111190166298299253356e-01 -5.0447093425976238800778617e-02 8.8169755982246564296467284e-02 2.8653872472319946706986578e-15 -5.4588910952308795124616939e-15 9.4092777665817653454105596e-02 -2.3189610860972542649705019e-01 
-8.8723015658393952764804169e-02 1.1743348221903801564813818e-01 6.4211094213706979005884534e-02 -1.3240314934950078717967870e-01 2.7855665904272812273646772e-15 -6.1322605941086446334540183e-15 -4.5366381261575277885404245e-15 -7.2110772794446958794212398e-16 -6.0207835651307897717465778e-02 -4.7411845220363957320586223e-03 
-1.2452741827530484919339671e-02 -4.8523073465547669758102245e-02 -1.2657889430136723407649413e-01 2.6100418745236897422046241e-01 -1.5085658518569536323816749e-01 3.1106414961073891589649065e-01 4.6694095510500452197323605e-15 -5.5155281168361418508824504e-15 -7.9256521536563678820286327e-02 1.5434357270058376987442728e-01 
3.7594544149293945833889552e-02 -9.3229437383768667957362197e-02 2.5758804109086923127644378e-15 -9.4070095503118728776356435e-15 -1.2439061779687082820444743e-01 2.1798484566006065543675163e-01 3.7029025278031979517834316e-02 -1.4295568123851662423184905e-01 6.4242369656188763604731662e-02 -1.3246679791589549557428995e-01 
-5.0409066408309362961390140e-15 5.4424711960119299089758256e-16 -2.0086798475453892425848469e-15 -5.7665987583783446453649599e-15 4.0822413366279966528971102e-02 4.4294493664291952061962121e-02 4.5745209785746102082448772e-02 -2.0367079609778335202996402e-02 2.2179554094771436467681269e-01 -1.8695491532970534565016862e-01 
2.6433553613644494850731803e-01 -2.2281233987909487836986955e-01 -7.9442223334448367645478509e-16 -3.5276294956187093127339860e-15 1.3518162187428761633611884e-01 -1.0876333825097037055762428e-01 -7.2264153434120820262975826e-02 6.9878250358302779199348720e-02 -4.7815348203176570655378184e-15 3.7251368338123062063992187e-15 
2.0229890822062790434188173e-01 -1.4854484328331757359009657e-01 -9.1973011734410678452711352e-02 1.1553545180554683491358503e-01 -1.1256742568694154404962404e-01 9.4884715752052206649835853e-02 7.1244899102379077734961839e-15 1.4643307136297412533351413e-15 -8.2938593343013139409507366e-16 8.3395028705032224582112856e-15 
-1.9276936643410742810988978e-02 -5.7069004859642995242108299e-02 -5.0074366198409943351510520e-02 0.0000000000000000000000000e+00 