172 (index of k points)
0.09605716394656935164242384 0.1661370729365117815401476 0
18 (number of bands)
52 (number of orbitals)
1 (band)
-1.2703911914652865622343825e+00 (Ry)
0.0000000000000000000000000e+00 (Occupations)
-3.2383610432803955347935698e-01 -1.3670202720505222893088160e-01 1.9722002119179737888998716e-02 8.3253258415885988963367481e-03 -1.8646647595380073010170520e-15 -1.3919342346731776348291627e-15 -2.8704036257160524259202106e-02 5.9438145227531345715643596e-02 -4.2568303530960999170318360e-02 1.0578967436344216546117991e-01 
1.9404036402411124473303185e-15 1.2751378765771871962219018e-15 -1.7023989415739279595918276e-02 1.4882228605433488882736626e-02 -8.4042377303375423447384662e-03 3.4621399266332376909449664e-02 -1.0177537834420850512695544e-02 -4.2962775937830897932112606e-03 6.6984070579660527642073575e-16 3.0565896236638984981903966e-16 
-3.3434217121583125813083082e-16 -5.9143338383431287200299896e-16 3.7365707209863208149158709e-03 -7.6860919326705531319510190e-04 -4.5466722706878357276871760e-03 -3.2698424327959260682341380e-03 1.0912468710175693420438847e-01 -3.3413929636196926242774907e-01 -6.6458331455243671581634146e-03 2.0349479594314691388579064e-02 
9.4297762399753096890441284e-16 -8.7729214001687433820185690e-16 -6.1631579138720415933505592e-02 -2.3629711348424488337460758e-02 -1.0898067892428384140224296e-01 -3.3566758685212000345998717e-02 -1.6255985706284540658534550e-16 6.1389946490828000439934861e-17 -1.6254565256590147032111915e-02 -1.5718971092624274554783170e-02 
-3.5203225635064720744349387e-02 -5.4777188567210546854546749e-03 3.4295755255785305946891750e-03 -1.0501347020656991160247884e-02 6.9096866762328861323093477e-16 3.5740119339072437589524077e-16 1.7346622043176854752481660e-15 5.4846987554028761834409960e-16 1.0785817525784668902133490e-03 3.6591504817238065805362623e-03 
2.8779189044851418745329941e-03 -4.8043398143289700596980651e-03 1.0937110637590549688802355e-01 -3.3489349076134838911755764e-01 -6.4786590399133958326216565e-03 1.9837636153556395535169088e-02 2.9666262387776035597343399e-17 1.4859987733974333714847519e-16 -6.3802047195290131909040099e-02 -1.8697715019991855561753979e-02 
-1.0889303714095936725936298e-01 -3.6799532777479625200722779e-02 2.2862193238437547633621933e-16 -2.2341711887363552281310984e-16 -2.2355855974677055209021148e-02 3.9913589578427508333668960e-03 -3.0975341691890347084470392e-02 -1.6645111572288911333528105e-02 3.4371197829490777314598304e-03 -1.0524432474628205025357630e-02 
-2.8253430875752094174056025e-16 -3.9058527919514431302747736e-16 1.0768992360778411362939421e-16 -8.1870408346208652705922361e-17 -3.0048893538297902910949588e-03 2.2189604892685400351626246e-03 4.5434812845186831747890110e-04 -5.4106875461425226608858097e-03 3.4287091046925738391237815e-01 8.0964361407849266827341239e-02 
-2.0310182988275034265956975e-02 -4.7959668576408528983812118e-03 -7.6867544540883983579475979e-15 -4.4417334363757235915070555e-15 1.3293321782535724023821544e-02 -6.5142868905699119475016801e-02 2.7558537118033587381971117e-02 -1.1159043947550861819451029e-01 2.1562570368933077829149339e-15 -1.8034294988594759883628836e-16 
-5.8480505172628163834680493e-03 -2.1943462530748865380036960e-02 1.3994785029141570270594386e-02 -3.2259533849260293991711990e-02 1.0775132579709519736743673e-02 2.5444035067164203281486756e-03 -2.2805036905552721961347609e-16 1.5827553819608314183414527e-16 -1.9908817711892974944442658e-16 6.4519939280918665895249291e-16 
-2.4626209435126967910167917e-03 -2.8086729553784121372894678e-03 5.4297303748733699926831697e-03 0.0000000000000000000000000e+00 
2 (band)
-1.2072426956043129653295409e+00 (Ry)
0.0000000000000000000000000e+00 (Occupations)
3.5157304153690105419372003e-01 4.4386671742734633283600232e-02 -2.0641399233678886515619411e-02 -2.6060026926783188411240744e-03 5.1810473082661570338927066e-16 7.9724779033038844770658912e-16 3.0581717388081571668001502e-03 7.5739999362562510087926171e-02 -2.3378521867010906842843099e-02 1.2737793109076783748534467e-01 
-7.7586936005513855735561960e-16 -4.6946460892419872895681688e-16 9.0117673935703173498934504e-03 2.2526124745211609234907257e-02 -1.1344264746055765513688129e-02 3.5560347049138962827186106e-02 1.0831465169720611019243961e-02 1.3674910103851425913212836e-03 -8.9459706185976154272402620e-17 -3.3923373227362138535310798e-16 
3.1829056405328855803331760e-16 1.4703578736493620383337814e-16 -3.6653958779366475374816847e-03 -9.4939966556865733847414557e-04 6.5068028261402342457553338e-03 5.4133903900486883553622164e-04 1.4812127495278378658261076e-02 -3.5405420636248707833004801e-01 -8.6963530010442297892014896e-04 2.0787071626455856654391852e-02 
1.6571057293357434226567995e-15 1.8323961246119138263926547e-15 7.5218467307322872672514791e-02 -9.3852061119156140328589899e-03 1.2888746304994569413793215e-01 1.2637819519302531320881222e-02 -1.5528948992451180763516410e-15 -2.1669350615215535004887893e-15 2.1693037193444879989767671e-02 -1.0865099397450200813253218e-02 
3.6384895516274030902170722e-02 8.3288656582511666481849488e-03 4.5634137978465497825775188e-04 -1.0907906395428707338468577e-02 3.0524947766052399959922500e-16 1.1158621259250216146683427e-15 -1.2391490140862383626449338e-15 -3.6867298111266117901309081e-16 -6.3935756472976307263067497e-04 3.7319845352557761558598415e-03 
-5.0347416486516780725901654e-06 -6.5292806360873886437068414e-03 1.4838213737504522132804041e-02 -3.5468120577576489615978517e-01 -8.5139374168577593160467387e-04 2.0350872406555076815637406e-02 -1.1042255594498308614766583e-15 -7.2091193870160571035765261e-16 7.4845860800207206220413525e-02 1.4290663908504900106444246e-02 
1.3052633088111276205012246e-01 -9.9151104051601636479862378e-04 5.0985337900025248949489756e-16 3.5931117355373766904599138e-16 2.0304835038304224620331340e-02 1.3497304323412565724149559e-02 3.6337484334123336393584935e-02 -5.7925090639554793064958105e-03 4.5742120332436511306872795e-04 -1.0933859724827217976828031e-02 
-2.0959745794649234684040037e-16 -5.2404890095537899637325045e-16 -1.0574061727641054617503661e-16 -1.3874317390699296671926317e-16 3.1052835786889989785897193e-04 3.6787402088106725336902336e-03 5.3282665444788360545325112e-04 -6.3452633849793065382027812e-03 -3.5467891858777350622133895e-01 1.4892784389107176223898676e-02 
2.0350741824646315092373072e-02 -8.5450933194888237676850595e-04 2.8823264735779286137814365e-15 -4.0967501083352298927583803e-15 7.9776043133696471904015013e-03 -7.5779177768628941391781950e-02 -1.1910195557285844364381333e-02 -1.2998558915978958294701329e-01 -1.2345684752851287853127491e-15 -2.9317885057768892816456102e-15 
1.1750902568999155653473032e-02 -2.1363048442242304342242321e-02 -8.8128362458836026482877912e-03 -3.5725338994782696033780667e-02 -1.0933789159544776009580502e-02 4.5910483991638405699281522e-04 1.5815798214154156389300782e-15 3.0782372932585321577529120e-15 2.8008706561800116423802880e-15 2.4001648873479334954499127e-15 
3.6398540057463240823820705e-03 -6.1726833860608341150028044e-04 -6.3675954385033015775485765e-03 0.0000000000000000000000000e+00 
3 (band)
-9.2164953309912311940621521e-01 (Ry)
0.0000000000000000000000000e+00 (Occupations)
-9.5457900377155652238414518e-04 -3.5864804628583218937265542e-01 3.5388128339402386002277012e-05 1.3297366115204434233731945e-02 1.3086383362475068096387049e-15 -1.2840253766689034082232733e-16 -9.5469209619960998525201035e-02 1.2717852523891010063650242e-01 -1.6589955255265581568480115e-01 -7.2943512880121005870215356e-02 
-4.3778000003597337476475228e-16 -2.1789938589868031543537708e-17 -2.3502964498205582144496617e-02 2.1827590522296089203813096e-02 -4.0783541694698145774200526e-02 -1.2475550393407836002879208e-02 -2.7306663739839510951501467e-05 -1.0259787277745282749186195e-02 -2.2001466473482884183312989e-16 -5.3539598308318447150751617e-16 
5.2779931557292178684443685e-17 2.5363499019922695022446110e-16 -1.3793750634618559547384109e-02 -7.5077817967893201167584039e-04 -7.9361040518645120656060499e-03 1.3890185627076709340421701e-03 -3.5731033999065392459115742e-01 3.0962126242561192890345723e-02 1.3247769178208898543935845e-02 -1.1479589376743762167698559e-03 
-2.2420520969429279580590165e-15 -1.5098821062680396795109502e-16 1.3472114982863481191799337e-01 8.4492360934259824745140577e-02 -5.8805572920721582708125652e-02 1.7142147532305365698057642e-01 3.4926748069384587671001948e-16 7.8463394947074239212153412e-17 2.3717715474432445044161710e-02 2.1594050590085085011837762e-02 
-9.0191180635820628053167525e-03 4.1684435226318372613718566e-02 -1.0221519796828679518818639e-02 8.8572776939704433822597718e-04 -8.9482039923078167267582856e-16 1.5966525679205004833550585e-16 7.6290475211671029858338922e-16 -2.2538039838027608243831625e-16 4.0608621168872899298563084e-04 1.3808197508503121039846739e-02 
2.0482231517806852999497025e-03 7.7920409399642480072212258e-03 3.5700579692020267819074775e-01 -3.0935768025460753938293834e-02 -1.3401187723333814888482252e-02 1.1612623193753661421379064e-03 -6.2254730668128545979980263e-18 1.4969517661907566204227339e-15 1.1798432780939244191031889e-01 -1.0635715430422014449174384e-01 
-8.7296966417400229110157284e-02 -1.5870415184652872375714594e-01 2.4208208812889756444975417e-16 1.1262579218167316400693114e-16 1.9713146698274685436613751e-02 -2.5412197735923763852738944e-02 -1.6102586055449084889712452e-02 -3.9602191238573489218133261e-02 1.0205012424706071810787122e-02 -8.8430007091947523522462715e-04 
-4.4225506182674884304112950e-16 -5.5122555148410619351270159e-17 7.8321738970868156722757632e-16 -1.8876341631907383013822954e-16 1.9712657273309452943266251e-03 1.3658077867411650557771807e-02 -6.7341943651316109147042521e-04 8.0195381697758371525308618e-03 -6.0700747128672558061701636e-02 -3.5316508898244280967304576e-01 
2.2785720977314587523676614e-03 1.3257015944999651912983296e-02 -1.0485725258930161197332693e-15 -1.4210467981662863881859103e-15 -1.1585681890851565190025951e-01 -1.0867080285304907272259101e-01 -1.5084273215415561208985196e-01 1.0027082484592746147722409e-01 -6.5491899151345181829919100e-16 -1.2519110263666940998767373e-15 
-2.6972627185288249040961972e-02 -1.7517572013276531267544911e-02 -3.8115871103788494245190321e-02 1.9359937979454892864605853e-02 -1.7351321384841945048849166e-03 -1.0095225686718852994849804e-02 5.4940737310512215200177561e-16 1.0185269565192125513965453e-15 -1.6908858878594033527966040e-15 -1.1813991721958642223661925e-16 
1.3445225800787618392062583e-02 -3.1072307229795970845431796e-03 8.0477628067669535610884068e-03 0.0000000000000000000000000e+00 
4 (band)
-8.6466032445136042916544739e-01 (Ry)
0.0000000000000000000000000e+00 (Occupations)
-2.1822341298439015128129981e-02 3.4784094190991005079993670e-01 7.3033581341105935358370971e-04 -1.1641384017511944432010651e-02 1.3664997752853994816404724e-15 1.7666045791801831231826590e-15 -1.0071011404441804204523692e-01 -1.3640385031170054741522790e-01 -1.9294430413057514495100975e-01 6.3108189635074279921767015e-02 
-1.1852447552225205422444147e-15 -6.5533392926299745335490967e-16 -2.4017540922713180584491255e-02 -2.0965868263185527542447062e-02 -4.4346075301745717378576472e-02 8.4687381468637433490354027e-03 -6.0193342772876974600126943e-04 9.5946511019871817682602710e-03 8.3722144683406480975030301e-17 -2.8701318315944090034419354e-16 
2.0447333822949294734199618e-16 1.3462588945025630096716451e-16 -1.7199726422030905265136980e-02 -1.6811127644709919493060113e-03 -9.9887618078643436447805470e-03 4.1916043290032498069841438e-04 -3.4844706122305391104987393e-01 7.3607726175364956988644849e-03 1.1661668970976313275400571e-02 -2.4635148681038769591378212e-04 
-2.8795160428424676144529955e-15 -2.8599537749519707651575874e-16 1.2749825764813677020370619e-01 -1.1177088953471397969607892e-01 -7.9032023612193885719889863e-02 -1.8698686408194684083206027e-01 1.0464896501915754968003663e-15 2.0956891658130486061879849e-16 1.8882601981858426754001812e-02 -2.5687686668882513119083200e-02 
-1.2149821038174463475045606e-02 -4.3481901628248165181389595e-02 -9.6113698011522346459356569e-03 2.0303735069471424978804208e-04 -1.0873735546587680662296745e-15 3.8669990247468504201738960e-17 2.6793160501337908501423453e-16 3.8093013749271820658466936e-16 2.3598084991640830287984443e-04 -1.7280076451164597117760025e-02 
-1.2535284253816650693047485e-03 -9.9186553730587229821269446e-03 3.4823846827834764594555850e-01 -7.3564040777183347871726049e-03 -1.1775062164928922284201640e-02 2.4873955809185006871064871e-04 -4.7306056921761331112514314e-16 -1.3964731679658225734038664e-15 1.3189911197649895058248148e-01 1.0626947113450528614730928e-01 
-7.0947240443567136103375503e-02 1.9011747367964731969536274e-01 5.1057943093057612804521001e-16 -2.7035157981834195538137372e-16 2.0005432904016295925231361e-02 2.4914057985792215088594048e-02 -1.0332125140112353306465209e-02 4.4039606850964474471510357e-02 9.5995307128576169014566588e-03 -2.0278433738989002158015218e-04 
-4.0210648494943542810775087e-16 -2.8982738861080543886462363e-16 6.0209445086035899311344474e-16 -2.2573654059338647569325109e-16 -9.6643561454695268639336625e-04 -1.7239707760806369241102232e-02 8.3587556443780522668490773e-04 -9.9541765959439490463189770e-03 3.6470448175575841120998888e-02 3.4640157892202338985043752e-01 
-1.2331790022516568063049025e-03 -1.1712951374612874666514273e-02 2.7899974627420801511876021e-15 -1.1109208418502260805574574e-15 -9.4859735893267418949115211e-02 1.4032892339664734815407598e-01 -1.9538741701917197723936681e-01 -5.4789798279105093870011700e-02 -7.6729814186504674814385597e-16 -1.3897146737381783290770733e-15 
-2.3152669394160652754921514e-02 2.2020025679392780243448513e-02 -4.4749723700878409060610608e-02 -6.6107495938494513498806526e-03 1.0053411726520450949345920e-03 9.5488952513438415253821390e-03 1.0556588477058386252121816e-16 -1.4857679196927511626038923e-16 -2.5854190672430876092078886e-15 -1.0838873720131215839724375e-15 
1.7098376430887712862372041e-02 -2.4056277564680900171723010e-03 9.9892101620919823007360705e-03 0.0000000000000000000000000e+00 
5 (band)
-8.0835451677137337700429498e-01 (Ry)
0.0000000000000000000000000e+00 (Occupations)
4.9323872672010257711683323e-02 1.2919609006979979048956864e-01 -2.8191077273294340432840954e-04 -7.3841026630162148736147287e-04 -2.3975195330240845165862406e-16 -5.7553282665101250094602849e-16 1.8257252202551876862912650e-01 2.1749958188550636006830530e-01 9.4924893828746192969703088e-02 -2.0229393773149745294759327e-01 
-1.0380912789616457986953474e-16 1.2865911173848711875403808e-16 2.6876838123408491876276116e-02 3.9923170508539294887295767e-02 7.8957128822439784365805338e-03 -3.2029828738584092961971805e-02 -1.9353614276410870641276230e-04 -5.0694701818414320687589125e-04 7.8512332328462967147701926e-16 -2.1766043834141535209136390e-17 
5.7250214594724267110738762e-17 4.6137316295464762068682005e-16 -1.5334538400945896263749546e-02 2.5144397962831178255926901e-03 -6.2541905576526668486536664e-03 8.1891881530410902401140305e-03 1.2461566589858089071363167e-01 -5.9961737110742555079134775e-02 -7.1223087204565216357110558e-04 3.4271065066125705467214857e-04 
2.2973094591365360747579447e-15 3.5141620549321318488236545e-16 2.0145950531406256467370497e-01 -2.0013211046142850846329964e-01 -2.0952757482457456950086794e-01 -7.7664458405640166005490244e-02 -8.8589587791103943704674381e-16 -5.3434365308482948129625573e-16 3.7534158476115617175672412e-02 -3.0123262081911048732019154e-02 
-3.2578191847306384176796712e-02 -5.1878345098516527589271874e-03 -4.8897439657012817422476747e-04 2.3527761750952343178244774e-04 4.5887540121077755323123318e-16 8.5073508942835223263218026e-16 -6.7087893162881008217690979e-17 -2.8630573511373711804334580e-16 3.7887824061401146821803643e-03 1.5070355116523569127817694e-02 
8.6838046960342040597735647e-03 5.5470026265063750864348080e-03 1.2535889812267980714111104e-01 -6.0319030584983619747152517e-02 -6.8585289911504004889408748e-05 3.2995822039612668352681624e-05 -1.1372800036930857686045024e-16 6.7913977460949577565637477e-16 -2.7986241102093661892169507e-01 3.2555056753313493800305878e-02 
6.9744918016113696679347811e-02 -2.1015990176227233865446919e-01 1.4476945427844682051586276e-15 -1.7622870638668518187490197e-16 -4.8429260386068401222914304e-02 1.0644489504794697395939629e-02 1.6587312126966412967332687e-02 -2.9874753765026663965276299e-02 -4.5797580014136636365751354e-04 2.2036815746511860970163754e-04 
2.9743902630447452874220043e-16 -1.3252823569912125043365699e-16 6.3535804414911847168117994e-17 8.6192073887496816601433377e-16 -9.3003969273063834266590533e-03 -1.2459206586654742593411882e-02 8.5311179815332168537705959e-04 -1.0159437428476006740063475e-02 -7.0597245510031270132600412e-02 -1.1987188042088850470356931e-01 
3.8619170201615975190900798e-05 6.5583732415408838023473947e-05 -2.1495779590808962729386649e-15 1.6042147115544348628160827e-15 5.5859164612215801704042661e-02 2.7615675720775501034154331e-01 -2.1525894573736434334243484e-01 -5.1914585405604944667867784e-02 8.2697558745763973260625471e-16 1.9095268912167310302032320e-15 
1.4659613852209969417361712e-02 4.7368704226140277702139514e-02 -3.1157969306240734796986658e-02 -1.4029283118891998707877811e-02 2.5791772263887043211902372e-04 4.3792968235502923845386958e-04 1.3644080957238853568291461e-15 9.3532418948684045018243149e-17 2.3399678899731744133201364e-15 -1.2564621458322367842948563e-16 
-1.1637273236964318021136044e-02 1.0310338664782538534159251e-02 -1.0195193406857714149560401e-02 0.0000000000000000000000000e+00 
6 (band)
-7.5376365133703315812851997e-01 (Ry)
0.0000000000000000000000000e+00 (Occupations)
-1.1512044092291523478266413e-01 8.3104226085068108598186143e-02 -2.5797261048807196281984488e-04 1.8623334942444169648467778e-04 1.5153559188555665303870856e-15 2.9408399908942294303971772e-16 -2.8174100190856599112976255e-01 8.8469860311795253671185435e-02 3.7040404976075601284346561e-02 -2.2549475968163049111048224e-01 
-1.8552131486259039465924567e-15 -1.1752692883671484427321767e-15 -4.4767781963598360372991181e-02 2.0587791917502512584192687e-02 1.3037496642784009159843350e-02 -2.9698914627627304163581812e-02 1.5000005498988448066066681e-03 -1.0828408708955091985237651e-03 -5.4409946487208324973582464e-16 -3.0266998823475032058058327e-16 
-1.7013537628422205211533494e-16 -5.5704434809889933537385381e-17 1.4609688496532160020824342e-02 1.0453978650483995715969598e-02 -2.3280128308934971981258855e-03 1.3770444117851264945184830e-02 -9.2445798103143267399062211e-02 -1.0776271490898278737624594e-01 -2.0716679457054298918450286e-04 -2.4148425915752197434827053e-04 
-3.0122811242331273158995524e-15 -1.6915100839528768147262319e-15 -1.1173506351817595605435685e-01 -2.7334992943225927541917031e-01 2.2780337902817776596364752e-01 1.8041583855611113135219981e-02 2.4720056867224333121625882e-15 1.0777414697981430840483904e-15 -2.4261659085367356936124850e-02 -4.2888033020925656058075504e-02 
3.0685705956973025748668604e-02 1.0506631177106906180340751e-02 1.2045600067732559201871823e-03 1.4041300479182648036635683e-03 -1.0374431706529507942291314e-15 -7.2722333859939735872568135e-17 -4.1578093526650093171603200e-16 -1.0228647562033307125931567e-17 -9.1948078485144871252465748e-03 1.5433216651732986623990485e-02 
-1.3916952325245358218497316e-02 -1.1675670946474881947696467e-03 -9.3205551882690987341995026e-02 -1.0864783779462476587251984e-01 -8.1765758932839604188058669e-04 -9.5313639146345913166769037e-04 1.5509551390413998438279012e-15 9.5651501397075633525424401e-16 2.5117436166569495625822128e-01 1.5107830314605708021957753e-01 
1.6389763789104453556300101e-02 -2.2599373513518408729261466e-01 -6.4207359681541284111093609e-16 -3.8440126753110164289497641e-16 3.9975850171120166920424310e-02 3.1253212515604367194299584e-02 -5.6120564514448856296979784e-03 -3.3083711732096232616129328e-02 1.1832915636225856126362288e-03 1.3793467784534590731687631e-03 
-1.6704758388650154656820533e-16 7.7176986618202902309838752e-17 3.0369085603381099664795793e-16 1.0482736654163480684167006e-15 1.6546838225441295316953116e-02 -6.8678965519111886961489688e-03 1.1517158258996904214577217e-03 -1.3715417948694474253867881e-02 1.0046755495193399054798533e-01 -1.0197008365780979577408516e-01 
8.8137378419108312888052836e-04 -8.9454634684571487923676614e-04 6.8568852052600110736127990e-15 4.8898094904854616142284032e-15 -1.2953072134892232303293724e-01 2.6293536442723131063559094e-01 2.2657260338355600381987642e-01 -2.5783858157854399467678874e-03 -1.7612402977023634753642007e-15 5.9839610805556646634373977e-16 
-2.7798510166397120274561772e-02 4.2450850662593131445987638e-02 3.2498077716751450072507623e-02 -8.3607478315680799907383403e-03 -1.2754939288870345039106358e-03 1.2945623573777658051053852e-03 -6.5009868455735603825666203e-16 -1.1930289586644977052791728e-15 -4.2381236608605041274092328e-15 -2.3751916665015950984556658e-15 
8.2284136110788372309166050e-03 1.5914115361892453015535409e-02 1.3763689143939331765986722e-02 0.0000000000000000000000000e+00 
7 (band)
-3.5181066068671740243445356e-01 (Ry)
0.0000000000000000000000000e+00 (Occupations)
-7.0244470466633689556844251e-15 4.2456332240897923057753203e-15 -1.8893493112429433926642046e-15 3.0578777943716749561278902e-15 -8.5285687461908232798180052e-02 4.1905226931215733277014124e-01 7.1349341246133956431062950e-16 6.0961326723583077929700546e-15 2.5382718434975179567008669e-15 -3.4575422673813984686837124e-15 
-1.3613428819941666980675166e-03 6.6889934650001814375741560e-03 -3.4879822495047254336205986e-16 -3.6606298592346429198439353e-15 -9.8592729278394133529275038e-16 5.1960936802543164490552487e-16 1.8774890594131776004788088e-17 2.2450153871289372693427299e-16 -1.6635876199549259890630992e-02 -1.5992608980405751545328386e-02 
-3.4458436138823239636153062e-02 2.7603836390244565479612504e-04 7.8473226407194993244645332e-16 -9.0332241735280132816488629e-18 -1.4785146621956358546613631e-16 9.0619359213715532405095652e-16 -4.9772307729911354118944603e-15 -1.2066727861605710534213556e-14 -3.4133038769941695282810926e-15 -6.8244477127451747216264668e-15 
-4.2471911642318421753472535e-01 -4.9921188349255248006830499e-02 -2.2758015998251278096240963e-15 2.6317264601019197601514972e-15 -2.3705711996046260333162107e-15 5.8469217327908641011388109e-15 -6.7794484599563581417314140e-03 -7.9684791267383304341764827e-04 1.3051836948695939610462511e-15 -2.5290864899960029238773006e-15 
1.6121400930319606454952778e-15 -2.0389073670167981555158316e-15 5.9258464804511305042614214e-16 -8.8806607450999112951554481e-16 1.4544466404758376806838349e-02 -1.7915758871111669287001789e-02 -3.1584778843094223760301631e-03 -3.4314487257805316444692068e-02 -2.8479768140443365910560634e-16 2.1067886332526970690130858e-15 
-7.8438885564481729108596598e-16 2.0530370383400931252184762e-17 5.3288000793450191615856149e-15 9.3839708330522968656425950e-15 9.5771348565058788625560140e-16 4.2816446890607433903270575e-15 -4.2474568011364866038093169e-01 -4.9924387569264101760513341e-02 -1.3529632818438726333090187e-15 1.9090955615036286517736151e-15 
2.4116858858407280158085549e-15 2.7543746364241781017823132e-15 -6.7464789458552207324082417e-03 -7.9298146427133546325360935e-04 1.1413790668093132198266974e-15 -2.5681235203588186728889651e-16 -4.5407488978592613348621190e-16 -2.8128775961156024615576649e-15 5.5505534775534682047580992e-16 6.1117114919328305008301555e-16 
-9.9945564701251227851530601e-03 -2.0803587076724080334733102e-02 1.1030434555032470056445959e-02 -3.2652830065213189758566159e-02 3.9458860633205689015523396e-16 2.5828841135096861703361648e-16 -7.6247493740928103641401152e-16 -4.6688570533483661026474023e-16 -7.6703752345502245263509265e-15 2.2285087028167771091860269e-14 
-3.5925872274773632160534938e-15 1.0743431726783280035504704e-14 1.4207493175000180871125899e-02 -4.2743360231396176907026074e-01 -2.9141278856675153325129573e-16 3.5333798591916738172775517e-15 4.5852477719850869358526330e-15 4.9534972599769426094539798e-15 2.2566955737927626209765597e-04 -6.7891730733860870469764670e-03 
9.6788167020008742605462780e-16 -2.9171261193298471216713411e-16 4.5774583414538088589662684e-16 -1.0566884736731786519764244e-15 -1.9382948879341410147265119e-16 1.4228975847487996186344068e-15 1.9894303036506664345006712e-02 -1.1700303456962296566601367e-02 3.3461314970081479369667932e-02 8.2594308649785296710943427e-03 
5.1383768490344934772092104e-16 2.5186511214708293925532101e-16 4.4930096648281903099145451e-16 0.0000000000000000000000000e+00 
8 (band)
-2.8308799199735729112958893e-01 (Ry)
0.0000000000000000000000000e+00 (Occupations)
-2.7398513197797242971341797e-15 -2.2282883204547065968024062e-15 -2.1457605154798635852787617e-15 -1.6961741351108755380303190e-15 1.2179953389149730802465399e-01 -4.3310734087135022152281749e-01 2.8874761691296888449258319e-15 -5.2686782153264959005559698e-15 -1.3283571100566349684983259e-15 3.1004386773674037122588885e-15 
6.8632411118451849829646960e-04 -2.4404854718432233973146595e-03 -2.8125488717621990273325201e-15 3.1851686490142574504121351e-15 -2.9578588838032160732917141e-16 -8.9710212753365865827032620e-16 -1.3505750326992235231148598e-16 1.4627406359675495993203641e-16 -2.4304542094059876367051487e-02 1.0081349376648765861497203e-02 
-3.1862380374274759664565693e-02 -1.8741094657206032458862666e-02 3.3702106795847418118845816e-16 1.5587421559949261339438464e-16 3.1220079126433880933984711e-16 -9.8766235000860344559984355e-16 -3.7261060021175764498698869e-15 9.9099073639195514706062294e-15 -3.8107062648914573068352473e-15 4.6733369956267019433396842e-15 
-4.4178029479446534466546836e-01 -8.5130877501590263012332116e-02 -3.5386311875914726202460127e-15 -3.7215898274793367991607246e-15 1.4946173854332862846087035e-15 -6.4889070212423720181050664e-15 -2.4893564673116146124254300e-03 -4.7970251458762471798158433e-04 9.7207708097766622727098850e-16 3.2498019256885833931820496e-15 
4.4778631826990280017447065e-18 2.3229516695325933114036381e-15 1.0813861507369569233276746e-15 1.1823574561760448939335309e-15 1.2079744334517247134064277e-02 2.3375717068543008791969839e-02 -1.6009191722316733208497652e-02 3.3318848906634640494317523e-02 8.1417178234320289944272238e-16 -1.9294587859169405797446245e-15 
-5.6485136021928711044080553e-16 -6.3989128643863340156440207e-17 1.3443232999806721961298627e-14 -5.7181808005429855973263730e-15 7.3675854221473380666782137e-15 -2.5287874741627821958664859e-15 -4.4180242370962957698665718e-01 -8.5135019179195858818331999e-02 4.4339118459299005207856773e-16 -1.4760798759738747596105383e-15 
1.3322124116530686441689378e-15 -3.6842340198601416468177642e-15 -2.4583015463399138234024122e-03 -4.7370832331815077454600926e-04 -1.2356119608331002420516297e-15 -1.9110680452792507129381251e-16 -1.5007927881011715374891954e-15 3.1747932766145188828865865e-15 1.9461913995865583163644057e-15 1.6336185589790143043046032e-17 
-1.9903523536223387963017828e-02 1.7216121546285136079124101e-02 2.4813613420291819565421942e-03 3.6888129332626196088540382e-02 -7.4771645811980229037408476e-16 1.8532263305008522370058903e-16 4.7050279390225384577198315e-16 4.0893839307462037275851550e-16 -1.9024514301327452917422644e-15 -2.2594513357170352571429181e-14 
-2.4815700833589947775063986e-15 -1.1167460139531346615634049e-14 -4.7867364622605206025962588e-02 4.4737687522983254906350226e-01 -8.3110066376942679861816099e-17 -2.9960660240430195390496833e-15 -9.9740359652954226828228798e-16 -4.5712676797105616590079596e-15 -2.6634158952533470727380704e-04 2.4893188277095358064416875e-03 
1.5478561736122617004192609e-15 1.3097325759383303396636735e-15 2.8382267699187655320713129e-16 8.0991869724355077847721986e-16 -8.2652124980526518887194721e-16 -1.5999313316593972185549807e-15 1.8821226111805068603732849e-02 1.8393111153410378333372677e-02 3.6551122504579300342975046e-02 -5.5593779711029583587289515e-03 
-1.5035634203079952062269921e-16 -7.3532105060466463843630917e-16 3.4946885579165198967360058e-16 0.0000000000000000000000000e+00 
9 (band)
6.7043049077294566973073131e-02 (Ry)
0.0000000000000000000000000e+00 (Occupations)
3.3118464079385098515846461e-16 -2.9031717322907162692126228e-15 2.3775484899321938798541056e-15 8.1600288099308389934210809e-16 5.5646324711574857158069563e-01 1.6310017647054513706406098e-02 -2.0141845701943602291046498e-15 -2.3108390584741099674699391e-15 6.3680187508826816251783118e-15 9.3749216920417698166567718e-16 
-1.1532044889753987476632702e-02 -3.3801422877539205602559491e-04 1.9721053786530516135452346e-15 2.2978615106830087428621945e-15 -3.1869954279042059704122678e-15 1.5295647300099606367238419e-16 -4.1972251975520061917817289e-16 2.3926550180699522228268667e-16 3.3495024181597929380238554e-02 2.9248611652740268834760329e-02 
-2.1276475361846586970004935e-02 4.8265756009933907799691610e-02 4.2423700497790727370865310e-16 -2.7726009074075254485054196e-16 -8.5019423691925928024013176e-16 -8.3718232160623489611111178e-17 9.3222798712362551987140511e-15 -1.7215899050053690396690212e-15 5.4459672156053546314826204e-15 -1.7804292984107329628657323e-15 
-3.0310828375467998435643935e-02 -5.5587643928250618508002390e-01 -5.3557520999104815661923872e-15 2.3332831427065519353816714e-15 -3.4217314774143748859719604e-15 -6.9910778762488870004770034e-17 6.2814788199770806541299972e-04 1.1519884686770953674539442e-02 2.8538261376003237553311851e-15 -1.3800483169132106659314210e-15 
8.2762980219790210376860780e-16 -3.8619722256767233536882408e-16 9.5674930373368235618432569e-16 1.3336678467671022958037076e-15 2.6343241263711979216477488e-02 -3.5825013164832712753149480e-02 4.9876850784724452436691422e-02 1.7163081390945748166965146e-02 -1.3505249947898900444118949e-15 -4.4015997149152773003356184e-17 
-3.5491703987119395037498176e-16 3.3379909908285782288603865e-16 1.5343427779640220783980083e-15 -7.6192329738443250991365946e-15 -9.0315157682693401964230923e-16 -5.1710198828840866931328022e-15 3.0310710844494367921519995e-02 5.5587166700089363224890349e-01 -3.9605282157611463606028568e-16 -8.6532831439071806277570128e-16 
-4.2103111218763500072805926e-15 2.0903495083575137208854213e-15 -6.2738413566828707922107267e-04 -1.1505515061454699848875194e-02 1.4180186628413257263228281e-16 2.1831255822744485388681715e-15 1.4287540892553007582083702e-15 7.0911965276306227130751668e-16 -1.5599074981840119689126036e-16 -1.7528276723533473572386083e-15 
-3.0079657622245643128211512e-02 -3.2743673337287441948983968e-02 -4.7710765527302377575491477e-02 2.2481629879031721913618114e-02 -3.7494345969099347335900073e-16 -4.6885583847169386627306480e-16 6.0044797179965224152953191e-16 -8.1011787463123713453149591e-16 -1.5371213634111343545302470e-14 1.7950392633766498933195505e-15 
-7.1303339584501187852483253e-15 1.4197918688745696184081570e-15 5.5138581190079782867741187e-01 -7.6718549261492199886625087e-02 -2.6712380889442646338865404e-15 3.8716260969270634140663991e-15 -4.0892068278972800336881247e-15 3.3089447504860771730087965e-15 -1.1412665449077435617097898e-02 1.5879404996682832361398763e-03 
4.1059968259115604701128540e-16 -1.3783943282859915322320188e-15 1.6491382223480767654179798e-15 1.6004965627898488963575153e-15 -2.6116411540132809091838000e-16 6.6090234217780290089161059e-16 -3.0111835783339736816177634e-02 3.2714084001355968334134872e-02 2.6395117608595673047711117e-02 4.5662222850483699665424808e-02 
-4.0715117749565318348880133e-16 1.5042953620677786290962229e-15 3.3701884303627184703791432e-16 0.0000000000000000000000000e+00 
10 (band)
1.4727272448264619453262014e-01 (Ry)
0.0000000000000000000000000e+00 (Occupations)
3.2211499974885263052311785e-15 -4.0725390025221416381472868e-16 2.7283838581025750194982618e-15 3.3197370031670277761401526e-16 5.0766257691085492353977315e-01 -2.7753944189022300426117340e-01 -1.0571855385010867168578843e-15 3.5023386691427778614255251e-15 6.3610088817568529924581901e-15 -2.7324437269653085034403696e-15 
-9.6475026829356998192555039e-03 5.2743083600414256140176406e-03 1.0039313354512742723950667e-15 -1.5690544175153811305534082e-15 -2.5623864450548606021579323e-15 1.2575189257811787476755696e-15 -4.9164778421488620007867802e-16 3.3625564878303725768627552e-16 1.4575705536210748977654639e-02 -4.3891556927519156938721778e-02 
-4.3320537381839017976314921e-02 -3.8447788750053092654557219e-02 9.3073852503352469795831308e-16 -1.8776069514478826138882436e-16 -1.0825795554383025701165204e-15 -1.2454426495428552982157432e-16 3.3960165952864016038685367e-15 -9.8036970264090500136296655e-15 3.5683714597970731977822571e-15 -2.5195703216894883917161023e-15 
3.1904618165191583889495064e-01 4.8265823081542846839653294e-01 -4.0325340868949386832877400e-15 1.7738005934917198809931442e-15 -5.2476850135147042805977611e-15 -2.4568713084957453826058963e-15 -6.0630928376792722622745657e-03 -9.1723247835982443798563679e-03 2.3717702283548375240739651e-15 -1.2027107652243402416085370e-15 
1.8131607595414394195313358e-15 8.5714236026542026810790889e-16 -4.9191891250679752844645401e-16 -1.9086331656970002577336497e-15 4.4957286665546158932471599e-02 1.0851835654483679705073484e-02 3.4687977796349037107326296e-02 -4.6385834208514026277825337e-02 -1.5976849959826613970652596e-15 9.7640806014415642040223244e-16 
-2.4585985366311233769494594e-16 -7.5384267449902554976616849e-16 2.2215182105731750755191195e-15 -1.8081601545861629301548973e-15 -7.2337244351656236360161643e-16 -2.2306682959769016082755934e-15 -3.1904442231039220612132112e-01 -4.8265572894656921798528515e-01 -1.5829280696771016982481319e-15 2.0835563717094776954312990e-16 
-4.2283376719895300990634692e-15 4.6851354745161555831868854e-15 6.0556095784511983909359500e-03 9.1610478143336754319747683e-03 7.8869896972221768457272991e-16 1.0440294953812793707700099e-15 1.4552506585735497724420874e-15 -1.4944334896531130810649562e-15 1.9611356968555318387044837e-16 4.3443797007043451650114162e-16 
-7.6325132407359559671977678e-03 4.5609253161918772434546554e-02 -5.6263689805453862002870835e-02 1.3738058990778588552839068e-02 4.1263238045569055761140949e-16 9.4821147069229862199535736e-16 2.4159591242604120133967096e-16 -1.6593969859668198942574235e-15 -1.6023982781566627271086821e-14 4.2831054454196956224724640e-15 
-6.4183562917638617336181866e-15 3.7668351038237125267148079e-15 4.5426603813166699374903601e-01 -3.5831307915345567138842853e-01 -4.0293206303103627798590140e-15 1.4229624009183359203128183e-16 3.9599590551440764039341891e-16 7.7074340732368248272748517e-15 -8.6221983796279984962884768e-03 6.8009484283790746367293067e-03 
1.1627056734543523901859802e-15 6.8461594182504095635040848e-16 -5.9783138659980758928397282e-16 -1.3864817216802410746895083e-15 -1.7375739721292115369051226e-17 1.0580434606877641395899871e-15 -4.6087967339305452307840483e-02 -3.7892609950818051736676217e-03 -1.8397901913264676915238383e-02 -5.4916793975509518854760671e-02 
-9.8278785735572476794274038e-16 9.6996579594053901715521409e-17 2.6944736245789938270953240e-16 0.0000000000000000000000000e+00 
11 (band)
8.0072705640291774731309715e-01 (Ry)
0.0000000000000000000000000e+00 (Occupations)
-1.3952117688048260024658020e-01 -4.3151918976577924302873157e-01 -3.3838181720792476214754174e-02 -1.0465790580056698322319875e-01 2.2216217626274776304791556e-15 -7.4403651699208864495879540e-16 2.6055098543765475849198765e-01 2.3912261076494334410824649e-01 2.3220359267680731885086232e-01 -2.6203710827618637013713965e-01 
-2.7485327863133607219415473e-15 1.3579285893236097713229577e-15 1.4878390259756051755557493e-02 8.5968485374321501613081864e-02 -3.5589633281735866265904633e-02 -4.0979562351063772429604626e-02 3.0091423319104276812296916e-02 9.3069237131651522121345010e-02 2.9365601455874789240138395e-16 1.0468163058435545970161934e-15 
9.6734579619345740687095906e-16 1.0805656793311487392333293e-16 -1.3634621785155662254673814e-01 1.9222620888376985848200462e-02 -6.1662898260245291304215698e-02 6.3120469972240883516079180e-02 4.1833096002403352686727089e-01 -1.7514045169387645883851690e-01 1.0145934971923496747958637e-01 -4.2477054314941642410019540e-02 
-3.4163001945670367302006519e-15 1.5889058464258806564171615e-15 -2.1648162953124838736584934e-01 2.7964646085207667258742958e-01 2.8054840313593931711011464e-01 2.0946252185920738453361878e-01 1.7647408756047673910807568e-15 -2.0454211239765060349169780e-15 -8.4421990183531636642300100e-02 2.2019867114199880714364710e-02 
3.7857777494214317481890930e-02 -3.8893896832427110599184061e-02 -9.0224844805719989215830878e-02 3.7773721519331088236626215e-02 8.8292155933986134739598397e-16 9.8328659456163677043458677e-16 -1.2525938145003077057653917e-15 -8.9831519109183817021954883e-16 -3.0564361927619826397872771e-02 -1.3425952501108751047098622e-01 
-6.8058915948192230671587311e-02 -5.6164852989444680186892356e-02 4.1567910004680913571561973e-01 -1.7402435311229649816944232e-01 1.0062540946415050868711916e-01 -4.2127314536811913403546725e-02 2.5644064383828434691496153e-16 -1.6807683280851460571442262e-15 3.5121715202941145017589974e-01 4.2870505873720141098992542e-02 
-4.6945498900937895903062724e-02 3.4811930937104756944577844e-01 -5.6554399605571882919485023e-16 -1.1015915829896768575824128e-15 7.5734498793693330598308933e-02 -4.5249038215853770728003269e-02 -5.4920470028693275932329954e-02 -4.2887232362437410770894530e-04 -8.9982986106381293578415637e-02 3.7671689644551469011712896e-02 
-1.7485991617978798809744838e-16 -2.4489762101184282366805227e-15 2.4640337640458443744389409e-15 4.9468350500531410604968418e-16 7.4038115484391736620395363e-02 1.1615979950075354387717397e-01 -7.3730331175121937431482522e-03 8.7803109484091632075397627e-02 2.0819715588154166785450627e-01 3.9965927234919834676318828e-01 
5.0399685378044872807734578e-02 9.6747379156762514096357108e-02 5.6438782266223396259329730e-16 9.3890108321657376860222765e-16 -1.3331059099859491473560880e-02 3.5357269551938530494084034e-01 -3.5082670405987076422960058e-01 -1.7650981346006348188248936e-02 1.8220346518340417477068702e-15 6.7770753863430523684340831e-16 
5.1427643005561241018597229e-02 7.1682545308349471246955886e-02 -4.1682582869219733656684923e-03 -5.4763743320710323025934940e-02 -4.5069151953496117135600230e-02 -8.6515117358122145541088344e-02 6.9564393700997279976154597e-16 -1.2090566032779379310499591e-15 -3.4035896581427991825047851e-15 -4.3077569869198648476812441e-17 
-1.0955706089380340406691516e-01 8.3498454912929898075191204e-02 -8.8112131130881052309966606e-02 0.0000000000000000000000000e+00 
12 (band)
8.4560063205524882423702593e-01 (Ry)
0.0000000000000000000000000e+00 (Occupations)
-7.3386065648965692620464552e-01 6.0686574135205464952669274e-02 -7.1651438467067202209292986e-02 5.9256410027042610150216362e-03 -5.7246033436336950458402779e-16 1.6039235436067341739089334e-15 -3.3649489773890778332443574e-01 1.5947371335397150793333765e-01 2.1950562628051581426369410e-01 2.0954485897807481609156355e-01 
-1.0034669221464192064728119e-15 -4.3919517681355936932116989e-16 -4.1414219324377832265327015e-02 2.9282745940576775101060747e-02 2.8846064145135599104952107e-02 4.2338594191911063657762782e-02 1.0236300738342520022516879e-01 -8.4650980745679584721363753e-03 3.2628309899106995933956765e-16 9.7648273291644592784053781e-16 
1.4290140653764268522641550e-15 4.4523410961818213996500672e-16 -5.3890759768764964765530578e-02 -3.5428569085063824073422722e-02 8.6035501167652461695922739e-02 -3.0076134601257655670769608e-02 -1.2188161492757006165721378e-01 -7.2620878221470719360297608e-01 -1.1900496798817248450541584e-02 -7.0904301926055457450104313e-02 
-7.7996702185588469205525987e-16 1.9475322178295232830949008e-15 -1.8707158397819032003006612e-01 -3.2197034634127719154861325e-01 -1.9044219822247568374429250e-01 2.3627005106264334366450441e-01 -2.1979644750760313081083872e-16 -1.8883382261967522413603315e-15 -3.2645499791136151079840033e-02 -3.8818656796137579467753653e-02 
-3.9776330341828328163167328e-02 3.2287699195701909105071792e-02 1.7000925494079718175433058e-02 1.0129566475581659734661599e-01 -3.0769850500868025413346436e-16 1.1732149181680465511549500e-15 -1.9210807909351732100770135e-15 5.4415748201362249468432224e-16 3.0794853545239225800500549e-02 -5.6666343547058066476562743e-02 
3.7169918564063535171282382e-02 8.3217056470745273677458442e-02 1.2161323727552340867585912e-01 7.2462981318880159697926047e-01 1.1539290480525772608633162e-02 6.8759203118373579677324869e-02 -7.3919008448991619964094913e-16 -1.5011192292155949413355165e-15 7.2122566125658330027370368e-02 -3.6555869396733009502042933e-01 
2.5788888531788922708898326e-01 1.6107715261078359159085949e-01 -2.5338534238908192837876826e-16 5.6031165163218400409099903e-16 1.8168092560225456572053915e-02 -4.5937404785731786316382852e-02 4.7579574959117208743375471e-02 1.6811885149284652718471023e-02 -1.7013038245393047320774826e-02 -1.0137298522387126753496744e-01 
-3.4272434880463274106758702e-16 -4.7484885448092402602138444e-16 1.3517883367782785291521730e-16 2.1652236303184315392158576e-16 4.7149618693846172268191452e-02 4.3743435128458116323280080e-02 7.6426052593798711118355804e-03 -9.1013358496502938521643955e-02 -7.1191210099901069963124201e-01 1.8182218262310612111321007e-01 
-6.7552471971537075834390862e-02 1.7252442400905870778515805e-02 -1.6074613360404744504095936e-15 2.1744029161072442389441992e-15 3.7031168897034999476503003e-01 4.1280458957217693038987960e-02 -1.3893264658200127348308683e-01 2.7046302146013134759527929e-01 2.8393945337600760690263762e-15 -8.5260277592168021593408087e-16 
4.7296562646507264715545205e-02 1.4260431534675870046680046e-02 -1.2771567275311744918409040e-02 4.8819488986433616506399602e-02 9.9593841543693439888329522e-02 -2.5436043916182093926892094e-02 6.5124731401098069949001589e-16 2.1651258305589896991540645e-15 -2.0508809478552762636092303e-15 -1.0283382038163149902716156e-15 
-3.9644642330785795358849555e-02 5.0644614662090685353046382e-02 9.1333678563635972702527965e-02 0.0000000000000000000000000e+00 
13 (band)
8.6570332232892854840144992e-01 (Ry)
0.0000000000000000000000000e+00 (Occupations)
2.7566482823210036734451478e-01 -4.1319015609970433100528453e-01 7.7413450876644904208312425e-02 -1.1603660029007929754829576e-01 -1.9716938555784552276523215e-16 1.5898235072579670474286247e-15 -3.1343214424506837811890136e-01 1.7033591184052959688344231e-01 -1.3786128385359608383708974e-01 -3.1134866920064230289000307e-01 
-8.7347996811826771482379164e-16 9.4566937586276628144465043e-16 -4.7908757764603793205537841e-02 8.9280710565813575785298895e-02 4.6308177900550070993368479e-02 -3.9204965710809475121223500e-02 -6.0329172014387331957063765e-02 9.0427756763966180009184370e-02 1.5721727208660806935817259e-15 1.8049751032818858859543199e-15 
-2.1250043130620845759485520e-16 -6.6330703319206261000154278e-16 1.2055410493312279651689778e-01 5.6246104534240948247258984e-02 4.3585113783248766172739863e-02 7.1076082277395716269019488e-02 -4.3480807841054947004977294e-01 -2.4012317166631536036192074e-01 -1.2210743422495048959852681e-01 -6.7432258530384120431833139e-02 
3.4082275986663523489767862e-15 2.5414465141257130972408374e-15 1.9596584572849445882170016e-01 2.9807955182545903261015496e-01 -2.9872079065906997907831055e-01 1.6343077013467230407250952e-01 -2.0374930210174488832013158e-15 -2.1917421764549722887620611e-15 9.2976492080004732865283756e-02 4.0269917682789715951408027e-02 
-4.2942436839681102922483547e-02 -4.2865181617736364261261883e-02 9.5158828905293035838042215e-02 5.2550789439229694810506999e-02 3.8415780525760855871938919e-16 1.1960678980996503606492964e-15 -4.5488131854106848047667136e-16 -2.0806434414671844947857901e-16 4.5961134004738689318170231e-02 -1.2483785744918103610689997e-01 
6.7179700122788787997052395e-02 -4.9379747942053735243472801e-02 -4.2772793017224119971331220e-01 -2.3619028897754160145616709e-01 -1.2067790034729276860137048e-01 -6.6639760363898736805765566e-02 -1.0076574710212393608105743e-15 -1.1673306554170355168572600e-15 -3.5956269532715035008862969e-01 -6.2873022313027146501518416e-03 
2.0113030871119281367542797e-02 3.4366607771414370287033080e-01 7.0268904697090187893378688e-16 -5.0767370071826884721188400e-16 -8.4824873517474322359710470e-02 -5.7930392602208807817376623e-02 5.9870829340909544058479952e-02 1.3886449788913176467408661e-02 9.4173442088443318209733945e-02 5.2003108446859257207872673e-02 
-1.5623440175008376992475916e-15 -1.0219715261180636448619217e-15 -6.3904583148355978559986805e-16 -4.0131874347250541739802839e-16 -8.0895513608393365689863685e-02 1.0601829486583791428699897e-01 -6.9617541833163279485496844e-03 8.2905319291855267271884600e-02 -1.9957058559412665932342179e-01 4.4599172214576193740143140e-01 
-5.6307978887085129160450236e-02 1.2583093740111819802685034e-01 3.8378485503902550097869572e-16 1.7446520627925929304879892e-15 2.3822179163686025421542425e-02 3.5882776623340328914224528e-01 3.4077777735510744738789413e-01 -4.8799727901132905483194691e-02 1.3344966092303785345709385e-15 1.2434669792438571208393393e-15 
-5.0629260071447308722003555e-02 8.9374871070747902157549447e-02 8.8278861681922709409020555e-03 -6.0822842086739693778785210e-02 4.3940495678341795482424459e-02 -9.8194670540056303020826078e-02 2.2235548372814968969305459e-15 3.1379867132410872290301285e-15 6.3271859029577670283984965e-16 -8.6422892498336069473316100e-16 
1.1241563590831676888726065e-01 7.1740419371235653045459912e-02 8.3197103244024447898929964e-02 0.0000000000000000000000000e+00 
14 (band)
8.7827528744166949437044423e-01 (Ry)
0.0000000000000000000000000e+00 (Occupations)
-6.4455252351074576733225285e-01 -3.2614684278412603424257554e-01 -8.5493076560120645490670199e-02 -4.3261222209173784414293351e-02 -1.3890618362563306075580338e-15 5.6683725565010003339795991e-16 -2.3412338114550107492917164e-01 -2.9050604122840045784315066e-01 2.9530826340459676027094815e-01 -1.4814385132305102343863723e-01 
1.8598733023682919641585685e-15 -1.6599382074340534835827913e-16 -3.1757375402134670194786992e-02 -5.0712890276218697271914948e-02 5.0570832549214413120797218e-02 -3.4333959672970662535540498e-02 9.9886464656633464076485041e-02 5.0543609655345857201158566e-02 1.5383926102161051517692867e-15 7.9979063111452044667360428e-16 
1.6118801183873526074898078e-15 -6.6985981587745080950192237e-16 -6.1898632467560173175957772e-02 1.9355264376877793358611157e-02 6.0310130983163123818968643e-02 5.9690717281713899511341737e-02 -2.7106823471984065054840585e-01 6.6958325154400144541000373e-01 -3.5955622734273953722272665e-02 8.8813246087148467466931834e-02 
1.6340748401739709090393470e-15 1.0276071234159517940109274e-15 -2.6989625600671651728390543e-01 2.5761119654008041157666753e-01 -1.7233504862690582348783153e-01 -2.8187621775280485847403611e-01 -7.0618051862591945121579632e-16 -4.4110226080845561467556083e-16 -4.7877644343264094684009535e-02 3.5889543111310581724460178e-02 
-3.8445203854161558165714041e-02 -4.7520481817386751866028050e-02 4.2008062146269953274213549e-02 -1.0376552902247243581612679e-01 1.2226034281079318712388959e-15 -1.3250001931023551059300042e-16 -3.1056833117860122548853598e-16 -8.5595628343747775193237159e-16 2.4466926819476306209644179e-02 6.0061938467418002352005146e-02 
5.4434751833271143028891714e-02 -6.5093405362339151754014210e-02 2.7176123592255146954599354e-01 -6.7133181903377192600856915e-01 3.5684831022403898370676245e-02 -8.8155319723926678365799603e-02 -1.5147732198814493635890069e-15 -3.4103250668640939889748827e-17 1.4722566330144114601918837e-02 3.7032873825972734138645137e-01 
3.1794214391753111703664558e-01 -8.1955559358410728920674160e-02 4.0375216784893320318614729e-16 -1.0084579933852912511816022e-15 1.0053641058268437263878425e-02 5.7087436575564892704548470e-02 5.9947602542381552004346901e-02 -6.3859662052568738621616262e-03 -4.2408819768331121324855815e-02 1.0476381343337136387017239e-01 
-1.2718218158761557547104342e-15 -1.7611644708836084145528556e-15 -8.3598197872192423494633739e-17 -1.7448691714792990302716152e-15 5.8115792923674795822375216e-02 -2.6909022165026615092120466e-02 -7.1151965696837678881925271e-03 8.4732615933109919903465368e-02 -6.9171775800919743648620397e-01 -2.1463253213763863747054472e-01 
-9.0832176313534962464046885e-02 -2.8183032251096098996789863e-02 -5.8853649899450027245324550e-16 1.7215369930132627968859470e-15 3.6779799064497487037783685e-01 -4.5659242414078309024727531e-02 -1.0827284262994646413247324e-01 -3.0996921159603663120662986e-01 9.1416050381604339187954453e-16 -9.3276513884654026166521347e-16 
5.6045955896808830054567352e-02 -1.4795335106383941323193731e-02 -1.1379855825430992138924680e-02 -5.9202993981288531966100663e-02 1.0794507057553413831296751e-01 3.3493676084924539626541673e-02 -9.1525608189477065069265847e-16 3.3962646690926048922696806e-15 7.1999011999174592023286567e-16 1.7238160990117444790640007e-16 
-3.1677652660508384685478234e-02 -5.5660283712419551804817530e-02 8.5030831026689263074658243e-02 0.0000000000000000000000000e+00 
15 (band)
9.3355781618443578473431899e-01 (Ry)
0.0000000000000000000000000e+00 (Occupations)
-2.7733376893848665778463669e-02 -1.9288536976380998844149417e-02 -3.5347184275783882778654288e-01 -2.4584443835942745848477387e-01 9.8144491048969342615145831e-16 -2.5013598230375999464365253e-16 -1.2044304932398885998878768e-02 -7.4801559035857362323085340e-02 7.8820334119716894960561149e-02 -6.0065373432006873011257397e-02 
1.9010566839168481999837735e-15 -8.4776139566534317425897083e-17 8.6102575680890268416955990e-03 -6.6150727922156621341187588e-02 7.3060047534334301988501181e-02 -7.3955315901490847885213498e-02 1.0818314750233254395439531e-01 7.5242779989468350221315518e-02 7.8912649291339980260900153e-16 1.9033614049921401573167872e-15 
7.9680524500948821451435478e-16 3.5996097709602431291809106e-17 3.7311455028331587391310364e-02 -1.3411328610315489257009958e-02 -2.2138795305031162830022851e-02 -3.8058259925069740092773429e-02 1.6900220191225331228812578e-02 -2.9250135215332283278311110e-02 2.1540446577523553184363436e-01 -3.7280389968314336934795961e-01 
1.6852223706380208055440743e-15 1.2909542077900559064117707e-15 7.3531377976084583147908802e-02 -1.8261297008687660953230036e-02 6.6450231293937025989215783e-02 7.3517759196360069062770037e-02 -3.2962662337564117670089709e-15 1.0079565475219559162630308e-15 6.6639215792869577192902852e-02 3.0447099256158214469758505e-03 
7.9809451420710789126822249e-02 6.6615394314934600616950888e-02 -6.5926360484727317134989732e-02 1.1409988754286121137582199e-01 2.0611249520260406817061228e-15 -3.3475072472804319458747628e-16 -6.2884195322107608151673337e-16 -5.4582675942126721304466639e-16 1.6486435286958915635846523e-02 3.6058367447159407614964977e-02 
3.6072257601930980686066874e-02 -2.5245784550725621636635410e-02 1.7969084630524427559361555e-02 -3.1098727392776928657447399e-02 2.1551043644141010258152846e-01 -3.7298727183864721634876105e-01 -9.9766315372606886750164903e-16 2.1415803868062078896678162e-16 2.0061213982396953331432954e-02 7.3526775534584906668378324e-02 
9.6612436061379022844697317e-02 2.0012211550458014475140089e-02 -1.3317077106093281115782915e-15 6.2264808534281264106934647e-16 3.5818602481664692238627623e-02 5.6135356986265635970134724e-02 9.7378390780306370300145602e-02 3.5774316060911984238579464e-02 -6.6099478637643427347825309e-02 1.1439930176547680185095146e-01 
-1.3386318036493524829544166e-15 -1.6895194379822365799000669e-15 1.5202243802023338288687157e-15 -7.0190006955966387127013040e-16 -3.9500957447544483847057251e-02 3.5356638567801022474124117e-03 3.6669208502758190992842913e-03 -4.3668195674029776365276945e-02 3.2493274029472080099978371e-02 1.5303790078185455780790392e-02 
3.8971260154249792728720081e-01 1.8354384045182961515685349e-01 -1.9464863802432224450614429e-15 -3.2005215599114737372459804e-16 -7.1590227659304603302636849e-02 2.6143418495863934847278642e-02 -1.1857705604569914598078739e-02 9.7948181354498009554276905e-02 1.6499073644842168099622753e-15 2.0475233851007812904186256e-15 
-5.2941258975385541152292035e-02 4.0390267216439568187524856e-02 -2.7500436756684693700991673e-02 1.0003038867654512333871253e-01 -1.1952914913858193879381275e-01 -5.6294971594308518270111108e-02 1.6546706173017941736776925e-15 1.8068498650737369876997826e-15 7.4180800241573819992921638e-16 -1.9996786579836825988980350e-15 
-6.8286187205839621316982857e-03 -3.9066565302694158945406855e-02 4.3821885193898346688712309e-02 0.0000000000000000000000000e+00 
16 (band)
1.0259420427030554456848677e+00 (Ry)
0.0000000000000000000000000e+00 (Occupations)
7.3144734690836737955876856e-02 -2.1732288773246663526883538e-02 4.0235521250282146876742218e-01 -1.1954642482395570757258696e-01 -2.5433489876136018732288705e-15 -1.0566768859616490669760048e-15 3.8909735140351786597534556e-02 -7.1409155336622440191085559e-02 -6.0204477804857839395857866e-02 -8.5624163936935004937112126e-02 
-7.1004157120456878036124662e-15 -3.2976793082302750656644205e-15 1.7462832514711690984343662e-02 -9.5547161484465681358102529e-02 -6.7027176964892701271914177e-02 -1.3636626455415573611062996e-01 -1.2691052988032075488078476e-01 3.7707185855236996507855451e-02 6.2997099055086590726678992e-15 5.0336247983390903021038337e-15 
5.1212618660220059607985893e-15 -3.0352842212577826246522105e-15 -4.6516703757619862202865590e-02 -3.8083842883699758896653975e-02 4.8028146242307119540004834e-02 -4.4151137251660137195141687e-02 -2.7776664238308830523482840e-02 -7.1069694751773548890838583e-02 -1.5279537517979030480930192e-01 -3.9094070911080736063780705e-01 
-6.9685373937060786949708900e-15 1.9651867980425573050283135e-15 -7.4414596104047964209016186e-02 -3.2797909098847444209212654e-02 -8.0286087070716632974054505e-02 6.7158177614700595436936226e-02 -2.8021101723970690917718124e-15 1.1676857758819885181565332e-15 -9.6673316305529874425950254e-02 -9.4064074792622985599077623e-03 
-1.3027931924603797231299041e-01 7.8202938161708465680810320e-02 4.8194540902034281593113718e-02 1.2331018079164814127413052e-01 4.5482258848860152225074097e-15 -2.3623765000159643558654727e-15 -9.3182828467173256439248394e-15 -2.5057446405393464889979409e-15 -3.4057860029650555144797863e-02 4.9540336973670107134637419e-02 
-4.8015184702396629390364069e-02 -4.4165232820423089288297547e-02 -2.8285040887941207549127753e-02 -7.2369225054387739670680446e-02 -1.5289884908953738085202190e-01 -3.9120541430678323902014881e-01 -1.7793748594627749482282661e-15 9.8718795190426067291108004e-18 -3.1971745635953618958069455e-02 7.4840060353897203127004900e-02 
-1.0407787639950767666352505e-01 4.6315201455417384646118251e-03 -4.4887808530490958884559704e-15 1.4660149457958496500027622e-15 -6.4574752046767880386823890e-02 7.2486605496797154590815637e-02 -1.4865499715273233771739569e-01 3.0782327779454578958739930e-02 4.8291848023974640047306650e-02 1.2355891175725924879813533e-01 
-9.6457692194495832401055145e-15 -2.2385648430584046074345872e-16 8.2845093198136824107881647e-16 -3.8774896344251916588257585e-15 5.8668982274252559627747416e-02 1.3195364149988729127183085e-02 5.4482057839339761290409214e-03 -6.4880952155683541127118019e-02 -6.9748584770973814928041179e-02 3.4241541954970464156637888e-02 
-3.7703915588913072820531625e-01 1.8509783673034629902787174e-01 2.7868605959785602390162302e-15 9.2579341587031235009578362e-16 7.7252912454657929330892330e-02 2.5597161367197664855188677e-02 1.3324289003592478322635095e-02 1.0332530501885148210838850e-01 2.4240504300006527202078593e-15 3.8903264646817499390911809e-15 
7.7635860762454211858596409e-02 5.8282756472415452042579176e-02 4.3113499407269689767119303e-02 1.4555784434670934746058890e-01 1.1908461556087458765862408e-01 -5.8461624993887649492929626e-02 -1.5347277173866759985759779e-15 4.9164504669440936267778854e-15 -1.2152560510163711032135248e-14 -1.2296812638961822020273290e-16 
8.2397922345941732036322946e-03 -5.9567381511009979966342343e-02 -6.5109299634475564788615998e-02 0.0000000000000000000000000e+00 
17 (band)
1.1360786443955515068182649e+00 (Ry)
0.0000000000000000000000000e+00 (Occupations)
3.3679024063392402050706154e-15 1.3646270992705150566467670e-15 -1.4796441211390669540994303e-14 -2.9118152180944403414515905e-15 2.2642498736134789028007219e-02 -6.5707586671685580537172200e-02 -3.7927066726541373672268948e-15 -1.3779341103358054046565883e-15 -1.3562569994533708868508741e-15 -3.2187909187755685794372902e-15 
5.5363754336233104991205067e-02 -1.6066348379096986875858022e-01 -1.7413472669696143838543563e-15 3.7367069077857965111738606e-15 -2.0319503585766292271632613e-16 3.6331887399839865246376987e-15 2.1860190060330592598565069e-15 -7.1812548495847605828325034e-16 2.4031338885304329155978564e-02 2.3767686118352376878348764e-01 
2.0462499707632744727625607e-01 -6.2119390343295749490337698e-02 -2.2200827720294687965805188e-16 7.8356145278104026740167670e-16 -1.0370029557289965674008744e-15 -1.5368376149151907244395934e-15 -4.3412447947696765171247019e-15 5.3243512072222018516911740e-15 -8.3244374152451066807540235e-15 1.7663687864267793578540950e-14 
-6.7371816381279744923027408e-02 -1.7064819152850387029562995e-02 3.1206573191068664723417742e-15 -4.3941348410910847477388254e-15 6.4797102179882978914508923e-15 2.4200004464350274211903336e-16 -1.6473273390767553814306723e-01 -4.1725612006916115714894033e-02 3.4687221737597715130056058e-15 5.9210099034941698078867104e-16 
4.7367224994867786587930179e-15 1.0819522703916595242257704e-15 2.5120083239378617764807789e-15 -6.4157900849209270036948779e-15 2.3483240436137936546501237e-01 -4.3835344786167511343943914e-02 -7.9024107374797356029283435e-02 -1.9870933178571972832493486e-01 -8.2449620819845574866336611e-16 -6.3941954224231210521948333e-16 
-4.1604861131869684710061220e-16 1.4243808115659036250784920e-15 -3.8225238237783003262035999e-15 -2.4469076274853056801782058e-15 -5.2469343484005839731958004e-15 1.4688449793692507931342584e-14 -6.7404950858259926604887369e-02 -1.7073217449485703772760203e-02 -1.1338437606926037167547240e-15 -8.8660699658524550519406518e-15 
-3.2827886164936182878921614e-15 5.1488150562136498979317680e-15 -1.6468830494636055306045819e-01 -4.1714488772085035750425419e-02 -7.2360081707112424637935082e-16 9.9263743721883987732922847e-16 3.0819693722095043182636089e-15 1.3638140991539218491257252e-15 2.9033073940391898138946825e-15 -6.6137447103684729870365042e-15 
-1.8566003256318475145292268e-01 -1.5033743083760858771924518e-01 1.6409316818912081381576229e-01 -1.3711938795676781310817205e-01 -2.6760537497443219798285466e-16 -2.2359463229552376726940151e-15 -4.7434797214173712079410249e-16 -3.6924955573460025766703272e-16 6.0346532740672971677049656e-15 -1.6120508489831128148042780e-15 
1.1920737175380893827576241e-14 1.9901063666080351439381400e-15 -1.1373038344887250947201629e-02 6.8597202224930972636052218e-02 -1.7539450744924060031924472e-15 -7.6163018977205422190192122e-15 4.8052863601917504870767745e-16 -4.8751981669008293296200066e-15 -2.7787427983737227055183183e-02 1.6760129834125783720999436e-01 
-1.1968141008249083651803708e-15 -4.7984815849212522912705368e-15 3.8931954384694697893634239e-16 -3.8822004958947628820841751e-15 -3.9080580545984968170129962e-15 -6.4067146715513944417741591e-16 -1.3427454516031187004010405e-01 1.9758880870183079259128078e-01 -1.5036945340581706065385958e-01 -1.5204381566646293921785116e-01 
-3.7432395952714444086662655e-15 3.0066181488124054762151487e-16 0.0000000000000000000000000e+00 0.0000000000000000000000000e+00 
18 (band)
1.1725284921846517161014845e+00 (Ry)
0.0000000000000000000000000e+00 (Occupations)
-6.4909605827420962456548196e-15 -1.4279497083321220316544384e-14 -4.4061927791390595004159641e-15 5.3786746850413578440206965e-15 8.3489191672583659697970404e-02 2.2611604082827811007527785e-02 3.3066346144131977383864244e-16 -3.8311600784352870012136246e-15 5.2828540748411836639406607e-15 -1.6738028446557006942928518e-14 
2.6120264331857645512258159e-01 7.0742231799937355107843473e-02 2.0273017806102494866946160e-15 -3.5626959117761605953096031e-15 2.0623265239651055675315167e-15 -1.0616141144409453567415899e-14 -4.5547711185513212896823167e-16 -4.1467629277550712939746515e-15 -1.7149521890766838971842390e-01 -1.2775197989608927384708181e-01 
1.4649938830143482970669311e-01 -1.0094630575034224673203198e-01 -1.4688057405048361472235798e-15 -1.8836389126906138160789104e-15 1.2867685609450716005425566e-15 1.8795828150661522497239882e-15 6.4615689985061183063703016e-16 1.1218319092751414110214839e-14 2.3761823334929895731362060e-15 5.9187696080558962814805012e-15 
-1.5546106491341428121333301e-02 8.5088473592495328379214925e-02 4.4820416368178110906473495e-15 -7.1101278772686351980632160e-15 -3.7854112751085629196744754e-15 5.8380265844389468886076784e-15 -4.8637254930830833843380390e-02 2.6620612628082551687214163e-01 6.4047932608288221276201185e-18 -6.7376800697055200464661506e-15 
-1.1106475678921621386099630e-15 7.3220543721110264239426712e-15 -7.6637659390264642217068098e-16 -1.1222557631117028531827225e-15 1.1295358563443999577735610e-01 -1.8158377121286792266197097e-01 1.1285102573084154764515574e-01 1.3753862515246814690605959e-01 4.3541008261680367006392519e-16 8.4798400315156715382136004e-16 
-4.3435630436065357490419535e-16 -1.6213772501224742374627340e-15 6.3092783315924087698176031e-16 -9.6702846917231899014643982e-16 4.6051994951139557504703757e-15 3.6406232751130561756102034e-15 -1.5553937206534231008081548e-02 8.5131498259836846376202857e-02 4.6645080158647486359905591e-15 -5.6191786091030945192163547e-15 
-2.0233125433353304050767658e-15 1.7417330263269848283386216e-14 -4.8627318068963101826973627e-02 2.6615236087283095089972562e-01 -2.1439422651314079289557963e-15 -2.0485229801785565567370104e-15 -2.1532923238920159716491910e-15 -3.8093560642095155758042676e-15 -1.9485638097171093106650431e-15 -1.5190287863141049822745072e-15 
4.1437690674714131033873343e-02 2.0980471714958914830617687e-01 1.5418391537652964551341483e-01 -8.8757449003138783050204097e-02 1.0223689096175577526245384e-16 1.9351724721423247422358035e-15 -2.4824915937766910529855379e-16 -1.7125886032062767753828670e-15 -4.4101436560210941034318314e-15 4.6006281976885526500225577e-15 
-4.1943462483936566322448578e-15 3.9038273137970071000839084e-16 -8.6134450035151077784689733e-02 -8.3757671726843192089306811e-03 3.4977605893146673808397658e-15 5.8713997426481097794514708e-15 -3.6105107356619622123812735e-16 -1.0787687032919569986353511e-14 -2.6928795618910139619828215e-01 -2.6185719624489473683626173e-02 
-5.1993246082315308386050832e-16 -2.0254298256929278171039648e-15 9.1641616465804547185020073e-16 9.0520073370170832429131694e-15 4.4325193495242204450781082e-15 -2.3787618394138827442572683e-15 -2.0560148587933446684417049e-01 5.8848369143746498410862955e-02 1.0134794167380428708824525e-01 1.4621613875651673364330918e-01 
8.5688617241153556565169803e-16 0.0000000000000000000000000e+00 0.0000000000000000000000000e+00 0.0000000000000000000000000e+00 