180 (index of k points)
0.1068805063630842017152744 0.1848567431265412674967763 0
18 (number of bands)
52 (number of orbitals)
1 (band)
-1.2703911913512597742226262e+00 (Ry)
0.0000000000000000000000000e+00 (Occupations)
-3.2383610446981336838945253e-01 1.3670202687937038632526310e-01 1.9722002126637439012313280e-02 -8.3253258212584446695814222e-03 7.0077235016536942114516383e-16 4.0073901310294853714669843e-16 -2.8704036215220950917226261e-02 -5.9438145267837944052402577e-02 -4.2568303429252871139532033e-02 -1.0578967443704155593220406e-01 
-2.6652353342302503819433874e-16 -3.3644536614068041536790448e-16 -1.7023989404139128200910136e-02 -1.4882228623171275816439163e-02 -8.4042376950116941952684257e-03 -3.4621399278408467037326801e-02 -1.0177537838632306349540002e-02 4.2962775834444084932517427e-03 1.1029938788954032796301875e-16 2.9757656677277990689311763e-17 
-8.6760035899771972503908063e-18 5.4399981788379009732655595e-16 3.7365707201352659112825183e-03 7.6860919398214128973878534e-04 -4.5466722764242392673672555e-03 3.2698424274471178663237225e-03 1.0912468687031594283265434e-01 3.3413929644169526600450126e-01 -6.6458331310264330549220091e-03 -2.0349479597957638443705974e-02 
-1.0572254445910117658082656e-15 7.9236043226588308542928822e-16 -6.1631579167956244968973323e-02 2.3629711322620667451888110e-02 -1.0898067897857621755264290e-01 3.3566758611947460078095418e-02 1.3040204352632459973753012e-15 6.1605797257193343152492906e-17 -1.6254565268358462520881247e-02 1.5718971084687432399062956e-02 
-3.5203225642423459362806426e-02 5.4777188315693415079921103e-03 3.4295755182230012146626930e-03 1.0501347022910384812477425e-02 -3.3118408438496774437339844e-16 -2.4230163802420893199755830e-16 8.5941969934228586440509197e-16 -2.2065131333361560379366947e-16 1.0785817520683454312502292e-03 -3.6591504811541815042619241e-03 
2.8779189001867308550508540e-03 4.8043398186944676064857873e-03 1.0937110614385152362881826e-01 3.3489349084098701814227184e-01 -6.4786590258341450465628952e-03 -1.9837636157251838792126009e-02 9.8237266037076594739659020e-16 -1.8284271665023302553628423e-16 -6.3802047228836616943326021e-02 1.8697714969465536322124066e-02 
-1.0889303719337772857755908e-01 3.6799532717813575322107766e-02 -4.2670345396946576886720425e-16 3.2664648927456004418872825e-16 -2.2355855974489087512058205e-02 -3.9913589757319643813726628e-03 -3.0975341705794710855936813e-02 1.6645111553308500340619958e-02 3.4371197755797854890558174e-03 1.0524432476893306326326538e-02 
6.1559264827275633626406069e-16 2.8166383793134897017022184e-16 6.7967618583746482342591356e-16 -1.0141340250316011158197654e-16 -3.0048893498898225813686924e-03 -2.2189604933404698944299227e-03 4.5434812687960689919774993e-04 5.4106875478232884305040962e-03 3.4287091050377832557316538e-01 -8.0964361277678351114239774e-02 
-2.0310182989277111159642786e-02 4.7959668496831888567788482e-03 -1.4624427978632221729871880e-15 2.0709884535373509425567167e-15 1.3293321749835586287336042e-02 6.5142868930721617437562543e-02 2.7558537089234721312314136e-02 1.1159043951407879302628601e-01 -5.9807471787530532079502778e-16 3.7187272831576369291628714e-16 
-5.8480505281818251361869443e-03 2.1943462530899633666781057e-02 1.3994785019198617559421649e-02 3.2259533857132670353617954e-02 1.0775132580551334202101366e-02 -2.5444035025679843931012414e-03 -9.0001279012850474694651145e-16 -3.4955090788916092533686141e-16 -2.3263317134671120775335104e-15 -6.8072904766293211384151773e-16 
-2.4626209463609141127327096e-03 2.8086729518856977730334457e-03 5.4297303764161298361701213e-03 0.0000000000000000000000000e+00 
2 (band)
-1.2072426957265325331292161e+00 (Ry)
0.0000000000000000000000000e+00 (Occupations)
3.5157304157231877850264823e-01 -4.4386671403699728966074645e-02 -2.0641399237450813730632149e-02 2.6060026729857752383900937e-03 1.0408461755689369770343414e-15 6.4512889343280296933839731e-16 3.0581717903245069466178219e-03 -7.5739999341585984016234079e-02 -2.3378521727775627286893823e-02 -1.2737793108882733417175359e-01 
-9.3134292658105605856867624e-16 -7.7257834739504217973368803e-17 9.0117674111302292078162779e-03 -2.2526124734599570209603314e-02 -1.1344264709070857322092962e-02 -3.5560347057930513647860948e-02 1.0831465171363933649995026e-02 -1.3674910000090328976440901e-03 4.2952423524801511028434520e-16 3.5065087338247900173251254e-16 
3.4407917912580447236852230e-16 5.4711738422887799433771527e-16 -3.6653958772695435786026508e-03 9.4939966536420716640420903e-04 6.5068028249264118004213664e-03 -5.4133903050076169483073585e-04 1.4812127265675070070249930e-02 3.5405420636477807905251325e-01 -8.6963528670069129532238517e-04 -2.0787071628293185554525735e-02 
1.6165921793065677044231359e-15 1.5202004067205751103806667e-15 7.5218467285049564474697092e-02 9.3852061378629954291330506e-03 1.2888746303237721968493190e-01 -1.2637819421209905285108377e-02 -1.4406074323603542868363680e-15 -2.0983532594214834051856075e-16 2.1693037184811050227528639e-02 1.0865099407245712437308782e-02 
3.6384895519323369461606177e-02 -8.3288656320949193412328526e-03 4.5634137273439963344845438e-04 1.0907906396056151615558960e-02 1.8655998403998275056969187e-16 4.2412382189695200630833472e-16 -1.3946859026737321554984353e-15 5.3255814903437267917807403e-16 -6.3935756575415805119666501e-04 -3.7319845343729961956169561e-03 
-5.0347479695592341208953968e-06 6.5292806341691322913334261e-03 1.4838213507523369955043435e-02 3.5468120577841355522963340e-01 -8.5139372855216194357907966e-04 -2.0350872408184821765742001e-02 -8.4345832820040643341896527e-16 -2.8710878589055697495173597e-16 7.4845860795053023584166851e-02 -1.4290663836156528021525958e-02 
1.3052633085331941109608067e-01 9.9151111271826228299453021e-04 4.5797921973036501681379054e-16 5.0181583670672097810458002e-16 2.0304835045907729251801754e-02 -1.3497304305815643540866766e-02 3.6337484327973124109689707e-02 5.7925090850417769450242389e-03 4.5742119625551179787348310e-04 1.0933859725453964895081072e-02 
4.2702519498331750115129868e-16 2.8980607682945436229439409e-16 5.3101793739487676569896584e-16 -1.3784625490192833931934470e-16 3.1052836384128264246573536e-04 -3.6787402075914446900051225e-03 5.3282665229291903061237257e-04 6.3452633832129104810015896e-03 -3.5467891857581917980368758e-01 -1.4892784507062519633313613e-02 
2.0350741825438990045826770e-02 8.5450933878045360128639096e-04 1.9029634537711308540979001e-15 -3.8182207099161020967398515e-15 7.9776042655200669895254606e-03 7.5779177754937601663165481e-02 -1.1910195586076508661443896e-02 1.2998558912979130131049033e-01 -1.1012134658145026001463225e-15 -2.0633942850999899004188627e-15 
1.1750902557536704873264455e-02 2.1363048444652150970046733e-02 -8.8128362551594171397928434e-03 3.5725338989661487021365360e-02 -1.0933789159722219139214694e-02 -4.5910484357266479306727835e-04 7.9200983941264331304805315e-16 6.6815314238178411165195196e-16 2.6890540087673770777110909e-15 1.9593894877689503104463964e-16 
3.6398540042253185386456060e-03 6.1726834330935536308826439e-04 -6.3675954365633741921515210e-03 0.0000000000000000000000000e+00 
3 (band)
-9.2164953299739349468211458e-01 (Ry)
0.0000000000000000000000000e+00 (Occupations)
-9.5457900982891946695119145e-04 3.5864804626955243405106444e-01 3.5388128554796061120413242e-05 -1.3297366111745916039676985e-02 1.1847875691154180356953677e-15 3.7630708674522471634784016e-16 -9.5469209641819069434021117e-02 -1.2717852524713788020527261e-01 -1.6589955259548197497032618e-01 7.2943512880972227740983271e-02 
-3.3060472802127428156601214e-16 8.0637510904933252426167909e-17 -2.3502964501333330205046224e-02 -2.1827590518064494962136024e-02 -4.0783541700931034978960810e-02 1.2475550390017312030188634e-02 -2.7306663911775760911204713e-05 1.0259787276811403039511461e-02 6.4532347960342647530663419e-17 4.7714352876905518602761167e-16 
7.3057896528612835035668836e-17 -3.3385811094093199905015716e-16 -1.3793750640840703874934192e-02 7.5077817690448120369062224e-04 -7.9361040554307045458148906e-03 -1.3890185584682687019997260e-03 -3.5731033998363370685069640e-01 -3.0962126134975537228299913e-02 1.3247769175102515337716369e-02 1.1479589334413495271824956e-03 
-2.2308675249580234805713804e-15 6.7690471023803350711313851e-16 1.3472114981211574802344444e-01 -8.4492360997684479162472826e-02 -5.8805572971829367379115183e-02 -1.7142147534733676028650962e-01 4.3669257063236256975425176e-16 -3.8180221051285347082589885e-16 2.3717715463692213423430033e-02 -2.1594050601008243223111194e-02 
-9.0191180727757832430446783e-03 -4.1684435229417185486688879e-02 -1.0221519796161803242395827e-02 -8.8572776627922843693807575e-04 -5.3686086221857974250069341e-16 -1.4370292484264449917811542e-16 7.7952604832560435938700867e-16 1.2069842055114357060692838e-16 4.0608621063692451613746925e-04 -1.3808197514599353933339998e-02 
2.0482231454079713114935224e-03 -7.7920409445168190010200249e-03 3.5700579691337019916375084e-01 3.0935767917980069863226333e-02 -1.3401187720154705135255924e-02 -1.1612623150890569873050495e-03 4.1271362198467995997075210e-16 -1.0142322514391328574888009e-15 1.1798432784540845152942978e-01 1.0635715429369364815048726e-01 
-8.7296966377585286100959650e-02 1.5870415191360742745985135e-01 2.2848044250765001440679090e-16 2.9163473857316401156580470e-16 1.9713146700874942252035282e-02 2.5412197733126813681270306e-02 -1.6102586041511133402304168e-02 3.9602191249580684373476913e-02 1.0205012424048011399069225e-02 8.8430006780733469862881835e-04 
-3.4464970570471961393857025e-16 -3.0134849625835510238943137e-16 9.6026838749853569323045713e-16 1.1266542194880636918347248e-16 1.9712657212979838375344066e-03 -1.3658077874406638479998222e-02 -6.7341943422547932869559606e-04 -8.0195381727630292434394477e-03 -6.0700746910056092853213983e-02 3.5316508900372661772237848e-01 
2.2785720890270205404859460e-03 -1.3257015942902076327536420e-02 -1.6365669198513396052295686e-15 -5.1592679808887566152381853e-16 -1.1585681886689758179898035e-01 1.0867080292622789683409934e-01 -1.5084273225581340538425934e-01 -1.0027082476448279102498873e-01 -6.1003449031141263383922976e-17 1.1236287512361368109642266e-16 
-2.6972627177214398425109110e-02 1.7517572024575388950351496e-02 -3.8115871122004429949470250e-02 -1.9359937954511630131548827e-02 -1.7351321321568424511233575e-03 1.0095225686868592590572646e-02 6.4145460575447372820345981e-16 -1.1161327490045560982685766e-15 -1.7399761233200674860691954e-15 4.8393095518610183494738067e-16 
1.3445225809238630851338847e-02 3.1072307133293381939398436e-03 8.0477628095513651512726838e-03 0.0000000000000000000000000e+00 
4 (band)
-8.6466032456321961774392548e-01 (Ry)
0.0000000000000000000000000e+00 (Occupations)
-2.1822341227318815121138940e-02 -3.4784094193631243108200124e-01 7.3033581114725909522178426e-04 1.1641384020238428401161634e-02 1.0811839445894602467103339e-15 -1.0986467532175910767973864e-15 -1.0071011404759291907318186e-01 1.3640385028474608097859289e-01 -1.9294430407315008024760061e-01 -6.3108189675510323324303386e-02 
9.3755383365386292143453348e-18 7.9279084788850123154940604e-16 -2.4017540923791408369325495e-02 2.0965868262187561943399317e-02 -4.4346075294898687491063072e-02 -8.4687381588577741176049329e-03 -6.0193342582277008234736826e-04 -9.5946511035984415050048568e-03 2.0476207552534963029530907e-19 -1.1332797563223173853948618e-16 
-5.6514748973400047233886439e-17 5.6689851935246162485058617e-17 -1.7199726415765087539355704e-02 1.6811127577983052405752318e-03 -9.9887618035815767952856348e-03 -4.1916043060130289688025584e-04 -3.4844706124576002581605394e-01 -7.3607725811288896022865913e-03 1.1661668973581743036227465e-02 2.4635148563193452753150581e-04 
-2.5279276140996040972228928e-15 -5.0750446474161989885471231e-16 1.2749825765611785821640467e-01 1.1177088949558487696034348e-01 -7.9032023588953004278323533e-02 1.8698686404614525691236793e-01 1.7965443747543061669260882e-16 3.2086708235710806103325621e-18 1.8882601988844949225665459e-02 2.5687686663940775128045502e-02 
-1.2149821035896303175749544e-02 4.3481901624234306491523228e-02 -9.6113698026625421499957724e-03 -2.0303734970891339911558404e-04 -8.0235031392102953531762735e-16 -2.8658000702925964300793221e-16 2.0250362087451954016894964e-16 -4.2362178476944351117027412e-16 2.3598084922261432228030031e-04 1.7280076444286682213480333e-02 
-1.2535284196168571674290249e-03 9.9186553693773066991967724e-03 3.4823846830087124004649013e-01 7.3564040413359671824466979e-03 -1.1775062167607690949422405e-02 -2.4873955690399816853553006e-04 -1.3218378505663017384203221e-15 1.0792812303830592520865363e-15 1.3189911196034781459829333e-01 -1.0626947112297499553612568e-01 
-7.0947240462094482427168884e-02 -1.9011747362782938086667173e-01 -1.2410889831916224621847882e-16 -2.7736622038121865838030746e-16 2.0005432905551963351786782e-02 -2.4914057984805011713991263e-02 -1.0332125147330999126449314e-02 -4.4039606844700360244182491e-02 9.5995307143599325344629491e-03 2.0278433640510658622635454e-04 
-1.7412887194038832291307171e-16 1.7893821009602848817717759e-16 7.4595204065393970721609482e-16 2.7177917346121212493543479e-16 -9.6643560991545296706001222e-04 1.7239707754167735154204877e-02 8.3587556094475259135107015e-04 9.9541765918434010201876205e-03 3.6470448032377596192521452e-02 -3.4640157895895073991709978e-01 
-1.2331789976099904147799347e-03 1.1712951377770779159970260e-02 -1.2059696843667531579394258e-15 -2.3944917232347940253547101e-15 -9.4859735927201219163329426e-02 -1.4032892334977803416862230e-01 -1.9538741695189168479096509e-01 5.4789798363263683689261541e-02 -4.3335354109572719066219446e-16 4.8607388062839515312105829e-17 
-2.3152669399960478652245044e-02 -2.2020025673564296714301847e-02 -4.4749723693168472204995112e-02 6.6107496156202084219843940e-03 1.0053411687952658326583588e-03 -9.5488952532383764015833094e-03 2.6033483264323731985539987e-16 -1.5542213009852865826614216e-16 -1.6636135348358011494828388e-15 1.8445307354644650637191915e-16 
1.7098376425418518320675787e-02 2.4056277459240096514014873e-03 9.9892101577159480435552652e-03 0.0000000000000000000000000e+00 
5 (band)
-8.0835451667441537981773081e-01 (Ry)
0.0000000000000000000000000e+00 (Occupations)
4.9323872835318721685737842e-02 -1.2919609002587964519115360e-01 -2.8191077283609006220999049e-04 7.3841026387756400484185804e-04 -1.4767777394231546041849379e-16 1.1129586381912589349265666e-16 1.8257252229612330740593507e-01 -2.1749958168410965519967704e-01 9.4924893575454805105806599e-02 2.0229393785746985212625759e-01 
9.9783161483461806254168636e-16 1.9860602601188698254051106e-16 2.6876838170224348623094102e-02 -3.9923170479630579188246031e-02 7.8957128378646726507561482e-03 3.2029828747917023223923394e-02 -1.9353614422405653744396758e-04 5.0694702015877200068638686e-04 -2.2927516657492104169283621e-17 -5.9073035342414805782608451e-16 
2.3238393946010642844295881e-16 -1.4687421657199622215023299e-16 -1.5334538403073314297153651e-02 -2.5144398118130770886091696e-03 -6.2541905467438513310796111e-03 -8.1891881691521471731132209e-03 1.2461566586000082101914899e-01 5.9961737230609671311931663e-02 -7.1223086973037919022999631e-04 -3.4271065033973646674070324e-04 
1.6569127938825408868342407e-15 -9.8926060501841331057026362e-16 2.0145950515360849797374954e-01 2.0013211065092470497539523e-01 -2.0952757490455195532597088e-01 7.7664458208508840852957178e-02 -1.4498640816685570837809867e-15 7.3291784134276666987266419e-16 3.7534158452858679133612441e-02 3.0123262114348320350742938e-02 
-3.2578191851270289769448851e-02 5.1878344750790998662903775e-03 -4.8897439849021379250360031e-04 -2.3527761897707954313885281e-04 1.7032959952131074402053539e-16 -1.1195431804475200658420758e-15 -4.6273997228579981587719114e-16 9.0861909606782827816747302e-17 3.7887824170567798234832146e-03 -1.5070355118533516891599078e-02 
8.6838047094328352226710876e-03 -5.5470026170151669198116196e-03 1.2535889808440914272580358e-01 6.0319030705862849983667218e-02 -6.8585287473425619875211368e-05 -3.2995820938800518584699262e-05 -8.8305179588436441862191568e-18 5.1364561839553617371551970e-16 -2.7986241101015857379863405e-01 -3.2555057016563603011771733e-02 
6.9744917838908598861635824e-02 2.1015990182798716112699822e-01 1.9888672828285526866659197e-16 -3.0322101385614837360262182e-16 -4.8429260377845374796468292e-02 -1.0644489552539436114098059e-02 1.6587312103869836232838963e-02 2.9874753775981980480347389e-02 -4.5797580207406699947386697e-04 -2.2036815890329522742846491e-04 
-8.0534660857037800422181232e-17 2.0318906384008022425035974e-16 -9.4799469389511026412977568e-17 4.1946682693138257075074896e-16 -9.3003969443914615705670812e-03 1.2459206579516818660935407e-02 8.5311179546122177866362968e-04 1.0159437434700959584921165e-02 -7.0597245589606658078274393e-02 1.1987188039481024015575628e-01 
3.8619168880101029106555188e-05 -6.5583730087281563725376543e-05 -1.4389115415498084251807151e-15 3.3721401174564611725264749e-15 5.5859164786897799737097614e-02 -2.7615675719250581954256063e-01 -2.1525894577173473876108289e-01 5.1914585291123367671861644e-02 -6.2934577036823478133042036e-16 1.7715627534857042177537771e-15 
1.4659613884221055907230991e-02 -4.7368704218554304186117321e-02 -3.1157969310823339925686781e-02 1.4029283104744161292387616e-02 2.5791772409718615940987796e-04 -4.3792968424039105954440054e-04 7.4471290582865528499403172e-16 -1.4006261116159709176371094e-16 1.6908858878658962696922519e-15 -1.2486500196053012189215509e-15 
-1.1637273231664009218166989e-02 -1.0310338677550785063674610e-02 -1.0195193412837566179773852e-02 0.0000000000000000000000000e+00 
6 (band)
-7.5376365144408019602906279e-01 (Ry)
0.0000000000000000000000000e+00 (Occupations)
-1.1512044084223428674906842e-01 -8.3104226199987613066255676e-02 -2.5797260887121600814175792e-04 -1.8623334864397572685490445e-04 -1.5161986573966488777524800e-16 7.6795417779976124937255399e-16 -2.8174100180106659285783621e-01 -8.8469860578000353301675318e-02 3.7040404743789639985251938e-02 2.2549475970798657509241991e-01 
7.1751601765678787887284822e-16 4.9939629065806931221697462e-16 -4.4767781942351522750378479e-02 -2.0587791958405474157522974e-02 1.3037496609920195059229009e-02 2.9698914642708643119028977e-02 1.5000005468341571970153359e-03 1.0828408709390377473447131e-03 -2.8140869002255319849190416e-16 8.3166668945067946204729197e-17 
1.4829416132689464061698648e-16 -6.1897670299859162594505838e-17 1.4609688501003413249601515e-02 -1.0453978636509108496310816e-02 -2.3280128112213201163616105e-03 -1.3770444113614888070884490e-02 -9.2445798177038740472966083e-02 1.0776271484801680511367294e-01 -2.0716679358365880370129730e-04 2.4148425767581832568353661e-04 
-4.0692190252681329952465261e-16 6.9864571485581930591932824e-16 -1.1173506368854521642042243e-01 2.7334992933797636061044045e-01 2.2780337902931638294212746e-01 -1.8041583693481046818396507e-02 2.0899900400235238905983718e-16 -5.5685867968271223696637719e-16 -2.4261659110871636180206679e-02 4.2888033003955938760043409e-02 
3.0685705965947406015370547e-02 -1.0506631152736197604147250e-02 1.2045600061187529926376438e-03 -1.4041300452379990720830349e-03 2.4907298464114508113383444e-16 -3.8538502874756862659407305e-16 -2.1688977514012740985490338e-16 -3.0910186723268772037024261e-16 -9.1948078390613769556027890e-03 -1.5433216652133398966162403e-02 
-1.3916952319011360525435883e-02 1.1675670797694848515591026e-03 -9.3205551956805077207235399e-02 1.0864783773270481059824988e-01 -8.1765758856502165213830935e-04 9.5313638927649324550372967e-04 1.2509367859185608369053723e-15 -1.3188735245638880381068224e-16 2.5117436175089052907694054e-01 -1.5107830295994964520112092e-01 
1.6389763643082682492702062e-02 2.2599373513385612177728490e-01 -6.1872678665797971522363569e-16 5.4110107763137273879172278e-17 3.9975850192206674460493332e-02 -3.1253212485045631097158036e-02 -5.6120564696673924665049071e-03 3.3083711729751927310694271e-02 1.1832915629479924188305340e-03 -1.3793467757832814091223383e-03 
-7.1156797593387041486699272e-16 3.0644107421465688142930083e-16 -5.6552962057976406366740394e-16 -1.5232015591067093880650003e-16 1.6546838215288142692749318e-02 6.8678965649105888635617134e-03 1.1517158209799829848840602e-03 1.3715417941774461080273184e-02 1.0046755491606181032171463e-01 1.0197008369493426593876961e-01 
8.8137378235702071305190941e-04 8.9454634562817839094073236e-04 -8.0932384673389004260552136e-16 -4.5409391534469909727300623e-15 -1.2953072123893957789952935e-01 -2.6293536445589044125981104e-01 2.2657260337080240009122178e-01 2.5783858900176805269144342e-03 5.5023522496639187795400131e-16 -9.8733540260260952977697476e-16 
-2.7798510147517527940630444e-02 -4.2450850672322099077504731e-02 3.2498077715514571417454448e-02 8.3607478393264815508256760e-03 -1.2754939266899532283178198e-03 -1.2945623560807956783230699e-03 6.7310643131972244326340238e-16 1.2799414317370767785569727e-16 -1.2763461218084506397243997e-15 1.2972529679505513834291750e-15 
8.2284136181849116403741462e-03 -1.5914115353272802882989012e-02 1.3763689136631264420262966e-02 0.0000000000000000000000000e+00 
7 (band)
-3.5181066056036530698136744e-01 (Ry)
0.0000000000000000000000000e+00 (Occupations)
-6.5028269019910657622233748e-15 -4.3358494736203979784775244e-15 -4.1732906221016787899172924e-15 -3.3413554576335335964946144e-15 -1.4817323117218678119044739e-01 -4.0115227345686110815847769e-01 -9.1988087303906268722472099e-16 -6.2854044454840220998139897e-15 2.4438586656324322328251793e-16 1.3370188652463774202410491e-15 
-2.3651660728629120278299069e-03 -6.4032708324245624087467377e-03 -1.1308033359609581547337690e-15 3.6308340837634801814702176e-15 -2.3866002610602214843793314e-16 -6.7514099585016513981946494e-16 1.8372500796563179664177718e-16 -6.5095983176116001203230278e-17 -1.4003353210631674929942392e-02 1.8341810653329945757228359e-02 
-3.4097740960996471282218323e-02 4.9803694667722511746354996e-03 4.2295988492906064266093988e-16 -3.1195537228878070746690795e-16 4.4199528196725767244716029e-16 -1.0593844253759494742806245e-15 -1.9093775189890368147262914e-15 1.4575857776167941468606668e-14 -2.5164485023732958943150956e-15 7.9087700684135314105566149e-15 
-4.1214419237663191264431362e-01 1.1408600977246702301570735e-01 -2.6663945028376000283226901e-15 -3.3671977340883236882686497e-16 3.3997136697721880215950145e-16 -5.7365893785051927080785630e-15 -6.5787256561471527810391891e-03 1.8210592101039705520415524e-03 9.2680856928575431978645891e-16 1.8238950359379000235199550e-15 
1.5199368737584589294473862e-15 2.3378283445502576468005192e-15 1.2053137173923360440674904e-15 1.4065550624177368195402123e-16 1.7105712948225718778028082e-02 1.5489044635394732044031407e-02 2.1096771896356794617766184e-03 3.4394901959802687274603272e-02 -5.7515563029124622331356115e-16 -1.8737317813665984278107467e-15 
-2.3070234159221304171237819e-16 -1.7920259645800640859850023e-16 6.3038083945249081907646213e-15 -1.0491542600639612769858553e-14 3.2316063038477885210639635e-15 -5.8912323697821801702824173e-15 -4.1216995784946608427645742e-01 1.1409322122647339026180191e-01 1.7322930993647461159369269e-15 1.7747041431025296111452084e-16 
1.2790549274663097697606541e-15 -2.6463796814922774060612455e-15 -6.5467309547778251149763307e-03 1.8122117603373995818605291e-03 -4.7134614378909630280239329e-16 5.9675948816933206135636618e-16 -2.4870511640468018563931728e-16 3.0566681277781290543491632e-15 8.4574831749318324992840067e-16 -7.7423121719656390150343020e-16 
-6.7062298324579994179828191e-03 2.2084086487447949359586019e-02 1.5879419233526627375230333e-02 3.0589570819212177216206427e-02 -1.1548241777490383936065778e-16 6.5571181609166060597382589e-17 -4.3486530980325854428020141e-16 2.7804013502646968840692086e-16 -6.2785396477602611113175459e-15 -2.0859397379601612794938625e-14 
-3.7941929313997678998484354e-15 -9.9023591986009492573883780e-15 7.9203587151287238588004413e-02 4.2027149447216538558080856e-01 -9.3261345684447113338376908e-16 -1.5726482110131541294072727e-15 9.5542572988339906713581882e-16 -3.6125287992859118389952030e-15 1.2580397525553466738651442e-03 6.6754126194215040318580279e-03 
1.0427326148821132253511835e-15 8.2300229515326003770026092e-16 1.3390134758449572033586267e-15 2.2392543488756265489538094e-15 -5.1056063797282108032583118e-16 -6.6668344399887347632571330e-16 2.1445471639929682833303204e-02 8.5306588662181648957671953e-03 3.1811044441485081257781076e-02 -1.3264058565888270715960040e-02 
2.4978268616218202952214620e-16 4.5369156554306298638757749e-16 4.8888103859793343146582110e-16 0.0000000000000000000000000e+00 
8 (band)
-2.8308799212782070897631570e-01 (Ry)
0.0000000000000000000000000e+00 (Occupations)
-5.1146542132393070535759629e-15 2.7564683283419720569515715e-15 -1.3647969249850323225075783e-15 2.1766182917116875186237162e-15 -1.7398211109124910728196411e-02 4.4957134849122210029648272e-01 2.4597118449427953079297672e-15 6.1851006725092357273497608e-15 2.3548129359248285395022744e-15 -8.1800549011106597241458651e-16 
-9.8031498594670918311777541e-05 2.5332587685600177485056861e-03 -6.8215028456740070869873478e-16 -3.2081882831844840433476460e-15 -1.0455799519900739315236815e-15 1.0138526501208775639415669e-15 -3.6008542905175348044629547e-16 -2.2086435385910156706964930e-16 -2.0022528203641001137702560e-02 -1.7071693988572445022100510e-02 
-3.6083542325233600167599946e-02 8.0260753187848393741532504e-03 7.5715286859108876606846069e-16 -1.3480482848338436301088917e-17 -1.8143749242052788812295777e-16 1.2383947297199834970451137e-15 4.1556993268765702117182037e-16 -1.1996486697158534868396975e-14 -1.2854179961257114697623598e-15 -6.5493927063483344878022748e-15 
-4.4653879372035271133611900e-01 -5.4956353925829468098918085e-02 -4.5415845727738596669375311e-15 2.1616973542989876659320283e-16 -3.6834061420708469831717747e-15 5.6109447783352979373097626e-15 -2.5161712091690928427833995e-03 -3.0966531827025019912857928e-04 2.5951223827983134877727685e-15 -1.6312377711272521227827377e-15 
1.6750654639533188890488724e-15 -2.9055300353964819793330797e-15 7.0406830863946888149338462e-16 -2.3346392491590410886514940e-16 1.8687263129982732007272617e-02 -1.8523783847146566700070380e-02 -4.9785337474630552562215868e-03 -3.6628596935794364986005434e-02 -2.6959309026640971128862372e-16 1.9173679304428221505090300e-15 
-9.3822968332466682925750196e-16 -1.8274640485270879049384117e-16 8.8487611899834532714478431e-15 8.9128457025233093091113923e-15 2.4862606746022505840889744e-15 4.5567750077092457237312740e-15 -4.4656112327453056920489871e-01 -5.4959223314365139578807629e-02 -2.6203868254948904557197820e-15 -3.2893076763501725378334445e-16 
2.0875266333577213988305133e-15 4.3667575340023903601934278e-15 -2.4847787366275141812677063e-03 -3.0581160400691568060360659e-04 6.6837644751917254913002573e-16 -3.7512472532260457530884833e-16 4.5009383945029271268037618e-17 -3.1482059759339780490966862e-15 1.5552007844848649192055098e-15 8.2189931979276015422005944e-16 
-1.3639404881296394306255948e-02 -2.2505815345961771578586763e-02 1.3713079826379754103116149e-02 -3.4334278514918582791981549e-02 -1.3327460774499010002413364e-16 -4.6321100470003968730076203e-16 5.9446886102918302380709852e-16 1.3021103106387378728868464e-17 -1.2981360220552429767516544e-14 1.9834876184383824753979423e-14 
-7.3466265637135152354630551e-15 8.7158333749828498209859037e-15 9.2133745221457216678651037e-02 -4.4039610129856016085270198e-01 -1.4779597473040415327666629e-15 1.3069002221753568723724107e-15 4.3316106850589130875907602e-16 2.8189146698477753191852436e-15 5.1266000510163966565058136e-04 -2.4504746124582974138583769e-03 
2.6076070627836052779230504e-15 -9.8279186991954506212708489e-16 -5.1068838042092022169611460e-17 -2.8110062729946120174683477e-15 -6.9455101507705448371975383e-16 7.5917599578301236306895560e-16 2.3568200266706265666449838e-02 -1.1708331481937974544171865e-02 3.3066382425024611058095303e-02 1.6538004498334490238731220e-02 
3.5981294651206924176644980e-16 -3.6742099081166453884826632e-16 2.6266079020299463634168548e-16 0.0000000000000000000000000e+00 
9 (band)
6.7043049221730488529402692e-02 (Ry)
0.0000000000000000000000000e+00 (Occupations)
-1.9807006342787076972901130e-15 1.9321305150810136554422357e-15 5.7223390693975889168751915e-16 1.0358031722610120343306607e-15 5.5453440569863854392451685e-01 -4.9081106419138903484977732e-02 -1.1605710422940716595115555e-15 3.7349790331348164633574154e-15 3.9679033732657506634105707e-15 1.1126357017330594248206876e-15 
-1.1492071433257537022010197e-02 1.0171564015732520447343745e-03 7.9162689517749643908577536e-16 -1.1574527839346261847404224e-15 -3.0545057207903845803218604e-15 -6.9138520751908388075093053e-16 -1.8648164361028962739314926e-16 1.0444398817509556297600395e-16 3.1712796524782059515157329e-02 -3.1172046218322785327003999e-02 
-2.4084397341676257175979714e-02 -4.6927746725799600324702254e-02 3.2079425111098866285816923e-16 1.0311649834455914610728341e-15 -1.2256992582907097128067926e-15 -5.7028510708551950066318636e-16 1.1002835657903671092831148e-14 -2.2187260398704189339201384e-15 6.3668172897108849240716825e-15 7.2205389935379774261308437e-16 
2.5067290404190449223942316e-03 5.5669657661991833741410574e-01 -1.7333800673810882546462717e-15 -3.2567697919931512512681811e-15 -2.6789882672812114877251816e-15 -4.3025651747599386812612095e-15 -5.1957339862652171871837403e-05 -1.1536880575234574608511906e-02 1.4225372016348674357619357e-15 1.5071197351150482355870164e-15 
1.7717694014872500197675865e-15 1.0578897417366713330896838e-15 3.8684647351178255339388915e-16 -2.1775996423990098193586143e-15 2.8409063051185894088757067e-02 3.4209984878879252934158472e-02 4.8778494937120490948512241e-02 -2.0073117339919028384587207e-02 -1.3065769080005022553356834e-15 -3.2989451663440210528949082e-16 
-4.1448009734679878899615149e-16 -9.3320866882593937481063058e-16 1.9819272202726476339041286e-15 6.7372707887858103172547648e-15 -1.4865661350744844641786019e-16 1.3481442484287512624140148e-15 -2.5065650758904615448552367e-03 -5.5669180570795562257302436e-01 1.8037304887793676507426644e-15 -1.1482504799126884649454865e-15 
-3.9880360967094023451736344e-15 7.4051828585514707666443356e-16 5.1872773809083359180041595e-05 1.1522490916143147271499814e-02 -6.3335177388638764396832570e-16 1.2007319022769455767901146e-15 9.3156015449034957541336007e-16 -2.9533486286517482696507242e-16 4.1239521136321722364227691e-17 1.5542369552816073134916045e-15 
-2.8097359658297318268926901e-02 3.4459720353532882763936129e-02 -4.8952942016534897740065446e-02 -1.9630341265081945045789524e-02 -2.4487024368701845827151418e-16 1.0939103691665236786493744e-15 1.1263384609571893841828520e-16 6.0443241709904517553991553e-16 -1.2820224970553586081146860e-14 -6.6542092737793590757670330e-15 
-5.7095457787850088850112714e-15 -2.2143422186698562685365327e-15 5.5494915315774873132426137e-01 4.4084995411231030215670756e-02 -1.0625337538298351354019565e-15 -3.7363011806722540246687422e-15 -3.0511207183885185275406309e-15 1.7810056357111290364232807e-15 -1.1486420520695208094541506e-02 -9.1248633909006972124433599e-04 
8.2485160550513080004219559e-16 1.7493037003120940529210514e-15 3.0391984973768422828135794e-15 -2.7144455087622052371053884e-15 -2.6762533299319902980411660e-17 3.7151077507763519579405792e-17 -3.1987738809603601108921822e-02 -3.0882333338981188264327216e-02 2.3657771500203525483208011e-02 -4.7138632541700364875225659e-02 
4.8597343170734414083670522e-16 -5.2045092911190220391990305e-16 3.6963975328455744456593672e-16 0.0000000000000000000000000e+00 
10 (band)
1.4727272432663848777956161e-01 (Ry)
0.0000000000000000000000000e+00 (Occupations)
-3.5830369661462087760427736e-16 -1.1873385935503952535659715e-15 -9.6165953991957308169976875e-16 1.1834012861483805417138810e-15 4.2710786926680549546730958e-01 3.9029258481612583153719243e-01 -4.2898057843097968543618246e-16 -1.8241529927949216875817320e-15 1.6782804301747706046741764e-15 3.7688232452136406722783298e-15 
-8.1166565481242299029407405e-03 -7.4170427552528363918105114e-03 -1.0735726120364658568312633e-15 2.3982483306954236592046073e-15 -1.6920735964978559989502788e-15 -2.4415511796851476546746312e-15 1.2191939173501099016832898e-16 -5.8748455276912768954863717e-16 3.7209926883247576578916949e-03 4.6098526815286075541955313e-02 
-5.1220255982729473442915946e-02 2.7044163784318293874964212e-02 3.4904242462005412321976332e-16 3.3655309835759544095982356e-16 -2.8191955003754069325152547e-16 -1.2326997632053044985885903e-15 3.8841533712683471303165266e-15 8.2785755475282949872325822e-15 3.4669162027340166052150273e-15 3.9233562637793724454193389e-15 
4.2466323909282249760011041e-01 -3.9295110015792367175180289e-01 -1.4520883443273223286084009e-15 7.6227609228207781283203406e-16 -1.6562855736396974724901231e-15 -2.6611516873215178087011264e-15 -8.0702144561420226243075859e-03 7.4675481508594456631078273e-03 9.6310399884389543204158639e-16 4.8404041552410271463186978e-16 
1.2621981906220978891061124e-15 7.9291714824362781338949718e-16 -1.0436486381446943628973055e-15 1.1463016092842838711063918e-15 4.6248217436593255791343893e-02 1.4948265380903668492207359e-04 2.2663315548697444967718440e-02 5.3303616632167830080568649e-02 -8.1926332163388034323913737e-16 -1.0917233312383401526504910e-15 
-2.9346304692003378489312572e-16 -1.0810487701102590482811182e-16 3.0839594368558968721241238e-15 -4.2299170798811403011823959e-16 1.0126170002038247196018320e-15 -1.8648997337153917253877172e-15 -4.2466093531071824607181497e-01 3.9294908838795328254178685e-01 1.4568949162881777085988518e-15 4.7721260739836487848212274e-19 
-1.5756178697098754393431476e-15 -3.3888113263099004719526362e-15 8.0602643597430176369833532e-03 -7.4583740140538191260022316e-03 -7.1470808178238712011807432e-16 1.4324586124226786767725855e-15 -1.9160623611035146309992555e-16 2.1270707467939792846057617e-15 5.9137951810789310281936269e-16 -8.7354152534628766435143846e-16 
3.4314960225767607987501506e-03 -4.6115984941571583344277485e-02 -5.1383280134616224343879765e-02 -2.6722566809259114262165014e-02 6.5480005288687829345847993e-16 -2.2748691113882138415936780e-16 8.0315689530027959398091782e-17 9.6018461284120927366334787e-16 -6.6421660484259932651205414e-15 -9.8344383074189086732902044e-15 
-2.0301210566969665665477511e-15 -6.0404624251748651213031542e-15 3.5603624948834400321118210e-01 4.5605272183610429115319107e-01 -2.5744078469088488877704764e-15 1.8659883211894149714874918e-15 -5.3320539129521896859424571e-16 -1.3165538931748383134300194e-15 -6.7577509097373842511524700e-03 -8.6560965292882680044428412e-03 
7.2755480412127490216890229e-16 5.1024399532653206516790901e-16 1.3283418664808014375807285e-15 2.4625074371258199234423063e-15 1.1589016125715886406370352e-17 5.2040595917202794782556826e-17 -4.5667109506164385579474185e-02 -7.2783474385377626425519537e-03 -3.0928489063151272386864576e-02 4.8966984985179241862685018e-02 
-5.0775080337464831637072059e-16 9.1275671242944414794591627e-16 3.9236660405781690143056023e-16 0.0000000000000000000000000e+00 
11 (band)
8.0072705652425701927654700e-01 (Ry)
0.0000000000000000000000000e+00 (Occupations)
-1.3952117715222536742381010e-01 4.3151918975843117642909874e-01 -3.3838181795291931430735843e-02 1.0465790582535633435057321e-01 8.2716954403163712069347703e-16 4.6326482006168919683613353e-16 2.6055098556459849179489652e-01 -2.3912261063938339278323042e-01 2.3220359249373814791717052e-01 2.6203710841127680897244545e-01 
7.1525983948836329578429801e-16 -6.8520287614787539458660829e-16 1.4878390318132969638575958e-02 -8.5968485392506288622627153e-02 -3.5589633309863893950719671e-02 4.0979562346261697025617821e-02 3.0091423377472857614289836e-02 -9.3069237129327089808050744e-02 1.4806312466083081996326655e-16 -1.4709631668116833272629495e-15 
1.5115812518214050587623777e-15 -1.3255565020730248700878697e-16 -1.3634621783604333744577275e-01 -1.9222620968992326639934731e-02 -6.1662898223856593693525951e-02 -6.3120470001307452112548901e-02 4.1833096004899628095330399e-01 1.7514045183255635973473829e-01 1.0145934975105259934213819e-01 4.2477054359359403545859379e-02 
-1.5518502844709187913157723e-15 -3.8353474054662909141671175e-15 -2.1648162948331950428126902e-01 -2.7964646090002376332961376e-01 2.8054840318945706290065800e-01 -2.0946252175364649117383919e-01 -1.6716823158020691549957622e-15 2.2540486207311500758537568e-15 -8.4421990203686181342135342e-02 -2.2019867147357458092571392e-02 
3.7857777499281645983142397e-02 3.8893896848154682621689915e-02 -9.0224844810386506388510952e-02 -3.7773721548941895098661092e-02 2.4656788446078876884624668e-15 -4.9452342321490497073370326e-16 -1.1764648201671147698043395e-15 9.1910003530065666282785836e-16 -3.0564361964491758988371473e-02 1.3425952499848631260803700e-01 
-6.8058915956478518993755245e-02 5.6164852972139737985468599e-02 4.1567910006971331426939287e-01 1.7402435324931264659653607e-01 1.0062540949574552695544583e-01 4.2127314580889113626582798e-02 -2.4360829152099821545978693e-16 1.4057033419188786465228974e-15 3.5121715205339398835349130e-01 -4.2870505758607041491003997e-02 
-4.6945498832413501411053858e-02 -3.4811930936122770230412016e-01 -2.2884659876401997342921744e-15 -4.9722236869097189429239128e-17 7.5734498808285796722650218e-02 4.5249038246345102409762262e-02 -5.4920470043814839655738069e-02 4.2887230247946883654464045e-04 -8.9982986110676094204663400e-02 -3.7671689673935061792864332e-02 
-7.0720390423085777831940404e-16 1.4044541918489663164004138e-15 2.4226986164580527510963097e-15 -3.7259498755037201811816838e-16 7.4038115510019167353483738e-02 -1.1615979947968765872978736e-01 -7.3730330895230705712251051e-03 -8.7803109481746757780662449e-02 2.0819715589450704662510816e-01 -3.9965927242598858759592417e-01 
5.0399685394237211943924137e-02 -9.6747379200394542642094109e-02 5.0252234775730187429614504e-16 4.1003887647800960306494807e-16 -1.3331059094179873239505163e-02 -3.5357269552944087243062654e-01 -3.5082670403882648679783074e-01 1.7650981388796265630913851e-02 -4.1941890441368127145544881e-16 1.2584113878982246938575602e-16 
5.1427643014660344433774952e-02 -7.1682545336496067411857780e-02 -4.1682582920620579042259024e-03 5.4763743335316139582147343e-02 -4.5069151955970228329295679e-02 8.6515117374103875369506511e-02 -8.7008179986001022408286287e-16 -2.5555874979483111670288325e-16 -8.2907953211489106272047809e-16 -1.6977141603586297464529042e-15 
-1.0955706089688829751871424e-01 -8.3498454902269661492830721e-02 -8.8112131126207651754533856e-02 0.0000000000000000000000000e+00 
12 (band)
8.4560063211586444786860284e-01 (Ry)
0.0000000000000000000000000e+00 (Occupations)
-7.3386065643547881975905511e-01 -6.0686574660023820393384142e-02 -7.1651438503567949078743027e-02 -5.9256410574079348974052550e-03 2.3981307616175405916781767e-16 -1.3929944573049547002313298e-15 -3.3649489760013029382434979e-01 -1.5947371363845241898360428e-01 2.1950562642510770827719568e-01 -2.0954485890001073311594837e-01 
-4.0301257895104297099718220e-16 1.7250620702308233563464218e-15 -4.1414219316183921437701798e-02 -2.9282745980788192630139832e-02 2.8846064184655070133933563e-02 -4.2338594186914164929635973e-02 1.0236300739492057432222794e-01 8.4650981493502204522361154e-03 1.0578308305132450555911870e-15 -1.1502241046967193018312668e-15 
1.4246178045687120576456443e-15 -5.3241831225219304297950645e-16 -5.3890759787293386617879065e-02 3.5428569055976390222983952e-02 8.6035501132481859154488291e-02 3.0076134666914743076571170e-02 -1.2188161521787227448143653e-01 7.2620878215517337128659392e-01 -1.1900496834098016341041415e-02 7.0904301961618093619321712e-02 
1.2936035449310846278669887e-15 -1.5669971701691536088140269e-15 -1.8707158414903160559283890e-01 3.2197034623785830698139421e-01 -1.9044219820689592403972767e-01 -2.3627005114023863496797162e-01 -1.4401023972010976776982758e-15 1.3967313470634505601212390e-15 -3.2645499818334020036836307e-02 3.8818656794832852308108073e-02 
-3.9776330343676259693186381e-02 -3.2287699222149218725164133e-02 1.7000925537732598097351300e-02 -1.0129566476637248684244952e-01 7.3660453976212535358744406e-16 -2.0675578235952951194603777e-16 -1.7518620835714877310527932e-15 5.0997092623448578080173191e-16 3.0794853532545199414904857e-02 5.6666343553398029753154219e-02 
3.7169918600429258104256292e-02 -8.3217056441894268759007502e-02 1.2161323756543299112742318e-01 -7.2462981313036656239034983e-01 1.1539290515231174355514909e-02 -6.8759203155621381742257370e-02 -8.1851635963482741310995558e-16 1.1568594492872382660280111e-15 7.2122566026218123957924888e-02 3.6555869398198043151992920e-01 
2.5788888545651772465916451e-01 -1.6107715248173776201312535e-01 -2.4466365688375990396835274e-16 -5.7096147803340648723769987e-16 1.8168092548896491028598277e-02 4.5937404807833301378927615e-02 4.7579574983345779282117860e-02 -1.6811885135086475362431457e-02 -1.7013038289231965927150725e-02 1.0137298523523920190658743e-01 
-1.5533860172557167085223486e-15 -1.0542907510795137549160730e-16 -6.8172978366881001712206072e-16 1.5335722535996353982785200e-16 4.7149618718550251328380796e-02 -4.3743435100546949889643855e-02 7.6426052297892694414871428e-03 9.1013358487304754640412341e-02 -7.1191210097387758182208017e-01 -1.8182218268336136635099365e-01 
-6.7552472011227424064649938e-02 -1.7252442417354123260775367e-02 -1.3865604733446317506808021e-16 -1.0397675084723483614851266e-15 3.7031168896358901410081899e-01 -4.1280458973264003152969792e-02 -1.3893264652674722214875658e-01 -2.7046302154389822991475967e-01 1.7221529074540179467796270e-15 -2.8229174167570482335581424e-16 
4.7296562663082263033853536e-02 -1.4260431536378629507888505e-02 -1.2771567274457369320361799e-02 -4.8819489005370073075873449e-02 9.9593841559386803163889113e-02 2.5436043929512763828171273e-02 3.3982894579972031969130472e-15 -2.9150973727621125026958463e-15 -1.9199736533186952794513216e-15 1.6673015462402281953616122e-15 
-3.9644642316836870010732241e-02 -5.0644614671949604589595850e-02 9.1333678552004970985223054e-02 0.0000000000000000000000000e+00 
13 (band)
8.6570332220862689087681474e-01 (Ry)
0.0000000000000000000000000e+00 (Occupations)
2.7566482800197561475741281e-01 4.1319015613697190891784317e-01 7.7413450790827648129166505e-02 1.1603660026875212141206362e-01 -4.6554574736681949088268912e-16 -1.4346860072959116031019583e-15 -3.1343214418065207249597393e-01 -1.7033591196114661325822226e-01 -1.3786128400867109222716067e-01 3.1134866915232395356838424e-01 
4.6938423663204018252465037e-16 -1.1421320933614486325348166e-15 -4.7908757704786537889862785e-02 -8.9280710571737503800093805e-02 4.6308177890501567297576457e-02 3.9204965709344827273774570e-02 -6.0329171960852343015169197e-02 -9.0427756767358036249504494e-02 1.1114489348420788621145638e-15 -1.2047233728297061553475276e-15 
-1.9429033279389953440628910e-16 3.3763378907929148015499632e-16 1.2055410497432547667351344e-01 -5.6246104482104361532712744e-02 4.3585113810485895391444444e-02 -7.1076082277920366037093913e-02 -4.3480807835278961759328809e-01 2.4012317157054696714624242e-01 -1.2210743417532539389913637e-01 6.7432258485057877672730342e-02 
1.9719372326882840946823105e-15 -2.0972935044856579239644702e-15 1.9596584574978689885504934e-01 -2.9807955181272716149720736e-01 -2.9872079064930856517889879e-01 -1.6343077019121893256325961e-01 -2.6722586105125868411045603e-15 1.7560880119774177790401066e-15 9.2976492068271729407591408e-02 -4.0269917651896976196201905e-02 
-4.2942436823918343768990979e-02 4.2865181621359368935308964e-02 9.5158828887654756112368659e-02 -5.2550789415517634717289752e-02 9.4929500843719118531602638e-16 -6.0790784445938666497998994e-16 -8.8216769947856413977817213e-16 -3.4039372008076734235185164e-16 4.5961133988556578111595030e-02 1.2483785747142500666129195e-01 
6.7179700136506759200472061e-02 4.9379747948122290623906849e-02 -4.2772793014467380690035725e-01 2.3619028889961060646562885e-01 -1.2067790030202382722812615e-01 6.6639760321210342319808717e-02 -1.0912231167815704115610209e-15 1.0014807327357245772275466e-15 -3.5956269531088458357714899e-01 6.2873021745659257719651691e-03 
2.0113030893321504066761918e-02 -3.4366607771471407994923197e-01 -8.8713542884866647168182441e-16 3.3300336107212825813841575e-16 -8.4824873494937447215846760e-02 5.7930392589814125314795490e-02 5.9870829338574987898979884e-02 -1.3886449757211222905128878e-02 9.4173442075770552595059826e-02 -5.2003108426053906709896069e-02 
-1.5935090272849083086642105e-15 7.3043810850583111992005542e-16 -6.3056280986641332974410222e-16 -1.2502734438477735625285080e-16 -8.0895513612896263744289627e-02 -1.0601829487921649031179072e-01 -6.9617541584807594509665130e-03 -8.2905319308894123708775226e-02 -1.9957058565886576229075899e-01 -4.4599172204884590664519806e-01 
-5.6307978887834536640966121e-02 -1.2583093733471545361268795e-01 4.7966883341936470446357740e-16 -9.5618698914386682398821933e-16 2.3822179106153078265162293e-02 -3.5882776622005396749415240e-01 3.4077777736906594840959883e-01 4.8799727816251359246990660e-02 -1.6288413742877916304486660e-16 1.9475453301600917436633273e-15 
-5.0629260089054384241791240e-02 -8.9374871031366445728316705e-02 8.8278861558854053448452959e-03 6.0822842078989289293922127e-02 4.3940495689500314036024520e-02 9.8194670511843940019502952e-02 6.5382672066201810172357861e-16 -1.0935477619447184411724316e-15 -2.6181458908891295679513907e-16 1.7717184303684426730175743e-16 
1.1241563589947507761923617e-01 -7.1740419409920139215408597e-02 8.3197103258922225355043167e-02 0.0000000000000000000000000e+00 
14 (band)
8.7827528737987226037375876e-01 (Ry)
0.0000000000000000000000000e+00 (Occupations)
-6.4455252378778438160367159e-01 3.2614684234109780902599596e-01 -8.5493076549030905253445667e-02 4.3261222126200815640828523e-02 1.1068875712761193518809614e-15 4.7992445551846512655252918e-16 -2.3412338137907154345107585e-01 2.9050604102718302623742375e-01 2.9530826327019760180192520e-01 1.4814385147199163328401994e-01 
9.1063725608246294685909464e-16 1.3801100451415080862169478e-15 -3.1757375428794899774320726e-02 5.0712890237496782708248588e-02 5.0570832508663350612909682e-02 3.4333959698579163966059014e-02 9.9886464679094205676435081e-02 -5.0543609576327530596984161e-02 1.5428826975083830713037510e-15 -2.1683289889296850193646628e-15 
4.1588714694166549155053626e-15 5.7117771884056415157360066e-16 -6.1898632455529137286198704e-02 -1.9355264405802242999588003e-02 6.0310131043136774864343863e-02 -5.9690717238398763311302275e-02 -2.7106823446551869816190106e-01 -6.6958325169790322561880203e-01 -3.5955622680399923485339286e-02 -8.8813246057860492643776240e-02 
-3.2775259575544978342750186e-15 3.5774698903455602735122409e-16 -2.6989625586755633390723119e-01 -2.5761119667123999477098550e-01 -1.7233504867550464290104628e-01 2.8187621766058318373282532e-01 -2.2238644332945073755965481e-15 3.7348355474584992846727125e-16 -4.7877644313713059454062915e-02 -3.5889543119602268506085352e-02 
-3.8445203861351834317972020e-02 4.7520481786914106625552279e-02 4.2008062098239609682970297e-02 1.0376552902505557784973433e-01 3.4973886174418480053098738e-15 3.5653652281964930461529050e-16 -2.1155632223388686692825004e-15 2.4318158206097497454835131e-15 2.4466926828416984268654844e-02 -6.0061938460703755138236914e-02 
5.4434751805533684865245903e-02 6.5093405401382087305250934e-02 2.7176123565841636686712945e-01 6.7133181916508288811229477e-01 3.5684830965903448218856653e-02 8.8155319687219471647132707e-02 -1.4145146593336368995462717e-15 -3.3021873739659897230433781e-16 1.4722566442562944055705287e-02 -3.7032873826300027886304633e-01 
3.1794214383819963121169394e-01 8.1955559520473286738706520e-02 -2.6879483252278937606933425e-15 7.3321478087185495308650519e-16 1.0053641076152454447711904e-02 -5.7087436557610671261642210e-02 5.9947602521172177469921394e-02 6.3859662303555331241966542e-03 -4.2408819717765104673201648e-02 -1.0476381343075723273638999e-01 
-2.5963271367344785791080293e-15 2.7246274532537226007248497e-15 1.7445581386749931646259654e-15 2.1889930194314986584589538e-15 5.8115792909456530368483840e-02 2.6909022198561959732243665e-02 -7.1151965440651738364907786e-03 -8.4732615947329753547379028e-02 -6.9171775805044621865391719e-01 2.1463253208077856526436733e-01 
-9.0832176263371547375591319e-02 2.8183032226378468276806188e-02 1.5823958853438539051353160e-16 3.8457492402251013233433756e-16 3.6779799065313989459014010e-01 4.5659242410828089486773962e-02 -1.0827284268741957373727303e-01 3.0996921153746498367453910e-01 -7.6462659190716371732129034e-16 -2.5466558508269875463693853e-15 
5.6045955882062140074317824e-02 1.4795335105097385391959008e-02 -1.1379855830070097211237368e-02 5.9202993961633275377121066e-02 1.0794507055816124352354279e-01 -3.3493676068664261780138958e-02 -1.6196717377190215416450420e-15 -4.5780612587202308103723834e-15 -5.7162851951079332515884512e-15 1.2320869799297428849706332e-15 
-3.1677652675247656988144485e-02 5.5660283705402310849841285e-02 8.5030831038704915436632348e-02 0.0000000000000000000000000e+00 
15 (band)
9.3355781635319523559246591e-01 (Ry)
0.0000000000000000000000000e+00 (Occupations)
-2.7733376973107348728575516e-02 1.9288537006168782195203448e-02 -3.5347184291562250280094304e-01 2.4584443814626330548911426e-01 6.2366800589767529339814236e-16 -5.5489747718317035142842555e-16 -1.2044304984136926933713241e-02 7.4801559037920586914260923e-02 7.8820334091992877434407205e-02 6.0065373483606153415248485e-02 
3.5690681341555281209512531e-15 -7.8650161528463537749865566e-16 8.6102575421720291271032721e-03 6.6150727974679163212456956e-02 7.3060047542460371250427897e-02 7.3955316008626550972060443e-02 1.0818314755401998994432944e-01 -7.5242779926590869221669777e-02 1.1521703238668339340206282e-15 -2.1819243151694723446963756e-15 
2.7441593452953626614554945e-15 -1.0778986186413660630487280e-16 3.7311455044788693902191312e-02 1.3411328643170255039973604e-02 -2.2138795342049627512537313e-02 3.8058259936472153828201925e-02 1.6900220223453159273940827e-02 2.9250135291482237676063960e-02 2.1540446566674090189685842e-01 3.7280389975484901077251720e-01 
-7.0334512980527774134207047e-16 -1.2047929466819341440388485e-15 7.3531377979548936951736948e-02 1.8261297037355055800089687e-02 6.6450231319977501320828139e-02 -7.3517759185293088397550321e-02 -6.8022015451257086238873785e-15 -1.8652066526282944227715233e-15 6.6639215842082877294672016e-02 -3.0447099163168223762143683e-03 
7.9809451507226417121820816e-02 -6.6615394339143874091746511e-02 -6.5926360453591584254162683e-02 -1.1409988756838801426951591e-01 4.2014867034209199319448805e-15 4.8660787931484168424674252e-16 -1.8273067194832084496007364e-15 2.4879372904467649139597342e-16 1.6486435309735699566990874e-02 -3.6058367465990462386038473e-02 
3.6072257618124117795055383e-02 2.5245784577232397577484235e-02 1.7969084661092787902347823e-02 3.1098727467274912827921440e-02 2.1551043633289151957299623e-01 3.7298727191042752027172469e-01 -1.7979269522596658004587264e-15 1.8782131350968301441214195e-16 2.0061214004340285899097296e-02 -7.3526775538369129603388785e-02 
9.6612436076987912025870742e-02 -2.0012211521093527938353063e-02 -4.7175097576622048468670291e-15 -2.0070349848343566489285849e-15 3.5818602532110430103351462e-02 -5.6135357011988504249977439e-02 9.7378390866215733256971987e-02 -3.5774316065039370171607658e-02 -6.6099478606289480131508185e-02 -1.1439930179083115935334547e-01 
-4.0658399112506701692673444e-15 1.1358564831365264645223222e-15 2.2639232428417784468778269e-15 1.4732025573258162478352603e-15 -3.9500957473047514090236376e-02 -3.5356638704567059337813273e-03 3.6669208389635233810710524e-03 4.3668195703801204743399467e-02 3.2493274101504161788245284e-02 -1.5303790112583034316307007e-02 
3.8971260154729314706401055e-01 -1.8354384046010266406945277e-01 -1.0859920658499212486318424e-15 -4.2046485830501849802985895e-16 -7.1590227669445893887711918e-02 -2.6143418495555906938543345e-02 -1.1857705604779840424800597e-02 -9.7948181363857966807984212e-02 -6.3287269190190940177334336e-16 7.5560889561841869832856421e-16 
-5.2941259009485042152931555e-02 -4.0390267252228016781057107e-02 -2.7500436785037028070144416e-02 -1.0003038875385700245956855e-01 -1.1952914914354985376210294e-01 5.6294971598487522634890468e-02 -3.3141975984044357654028204e-16 -1.4376804405461418576306732e-15 -2.2254240072557602313662952e-15 1.6948403610385390096985067e-15 
-6.8286187240697571176895053e-03 3.9066565329115204852072907e-02 4.3821885222612981525269760e-02 0.0000000000000000000000000e+00 
16 (band)
1.0259420425291554401781013e+00 (Ry)
0.0000000000000000000000000e+00 (Occupations)
7.3144734604649569442713641e-02 2.1732288794809304088850865e-02 4.0235521248830707907728765e-01 1.1954642507910949456029215e-01 -1.2910843444381605174068590e-15 1.6655760369421117127554320e-15 3.8909735093450997789332746e-02 7.1409155350090305902632792e-02 -6.0204477847756530939360431e-02 8.5624163889365625945693239e-02 
-4.1825900778948599636335177e-15 4.0478884174301947627875296e-15 1.7462832436698199484181870e-02 9.5547161431349600380080744e-02 -6.7027176997344978248705161e-02 1.3636626443004101760791968e-01 -1.2691052986512432743104739e-01 -3.7707185932562808927670517e-02 6.4939546089440841397889406e-15 -8.1146567178839411695353168e-15 
1.0551229269761438411110956e-14 1.3842668979555230710796122e-15 -4.6516703741729420462647226e-02 3.8083842821164240466380591e-02 4.8028146178647791730842442e-02 4.4151137242267095295300550e-02 -2.7776664230248476056273077e-02 7.1069694672808172986044895e-02 -1.5279537531000619843268851e-01 3.9094070912299716535898142e-01 
-4.0087801003392531956105874e-15 1.8809170485078770346924474e-16 -7.4414596103238916935396219e-02 3.2797909074365694248598402e-02 -8.0286087040833897798819407e-02 -6.7158177628250270707610525e-02 -1.3182055000336485050988482e-14 -4.9637703865719064508040581e-17 -9.6673316243118367907527499e-02 9.4064074363405525414094654e-03 
-1.3027931914421247983071339e-01 -7.8202938142733727233668617e-02 4.8194540939074215213366870e-02 -1.2331018078517713698616376e-01 1.3161561567858940531882794e-14 1.8168942784109559102922233e-15 -1.0666073473945432940844718e-14 6.7184548287302353467558511e-15 -3.4057859984224406191266610e-02 -4.9540336941907174572730099e-02 
-4.8015184673833297135381315e-02 4.4165232772858858956155359e-02 -2.8285040880544641550553564e-02 7.2369224976031487628347350e-02 -1.5289884921974855602755383e-01 3.9120541431874022997305929e-01 -4.9455404236801948967844271e-15 5.2756924554192175418202772e-16 -3.1971745610088933564618685e-02 -7.4840060354195991898507145e-02 
-1.0407787638432863808191087e-01 -4.6315201729269159236501707e-03 -1.2859960234552147865032179e-14 1.2793361033731998583158563e-16 -6.4574751989653525474643914e-02 -7.2486605458662770051780910e-02 -1.4865499704767490274370800e-01 -3.0782327807220961901624179e-02 4.8291848061108366696458916e-02 -1.2355891175082443778077135e-01 
-1.4730453487692291090880219e-14 3.6593387467002140084711940e-15 6.6820699321402342085654502e-15 5.5012497251594517193798948e-15 5.8668982226729407547516360e-02 -1.3195364124731420729652598e-02 5.4482057590907271432678627e-03 6.4880952104284558834557117e-02 -6.9748584704278110413255831e-02 -3.4241541919132915949841589e-02 
-3.7703915594829373603147360e-01 -1.8509783674265983810514058e-01 2.2564729149272678426789120e-15 -1.0078630267545509185363483e-15 7.7252912444742749542569982e-02 -2.5597161365671965149726219e-02 1.3324288997152969674098166e-02 -1.0332530500562023267896450e-01 1.1669853146298718985236014e-15 -2.4877295918096326891460863e-15 
7.7635860701368228364849244e-02 -5.8282756443087627151733443e-02 4.3113499380418487949562234e-02 -1.4555784425324469477658340e-01 1.1908461556972134431919841e-01 5.8461624992944778711478904e-02 -4.3991214460733021743147352e-15 -6.3718812357124008454421787e-15 -1.1847110156273311541499076e-14 4.6106229502013159490072340e-15 
8.2397922321167833825672489e-03 5.9567381458954071771216832e-02 -6.5109299581177032534284876e-02 0.0000000000000000000000000e+00 
17 (band)
1.1360786444791721727654021e+00 (Ry)
0.0000000000000000000000000e+00 (Occupations)
1.2530074331819522378279651e-14 -1.1553238065294961711854041e-14 -2.0680794686615970209928065e-14 -7.7605346625841015013632392e-15 2.2810169126478516826717069e-02 6.5649568807309890972057076e-02 -6.6912758624438294469036722e-16 2.7332111968795588030109326e-15 -4.3805574981241408192298665e-15 5.0274044063710390712172970e-15 
5.5773729989139354812355265e-02 1.6052162289645005577298775e-01 -3.2425551665423361334897801e-16 -5.6509616944144130840177906e-15 1.1157248464349950105045823e-15 -4.2679685735758402882040587e-15 3.3778149951518342714387604e-15 5.2010495582071570606093571e-15 2.3424497957244740792281945e-02 -2.3773743599883495614122353e-01 
2.0478291412884325195520319e-01 6.1596803064884297906900201e-02 2.4595629372726845416889968e-15 -1.5131849594812667247140319e-15 -2.8684427669408203049590709e-15 9.2600422172156752869683980e-16 -6.1995672812471231977190131e-15 -6.0308147097466705480650611e-15 -5.3179571182312845745672675e-15 -2.9883587442298613453478263e-14 
-6.7328032284982602950762498e-02 1.7236756330460730607390119e-02 6.2154390862004436059252107e-15 7.6034625078394159262285586e-15 6.4257704936871975969329370e-15 -4.7701188421701379162234156e-15 -1.6462567640455047501824026e-01 4.2146020482956139674435292e-02 6.0469326419354735305139985e-15 4.1061842800341083886464017e-16 
6.4770775083891393076393362e-15 -2.4664088231050409240973407e-15 -3.1304236687012535470430093e-17 9.7984907855715875592517649e-15 2.3494354588605662059741519e-01 4.3235700830762016644293055e-02 -7.8516566979447893759314070e-02 1.9891042400206632168035981e-01 -3.0302037316592627463043285e-16 2.6483977748146616748565016e-15 
-5.8036670010974643201000018e-16 -2.9176102715294707815609405e-15 -6.1399897109078982986980597e-15 -2.0647251838859891732205469e-15 -3.3175000787620085870340621e-15 -2.6204843951477153206601146e-14 -6.7361145214090090149738899e-02 1.7245239188380029338176769e-02 -4.2517075425677590751116606e-15 2.1659474047519061799364390e-14 
-4.0741063184369897772376623e-15 -5.0914300867598973711971429e-15 -1.6458127598438193617269576e-01 4.2134783862154114031373098e-02 2.8369391001205719360657314e-15 2.7002486295885351778926430e-15 4.5078962931763346516770143e-15 1.9335463266318154853606126e-15 1.3450146726436494853221035e-15 1.0133849951757673203209900e-14 
-1.8527563277057040869166826e-01 1.5081091039065194769897005e-01 1.6444268404504069902571928e-01 1.3670002942885903229885969e-01 -2.1171201538417833229377887e-15 1.7891324778042911551435490e-15 -3.9337951530758325966183984e-16 1.1676345520900603171012694e-15 1.4008949643104527231207716e-14 -8.9910300483272165794197588e-16 
1.9030368262424020026658063e-14 5.6727170551977044633845377e-15 -1.1548122362702473164830508e-02 -6.8567944617838341714310957e-02 -8.9439012905906807139150942e-15 7.0682907041391943828919426e-15 6.0650281123017361912412577e-15 9.6851520520093088298663279e-15 -2.8215205045112788651007207e-02 -1.6752981412281559014942900e-01 
-3.5670744654075584626125372e-15 5.3625029194911264729888635e-15 -2.0220222306291229432546212e-15 5.8539882500545432355897742e-15 -5.8928273861693391953044394e-15 -2.2224747007553680834490496e-16 -1.3477852996155048614923544e-01 -1.9724537675899042610261347e-01 -1.4998081231249413280970373e-01 1.5242719678546359785009656e-01 
-2.3601952468076120907494029e-15 -1.1876141687758046492079864e-15 0.0000000000000000000000000e+00 0.0000000000000000000000000e+00 
18 (band)
1.1725284921429064421971589e+00 (Ry)
0.0000000000000000000000000e+00 (Occupations)
1.1532175074084681208596797e-14 3.4362775372777762534017874e-16 -9.1469329675756876250283299e-15 -4.1605973922483098633790921e-15 -4.1033532842677584995261242e-02 -7.6144461011183758869513838e-02 -6.5407797621134157547601100e-15 4.6214535873148424445366424e-15 -2.2291426308868623668871415e-15 6.3968571857047794660821467e-15 
-1.2837671549971085838137697e-01 -2.3822406058978529141967329e-01 6.5339669143205581583327128e-16 1.2679566112742482206730233e-15 3.0995833273428714918064777e-15 7.2288599656759651409704662e-16 3.2880415252694719275101840e-15 2.1909193920268879913993513e-15 1.6345537613321881043049189e-01 1.3788951563419610257810177e-01 
6.4924887825490787407467508e-02 -1.6564113738052713142856476e-01 3.7659715557301304600669175e-16 4.5902755785393647918480279e-16 1.4053226987543342318092750e-15 -1.3900569161317037139294600e-15 -9.1718442961180623948555095e-15 4.2235821295596092317539543e-15 -7.7049396888500744812849478e-15 -7.0711617505301894589803489e-15 
-7.9311009195921475245505405e-02 3.4518018201520533905224397e-02 6.1842740409003552216625888e-15 7.3214647690669388534006565e-15 2.2201467844114910119231082e-15 2.3128034541860511499553660e-15 -2.4813086194838035458687386e-01 1.0799240471041038347266294e-01 9.4846139712178791458164214e-16 3.0273900505989916153983741e-15 
1.8687075346345333625827027e-15 4.5235143874161547501324773e-16 -7.3027932476451292002983998e-16 4.5339399255307610822525602e-15 1.5108351102572517565825194e-01 -1.5134381786129749714042703e-01 -1.5962743601882034560901502e-01 -7.8557680222363479582980972e-02 1.3877676187494364590339886e-16 1.7764874556755117153139650e-16 
-1.1288039250750305374154332e-16 -1.4360907846663353921977171e-15 -4.8634293856626143056207622e-15 -1.2120096471083256408605308e-15 1.1834572805067459070922456e-15 -1.4775381030972376481670448e-14 -7.9351119369391598379337438e-02 3.4535442784243253200315849e-02 -4.3657792100883420272232648e-15 1.0738221377503168587521946e-14 
-6.0894475454186911056276262e-15 -7.1571962564373963787804371e-15 -2.4808077306866219147174490e-01 1.0797048293019907705403426e-01 1.4390333491007918743547551e-15 2.9280663452449741833294603e-15 -9.9979523349797912156512180e-16 1.7802918518205529632294086e-15 -2.3588187424110787784743788e-16 2.8570501408612887149701633e-15 
-2.1372826067569808405899323e-01 7.4385595608042276785654145e-03 5.1306114337470835884413844e-02 -1.7034743080099926104686858e-01 2.6549680110900521325324383e-15 -2.2807021558392251082282239e-15 8.5538850025063763196312487e-16 2.3448473832248901117748634e-15 1.1229681360233962374297081e-14 5.2324510933555183254776196e-15 
1.3477502714665053305510053e-14 5.5392683910854947651765805e-15 2.7774391604238661546144584e-02 8.1962675191165734744913607e-02 -1.5256742805747794558417791e-16 3.4687913024010597534809959e-15 1.8072502138746444527637198e-15 3.8593945502184022093027968e-15 8.6832951229451144081750158e-02 2.5624545602079179529297903e-01 
-8.5901617060471237382516649e-16 7.3685761786302000479220102e-15 -2.4794479313997493335895525e-15 5.2698657601185324186334771e-15 -2.6796532635326061766903797e-15 -3.9422726982983382499330471e-15 -1.0471848391742770781331906e-02 2.1360112820642598863152273e-01 -1.6545681339799206410745569e-01 -6.5380482172361878423494375e-02 
-2.7961548783835401849803390e-15 -4.8105890380792090052200353e-16 0.0000000000000000000000000e+00 0.0000000000000000000000000e+00 