108 (index of k points)
0.009470424614450499017914709 0.01637971141627581062039098 0
18 (number of bands)
52 (number of orbitals)
1 (band)
-1.5481958222996015095418443e+00 (Ry)
0.0000000000000000000000000e+00 (Occupations)
8.4258753823068577304411519e-02 3.1109913517990861464568297e-01 -8.5193962120919085323489384e-03 -3.1455234248120966800144060e-02 8.2538476614494171644634856e-16 6.2204221406191554500819459e-16 2.5484806898379147588329374e-03 -2.0901817095328976969792478e-04 4.1275425848408542339740279e-03 -1.3961359769550218262734731e-03 
-6.5990723044979509160575972e-16 -5.6437976191676314019090536e-16 4.3076160378060952826917429e-03 -1.2758882080392982237559973e-03 7.5138951169920198402962797e-03 -1.9719275083871067727470106e-03 2.5668629846015977857831558e-03 9.4773408104447051658603129e-03 -1.0822120247896161389342857e-16 -1.4323758511245757243987478e-16 
2.0102917485980389666393158e-16 -2.4908873910884671308767532e-16 -2.1941041183656372764998466e-03 4.4846766178002132711977179e-04 -1.1780482937903818951852486e-03 5.7230923983502186326577377e-04 3.7908550121570475099908037e-02 3.2007054118300443112943299e-01 -3.8329270835411322071450968e-03 -3.2362332168666470277873515e-02 
5.7762703379677829031773056e-16 1.3389195036230832873315729e-15 2.5516754449860287040641182e-03 1.6551388374964502367414632e-04 4.2872154540995466298625161e-03 -7.7819477380205754214054226e-04 -3.3719094186339007818748229e-16 -2.8056346902638420624915849e-16 4.4477909807580703199780814e-03 -6.3293130753980242353406993e-04 
7.7213536945422711621489498e-03 -8.5312077177995555409689699e-04 1.1548478850087577629590641e-03 9.7506461725118970945702657e-03 -7.0453543014775220825372241e-17 1.1550492919250773173654860e-16 -2.9817196055099845091411389e-16 2.0723097579676030084498647e-16 -2.2360800141820943998105520e-03 1.2313527546895246429781157e-04 
-1.2490152509644057449850196e-03 3.9407683433592184283830728e-04 3.8054253591279646462552932e-02 3.2130090029538732609992735e-01 -3.7408231927039646558252883e-03 -3.1584585045370573708201078e-02 -1.8311140414802620400611576e-16 7.8122311333435540925733710e-17 2.6251068438072986538367459e-03 4.8701144430870341173189786e-04 
4.3252164012876348486713596e-03 -9.7361920294701618378008234e-04 9.4654565584238951685723734e-17 2.8036226857571574709995517e-16 4.3498197223939766634104309e-03 -1.3027442925943762391111092e-03 7.7355753237259294863292780e-03 -4.6084590549177930490776234e-04 1.1551212034454207220474098e-03 9.7529545927861980431083921e-03 
2.1945812707230060811291486e-16 -5.7902006413906731066664424e-17 3.3203931125902056861565497e-16 3.0740917853360864947224520e-17 2.2320483869317578329294349e-03 -2.4283274652052091882939444e-04 1.2791576871443550381807208e-03 -1.8888957337865537361616675e-04 -9.2905883608309317717166564e-03 3.2341317183274115309998820e-01 
9.1327895179609843139684200e-04 -3.1792226914833840445417934e-02 4.8113412257330049949525065e-16 4.6355804558005991532547017e-16 2.5258014649374945816140414e-03 8.6527050570099259783896084e-04 4.4210461617021235697366777e-03 -3.3133382929944552855103246e-04 1.3998493468102807440724902e-15 9.4408685526059102726174755e-16 
4.4934651364358932715270534e-03 -6.5333404690955609005198479e-04 7.7199124128974113551171499e-03 6.7413416678861618272500245e-04 -2.8201169641367865824344019e-04 9.8170717470478230382013862e-03 -8.7662134346281537313376868e-16 -3.3602710456316688134638860e-16 -4.7671502503560444033366774e-16 2.0692040918021534589684770e-16 
2.2435774580742157829904571e-03 8.5836670559364270510771533e-05 1.2930288703312618064922290e-03 0.0000000000000000000000000e+00 
2 (band)
-1.1640436116048491488328409e+00 (Ry)
0.0000000000000000000000000e+00 (Occupations)
-3.9016738262264366587928066e-01 1.0537861099438586287568853e-01 1.5685566061330681597585368e-02 -4.2364485344798495647378189e-03 -2.8887044303595144567108421e-15 -1.1997975936632625056786538e-15 8.7018986610429727157622892e-02 -1.2959027711419206230214485e-02 -4.4187826733364549136595656e-02 3.0170181482851471388428877e-02 
2.1218544364974843477335590e-15 8.3644366877108553184187227e-16 4.3225752571862813278258386e-02 -9.7815523349741098635412584e-03 -2.3892568710316350322209189e-02 9.7272652753669919256651610e-03 -9.6657040375013030669704150e-03 2.6105687287925928574683354e-03 4.8376389571819344826920223e-16 5.8645990977011753537714218e-16 
-8.3037080628690781818018636e-17 -6.5388979928018641135458277e-16 -7.1066089185983748188757403e-03 2.6136432326925584934684821e-03 1.2748637757902364295303776e-02 -3.0435491973878486815507927e-03 4.0137582349222428179658095e-01 -4.7251311448925401026421866e-02 -1.6136169763576620889145019e-02 1.8996063304626133010077904e-03 
2.1013332726172105033086131e-15 -1.5955802418326783432016384e-16 -8.7978569911465506758752042e-02 1.0801047181112095191268807e-04 4.8121145924032271423698148e-02 -2.3391434267363911403414534e-02 -3.1226596740745357999342077e-16 7.0264077672330263742332625e-17 -4.4190959879940878984871944e-02 3.3620702514817520784040639e-03 
2.5057245559498647624607770e-02 -6.1326156153393290848541142e-03 9.9433733690638022306718113e-03 -1.1705680978544678871866580e-03 4.2447686841776745175036252e-16 -1.7371762551034907532907302e-16 1.9645166274539901183227097e-16 4.5882668826002173591658523e-16 7.4121805033464365636275417e-03 -1.5474499848108294597359702e-03 
-1.3056485501173579685807447e-02 1.1485394014595301862002863e-03 -4.0048007701731808127831869e-01 4.7145799111163164130111625e-02 1.6587391216088397116745767e-02 -1.9527184576403136540001526e-03 6.9525155092945832601011277e-16 1.2184253780914187869984057e-16 -8.5445373017828410433516240e-02 2.0294366086252593056604709e-02 
5.2145568144667198140496112e-02 1.1564083658079489513870186e-02 -6.9634560176685354787343561e-16 -2.6942954575105371584860087e-16 -4.3900377767751831703524346e-02 7.0189090784125302002749436e-03 2.5878292445125242876580174e-02 1.5461102560497541613671046e-04 -9.9081178275741994126990519e-03 1.1664146718506651113911321e-03 
-4.0191325283968843680254224e-17 -4.4177925968691134920616107e-16 -3.6508790380528020692045185e-17 1.4956982063373114009475031e-17 -7.5493669695315922252287777e-03 2.1604662749676734057047156e-04 1.2932911466051001669885778e-02 -1.9097662109274302771888543e-03 4.0307106121445263058333808e-01 1.1863307847587680615708550e-02 
-1.6694706232338943352466742e-02 -4.9136600034109750943095429e-04 1.5104141523743697746772236e-16 1.2789205247715900454506395e-15 8.7493405966779541627076355e-02 -7.5945360183473312881696771e-03 -4.9896851489118848599346734e-02 -1.9057610538960548934861450e-02 -1.2281024047803570030892717e-15 -1.4898815772671801041385910e-15 
4.4454772627619036640123085e-02 -5.3051242015974718266302368e-04 -2.5578092693473629404277148e-02 -3.9333317440333167083754695e-03 9.9722202263855079518162228e-03 2.9350609583702458706480631e-04 2.7038002794358802657906920e-15 2.6243521967968678978328039e-15 -7.0279938650235444738977558e-16 -8.5454619412521867899838945e-16 
7.4999406200069139438735277e-03 8.8910543931538317703744401e-04 -1.3073155929964871968529394e-02 0.0000000000000000000000000e+00 
3 (band)
-1.0932729406271139982465002e+00 (Ry)
0.0000000000000000000000000e+00 (Occupations)
-2.5246009111753386910947938e-01 1.1503426595956331435210984e-01 1.2482264713479813283969477e-02 -5.6875842611894891764912074e-03 2.2047181640782542862706094e-15 -1.2070905212013883816201906e-16 -1.9298372230831789542193633e-01 9.1554605914218267770365856e-02 1.1473234805808124603387910e-01 -4.6015403168190846527885185e-02 
-1.4559867129826424757017583e-15 1.2723784412272754948259329e-16 -4.0806775677452965245262106e-02 1.8316086385401331160238669e-02 2.3351916130590458925420094e-02 -1.1120566711919317032242205e-02 -1.1495162108818443580382507e-02 5.2378070318641889446809046e-03 -2.7504647968387399616106702e-16 -3.9497773840482466513986225e-16 
3.4331198341315884794987567e-16 -1.1829698830771100227434012e-16 -3.7557995686859149686576131e-03 1.8021885951087718638619073e-04 5.1878755119003474097216788e-03 -3.2453291824910755584976396e-03 2.6655633727858718540204563e-01 -7.6920081958814778833044556e-02 -1.3179218667792581137776509e-02 3.8031227185212485020215922e-03 
2.3441468125175752498036204e-15 8.4274967920421161012638984e-16 2.0428803130170231083795329e-01 -6.2380791971213760127579206e-02 -1.2022360708465049117243950e-01 2.8761316367791472936588093e-02 -6.5652854529165312432509779e-16 -7.2085991248174729583319328e-16 4.3044683545546920389046619e-02 -1.2158420133041221780634267e-02 
-2.4725930614159296466736393e-02 7.5899503442393555924239124e-03 1.2137000551368234274596247e-02 -3.5023694875266206047448314e-03 -8.2986609228552245266579556e-16 7.3111351328755506480747088e-17 -1.1629519364044187732684286e-16 9.3048480165880469004284967e-17 3.7418355182623234608807472e-03 3.7037304402035356454270243e-04 
-5.6063092264025012056993802e-03 2.4526538050941753058009631e-03 2.6466062535401957411806961e-01 -7.6372941956622156234324450e-02 -1.3860845262201949498748199e-02 3.9998156038657459165897023e-03 -8.7235759263875716127216098e-16 -1.6651346054227194588105931e-17 -2.0480565518135643299224569e-01 5.5865269946405532452970988e-02 
1.1642561629085969310271054e-01 -3.9192739171865401126559902e-02 5.4387169623882321222931351e-16 -2.0887517787805015981168249e-16 -4.3805743244553690951548219e-02 1.2784029734240009643086999e-02 2.5415539212928980883354768e-02 -7.0867865496775789280192726e-03 1.2094621000742997521393285e-02 -3.4901379140382022582544952e-03 
-5.9562682980919915560113156e-16 -1.1627177574652992883875934e-15 2.8225064964610845106625832e-16 -4.6115925201494542338240654e-17 2.9509636562996665459790435e-03 -2.3289114336893269874284584e-03 -6.0361156937067343003500142e-03 8.9133601720901584758438574e-04 -2.7297822494811119220514684e-01 3.6891212775737203255488339e-02 
1.4296455906455167450541666e-02 -1.9320726597309924484069388e-03 3.2636120805189428917919112e-15 4.3337566092489197716143054e-16 2.1076953613013452160096506e-01 -2.5347335558975302161055509e-02 -1.2090203508028032897136939e-01 2.1764485887520366308445219e-02 3.7644831850183506841229427e-15 2.2255258053043548257224180e-15 
4.5203339597433722651942389e-02 -6.2476112789304934225231847e-03 -2.6178149012591158534268843e-02 3.2979829228212218655835741e-03 -1.2474723850271405428680183e-02 1.6858780116580272204901414e-03 -3.0387105699255854928039144e-15 -4.1572069636721033522827103e-16 -3.2556148051212005749244960e-16 4.7491679893490546465907592e-16 
-3.2595211362113525599415453e-03 1.8728419392287829446652747e-03 6.1015713192107256385154912e-03 0.0000000000000000000000000e+00 
4 (band)
-6.7624313882934339314800809e-01 (Ry)
0.0000000000000000000000000e+00 (Occupations)
3.1712991754059567259543837e-17 -1.3631779953517997009486550e-14 -2.5051750523321453065708819e-16 -7.3995090839827350457556694e-15 -1.0103217922178339693850546e-01 -3.3048768117678656297542261e-01 2.6125734296611360652393094e-15 -5.4049304223154962531344291e-16 4.1742272590922274725749801e-15 -1.1824874990709597627372254e-16 
-7.4517956829387652084584204e-03 -2.4375667255357641449720063e-02 1.0917107911428862965315259e-15 1.4592910287171935483692167e-15 4.8273479295881252856376614e-17 -6.0754883196520150639345018e-16 6.2239569930731997606672399e-16 2.0764447659399785053772362e-16 2.2794136326228439659580260e-03 -5.1501717448591540025187863e-04 
3.8250888781205527600093319e-03 -1.2744723235678708656015701e-03 2.7638157209497837907073539e-16 -6.3548322142897403646720030e-16 4.6480044347443836098876670e-16 -2.8809068819808479533380710e-16 3.7596850298093854377779565e-15 -1.4591405008942082595798204e-14 8.9134794617472802972619285e-16 -1.1104837731569824942934442e-14 
-5.1669698279203570001616441e-02 -3.4170140609550475607747444e-01 -1.5253322652875751646469510e-15 3.7373613006215097970862102e-15 -7.3100539440520493292397653e-15 8.4630931176743523199076422e-16 -3.8109840045012742526520100e-03 -2.5202754094773151954944623e-02 -6.7866529010421883168984236e-17 -6.7430445163719415158741733e-18 
-1.5917691300402262730203348e-16 -9.6611283578787829683498736e-16 4.4120391599694119721476596e-16 2.9358884320227461062996020e-16 2.3301961107401393709370740e-03 -1.7650859495382478390676506e-04 3.9702333750846162396808126e-03 -7.0201964105448284164667783e-04 -4.3547117729703332593100445e-16 4.1581313554523933246277997e-16 
-1.6107978811177216842403930e-16 7.5251279292717623109366099e-16 -3.0635712110846916145912846e-15 1.3491566691769582098319973e-14 -1.7381999135925507975455941e-15 5.7034714920777634743434691e-15 -5.1674970571858519496899476e-02 -3.4173630234775426162130429e-01 -4.4054803023883733161806467e-15 -1.4471237978618400856847748e-15 
-4.1337399673336185864720506e-15 3.0425955761604370578583614e-15 -3.8057214127176323958945403e-03 -2.5167949692756059337783725e-02 -8.0543632364213973859314980e-17 -4.7254487846362129691566064e-16 1.0473430727369211731904157e-16 -8.8289907316983636733059904e-16 -8.7279281675491842373711117e-16 -8.8875556161980860506408056e-16 
2.2786991103249869088098745e-03 -5.1989088722904377125322295e-04 4.0009702622561989227012447e-03 -5.0363317606684639918951385e-04 4.7035468792155512416788574e-16 -3.3740908504678779504401401e-16 -1.0167618140837119005481260e-16 1.2471305321355180757713882e-17 -4.4035632839443348090179798e-15 1.8220434383413509342135429e-14 
-2.0948914928661211286316830e-15 1.0409418388084269175874449e-14 -1.1987446818033963610167225e-03 -3.4561910528370221040717070e-01 1.3333337999955344752187189e-15 -6.0016619869508388405548780e-16 4.9243186456542036920294007e-15 1.4441464477444733750433194e-15 -8.8284587116105878580422928e-05 -2.5453907618280410818378812e-02 
4.5350682103929498369624029e-16 9.5023165683954253457245281e-16 3.9912482985377928978221479e-16 9.1774367534944696925762590e-16 -1.0842954404668130954828208e-15 2.3987730156922798524310320e-15 2.3302012203178369513512092e-03 -1.8143440371062096133462915e-04 4.0316214451030767812467204e-03 8.6243485993914268425246383e-05 
-2.2352829056008716796875269e-16 -2.3336188722859330768721050e-16 1.1821004638824737420698793e-16 0.0000000000000000000000000e+00 
5 (band)
-6.0790309436815237464912798e-01 (Ry)
0.0000000000000000000000000e+00 (Occupations)
-5.5787326586190753852090296e-02 -3.8466920047576819152723715e-02 -6.3813682559269585548022974e-04 -4.4001342720750846737587381e-04 3.5131560464424609574246351e-15 3.0612664062810848669755724e-15 1.3999492269835900337682233e-01 -1.6880346755513112033675327e-01 2.0521755377394568231608218e-01 -3.1740882996539604432584269e-01 
1.2875363824753951065241560e-15 -5.5286494472962470065162266e-16 1.6830882855806958420252784e-02 -2.1803392867808597116452418e-02 2.6299721182320962009626442e-02 -3.9648218496782343389650549e-02 -1.1260006432346758575846479e-05 -7.7657214941108387851187445e-06 4.2674813583423384043577860e-16 -6.0930615869600201354581160e-18 
-7.5862719077001933363296890e-16 3.5305546533519615929768671e-16 8.9275884054868179240393999e-03 -7.6451761084838339502245397e-03 -5.9117144900229859350027084e-04 -8.3527653017828190629145979e-03 4.9569494542355582722414908e-02 4.6203841359762257146037712e-02 5.6701261216388076924488360e-04 5.2851406978529635871666414e-04 
2.3443672604937134004031190e-16 2.4886764238630454395420800e-15 -1.6315242555091979959058790e-01 1.4654171787175873653552571e-01 -2.4938409135656111614842700e-01 2.8402497195712295141589721e-01 2.9799309041765669919126394e-15 7.4261964765354841253286831e-16 -1.9835432411377241362915314e-02 1.9110786988183081636094585e-02 
-3.1809518364898696496378960e-02 3.5380942689935780676169230e-02 1.0004772717666851611362233e-05 9.3273092613959523999866974e-06 3.3108412746948631211359104e-16 -3.6672124401454730898437899e-16 5.0848664870661917526534830e-16 -6.4949692595421301841021604e-16 -9.9486466893608863082398841e-03 6.2589920528679232614166494e-03 
-6.3536769349626428388111421e-04 8.3495197324641185626648010e-03 4.9526681076041766116357934e-02 4.6164080730457510148845302e-02 5.5588873302222369110481281e-04 5.1814624733520497912309111e-04 5.5000509375583679495908986e-15 1.8855105182799010728170992e-15 -1.3472047156173616588858977e-01 1.7310732552719948484920565e-01 
-2.6589663221620651878396302e-01 2.6874438411565154671833966e-01 -5.2847588342515034538731449e-16 5.9639640563860602068607542e-16 -1.7671906290483492540932531e-02 2.1082859191752088834359569e-02 -3.3009136265084032535455094e-02 3.4185706253253185515905699e-02 9.4429624389327174865949033e-06 8.8002705262851810275037678e-06 
1.3285822163662901085831996e-15 3.8151798346150982295464578e-16 -1.3364251387038041006318951e-15 -8.2689804391306972074081414e-16 5.5518471714878104422696836e-03 -1.0370759924426948411779748e-02 8.2883480290119916633617692e-03 -1.2239167531417792164627478e-03 -4.2251586608890473462096793e-02 -5.2903855408937730531171439e-02 
-4.7423297074457998467877928e-04 -5.9379365657810656564663532e-04 2.9612941986845114082528535e-15 3.3144327060629526047588775e-15 1.5856327757688623569798381e-01 -1.5156991328451466238824707e-01 3.0230317521696198346248252e-01 -2.2701839853052691031720656e-01 -5.0406154107133135594601869e-15 -1.4613688360640368214862763e-15 
2.0562175885104196776387298e-02 -1.8275123707068970102529448e-02 3.7648976744657718096487287e-02 -2.8996898783865625304212443e-02 -8.0560913054362939117458708e-06 -1.0085320705009934703390295e-05 1.1152183849531279561292581e-15 -1.2555420178339730574937520e-15 -5.1676425478114295427021444e-17 -3.3778694778197884304580523e-16 
-7.0072808217097231134329327e-03 9.4484752162090415716910741e-03 -8.3782268570769258264618884e-03 0.0000000000000000000000000e+00 
6 (band)
-3.5761027738458533997700783e-01 (Ry)
0.0000000000000000000000000e+00 (Occupations)
3.0880510882496194080548690e-02 5.8901838158525149369282303e-02 -1.6906208556289083200230294e-03 -3.2247442337505066722869174e-03 -2.3424992157976436140778912e-14 3.2356957475253919306446525e-16 -2.1812642262285325545079218e-01 7.1534224044535937858668717e-02 -3.3662079311693204886068997e-01 2.0123981136056329210859417e-01 
-1.5076621647020911491627249e-15 5.8357886518831560910549443e-16 -3.6189464107888417998548647e-02 1.5776376874583560028231233e-02 -5.9557815428287384784677982e-02 3.3072696433147558137122246e-02 1.9296194387077435661997926e-04 3.6804639378485966630383253e-04 -2.5135959197302162817068185e-15 4.3907103022685516147492374e-18 
1.8520490921890877850309636e-15 -5.2673260194672422630407616e-16 -4.3911705376312282211870297e-02 1.9655653668909228715122595e-02 -2.2078451568594319870397769e-02 1.7421978233463114582590947e-02 2.1944676138628438355482331e-02 6.2781077403844490203432827e-02 -1.2014040340584883348462597e-03 -3.4371212660506272884575196e-03 
2.6362659412690328092283676e-14 2.1290631700229469279287125e-15 -2.2623637108269711859520612e-01 3.8902260284317480287796798e-02 -3.6240735843930133031065566e-01 1.4990639273939879161368083e-01 -1.0879942466435017458727958e-15 1.9106386685878021752932141e-16 -3.8105896500119411374196687e-02 1.0320466638049051455450211e-02 
-6.3750258672253201641666465e-02 2.4017517506402769056350621e-02 1.3712658053521321888101880e-04 3.9228657977468024166400884e-04 2.9516006555924565877354981e-15 5.1709064776958973232845389e-16 -1.0281221473663234156486643e-15 2.0300681985699677419336888e-16 -4.6311992638141660783013265e-02 1.3030039450921286625639794e-02 
-2.4386656635158304035071453e-02 1.4009793981096911597017396e-02 -2.1944360343343086161560507e-02 -6.2780102846703142449591439e-02 1.2033514590410795269681543e-03 3.4426033588599632556670471e-03 -3.2216156812159929409757548e-14 -1.9235317666465353277459618e-15 2.0157406786686782318440692e-01 -1.0954834896801278476541341e-01 
3.7673138884767359835237244e-01 -1.0908321026002931741771818e-01 5.4194940295946934204193543e-16 -5.2845535488385853376090310e-16 3.6322755775163556579698820e-02 -1.5500429585586103509164957e-02 6.4837731567551584732633785e-02 -2.1042334579560444118850882e-02 -1.3680804964272301948655097e-04 -3.9140803008184195561913743e-04 
1.4375359709308057959539325e-15 1.8025727891147210269818073e-16 -7.5951586884665806005683167e-16 -3.3298618115903631147841555e-16 -4.4296888694102060091140061e-02 1.8718193312464131983219318e-02 -2.7831664961436845817654984e-02 4.1098227167752302696479560e-03 -1.2537840995896332163539455e-02 -6.5312317425459259778719456e-02 
6.8753638051090998351000394e-04 3.5814614818289250419702796e-03 2.9237098030849644700928431e-14 8.5469095935817582059365605e-15 2.1541480297361004225820125e-01 -7.8926600445347369627846490e-02 3.8862514566503747470704866e-01 -5.2878939669329619310822466e-02 3.5937181772370145616318669e-15 1.4886994740086572435957884e-15 
3.8197447043068259719955648e-02 -1.0028007969250556791207529e-02 6.7216101935099969999498626e-02 -1.1344907228986872427256571e-02 -7.8162348002111124625063132e-05 -4.0719446928040315672112093e-04 -1.7055837712483945786681984e-15 2.0816687775282144825950950e-16 6.4078767592861730766849182e-16 8.6069850721857992243950945e-16 
-4.6556096789543199854222166e-02 1.2046367111430870272537064e-02 -2.8133471475967130465134503e-02 0.0000000000000000000000000e+00 
7 (band)
-3.5202439622208192560037787e-01 (Ry)
0.0000000000000000000000000e+00 (Occupations)
2.8707478477122023996503941e-03 -1.0787738775717078953952921e-03 -8.5937919955615671430138036e-04 3.2299565835892767029502437e-04 -3.8066896085544719569855396e-15 -2.5622413455904992205310934e-16 3.7876312182509935810870161e-01 -1.1847079660641622600447675e-01 -2.0083803240704711789987869e-01 1.1680585241991121858706748e-01 
5.1811780649742585466240288e-16 2.8719097312511986827316464e-17 6.4011245367981084442021711e-02 -2.2323961400041676672589830e-02 -3.5691582833008855812906290e-02 1.6415932389237313654417605e-02 -3.3934000898496537342030610e-04 1.2754456140981473843964977e-04 -5.0778423745313492329559201e-16 7.1562530366189415896568771e-17 
6.1697827266028532869725563e-16 -1.0449377094916874113114262e-16 -2.7960728955570640641425939e-02 4.7361801378392430483810216e-03 4.4171498119757547640151785e-02 -1.9925645645322363763707330e-02 2.9975419758348619686527670e-03 -6.4783361081514889701082893e-04 -8.9734424962102307676836688e-04 1.9398995233995547371463886e-04 
4.5875121850217692790534304e-15 1.3099560738450796373064994e-15 3.9200644993181960051842339e-01 -6.1869017408603309282622007e-02 -2.1574686154107736157925501e-01 8.6213770105791953657359272e-02 2.5452591659993976446585199e-15 4.3462060585386850623337144e-16 6.6585705931693078829525234e-02 -1.2733520790763501462361518e-02 
-3.7706784536278535602260575e-02 1.1025893218587087818427506e-02 -3.5433177816172184686899227e-04 7.6604489603906977812641799e-05 -2.7078672112759640448542682e-16 5.9064886245735972702308366e-17 2.7530912521283426846963502e-16 -4.4650804583139124529774928e-16 -2.8352651103569468521437003e-02 6.0078400806697334485262374e-04 
4.6608439657136534195469579e-02 -1.3259183732551658996268173e-02 5.0663556055750447876251386e-03 -1.0955069448417703581455385e-03 4.8722372472950292547622109e-04 -1.0532566048102043332335143e-04 -4.5011506392196320370647877e-15 -5.6915136950817731130022714e-16 -3.8050365728465596060203779e-01 1.0447833023763702930963859e-01 
2.3059070913943163771975264e-01 -1.1425728753506059209854584e-02 6.8182239483846556014643794e-18 -2.3333515133684160135470292e-16 -6.7570461394300354585062962e-02 1.6184150259715538583416006e-02 3.9819379804165583314201626e-02 -5.8827103468881425385461625e-03 -3.6513326883787726841526511e-04 7.8937274992996100259068371e-05 
1.6133069185583992367825377e-15 3.5208657144819538011763820e-16 -5.4276310259472963612000904e-17 -1.8562971711226966110651024e-16 -2.5751876656494684936227202e-02 1.1212664689401474066299258e-02 4.7428293879969947444141809e-02 -7.0036011095949398178039935e-03 5.1720404018535635903841552e-03 -3.4364614053622455358549814e-04 
4.9738324230687823435115291e-04 -3.3020644575264181813656350e-05 7.7062673026286811411184144e-15 3.3219939925710927753277251e-15 -3.9168425164251502446077779e-01 4.7772394868790264699232040e-02 2.2978611385012179257891773e-01 2.2382231806293947234953734e-02 -5.1612258746367678188629832e-15 -1.0681668761267924798544481e-15 
-6.9209817667477427360900322e-02 6.1396344436299484653707381e-03 4.0251574899636162474525491e-02 -2.6669923309011710210736368e-06 -3.7274763690575799272505786e-04 2.4750688451572455119845811e-05 -1.0452256153764590442931258e-15 -8.1088054585997866315296745e-16 9.9218736917979462997099277e-16 -3.9788778800853375589453846e-16 
-2.7113599114119344563045289e-02 7.3304668232659396867600954e-03 4.7942606196024951936696112e-02 0.0000000000000000000000000e+00 
8 (band)
-2.8378566196781018771133631e-01 (Ry)
0.0000000000000000000000000e+00 (Occupations)
-1.6693758645122453660096313e-14 1.3806936025384117085909408e-15 -9.9689719373444271640801113e-15 2.5272980847645946530616656e-15 -4.5183381046788428925253811e-01 7.0067436468762595014325711e-02 1.2942752613312992805228573e-14 -5.0268895069390193294913047e-15 1.9280980031130755956905745e-14 -1.6262479672132702810677367e-14 
-4.9206189110137200579120353e-03 7.6305787114041082053184084e-04 -1.4629736923282029683845945e-15 -5.9963969130061743128650136e-16 5.6416865304609008663119763e-15 -3.5204833627104903268688420e-15 -4.5806876616465293327191891e-16 7.1288132345425251422581132e-16 -3.4634481805493437522880384e-02 2.4778320382753751816018450e-03 
1.9013953477910319062038624e-02 -7.9522822632865641789834399e-03 3.7909537055416767875016301e-15 -1.2776564919016779730431261e-15 9.3786568499512166525166146e-16 -1.4460830082994395028892558e-16 1.2316510071127626396373279e-14 1.2247206515444916278171195e-15 1.0551273752741505511364040e-14 2.0790957510475553919069480e-15 
4.5722235111602993473667311e-01 -3.3105249068498925069103933e-03 3.8611785381048875243512732e-15 -1.8926414817464000469634027e-15 2.1659982548717335160396095e-14 -1.4042108012024311819568918e-14 4.9793019545048156776489989e-03 -3.6053127518892447156417802e-05 2.0176887360471940039040011e-15 -3.9561516360642079764493959e-16 
4.8694621424153615906667720e-15 -1.4086624408430318371761980e-15 -3.6671582364804725533158397e-16 8.4543156685304829618722128e-16 3.4624903825142661073499539e-02 2.6082593131334383743102912e-03 -1.9971671592872122791284539e-02 5.0893569182769438086211267e-03 3.3838691561722035770295568e-15 -1.7295686025211324737266819e-15 
-8.3492143665316462613269038e-16 -1.2093064558286807984472384e-15 1.5244917308815263170105675e-14 2.0937944343357069758768176e-16 6.4698404948095067963447437e-15 -2.2102858565325001872179601e-15 -4.5719771805719511270638122e-01 3.3103212762472834784777120e-03 -6.7314065515616330805240037e-15 6.0032674411593911326035323e-15 
-2.6787085482074498692766847e-14 1.0458225938336716247660131e-14 -5.0001514248119126315739180e-03 3.6202954571643020109661393e-05 -1.7006976965258662620402497e-15 9.9388907917808289626895351e-16 -3.9306961110425669179751393e-15 1.6203611845062160161890487e-15 3.9368597564037068684537563e-15 -9.4526920723842518165392823e-16 
3.4577976239892956045185457e-02 -3.1090466773751601614605988e-03 -2.0040070376713115668509957e-02 -4.7991765282035534281868117e-03 3.3649906879268681679734710e-15 -1.5151958827189189596382412e-15 1.5158710637011532628827809e-15 -7.9282776595696639001762258e-16 -1.3292523424452923648248343e-14 -1.2613408687547530277197605e-15 
-5.1992924204061660229438264e-15 -2.6179077914890210848122540e-15 4.5277663492628072994250488e-01 6.3514018047171855174681809e-02 -1.4178422593339481003168220e-14 2.7235720076183139823923862e-15 -2.2673198171061481414044605e-14 6.2979741436789436541476356e-15 4.9518001024476841417931716e-03 6.9462268200426273423442325e-04 
5.1750410161103716088425620e-16 8.4830604916500620763563536e-16 -7.8809010361160564853379032e-15 3.1360351961160602449269817e-16 -2.2985822546759792861884486e-15 -1.9364654290911294122366802e-15 -3.4661214178578682310050141e-02 -1.9755616303574773974516265e-03 1.9124008932581749303780683e-02 7.6752067333106738580839057e-03 
3.4899573805074715507552142e-15 -1.5518792569671203374078359e-15 1.1316109621174518494203572e-15 0.0000000000000000000000000e+00 
9 (band)
2.1341412827172112631757273e-02 (Ry)
0.0000000000000000000000000e+00 (Occupations)
-1.2194048626689063674256186e-14 8.7833323797668610797164419e-15 -8.9799708310502031330806451e-15 3.8487806812532744343161211e-15 5.0547453861234559191473181e-01 -1.2593761447945861497998976e-01 7.5023010840423980501732385e-15 -4.9298639304843385911586162e-15 1.2646226161611063704733431e-15 -1.7853803482545010523198582e-15 
-2.3598390770530844329222475e-02 5.8794747888668980051463109e-03 -4.7027293911172620323489389e-15 1.0132764356715115549473792e-15 1.8198835048814871202578815e-15 -8.5257589263946004860675216e-16 -7.7319955395303751567173192e-16 1.0235693259139045375407747e-15 -6.7657432564539307651152455e-02 1.4506984142254000791361079e-02 
3.7846167235525550454067201e-02 -1.3493188866404770553941717e-02 4.6056176533689341443525191e-16 -1.8406967926934865748232710e-17 1.0902434387199557531824912e-15 3.1875443841434500192424971e-16 9.1499272494904191897281679e-15 3.9259805471190167144190421e-15 5.7824004795817989589014484e-15 1.8835301742139498341563275e-15 
-5.1844932419878009266511754e-01 5.0745346229810722737951778e-02 -6.4281722823198987854290708e-15 7.5208148262565894998479287e-16 4.9150536288114299807629706e-16 -3.1735525526657866136668518e-15 2.4204126575223351008903094e-02 -2.3690773483768419460648857e-03 5.3643975999310612454073565e-15 -5.3209992248949505735553659e-16 
1.4812003689034336640620636e-15 3.3743434045307836594244434e-16 2.7147564660481904529091190e-15 5.6083468013090400195063908e-16 6.9050850334149510567627317e-02 -4.4677553938928093318905255e-03 -3.9411292049249202484872967e-02 7.8197557003110151896407842e-03 3.3168111366118451167959678e-16 -8.9863984390315751537915224e-16 
-3.2050065195819165630046540e-15 -2.5388497594716989357364918e-16 2.0837531459554847894456937e-14 -1.0001376989342687737125213e-14 1.0666005599716701057543910e-14 -4.7519429568974857133352145e-15 -5.1846197266103988265939506e-01 5.0746550195563885909955104e-02 -2.6365167011799354421901753e-15 -2.2280071997310611459301437e-16 
-3.7443263077940411165062404e-16 6.3487955178290784138317905e-16 2.4227041392351413018335649e-02 -2.3713195200920338806538368e-03 -2.5238071804591624046174264e-16 1.2798434552785119528932598e-15 -4.7480803574352287702654857e-16 1.0018160847368427976689632e-15 4.6516576006027465058959028e-15 -2.6565707218048281238764209e-15 
-6.8610778228681612578299109e-02 9.0068059247664471189676050e-03 4.0182039187393235601941655e-02 2.9878101547339223215127291e-05 9.9845211526373779281944078e-16 -1.6445161819390517040298066e-16 6.9628756198198587328342110e-16 -1.3365560085795956883506042e-15 -1.7556967222140321535597963e-14 -5.8028587382344932217149010e-16 
-7.2931610957362117038410144e-15 -2.0352222006181213934187567e-15 5.2031329498902911812052707e-01 2.5536337051350454369069709e-02 -5.5754187844528930193626223e-15 -5.6875404283426865037188052e-16 -2.3240735273365820122844891e-15 -6.5157232044206160930597924e-16 -2.4313551296211575319938802e-02 -1.1932787855026018557919043e-03 
1.8066515712431497237346770e-15 -3.1602221992711270391571270e-16 -1.5760555498693045111387721e-15 -6.6841656338857672042070737e-16 -4.2825327032041811239292998e-15 -2.5293402279174799377690183e-15 6.9190486131875450492856316e-02 1.1126863649149492697942865e-03 -3.9746614966647338118566068e-02 -5.8994715569480292438608870e-03 
9.3496284556797254648431285e-16 -8.6100063498581556336494133e-16 9.2289581845205002838390844e-16 0.0000000000000000000000000e+00 
10 (band)
4.6004942685217048436996379e-01 (Ry)
0.0000000000000000000000000e+00 (Occupations)
-6.2819164430012530697666762e-01 2.0368393595293987630157062e-01 -4.5513507047948847938911854e-03 1.4757271502722213440961241e-03 1.0767932102718426750115084e-14 -9.7852026562229916147606258e-15 2.2765423613007590430967753e-01 -2.7115874744124773831899233e-02 -1.0000667788101635924391530e-01 1.1319389686429731645134211e-01 
-1.2773782690131229553145324e-15 2.1640727690663732318043067e-15 -1.4156657709586822901925984e-02 1.3254728041512953140568243e-02 1.4051725782172327927632693e-02 1.0429884426269298014489095e-02 5.8850008821389875046659057e-02 -1.9081437702969789721452187e-02 3.1240365880382791395816961e-16 1.5951434627253040878936397e-15 
8.8911937831433584019776293e-16 -4.5207489407117315488546343e-16 6.5924744796088494136476754e-02 -1.6988654434733733988860394e-02 -1.1153733255643874522355929e-01 3.8690082256835386931292931e-02 6.5120737973658393560327795e-01 -1.0973074459983019057762732e-01 4.7181040213159393392761132e-03 -7.9502094583135118899264171e-04 
5.6571128180685028882034983e-15 -4.1680570063650668757094110e-15 -2.2917320639017849104313029e-01 -6.4314356071409201076605200e-03 1.1546954680654419878038652e-01 -9.7370312048520035741461243e-02 1.6703560077232089016255027e-15 1.0758567251718449575283810e-15 1.5941080614244918650657112e-02 -1.1044488300119018053813136e-02 
-1.2377354442313999796643209e-02 -1.2370714757517303761247263e-02 -6.1006159730457150403015731e-02 1.0279750874049621567341006e-02 1.6410785730133012357443845e-15 -1.3317252866734010813898595e-15 -7.7325046769219719026012688e-16 5.6929860620507669450312888e-16 -6.7699280175346529531132944e-02 7.1759194305341042485757441e-03 
1.1599276158166739458810213e-01 -2.1981316600828977592119173e-02 6.5065415020983830007850202e-01 -1.0963752110004701401102523e-01 4.6056548044387021073609034e-03 -7.7606551647509472435793043e-04 -1.1982973032315168893292501e-14 7.9601235517057663728115472e-15 2.1485583127515650581074169e-01 -8.1241896736724369953996927e-02 
-1.4125539998884917292087948e-01 -5.4093955963362486127898876e-02 -6.2992798023535372371918424e-16 -7.0073863904386870467730107e-16 -1.8843318357579519339850549e-02 -5.1909198852654533928863145e-03 7.7314037957150298641106900e-03 -1.5772473742061102197631328e-02 -6.1019838191537251192997360e-02 1.0282060591203881841360079e-02 
5.3288162007678791520414309e-15 8.5840810460035273682443892e-16 3.1295317150953021674102060e-15 2.6642762880588529815348724e-15 -6.6314455281991480095626912e-02 1.5401368530667062725636463e-02 1.1679267544236611453545294e-01 -1.7246441826286759008146632e-02 -6.5969033025636580891415406e-01 1.3411837479241236342764054e-02 
-4.6696168742206122653781719e-03 9.4932141724168687957341461e-05 -9.3498555738573863005294316e-15 3.8240081679858826276752265e-15 -2.2441899177704624501750175e-01 4.8983570185386848816477823e-02 1.3183785017764743097146152e-01 7.4148670644287817399487039e-02 -4.2589993264106790410215785e-15 -1.9241330467945877723167908e-15 
1.7882868214620789570901138e-02 7.8879224386971796140199942e-03 -9.9525546020020963511321099e-03 1.4473845014034682210368743e-02 6.1867272235783775380379979e-02 -1.2577953042162972555756406e-03 1.5696557427308681582138413e-15 1.2180939364547968895499742e-15 1.1575519307097603358944161e-15 -3.7852379253285989560369642e-16 
6.7852934444880566577928960e-02 -5.5487313130981180675505016e-03 -1.1805917496177148473535112e-01 0.0000000000000000000000000e+00 
11 (band)
5.0705570334968907975081720e-01 (Ry)
0.0000000000000000000000000e+00 (Occupations)
-1.7628982136952572185029098e-02 -4.2773133842815252991798047e-02 -7.4308272043616232019336287e-03 -1.8029842529437400955316662e-02 5.6755519599312240873166911e-16 -3.0516796325628134313197264e-15 2.6654718544594557805282875e-01 -5.4368610401217529193296230e-02 4.1589308164410349055728489e-01 -2.0348769233473554263191829e-01 
-5.8931600146996795622711727e-16 6.4807603825014705839749092e-16 1.8439493098244191804369052e-02 -1.2189593634167085467456815e-03 2.6704272571636229055558331e-02 -1.4695093474980921999240024e-02 9.0988176948611099864594465e-03 2.2076828498907269393569663e-02 -1.0771075669609755911013069e-15 1.0392734307759395585049870e-15 
5.5142825582895780525310840e-16 -9.3117645497542661202790152e-17 -1.2809388055926534955020202e-01 4.7881902227772540903139031e-02 -6.9742293464459204077598997e-02 3.7274334409216486330151952e-02 -1.1191435354194576023978414e-02 -4.4889573005718247378226238e-02 -4.7172577633684646680745089e-03 -1.8921942124721834177503155e-02 
1.8348200030125585306063552e-15 -3.6028916876530332462821390e-15 2.7163008725677595389669250e-01 -1.4847341950813094935135439e-02 4.4115761751060561524084846e-01 -1.4054982320698314324225464e-01 -6.0241284749038747456384600e-16 1.1227682298382141174267669e-15 1.8419749631470035133862240e-02 1.4878142234429347912083585e-03 
2.8564501786694507234898310e-02 -1.0636408392699803204806130e-02 5.7761586403701735414895069e-03 2.3169178478659957498564381e-02 2.7847647962138412171705881e-16 -8.7534003419053250390177786e-16 -1.5081579544288337517437495e-15 6.5430386089772370748716592e-16 -1.3371446534948486228877584e-01 2.8655899113127519806099031e-02 
-7.4439269019537332439107047e-02 2.6686302313557567350565947e-02 -1.1116895378729186802391204e-02 -4.4593562019829918741109509e-02 -4.6857230321603405079344817e-03 -1.8795222654909828075009415e-02 -2.1430657190022225119319321e-16 5.1566002965458535660864418e-15 2.4676845409635322914354560e-01 -1.1463152359604328323072764e-01 
4.5556400142016817422785380e-01 -8.2865459322353132720628821e-02 -1.1667651000158207234202770e-15 4.8258326671223171421679086e-16 1.5476217041541411381655458e-02 -1.0134367886671380443175394e-02 3.0166219062422484908925213e-02 -3.8918377482459048932739165e-03 5.7740359977924288203965375e-03 2.3160904086660119571838834e-02 
1.9352941351834432751477441e-15 8.3803276475267527082452329e-16 1.3387719755707167048040969e-15 1.1011082487146596021117887e-15 1.3156377320145845599697054e-01 -3.7376089246257092335579131e-02 7.8225832713811171981177495e-02 -1.1551385976064103625060575e-02 -4.4832744330107476837810054e-03 -4.5739166879539439047874794e-02 
-1.8897931079843634932791119e-03 -1.9278098375904412220549489e-02 -3.1404433691106125689788611e-15 3.1722789731651719871184825e-15 2.6086692442007591852259907e-01 -7.7353111654718309520006869e-02 4.6278209975969786249549998e-01 -1.5426337241198670446884478e-02 9.1007954085684027686797047e-16 1.7026976279628306801891522e-15 
1.6790652491466617063364808e-02 -7.7648371064785335834979030e-03 3.0411137353499147900626198e-02 5.5668523174920523516329141e-04 2.3286790492714586064959548e-03 2.3755930284890439119216410e-02 -1.6647101873457531912000153e-15 -8.8358139956486077157514259e-16 4.1341140382491438806807484e-17 4.2817190862098708946907848e-16 
1.3561241316106989462930699e-01 -1.7755896569302445642257737e-02 7.9074113474246796040567631e-02 0.0000000000000000000000000e+00 
12 (band)
5.2007947308720869905585005e-01 (Ry)
0.0000000000000000000000000e+00 (Occupations)
1.9271782463677486485487123e-02 -6.4976761219070339192782626e-03 5.3900123135084548886553080e-04 -1.8159975402554096035601106e-04 2.7606537689450035700484533e-15 -4.0745533949554965045596530e-15 4.5219721370317811359740290e-01 -1.2227500830783316621008794e-01 -2.4035831481023181566136770e-01 1.3326719172960915793524350e-01 
-1.0979273416979771081380030e-16 1.0257801555992375257191461e-15 3.1070484836086827151735434e-02 -7.0382318552715122939034131e-03 -1.5562505041065179817172393e-02 1.1193554947515657604917294e-02 -1.3675570355657423390893790e-03 4.6093982286752807620011652e-04 -8.6309583553520270413748371e-16 9.9480245948029987921384869e-16 
3.6488884317245822721964985e-16 -3.0261430714782657208170140e-16 7.7596383363976964564479033e-02 -1.7894582923555758802169890e-02 -1.2899631211132558950005489e-01 4.8254680644568927194715258e-02 2.0014241404702093340972624e-02 -3.6126908681631819675317274e-03 5.5974764766568603502339130e-04 -1.0091268005991971268286989e-04 
3.3490438545777020304203060e-15 -2.6036438244569792561401353e-15 4.6520849608980102685151792e-01 -5.4904944253337389925562206e-02 -2.5724790581380851950399347e-01 9.6725275105901134531372065e-02 -6.8648781355734531437686907e-16 9.3019605970477622936398036e-16 3.1765337245190455872645430e-02 -2.4238575241054549636032789e-03 
-1.7030744075710032431336671e-02 8.8000563489117888948953805e-03 -1.4202218243424733455648745e-03 2.5621814045854486574516073e-04 -6.4730828483400460865831456e-16 -4.4316477827845490736097870e-16 3.8713056565711426926236350e-16 3.7245030240440057212529820e-16 7.9378050068207167688782988e-02 -6.3671011100502692553471107e-03 
-1.3466167251643063051957938e-01 2.8892848553004051026515953e-02 -2.0363280654265111802025956e-02 3.6762533026422211657191497e-03 -1.2466365516098265771305353e-04 2.2636619018745474107845439e-05 -3.5181580091817212118178486e-15 3.5287676481122203323616294e-15 4.5571986599845726306767801e-01 -1.1151852331000730589316561e-01 
-2.7529363566446352074024162e-01 -8.9790730344493918657633458e-04 -1.1608861486604511914287836e-15 -4.2478294081730100246176501e-17 2.9755917764634459699024660e-02 -8.7753863757044636706439178e-03 -1.8577815269744363257942155e-02 -2.5335931775175013491718801e-03 1.2501695493287385066438766e-03 -2.2584059414128157625839544e-04 
2.6118636919741894278989504e-15 8.7707055792288394490948897e-17 1.6545270468540807161976536e-15 1.8180964119092729053626000e-15 -7.6733890725325840098669516e-02 2.1638045454723805333108189e-02 1.3643595667797495107897987e-01 -2.0147109233926433630168518e-02 -2.0681868375859779884962109e-02 6.6208597212591251135460624e-04 
-1.2663313083354811594549716e-04 4.1825366063411029138308095e-06 -4.2617265241532806485082494e-15 2.4613739887001509624966149e-15 4.6712201863915220334533274e-01 -4.3749251529216229283925088e-02 -2.7220920818597177381903407e-01 -4.1104002890691548888213447e-02 1.5496590382899793090991487e-15 -1.1021499059303925991987530e-15 
3.0718641204986855269831736e-02 -4.3344123682807506742209469e-03 -1.8008403688821353338944675e-02 -5.2203171519154406565732529e-03 1.2697496246310176204463716e-03 -4.0789297482212236037671382e-05 -4.4803029980619921967582601e-18 4.3751295589823666113382658e-16 -4.9609368458989731498549638e-16 3.9792951748832952028403305e-16 
-7.9071666307212809532423137e-02 1.0196400558378832315598039e-02 1.3791546789652095461597980e-01 0.0000000000000000000000000e+00 
13 (band)
5.5622869670297814259640745e-01 (Ry)
0.0000000000000000000000000e+00 (Occupations)
-7.5601519737345634908365355e-02 -1.7446723836177735478258910e-01 1.0747603575426832589467807e-01 2.4802487418881963288086467e-01 -8.7957536826395502051580714e-16 2.9448981383618152828649530e-15 6.7965124155392186988677850e-03 1.7129499460240317498804785e-03 7.8333934635164970128329287e-03 -6.0875515026464210865952964e-03 
-4.7139161029143278906081781e-16 -2.1040138860415529090176612e-15 8.6404507692667414930909331e-03 -2.6758309205497966820619382e-03 1.4044779273227753213504343e-02 -6.7036770958742789017215102e-03 -5.4090320214663693831891322e-02 -1.2482546501110075576335134e-01 1.6471952956145918508883257e-16 -2.3875807519598495823337716e-16 
9.4361130528878346410944629e-17 1.0610103732388438600777730e-16 -1.4207715348058726906321780e-02 5.4463965951462561115858918e-03 -7.5800386402199299018533907e-03 4.5182807998212417416317166e-03 -4.9303789243980773726594435e-02 -1.8363971088620878457930985e-01 7.0090843851750433968206266e-02 2.6106457072146288522773716e-01 
1.0176625500490178328923632e-15 2.6068823601769259598540064e-15 6.4733687774739829406955849e-03 2.6874291065916342501063152e-03 8.6386473866335300453300761e-03 -4.8779204361165291736757155e-03 -2.9527005001586966724504090e-16 -3.5439793099732857959189210e-15 8.9386523751392374381730122e-03 -1.3849022810055837406917334e-03 
1.4873405010178433749423732e-02 -4.5800583885603901590499731e-03 -3.5275175300870043049172864e-02 -1.3138805677707030006295952e-01 1.2114413997242568886036929e-16 2.2442475387317968195848231e-16 3.4518276949042476145416244e-16 -1.0173912316857520977029215e-15 -1.4850925817772420156614999e-02 3.3124633791461648504861337e-03 
-8.1587666526405869943383564e-03 3.3624951867546508735284938e-03 -4.9530885505347357899985639e-02 -1.8448588586725139792932282e-01 7.0003938702649565195557102e-02 2.6074089857632704037015969e-01 -3.3183341633589574721382389e-16 -7.0971893083488665818852113e-15 3.8503184658581785654307694e-03 -6.8028987925956262150517517e-03 
9.9935960737278228815938519e-03 6.5248464922388477171821819e-04 -1.4768487295899921167903124e-16 -2.3650746863243309472225193e-15 8.5277453078521237711528968e-03 -2.9049141252000627508311759e-03 1.5104931044430752740126422e-02 -3.6995769306377643270700162e-03 -3.5268474797868792913746461e-02 -1.3136307040685485381104058e-01 
-7.5644398096352249425741739e-16 -8.0438239511580944495922944e-16 3.8673305789774324104529134e-16 -3.9523273550574012217847736e-16 1.4541060177727646585132959e-02 -4.5106533974341948139974434e-03 8.7225277932122067398035270e-03 -1.2880308426396161903398907e-03 -2.2049277725885843559616717e-02 -1.8974240447228613026808830e-01 
3.1163139626786795499668870e-02 2.6817014440999781266228297e-01 1.8018847770073332732833446e-16 -8.1882070251367343740632809e-15 4.8028015899010739406249648e-03 -6.1674533771080928407082311e-03 9.7910711689315494538066176e-03 2.1053797916958816999200010e-03 -1.9026786819102422885194779e-16 -1.3024129590902428633294408e-15 
8.8606211487124789116798240e-03 -1.6279923124401340754630052e-03 1.5483335775972925651977619e-02 -1.4533150281789144423610916e-03 -1.5700211179023624424866412e-02 -1.3510597673758892312001478e-01 8.1912145809088799773913236e-16 8.7533645257819316325794477e-16 -7.0279938650235444738977558e-16 -1.0034526024711593838299750e-16 
1.5043998434834133376414300e-02 -2.3380625006201340154721180e-03 8.8171148656960955658501433e-03 0.0000000000000000000000000e+00 
14 (band)
7.3954693300428087088249640e-01 (Ry)
0.0000000000000000000000000e+00 (Occupations)
8.2696000458775644731381456e-15 1.1996706027171607037054794e-15 -3.9229392201965525276969831e-15 8.9348541977063483218460780e-16 7.4499567570787439407808961e-01 -1.7017908514217949811353492e-01 -1.3686125615444246026451185e-14 -9.3252126238310282849497670e-16 1.4597723290947340181981221e-15 -4.1385559540635391578274494e-15 
1.4710296727400144767283763e-02 -3.3602469274518487196701244e-03 7.5552283019069456256202021e-15 -2.3114082238094082742243178e-15 -1.6277304175392194513275544e-15 1.5276125239842610479040549e-15 -1.2101491247171244501789779e-15 -3.1486757311661972331877131e-15 -8.9990440138894853619455638e-04 -1.0225062000556853214483510e-02 
-4.7055635883351794659934519e-03 -1.6965547795073220027628480e-02 -5.0168458180889878342946487e-15 3.9542800226400482807190655e-16 2.5834356302880241860762785e-15 7.0475091142730900871319682e-17 -1.3882192865646511294840781e-14 -6.8535221763591676882771675e-15 -8.3278596675362939695919821e-15 -5.0198442083012100974296252e-15 
7.6186388630955037548631026e-01 -5.9522236017975641009236654e-02 2.5407208017334558213833918e-15 -1.2350504017315070382915886e-15 -1.0057269501619081315430632e-14 1.1750745180903605820264749e-15 1.5043364609946837870402270e-02 -1.1752746204814618069534049e-03 -3.2125660718760358478488611e-15 4.6314457082177537074876842e-16 
5.9540141333200559506298120e-15 -9.1722903472207552015514520e-16 -3.4649666252042274037685050e-16 -1.8937042828102473622640763e-16 6.0345749752622459757822604e-04 -1.0246831700362590486519387e-02 -2.1767052660726254366407861e-03 -1.7470950027270969184822746e-02 6.2507405283645950866115333e-16 1.7935512347683745624662986e-15 
-2.6946380414231241026160930e-16 1.0972994459810544436937749e-15 -1.9914949216961281806970855e-14 2.7126359065001063625742091e-15 2.6367008154755191225075372e-16 7.1323128629857979036128044e-15 -7.6189399410218638930558654e-01 5.9524616185015602476404695e-02 -3.7261211000286416552291505e-15 -3.6304083080314923407674903e-15 
-6.0618244897936540437217764e-15 9.8427244817546340312008622e-16 -1.5084748114008230193694438e-02 1.1785488070276198269148438e-03 -2.8376919605661502958370242e-15 -2.6902857156719909265668723e-15 3.9872235577301042998644127e-15 -2.3092813113316282565773728e-16 -2.2536797049358253999779039e-15 3.1794044994165284298230447e-15 
2.1836248630066924791837124e-03 1.0028179567768634103397396e-02 5.6515375995453472762752867e-04 1.7595290106050379824731422e-02 2.4417064352483364119834152e-15 -8.1347932970901601312741222e-16 -4.2762262288655410624359057e-15 -4.7349821956095633508148726e-16 2.6068844570199854128600346e-14 6.6588554317866164463222510e-15 
7.2184779898815660156293895e-15 5.1405158339850445760253394e-15 -7.6241618522305154570517516e-01 -5.2413726168705578045692306e-02 -5.0284520629515178671612766e-15 9.9108105033893106274427810e-16 -1.2664478887807270838800623e-14 -4.4749641314911329782438193e-15 -1.5095089937950865316418358e-02 -1.0377199615322551737306433e-03 
6.2253799715673555907279334e-15 1.3588255127708185650540182e-15 9.4020279268355245470660756e-15 1.7847413351253121745518229e-15 9.0502590413219847768848581e-15 4.2232764163115878706246538e-15 6.9525282046763018685420210e-04 1.0239591129599427687946189e-02 -2.0112822882781076355707128e-03 1.7489093065260655213144503e-02 
8.0231968382946289281177127e-17 2.2512977477671692715928372e-16 1.7600177909659843910808575e-15 0.0000000000000000000000000e+00 
15 (band)
8.4304582536963457162215718e-01 (Ry)
0.0000000000000000000000000e+00 (Occupations)
-6.4388920634324098291045857e-01 7.6122309989730496671000992e-01 2.5035377821344753646037873e-02 -2.9597505652006996651470772e-02 -3.7952110647006950102415402e-14 -2.5572572369584249093053447e-14 3.2837085278010741395959826e-02 1.9546808483956817914517501e-02 4.7430188778294399276624915e-02 4.4877533522453494363446680e-02 
-5.3693911260924856398838945e-14 -2.8326054280253175113753498e-14 5.4043367509101353229894471e-03 4.7542931061688581406698972e-03 9.5553296837589118961631129e-03 7.9767495475614458300128717e-03 6.8984749851379131846407233e-02 -8.1555633960789922221046311e-02 -1.3587608089876822791608074e-16 -6.2197291832714037535503781e-16 
5.1135292938780644837957320e-16 -9.4299699544115496818861273e-16 2.2829803961740002815616890e-03 4.2983282055694682632918102e-04 -3.9751280479374123677516195e-04 2.2711882692936294358965199e-03 -7.4818355316385742881379883e-01 6.5899566663044850667318997e-01 2.9090499887103958565059969e-02 -2.5622749653315374240847291e-02 
-3.6026975747639522189615964e-14 -3.3318751374184363826477458e-14 2.9629362978966795882929119e-02 2.4134057697060621455742435e-02 4.0365527494945235842394027e-02 5.1324847906834863975333860e-02 -4.9139494139927808705800732e-14 -3.3873390757773714855409959e-14 4.6518392901579979498150053e-03 5.4927725125982684514780452e-03 
8.2875555566309239141631338e-03 9.2870491333651716825414724e-03 8.0158598428610922104198266e-02 -7.0603231092928944723219331e-02 1.4250447749324592647304870e-16 5.6658079502382969664684028e-16 -3.3015739245545134907061945e-17 -1.9451948111887055884704422e-15 2.1956980624330824092282910e-03 7.5872640756939613293496905e-04 
-7.2503048056026236228843729e-04 2.1887538433491018040333298e-03 7.4814383391058836281217737e-01 -6.5896058368373522373673268e-01 -2.9040578143557004009434053e-02 2.5578757505363401009157442e-02 -3.7691209158318569716379178e-14 -1.7472992889275809351981083e-14 -2.0699496781967120784262448e-02 -3.2052287581504274038834978e-02 
-4.5589593746545989394469700e-02 -4.6814937811925555477543526e-02 -4.5214071170810767255154154e-14 -3.5735561862193754417852290e-14 -4.2701780160380627127114650e-03 -5.7845964836248063567492039e-03 -8.4575333902878052638740769e-03 -9.0606428544134087754713391e-03 -8.0218410365750919543970099e-02 7.0655882924083743268361957e-02 
1.4973382636729831226710280e-16 3.1251349406846007668762343e-16 -2.4085048301432806162159196e-16 -4.2965286315130216811448942e-16 5.6419193222602068149562626e-04 2.2118488495114912995020973e-03 2.1270811315077051834032673e-03 -3.1410001402932749559049341e-04 8.3638095372443632680159453e-01 -5.4260035690578167777431418e-01 
-3.2465662853577527402482161e-02 2.1062021505664371701094240e-02 -3.0162027414771687510106889e-14 -2.3693443008397367289375497e-14 -1.5795144230919901801035721e-02 -3.4732286491949364293230218e-02 -3.8261655867734771507837621e-02 -5.2972588671560683071248832e-02 -4.7397546851567697163283601e-14 -3.9693065495578951659372523e-14 
-3.3793375948584134481345043e-03 -6.3463417956417600765406384e-03 -7.0431976393687161300261046e-03 -1.0198945386448218103359054e-02 -8.9679479331579631251614160e-02 5.8179361806502107035132809e-02 -1.0622687707743423418231595e-15 -2.2227622566534806992514457e-15 4.2245477828358438144778623e-16 -1.0605154062045889881359213e-15 
2.3502589040979405361417309e-04 2.2705397376630246514261913e-03 2.1501471946823178318930481e-03 0.0000000000000000000000000e+00 
16 (band)
9.0821706903419030521007471e-01 (Ry)
0.0000000000000000000000000e+00 (Occupations)
-1.4320618932176394435538487e-13 1.3252410974045406340678792e-13 -5.5452542457210448544354679e-15 -7.6849653315444184397961899e-15 2.0610694349943980974160240e-01 1.1525517516185798672090357e-01 5.8573818400756117247937918e-15 4.6330126979772267569739101e-15 6.8585355797577570108735347e-15 8.1758977331922248556939003e-15 
2.8519270539166513556139648e-01 1.5947991632551827834163305e-01 -2.4420560053869362894389903e-15 -2.2167736039410820987414332e-15 6.0925408887635970348322259e-15 3.1853156717791426996143710e-15 1.3637898945688746162351785e-14 -1.1927251191430075920824771e-14 -3.3179133112902405716715393e-03 3.1228682102536382825253014e-03 
-2.9756775240690810230281826e-03 6.9462009199634001943568506e-03 1.0692341239767821952081490e-15 1.0560183843297794803827639e-15 -1.3421629799985752748934868e-15 1.1374015996701721386365326e-15 -1.3400693902193808649687687e-13 1.3484281827096914582763420e-13 1.6414134177327563273840559e-14 9.3732906132197164528539630e-15 
1.8705907179254066541318480e-01 1.4412748252982462981997003e-01 7.4773511372392713143252471e-15 7.4739640831117972495761359e-15 4.5691859918374932459747258e-15 9.0418995770259507400083851e-15 2.5883594383804814365035440e-01 1.9943088300781444677234333e-01 1.3328345394684430163666417e-15 2.6783804973460721922194205e-15 
1.0047352367109658436345219e-15 2.1029568162109838661084960e-15 1.1737093928625558239280761e-14 -1.4757039481553214830065864e-14 -3.7385178879468534268726287e-03 2.6046762949276246364160858e-03 -3.9584775136775225690133340e-03 6.4369884046393925636220246e-03 8.5512103883328437433772398e-17 -1.9570720963405883346454372e-15 
-3.1098695332877219579945069e-16 -1.0393948507842754819717276e-15 1.4841491747138413708976543e-13 -1.1953625637007487690338437e-13 -4.2517721694365683907451727e-15 -3.2174224051178342124540259e-15 1.8702174648980232629646991e-01 1.4409858541031400624987668e-01 2.0962469165322406827642705e-16 -7.4083659539037121682204884e-16 
-1.1445833538618351351587134e-14 -1.1876854698372438399451040e-14 2.5879589952683573761405000e-01 1.9940002093077147105049107e-01 -7.7278558079785203384057409e-16 2.1544779340496393805785263e-15 -2.3712066992818943281357814e-15 -2.5495448473395010465838948e-15 -9.1412915313912118251541097e-15 1.7226823351098812572556891e-14 
-1.5625163666272462621720241e-03 4.2840258565976065477376444e-03 -5.2196382505764402082171216e-03 5.4700467685156618086184110e-03 -4.2214288082673694388881267e-16 1.1219883996917275620365053e-15 2.8383684094684031046724365e-15 1.3970799191729629885428147e-15 1.5852907445658376544526353e-13 -1.0463986189240514929555407e-13 
-7.3592267060339048420781936e-16 4.6424995352552675868413327e-15 1.6396508169897214268750929e-01 1.6987344689738756442487499e-01 -8.0123720315417711526127922e-15 -1.1711981900347385455064271e-14 -3.4124393715946819293716737e-15 -2.9873776767567010032490076e-15 2.2689066433663721000790758e-01 2.3506661267813758198208518e-01 
-2.2988183023336797810916643e-15 -4.3146062774444062043633668e-15 -2.7930673364642949827490028e-15 -3.5328485976567230583713989e-15 -2.0828959410454245878125174e-14 9.3519954326748669385718061e-16 -2.1715776828187898471467232e-03 4.0098111306422039301633475e-03 -5.9627247076232689840247225e-03 4.6488653645474281236871228e-03 
1.5496744246919671584092687e-15 1.3218031491655111103718153e-15 0.0000000000000000000000000e+00 0.0000000000000000000000000e+00 
17 (band)
1.0711212758676034173532798e+00 (Ry)
0.0000000000000000000000000e+00 (Occupations)
-3.1687156281657335998858116e-01 -6.9255136241505352301395249e-02 -3.9234291353876277197443301e-01 -8.5750083655141459693105332e-02 3.5918553419738112418663162e-15 -1.3297776793144218021325392e-15 -2.1775774492215985156384761e-01 -1.0704035936646863480525838e-01 1.5452019555403417871985994e-01 -6.9046104033100408337020326e-02 
-7.7969111028333325014616397e-15 3.5605958275930330055433125e-18 -1.3928335607898412185079451e-01 -3.6979325625647575803700562e-02 8.3677985373399946245065451e-02 6.9814701857754124514343630e-03 1.9104740065120778824692138e-01 4.1755149912868910755392449e-02 2.0517804060062665421643212e-15 -9.8268591893941136529357565e-16 
1.9182113643129886941075657e-16 -3.4086892188921606432276981e-16 -1.3751623289647400827373502e-02 1.4573600867979302070365222e-02 1.5406428060509562427693453e-02 1.3487372820791305658150172e-02 3.0335527015329782907215872e-01 1.1480174775639684359163084e-01 3.7560735748024592917104769e-01 1.4214482634852756981480582e-01 
4.1071426038360856703455029e-15 1.1797454993192234049129503e-15 1.9978493246726916621192061e-01 1.3770277689988544289612094e-01 -1.6294901833256419942941307e-01 4.5732622280612506004970896e-02 -1.3031715822441665942783462e-14 -5.5938577684332419275885622e-15 1.3238711873041308919596304e-01 5.6929558215493718253963351e-02 
-8.1760441499708291779313640e-02 -1.9130508824339240159240205e-02 -1.8289818899240989358290221e-01 -6.9215997450948182900809513e-02 -2.8730065524974416720407045e-15 -6.1453236413356085370325492e-18 4.7255048152291951459262132e-16 -6.5278701204827679719900784e-16 1.5733056205446033920525295e-02 -1.2408381352764296517987574e-02 
-1.3270876761258713211200089e-02 -1.5593302446175781941772875e-02 -3.0035019719928596204638893e-01 -1.1366470165321532204139032e-01 -3.7372966196360529744779910e-01 -1.4143446270647419549248980e-01 -1.2267994641161011500710890e-14 -1.7179497879112180817834461e-16 2.4159232553365281304103007e-01 2.9308053232358598216844570e-02 
-9.2228127560319200783922611e-02 -1.4234359377037614224903450e-01 -1.1919215436901782395342723e-14 -2.6605036001243728797697017e-15 1.3683428963118746124472125e-01 4.4978715458687770767376435e-02 -7.3916456682435030534072951e-02 -3.9742287241987389601050040e-02 1.8280801097788521025755415e-01 6.9181948164836054582238489e-02 
-5.4619676446889445667901585e-15 -1.9973102329915740038470318e-15 -1.2776728556366160666428679e-15 -9.7486027387547422227425155e-16 -3.4797690260871113818175182e-03 -1.9707956980046084649593752e-02 2.0124356419494539294223756e-02 -2.9717064102372584000200106e-03 2.8052365643329962852092763e-01 1.5632141101209501288238357e-01 
3.4905923993578646946644994e-01 1.9451276176113138638434918e-01 -1.8283299301809342056054691e-14 -6.3529326372038178236669476e-15 -2.3471919433010576816478476e-01 -6.4286184783722735702760076e-02 7.0444751644230599318952102e-02 1.5428954328316771271722985e-01 1.7966464001699135135407298e-15 5.4640923464262064594553343e-15 
-1.2879574995867723585796227e-01 -6.4485366214118933214649587e-02 6.7317831865016067305340641e-02 5.0113885068954755475090224e-02 -1.7074059899605381618314937e-01 -9.5144935146570908113261567e-02 -3.6398562331626149905748885e-15 -6.0782330381862047685200279e-17 2.5941565590013377512308026e-15 3.4274635359192643844805281e-15 
5.6344118047933235398500029e-04 2.0004871777607079880167973e-02 -2.0342584896905033242653360e-02 0.0000000000000000000000000e+00 
18 (band)
1.1876013128461064827234850e+00 (Ry)
0.0000000000000000000000000e+00 (Occupations)
2.1785314190818538815364036e-01 -1.9140989664867777420020900e-01 2.7691659820779696010717430e-01 -2.4330433434771869816160006e-01 5.7162580899908490851664494e-15 1.1570724324029190703371633e-15 -1.2786498073755100945980701e-01 1.1586054676307462607542931e-01 7.7951867793385698490737923e-02 -6.2408691479514381839077686e-02 
-6.9906120232871950692324100e-16 2.3703709325559236596721362e-15 -1.8338713355793240245006359e-01 1.6673890148992528970062210e-01 1.1245208858957167485925766e-01 -8.9096755038305788798602691e-02 -1.1720915979949647622859743e-01 1.0298227151919887856212910e-01 1.6719493214099646282988268e-15 6.6919512970938758366218404e-16 
-2.4502984319903990937080935e-16 -1.3282056774765573519745915e-15 2.2478946213773571410898811e-02 5.1413166932822509935796518e-03 -1.0502041661675476716397704e-02 2.3557265049418362606870048e-02 -2.4347782333576589719470462e-01 1.5753186826163939615597087e-01 -3.0948856316616168982136514e-01 2.0024143113931172632824484e-01 
3.1765829839006228268102814e-15 -2.4311643613948428004205105e-15 1.4341854735914869034552055e-01 -9.5938729763562130559151342e-02 -8.6232476769987992382127118e-02 5.0351746889012415075992379e-02 1.2508873689258337229913915e-15 -2.2804426488686874278299896e-15 2.0577754115704074977521998e-01 -1.3816043420611717751356196e-01 
-1.2426126383559324417582559e-01 7.1713613048665122984282050e-02 1.3099574106999559153230450e-01 -8.4755242962781460192012162e-02 -1.3503714958751899156583033e-15 -1.5538573414400315188995163e-15 -2.7383771329857552632140142e-16 1.1276318045788534065556557e-15 -2.1486740450219640047313518e-02 -8.3699549011494595029958532e-03 
1.3830695878271648605051247e-02 -2.1770380501846986476266466e-02 -2.4537977463581786552460073e-01 1.5876234726577004296999007e-01 -3.1018638947825089013932143e-01 2.0069250852817638319791627e-01 -4.9900843668911488950712270e-15 -1.6556534374131990367797138e-15 -1.4483677941655184739921935e-01 9.0489088484476384866006526e-02 
8.0350676707038479196221203e-02 -5.7559022393401514106070493e-02 -4.0187365633601862842737477e-15 -2.0368125194793139353369486e-15 -2.1080811262711326992125294e-01 1.3124907551961007001750659e-01 1.1646952825562954803029214e-01 -8.4255776964901274439512235e-02 1.3120486488685181858393491e-01 -8.4890345151068122286908135e-02 
-9.5751636450053458201080320e-16 -1.7257026967868463962791414e-15 -2.2631216897311006607329048e-15 -1.6621730352623485075289008e-15 -1.2522905355555765359587550e-03 2.2980340939506540415271374e-02 2.5560053626714981239720359e-02 -3.7743803391776819568248502e-03 2.6593990662438954375446087e-01 -1.2121337704342888264008593e-01 
3.3617658262586608275412914e-01 -1.5322657893097166303952861e-01 -5.9302030808904332945485696e-15 1.1295521656827157146195717e-15 1.5650193876892931621469529e-01 -6.8360156290638393605796352e-02 -8.7897097712779009848205192e-02 4.5203678167074594351770855e-02 8.2272504707825500568451819e-16 2.3731831470266332305700395e-15 
2.2771989583260909828510421e-01 -9.9045591603758947885083330e-02 -1.2752842100848646444966050e-01 6.6337687622727750658135903e-02 -1.4219838149713795449891052e-01 6.4812865770916092134079634e-02 -1.9133258172263483280536766e-15 -5.1316662437977522232839270e-15 3.0592443883043663484442374e-15 4.7643783376648985796960791e-16 
4.5958941811662440066199586e-03 -2.2550877099504918615879845e-02 -2.5837226792855869095255628e-02 0.0000000000000000000000000e+00 