192 (index of k points)
0.1231155199878564976412321 0.2129362484115855103095072 0
18 (number of bands)
52 (number of orbitals)
1 (band)
-1.3552871752773523184032456e+00 (Ry)
0.0000000000000000000000000e+00 (Occupations)
-1.1395114213808160696927985e-01 3.2985232108407191997656582e-01 7.2728610127845566557525103e-03 -2.1052656956952520150849750e-02 4.9668371057433574283202138e-16 -2.3108365972225393941037236e-16 -4.7860911103582877423878728e-02 -1.9507106471570598293929777e-02 -8.4896061329731278832788632e-02 -2.7609319306270141414216823e-02 
-1.9299769580806476378071575e-16 -2.0123237658575516008123525e-16 -2.0274222776330362572050348e-02 1.1148219042004664514067258e-03 -2.9283103939116841146761416e-02 -1.4810264538375375598100447e-02 -3.5999580752265093741559809e-03 1.0420731995287632609681339e-02 7.6734688077877736926050252e-17 4.7504821953191323316863256e-16 
7.2562064852252103905765152e-16 -1.0809417283784290630078818e-16 4.6873239381653407364947128e-03 -8.0930342880680683492755634e-04 9.6498734996093159417551721e-04 4.5519284923224434535882210e-03 2.7403000773397662159780452e-01 2.1609019269840232246870926e-01 -1.7489830350021745575261889e-02 -1.3791834779534949823043277e-02 
4.0886453512616717244872292e-15 2.1883570346858863031442102e-15 -3.4161907740554352252981829e-02 3.8783476817897614974395282e-02 -5.3993071748451200442264764e-02 7.1094049997348390812490493e-02 -2.2029634534823582061907366e-15 -1.2887762911167470818972388e-15 -5.6147041926154009350291574e-03 1.9513124657310882553717946e-02 
-2.3616700061224231432799314e-02 2.2783669375757185232567181e-02 8.6571869176292060021893349e-03 6.8267465262921069729662449e-03 8.9094843426184736715621304e-16 -1.8139814917342963252771581e-16 2.3193511249423349627205679e-16 -1.3930038451261608018362868e-15 7.7721747031016946705150872e-04 -4.6927508718240737439764132e-03 
4.6160858611981299762239139e-03 5.8566620770234435050527466e-04 2.7478760630724546887293513e-01 2.1668750667568270618090764e-01 -1.6973994521013727881930677e-02 -1.3385089919987654821786904e-02 -3.1284412256291113311957217e-16 -5.3074533253358895614350695e-16 -2.9045833610657253998077465e-02 4.3334783994632697368132312e-02 
-5.7531155229307850973441418e-02 6.9198155756088799983594129e-02 6.0286648559143812404699310e-16 4.0289455184981132029995892e-16 -1.8150071728669097542718802e-02 9.3191629890670042712930154e-03 -1.6022281033135601230332767e-02 2.8237876035339528474343851e-02 8.6715186890346032666521126e-03 6.8380434056263764835970065e-03 
-1.3355592774360822338958334e-16 -1.6491962277663837787685799e-16 2.7998545128904819121650412e-16 -3.3722059251353862984664027e-17 -4.3112747843377634965333911e-03 1.9461808043883194532797098e-03 1.4774470654670525740503884e-03 4.2426500576918987212016177e-03 2.9500303964590302019388446e-01 -1.8824162857631193679353032e-01 
-1.8222743291611987609401879e-02 1.1627929699394103785214938e-02 -6.9444352857792109205754516e-16 3.3577672395757074485243797e-15 3.1372140120565480958525484e-02 4.1681564009236851675588298e-02 4.6429025071497508070361704e-02 7.7088028986165235689753672e-02 1.2476646608403322975493592e-15 -7.1121345997898981603652905e-16 
2.8318440936408893413012144e-03 2.0205260740752066517256225e-02 2.1397989041653638075946020e-02 2.4417559203683516372285212e-02 9.3094598831947178441126312e-03 -5.9403729407098686959853850e-03 2.7634938441049650857421597e-15 -5.3677593068992084695956719e-16 1.6239660545104560056439181e-16 2.8332271010065058734899393e-15 
4.2009268327552237286964809e-04 4.7114999869368326748664266e-03 4.4925415238244361532116145e-03 0.0000000000000000000000000e+00 
2 (band)
-1.1081400234882561317562022e+00 (Ry)
0.0000000000000000000000000e+00 (Occupations)
-2.2890009865423224799663160e-01 2.8425381320406384322296844e-01 1.2236818208233357641034900e-02 -1.5195977584763709078430338e-02 6.7405836687608769116192215e-16 -1.6044777355196640988514985e-15 3.4886787139718489214601505e-02 8.7464198748351235090936484e-02 1.2726967964673882582893327e-01 6.8159084161547908720102384e-02 
-3.4720594123400995379646600e-16 7.0736313794484620556012662e-16 5.6263686774919163813279965e-03 2.7218709070219865298057016e-02 3.5307972968980499972602161e-02 1.5314670449904050492095919e-02 -6.6824594385541391527993937e-03 8.2984453398408097868355071e-03 -2.8698145104116062832157416e-16 5.4395369307329344078562409e-16 
-1.6117731390051454092605589e-16 -9.7098072527602945181063063e-16 5.1283664979089038649107124e-03 -1.6542695404638350226145249e-03 -3.5821800223768962556647466e-03 7.1623906015198662844412070e-03 -1.9316497651629363496716962e-01 -3.0964944264834148857090668e-01 1.0326440785972661184910493e-02 1.6553612153001537321550529e-02 
2.5603903674683778312689381e-15 -5.7888707812951737144629994e-16 -9.4072223241020908046650106e-02 4.1821996741368237804348240e-03 -1.0622258125747574553088270e-01 9.7775228673334019235952042e-02 -2.0853591020691050359058448e-15 -5.9303613968778598517063087e-16 -2.7555030675257136119071788e-02 -3.6379159459564245487905865e-03 
-2.6074427558913707697607620e-02 2.8307531041092591495011987e-02 -5.6392176628525421400173201e-03 -9.0398386798222138405201065e-03 1.4445091852323337623142639e-15 -2.9188376654861124994064375e-16 4.2118150488816732877173946e-16 -1.4016317442554635527248560e-15 -1.2429562837134797148586074e-04 5.3871422151415340739966098e-03 
-5.5859329076062272032010547e-03 -5.7383975457587057047992296e-03 -1.9332519783248316991297600e-01 -3.0990700662213860328009218e-01 1.0188095460591881785683555e-02 1.6331863421044520712221981e-02 -4.6706848708542508774462204e-16 6.2727420714610030013690405e-16 -4.6606332348180699864936827e-02 8.1717244943938810441963483e-02 
-1.3516452841011120100667142e-01 5.3880710823503194517591908e-02 1.5469763891039678083103265e-16 -5.5847698777474862263346658e-16 -7.9386619235853883580489310e-03 2.6943587493720819181497461e-02 -3.6520612394258099298038900e-02 1.0067300316777490903907832e-02 -5.6528399196496062484307288e-03 -9.0617004333638541402340394e-03 
1.0952667129794255036580619e-16 1.2955635592807197261330707e-16 1.3749000263273875623720754e-16 4.5592708739584188949029954e-16 4.9028892872733662380846376e-03 2.1528058966290082761052549e-03 -2.5897461092976442609270293e-03 -7.4367378276066330861082676e-03 3.5624706355083246567261313e-01 -8.0653670603776844716392702e-02 
-1.8773950686752843147742098e-02 4.2503914560088678839533394e-03 -2.6674246377154262944352709e-15 3.4894370679762975431994895e-15 -6.1844566943344329856824260e-02 -7.0887995286700741792706992e-02 -6.4325649247853420448217676e-03 -1.4536575541599522365387998e-01 -1.1767959470974749984815984e-16 1.0793377546503408669891824e-15 
-2.2834126235214975697562778e-02 -1.6357931997749777797146464e-02 2.5030907964872055326832623e-03 -3.7800002669110502329097301e-02 1.0416686271914062100751863e-02 -2.3583174115698823068709711e-03 4.2802431462403998928988695e-15 -1.1239181236582567304477893e-15 6.9018557316694382088759265e-16 2.8225481526113284089747532e-15 
-3.6454557769770704923895099e-03 3.9221867331825635213937709e-03 7.8747605949114705264912928e-03 0.0000000000000000000000000e+00 
3 (band)
-9.9660404236084132456596762e-01 (Ry)
0.0000000000000000000000000e+00 (Occupations)
1.6091288339259657291790973e-02 -3.6885964939774334991895444e-01 -7.0631561198671467122212064e-04 1.6190900644270481839592790e-02 -2.6503770856842757176099639e-16 1.8215251751508972775811673e-16 7.2372899185341801886472979e-02 1.2358936683558402469529369e-01 1.3727500608552517524785230e-01 -6.3642704596219693002900897e-02 
-5.1468365467045458546260797e-16 -3.2244069854470451270481250e-16 1.9166286420285262581675312e-02 2.6787559220348949873269362e-02 3.5757022928046666709889223e-02 -1.3444682047717586292900904e-02 4.6621908806894658827690847e-04 -1.0687096801370227217020670e-02 -3.4478330137142235879661385e-16 -9.6223540308442096730369050e-16 
-2.7462064730444443368469942e-16 -1.4224662553383367253522972e-16 9.4126041084216793830563574e-03 -2.2654043607312351893412483e-03 5.1492743793486225184485860e-03 4.8730052527742040435754234e-03 3.4305044881345492235880101e-01 1.3650186842349901206183915e-01 -1.5058020335614014095781954e-02 -5.9916749735785326813619633e-03 
2.9517600014477547728906302e-16 -7.2939831872015866064812861e-16 -1.4051591031667753917133723e-01 2.7702835219235763530853944e-02 1.4957495455002772777319819e-02 1.5056923481845579937399293e-01 9.9542526564277643807185697e-16 9.0464358841234760213012954e-16 -3.1600690287740471062782888e-02 9.2906532314360069230163575e-03 
9.3754781080186699870893108e-04 3.8189595024611583395923731e-02 9.9393177782677102904962396e-03 3.9549159766695193840568834e-03 2.5019333628096493000684256e-16 2.3333498801128183139576846e-16 7.9212815669337971747828874e-18 1.3834245168363227714376345e-16 -9.5609720106931000982442015e-04 9.6340568381972409989222328e-03 
-6.2953756104154722644805631e-03 3.2602841519084983790133236e-03 -3.4259497594249449514691719e-01 -1.3632100874608055196546275e-01 1.5257731313879252521559238e-02 6.0711636553743217326051251e-03 -7.9595960056136243634352029e-17 2.4686580382262171874770579e-15 -8.2923311919288089644197726e-02 -1.1657276638852062666806830e-01 
1.1420022087118096576485726e-01 -9.9110761071424857693301647e-02 -3.6289408557684578072388645e-16 -6.7141131671676757540888530e-16 -1.6639521712497308547629160e-02 -2.8550584584890029149484292e-02 2.7005332997875247658114972e-02 -2.7183064369636966706167414e-02 -9.9163288658210505671641855e-03 -3.9457781183120698223487643e-03 
3.0904996021807026324671001e-16 -1.9253109140795573459946708e-16 -1.0096778597097722167085839e-15 -1.0620731104271732602512587e-17 -5.9143970123776007374871710e-03 7.6482391086010815053897183e-03 2.3276217819200133163359823e-03 6.6840192912377173473092995e-03 2.4140640030130616766612661e-01 -2.7870716686185453836444026e-01 
-1.0751222427650138774302135e-02 1.2412437685159222883202190e-02 1.3825158582651678491758216e-15 -3.9338952956356399043446054e-16 1.3735927751027901533298348e-01 -3.9973921561358947973641165e-02 5.6041217124165758345366584e-02 1.4044221370524645475796888e-01 -6.1302767727020713366578022e-16 -8.9839489245959996499528376e-16 
3.2434681146147462116324789e-02 -6.3246361086595004677435305e-03 1.6789890360817617126487633e-02 3.4442801577703290039078610e-02 6.9874494376558895711304409e-03 -8.0671118431736923981567600e-03 -2.2597251660848401584769641e-15 7.1283637229896040074853999e-16 -3.2479321090209120112878361e-16 -1.3799809226114950601968004e-15 
-5.2777683766888783961634957e-03 -8.1006675307893696857952648e-03 -7.0777070471522637862271665e-03 0.0000000000000000000000000e+00 
4 (band)
-8.7601953701839618826596734e-01 (Ry)
0.0000000000000000000000000e+00 (Occupations)
7.7811849010468905896154013e-02 6.4904095581935508652016154e-02 -1.4913860750638344154772597e-03 -1.2439915858461630948639254e-03 -7.9752788056810740210355018e-16 -8.3757142926235397513219705e-16 1.2711602342688907429923972e-01 2.3723672579145491101648702e-01 -2.2243587030491518419239583e-01 4.1394861387932316287852075e-02 
-1.3950153406032478379574002e-16 4.3723001042310343158023023e-16 2.4252597282104965126237062e-02 3.9035299174167190083828416e-02 -3.5369826131733977936377755e-02 3.0235004990383368417283805e-03 6.6544293914169022619020666e-04 5.5505782568667557524966227e-04 -5.4204488083957000553751415e-17 -5.0019318653438669015305014e-16 
6.3361710596985030585433233e-16 -1.2749677911707563003508416e-16 8.0110606075191326258533309e-03 -8.4927055864608726187814369e-03 3.3473800006177832286335949e-03 -5.9439458081303048198051897e-03 -8.6883616049879930365307246e-02 5.2138879272878406456737110e-02 1.6652633957575102563453129e-03 -9.9932242710479290970226884e-04 
-1.3412967558609913048440764e-15 1.7409415736426610349940329e-15 -2.6584497835309045532525829e-01 4.2026122359301712472223755e-02 3.4059409794898229395521128e-02 -2.2367656907252242426409339e-01 1.0358962978487171527622333e-15 -1.3660240597979239282513834e-15 -4.4839884486185345446873640e-02 1.0066171854804226160062797e-02 
8.7766336824184679188398661e-03 -3.4396756490420545004926822e-02 -7.4302548259944090069950562e-04 4.4588858172833756299269226e-04 1.4808488641580578276270557e-15 5.0215736066403159602376549e-17 2.7399544595642930580125300e-16 1.4515904827566878427716049e-16 5.3857398383949980219531639e-03 1.0358423945212323624698314e-02 
4.5124803319836169490653077e-03 5.1159521002447101017951425e-03 -8.7055751044010157291275220e-02 5.2242398202025266962245098e-02 1.3795116575676669157246579e-03 -8.2785189928655418534209076e-04 1.3488931149212166047162420e-15 -2.9450823313599844642957574e-16 1.6108725424477560173031065e-01 -2.1306932940602033021981754e-01 
-2.1165709653985104177209564e-01 -7.4306722995448465374224156e-02 -9.4980558532645228876373184e-16 7.0213420748985649520004016e-16 3.0745415329873553716977241e-02 -3.5912612733828820632542289e-02 -3.5556533907609419453699218e-02 -8.8645705411857164679467758e-03 -7.6521894220645176633299744e-04 4.5921102297456946328413352e-04 
7.2591861963796325494163353e-16 -4.2604302136443281865061900e-16 -4.6958326053721135263512028e-16 -1.8624066475845465978387873e-15 -6.7319275328702569971550673e-03 -9.6436404305821239735241335e-03 -2.2690472530813229901092143e-03 -6.5158161562673053146532709e-03 -2.0706753480303125014572174e-02 -9.9394176489571287036461911e-02 
3.2812839908890820139752975e-04 1.5750310899254535423885670e-03 3.0825596138218798336541030e-16 -2.1784662416929704079954216e-15 1.4824141481994315694414865e-01 2.2219839231155297243347491e-01 1.3978047291072662194899578e-01 -1.7544695777031241168408826e-01 1.3006225281969966320502436e-15 -1.4355763658676306509184932e-15 
2.3803881224982725850480847e-02 4.0845704251528155981354473e-02 2.0064849021400717188345908e-02 -3.0663488845062748106018446e-02 -1.8201305167156182538389098e-04 -8.7367387631367857212666417e-04 -2.6271023770650129237598166e-16 -8.3120351966613901195222400e-16 -2.1057426506818914574164131e-15 1.7322605619773050702642959e-15 
1.1321132578919982508702802e-02 -3.1860015995920209358471809e-03 6.8995967722032588292924160e-03 0.0000000000000000000000000e+00 
5 (band)
-7.6964553739083940708809450e-01 (Ry)
0.0000000000000000000000000e+00 (Occupations)
1.0338235974796680660681147e-01 3.1013616051003373152994413e-01 -3.2620481855958893824265488e-03 -9.7858122623622548208466299e-03 -4.2747502466475339771540746e-16 9.9485195242595714806587647e-16 8.1799659261968013512777986e-02 -1.6636180625069538208116171e-01 2.3777835850225503833144103e-01 1.1592422901173793370332987e-03 
-3.2287379328253815160120308e-16 -1.0606086802287447469272569e-15 2.1130308173974737817601977e-02 -2.4080459613669613627706667e-02 4.8341463975546006270889166e-02 -6.2640557908184846258592415e-03 2.5683576374405103770470760e-03 7.7048125271447585188377971e-03 3.1785400054511609641667458e-16 8.3426523632860359504678745e-19 
-4.3880797528133510797814536e-16 1.2666434717001571399438984e-16 2.0911552234661942573090698e-02 -9.8817915538741973868752666e-03 1.4058416137942722143328034e-02 3.7029723262062275157546765e-04 3.2688427152493165772639827e-01 4.3615814316321360744055369e-03 -1.0314268712476093448060510e-02 -1.3762603732691419677891531e-04 
-1.0128917233174749242467036e-15 -9.1511112318728203658957033e-16 -1.3020697911248868550160296e-01 -1.3196051464269159536613074e-01 7.9292132411061796992690631e-02 -2.2417102701377725204601177e-01 1.6750799920759706940929929e-15 6.9017513149715465192892739e-16 -1.5791963455194776844159321e-02 -2.7874223737399714262430450e-02 
9.9822688762873056089741652e-03 -4.7712575306009648301586168e-02 8.1208900516167234484576909e-03 1.0835959488612878498514647e-04 8.4047051393501029986416292e-16 -2.0465367796862497624591641e-16 -2.8275300796647510774689716e-16 9.8035684615109932007269121e-16 -2.4550183819613824454108908e-03 -2.2998167447026027221390621e-02 
4.9730441276855316679039731e-03 -1.3154657595396773706042381e-02 -3.2679625949790996886079597e-01 -4.3604932648643943138289103e-03 1.0375353671088549667445022e-02 1.3843639849409061781670971e-04 1.1575889314780107160360792e-15 -2.4840739948834160445111874e-15 -1.3347025129685990973982257e-01 1.2844459608785496751437449e-01 
7.3160512288122439561455224e-02 2.2620924369640818540894145e-01 -1.1405939714764996526165575e-15 6.8157294574098406100008176e-16 -1.6558842732733235897368829e-02 2.7476904861632636678514530e-02 8.7212638063427390389126259e-03 4.8021528799196341874555571e-02 -8.1145418587853859748726393e-03 -1.0826997377367392205727015e-04 
1.2530547903918432296299096e-15 1.0941548233288541412964460e-15 -1.4175443706261336003761421e-16 1.1752491792812993645119068e-16 3.0688240389919671513574428e-03 -2.2909787590877465912608812e-02 -4.6225810603048563332539977e-03 -1.3274244648489891273968055e-02 -1.1159033677118039562525809e-01 3.0718464457494198960318954e-01 
3.5428438321805331978620046e-03 -9.7527117263497761778801021e-03 -1.2420582913495601860175604e-15 2.7036583670731269870667409e-15 7.7406127478797381868957928e-02 1.6828729504677639172705028e-01 2.3768671682706118963857023e-01 5.3016163510388259264005661e-03 -1.3566803485570319266416865e-15 6.9007288592000268311897225e-16 
2.0502888599906607391964997e-02 2.4674017355955875363537899e-02 4.8218529845389726529170105e-02 7.5565236809423709518629408e-03 -2.7708497743046366090791111e-03 7.6275752040504936693499083e-03 -1.9507795115632901997000430e-15 -1.1970930237622085499355047e-15 4.2223117417271855653703804e-16 -1.6366272685109503265604589e-15 
-2.0626228178838787452598069e-02 -1.0432389925414309664319923e-02 -1.4056095711364411174337796e-02 0.0000000000000000000000000e+00 
6 (band)
-6.6432149739131307608630550e-01 (Ry)
0.0000000000000000000000000e+00 (Occupations)
-1.3178150701282209666942435e-01 1.2757721919085779349600784e-02 -1.1066945137293490719621047e-03 1.0713369261933225473626408e-04 1.6199625819858547059152691e-15 -1.5846548910489478825135847e-15 -2.9028140812171321361034870e-01 1.2295055403276494709885469e-01 1.8882850398900993815765048e-01 1.4576726990367094849432306e-01 
3.0762482959946058421381239e-16 1.0583285069304750207007816e-15 -4.9695689544173138330052097e-02 1.2863803381121502455997074e-02 3.0515478530470999118939801e-02 1.0973790818017498116532238e-02 3.6151282465568370175224011e-03 -3.4997168056787389400774657e-04 2.5496918204118215712013786e-16 8.8068579380501899212072439e-16 
-2.3231270196129657972890266e-16 -6.0323397797431190443521847e-16 8.0751134913364698564297584e-03 -1.9928790701316624611738604e-02 -1.8273821282736649185274302e-02 -9.2537484177559834602755373e-03 -3.1290451170518721046853727e-02 1.2864693049070732855376775e-01 -2.6278038572916107007415576e-04 1.0803688461221427896674641e-03 
6.6020711737717619092922245e-16 -9.8858194093604403712641123e-16 2.0647724696549782374965787e-02 3.1456923896489141778687326e-01 1.9975856214173662306343715e-01 -1.3038718397513945901344812e-01 -5.7887965597787140050858885e-16 -2.5096880919722263286317032e-16 -4.1949828234860916942317033e-03 5.1161910791223556838058784e-02 
2.0398911833594476905595627e-02 -2.5209183066215834490009229e-02 8.5839011792109096848912841e-04 -3.5291357046331808811068242e-03 6.8101485510822038597093459e-16 -7.4805074106655055586864067e-16 -3.2591997641809736756033407e-16 6.9371307405116295870397168e-17 -1.6164643532505008211019870e-02 -1.4179860936620457267931528e-02 
-1.4748671667497745968455902e-02 1.4214115804260220310428764e-02 -3.1652904107199418548557190e-02 1.3013560891189063228878808e-01 -5.4423879509492463502073889e-04 2.2375759697566971473392528e-03 5.7207716723128176684717001e-16 -1.7525507003699632631909260e-15 1.6163375485389874786079645e-01 -2.6820298538802322951823953e-01 
1.1658518559340516618227923e-01 2.0615728353528611771494639e-01 -6.3715947831844277406205635e-16 4.6834914716041516444049099e-16 2.0455513023432181363148175e-02 -4.8667532050088044281999089e-02 6.9506855980261475491666090e-03 3.2705911091358785824922961e-02 8.5345033220740173368623616e-04 -3.5088490242422272318012499e-03 
-1.9582125784400716886966381e-16 9.1529062723932585836320086e-16 -1.6530278436977619815550704e-17 6.0238022205585207978187499e-16 2.0795336482244970721655619e-02 -4.9855328182130832087581851e-03 6.6375571250276831775094522e-03 1.9060467733619936708810982e-02 1.1248740956345495978219162e-01 7.2689515990943309731164845e-02 
1.9341318851358937913609282e-03 1.2498303634901897218867362e-03 -3.4000552207296339637413768e-15 -4.8954864136669000636086642e-15 -2.0012861091493225340620654e-01 -2.4084611512847406422643814e-01 2.3303104616050410169414420e-01 -4.2302039901582891290310329e-02 -1.2977052520008115856346586e-15 4.5367722511691630046866314e-16 
-3.9233331297275464422114055e-02 -3.5322831203289467572048466e-02 3.3172538267727556815511747e-02 4.1918200670924745526724209e-03 -3.0330027566872635493011590e-03 -1.9599217388467943951058103e-03 2.7803932643588166245098787e-15 -1.8693830856645402267712584e-15 8.2280946761863102313806253e-16 1.8489092327122194020942059e-15 
2.1306731860933139643954348e-03 -2.1278199845508462967336172e-02 2.0183126487546963756525287e-02 0.0000000000000000000000000e+00 
7 (band)
-4.4779247310041153662396596e-01 (Ry)
0.0000000000000000000000000e+00 (Occupations)
-1.1407521075714014802129832e-14 2.4660146023386790991351345e-16 -6.6781434570942003385461784e-15 4.3933997177449878632828925e-16 -3.6846661225084054169798264e-01 -1.5283980777702155240405091e-01 -4.3883204687202879451547900e-15 -3.5637351553748926229325554e-15 1.1942660866589006196297538e-15 3.0640806505804980544168748e-15 
-1.2086617424131612663629198e-02 -5.0135263843646415971022634e-03 1.5892114962432682249830661e-15 2.1499084652799633256170575e-15 -1.1075383758149048952078227e-15 1.1745982918481561558464496e-16 -1.0080117192984581781469201e-16 -2.5617594376361410642410239e-16 1.0597145225650361766156493e-03 1.8922970508162825081788228e-02 
-1.5708590138023947879730713e-02 2.5452324608799627159161361e-02 2.9121951322925252020669296e-16 -9.0341778828538202788540622e-16 -5.3526231024426182836911800e-16 -7.4216154024435058513454769e-16 2.8741570865207036137054419e-15 1.3850498434152925918184595e-14 9.8169341534171912147030496e-16 8.6597799928749417190612518e-15 
-2.6551468204557332475346243e-01 2.9770724680995203081934619e-01 -2.3089062505822923196010055e-15 1.0350532198953001506141046e-15 -1.2133913839469465487260701e-15 -3.9110449821165181829321603e-15 -8.7095411897804911327547472e-03 9.7655342827475816180893275e-03 1.1542251496466821258978579e-15 1.2235379968643237775986382e-15 
1.9876882763831438207965677e-15 1.5112931340185950864827100e-15 6.7321016512519194715955698e-16 -1.2182892715069371786785074e-17 1.8218910965141138502687568e-02 5.2223644995725553713539213e-03 1.8870542568905031288739593e-02 2.3205241978295688964895049e-02 -1.0994751719415680784178945e-15 -7.8831235528768737060530296e-16 
-7.3914166090397100834457661e-16 -1.7409692202718371385878542e-16 7.7787415996649352434424471e-16 -1.2392583629588358223647121e-14 3.8224673760685154951366009e-16 -6.4175682268843435600582112e-15 -2.6553574460802303880413433e-01 2.9773093254690796705119737e-01 5.5947223787407753445308835e-16 -1.2648497691827598978742056e-15 
-8.5812148594953191111989118e-16 -1.3241776342832804094852372e-15 -8.6860793147406842318325459e-03 9.7392361537983716812671986e-03 6.0874486815951189395229656e-16 5.4838125037246138678550650e-16 6.6941686194639764320402836e-16 2.0519074679232857119061457e-15 2.1224526229770871272832053e-17 -8.0917079374271797294576850e-16 
7.2664863776706768022650706e-03 1.7507683735872629771090914e-02 2.5208695984620395347253208e-02 1.6107185432552986042997745e-02 1.3271442601695553252621167e-16 1.1394831708510702794611501e-16 4.0386297202550960856874769e-16 5.2652111451007361662589736e-16 -1.4061335949167159872032169e-14 -1.6143149223516709347547986e-14 
-6.3299484419067696221645215e-15 -7.2837432668054648761743551e-15 1.9384420753405798287793971e-01 3.4867945604135086590247283e-01 -7.5278820832297211689141514e-16 -2.1961939207028703145072355e-15 5.6340626395150475657792019e-16 -1.7520414461946924723086685e-15 6.3409427124398575620345397e-03 1.1405837989335155732706362e-02 
1.1494652588836819324849641e-15 9.2321093104717685752831947e-17 1.7998301673465257998621949e-15 1.1796754301377957637690425e-15 -1.8665650457752369140582202e-16 -1.0122904392734402199658076e-15 1.8923547826135141830539155e-02 -1.1046047909546545529035910e-03 2.3501544627122870206870076e-02 -1.8509380755253029143814203e-02 
2.6597241147406324007154627e-16 7.0731716916894897995727561e-16 5.7929135063897747672067471e-16 0.0000000000000000000000000e+00 
8 (band)
-1.8015625338771115715452709e-01 (Ry)
0.0000000000000000000000000e+00 (Occupations)
-2.4575602337699331335500414e-15 1.0774206953486334637797036e-15 -8.9241103623631469374189795e-16 7.4804174317791610374337664e-16 2.8336822576449799404585406e-01 3.9248340603806886051074798e-01 5.9572176198096011535396583e-15 3.9361065748689849964891060e-15 1.9917715123848986304350830e-16 -4.6253490944223150641562248e-15 
-1.7328218399512169273224416e-03 -2.4000785180918471350963728e-03 -2.8214213143589915092169764e-15 -2.1502430768614780835472135e-15 9.8604615928737837951381773e-16 1.6012405844543076931117787e-15 -1.0046527559371702682114821e-15 1.2125340966517570526348694e-16 -3.1781232786964166980858693e-02 -7.9322597981451910958972107e-03 
-2.1148778565025082298856063e-02 3.3122122229876885257660035e-02 5.5427044274126201540538778e-16 -3.9813942680589795556271534e-16 2.3819028328723316914221047e-16 9.5386589603462756806954568e-16 -3.7225788986616888328173285e-15 -6.4770055926790709443848772e-15 -3.5545279917744307491623033e-15 -3.8313714881422076227864136e-15 
-4.6384241254571956236674168e-01 1.3853155493223875960318026e-01 -4.1940248733296518877502106e-15 2.0472900806580829214306123e-15 -8.4976362426251638789181854e-16 6.2914571324657161082992309e-15 2.8364447469438058835322636e-03 -8.4713022586880106813700397e-04 1.8717214435179000705536402e-15 -2.6900487628123272145072117e-15 
9.0330649570315759651562034e-17 -3.6163128121465907808184084e-15 1.3970733698681683509225694e-15 -4.5204413051689173155602357e-16 1.7942826166597782705514064e-02 -2.7404789583570249994481927e-02 -2.4324621682599092964416343e-02 -3.0865168002162535892951567e-02 6.4379181821227555025094297e-16 1.4652443642886037806411282e-15 
-9.6034315147870474506662753e-16 8.5595243525660756835656360e-16 1.2701521132803505503616318e-14 3.6153490725255334908340172e-16 6.2763425234497953160632317e-15 5.3924190985766623441131622e-16 -4.6385479431970055852474388e-01 1.3853489425676704382972559e-01 -1.8059756386625827817778908e-15 1.7876177150844649770065730e-15 
2.8194599460014221142483333e-15 3.1482065926095831876549733e-15 2.8646694465298688792032067e-03 -8.5556711974484750404812416e-04 -3.6421488265226076910789340e-16 -1.0493698608306101418750175e-15 -1.2362353489951677111893174e-15 -2.7462853360600175958673863e-15 2.1362714719375260347963526e-15 -6.6735819509610947886530787e-16 
-3.0036702291457648139605396e-02 -1.3078790598774958295336113e-02 3.4138922441635222680689221e-03 -3.9155769677533154571325014e-02 -1.3266991154089330726653020e-16 -6.9345409006116019908001502e-16 1.4978069439072580746101807e-16 -2.6353453590992407181881710e-17 -7.9842782782060805613012752e-15 2.0749856917799220522207347e-14 
-3.9195540933110989062361937e-15 9.1194794071082715323561314e-15 2.1717290099925071894526596e-02 -4.8361301311153831461453478e-01 -1.5349940762500934568850883e-15 1.9737184555371459755312385e-15 2.3400949900833924749988946e-15 1.6812686467268104578677815e-15 -1.3411686328624038708548505e-04 2.9866936236022890646668593e-03 
2.2408998082341832031260312e-15 -1.4595039970833601753224577e-15 -5.1467335241039735934576389e-16 -1.8064361091450105951654194e-15 -1.3646654967346671357525849e-16 1.5979436422132788632074180e-15 2.2229370349856555216794263e-02 -2.4064773880532387695385665e-02 3.5855068350328200832421999e-02 1.6101025833409571969001561e-02 
6.2808332163046898089601087e-17 -4.5923875173140007155619182e-16 5.1846390347938174455268369e-17 0.0000000000000000000000000e+00 
9 (band)
-4.0317276291075759830917491e-02 (Ry)
0.0000000000000000000000000e+00 (Occupations)
1.3370064509240352332956543e-15 -9.1291016130082615845884794e-16 2.5412570426895947716962954e-15 -1.2929845831831931073401737e-15 4.6912828401661155197643893e-01 -2.3848471418417543921108859e-01 -8.1268034644567257012505712e-16 2.5417640630045023519530175e-15 5.7463665721706661097725406e-15 1.0150835839385798272556881e-15 
-8.4256768320534781990804873e-03 4.2832586790899490614137335e-03 4.8985496331335992339119499e-16 -8.6898435742310082935733906e-16 -3.7999131640286858956516009e-15 9.4940018519121058590825486e-16 -3.5728475772215061751335814e-16 -8.8887619691098483097340878e-16 2.0046018692097718194577993e-02 -3.6368845916983888466589292e-02 
-3.5994711976425564081694120e-02 -2.6978951326909896002437250e-02 6.1437894831070281537741894e-16 7.1726317620804370666366096e-16 -8.0586818624110238749459784e-16 2.7108962295621616090485490e-16 9.4971458219061451894863183e-15 8.2691016356108115539006844e-16 6.4057358604146471736230756e-15 2.0803154062915687176716552e-15 
7.0938683182991943421136227e-02 5.2146333427397584259210817e-01 -3.0038606191162384877343840e-15 -2.5513871892013039151499873e-15 -3.1386969646020426056591278e-15 -3.2293511761972641466298552e-15 -1.2740841996733928177809592e-03 -9.3656310221135324889374374e-03 2.0939154027679010610980295e-15 1.1823438992679353912716964e-15 
2.3596518110637099682044230e-15 1.6143526998398417115181155e-15 -9.0781951237923216659437458e-17 -8.0355047690606536657919641e-16 2.7753411754966199331828847e-02 3.0891486767336585883558797e-02 3.7315744350141955010258243e-02 -2.5120078195749157012883757e-02 -6.0844213458551758329792987e-16 6.0087336342658263396068287e-16 
-9.7757342947916247684566327e-16 -4.4770438821656452135145585e-16 3.2834497863192852355561316e-15 8.3837000040220981757545244e-15 1.1450678064740244057434207e-16 3.7408387620383318623004820e-15 -7.0937746253043498789736532e-02 -5.2145924770112572765867753e-01 4.3793210213032283377975234e-16 -2.1209952288821466978636421e-16 
-3.0788555071123183709430082e-15 -1.2151728134889251707547471e-15 1.2718648348770626027581798e-03 9.3494430874943995624093418e-03 1.5985848486204402946345460e-16 -2.8043488080496319529615175e-16 5.2114761379907566170930849e-16 9.9177478530759704947855964e-17 3.9586284409617136221696111e-16 1.9767545384687196099456683e-15 
-1.8490877256000910755506794e-02 3.7177093986007506143387502e-02 -4.2665114180570916369017453e-02 -1.4236603365378151797582262e-02 2.1148295811517648458701547e-16 1.9086436309767037000824142e-16 7.5359952142415755749822747e-16 -5.5447807144809415671033898e-16 -1.1011557307110153906961114e-14 -8.1306512478964584814728666e-15 
-4.3038336120179800574288704e-15 -3.8227698264497532131091303e-15 5.1578285032810922139390186e-01 1.0449862278471508392208023e-01 -2.0329072668712343063488311e-15 -4.1393032192373074281352389e-15 -1.9931401697526300322488861e-15 2.0571612489868331576236580e-16 -9.2476670504151002594195319e-03 -1.8736008991019385220427873e-03 
1.7737913202748371030579143e-15 1.1534766699056525985843596e-15 2.2127917084295423145370327e-15 -9.9848672587982285666890015e-16 -1.0314714910942123002400314e-15 -3.5023271833901636326991276e-16 -2.9028136281705991389445742e-02 -2.9688653774659724132733984e-02 2.7475844837203902693012481e-02 -3.5609981661130427066375148e-02 
1.1708022734954270899640321e-15 6.5110173206237640827680515e-16 5.2870795584458568447097712e-16 0.0000000000000000000000000e+00 
10 (band)
2.7721428073896053900782022e-01 (Ry)
0.0000000000000000000000000e+00 (Occupations)
3.2552905284195242687542808e-16 -4.5539087422222283753046907e-15 -6.8332380912550640217015494e-16 -1.9383313745262683506713819e-15 4.2768946436594301729883227e-01 4.3910579120143478082383126e-01 -6.7060742384679169008889418e-16 -2.5466466565244641210739310e-15 2.4558732048038264868220251e-15 6.3986434662472698954330122e-15 
-4.8306811552744355342525751e-03 -4.9596500423452899442011699e-03 -4.5015162317195658209028172e-16 1.8956378836360363812893476e-15 -2.9474479537483528328494704e-15 -1.6818702748897308562523625e-15 2.1032944509217534912970429e-16 -1.5146730505123800093009650e-15 -3.5409638025395429039576811e-03 4.7652111762414579854141294e-02 
-5.7111469347532688167756731e-02 3.0069231869778112464786091e-02 1.9575675286084079750021990e-16 -7.7939223742019618901486909e-18 -3.6645002924743997213933192e-16 -1.1136571211457730953374366e-15 -1.3509705552174175981481490e-15 3.7205298296273797399169077e-15 1.9001595651049040798054857e-15 2.5576277951184688738906282e-15 
5.5533393318706991692579322e-01 -2.5949257493665173202046503e-01 -2.4751815440279606995893133e-16 -1.6766568680477689250414277e-16 -1.5176460044822248817719637e-15 -2.2677456420986751154908635e-15 -6.2724262170831268647930301e-03 2.9309176579644206916963611e-03 1.3049282630850855145100381e-15 2.8848549484302545841219658e-16 
2.3909340978556023574858529e-15 1.6756574075113635119725926e-15 -2.3146173120178492213739798e-15 1.2203755919822823489695811e-15 4.3837023451999773682175032e-02 1.9015192739946860933653028e-02 9.6146146465352216869959534e-03 6.3823489574538067037323685e-02 -5.8252301497233987104554503e-16 -6.0319712019298855479090159e-16 
-6.8387866392440198571764862e-16 -5.6729361803930400228737343e-16 2.0694120284632313756596322e-15 3.4984619128052060492705611e-15 1.7881060994863979988662609e-15 4.2417177631659822458922776e-17 -5.5533391775444174154330312e-01 2.5949261226151892900659846e-01 5.5792621655680187704397496e-17 -7.2593143483466647126585280e-16 
-5.8007670523729089130830970e-16 -2.9900203751169734304737482e-15 6.2604276497566085923907053e-03 -2.9253477218047201774409061e-03 5.3179280637149059139922509e-16 1.2814327131002984014923531e-15 -4.8272223420573961263306518e-16 8.0427742990603068663813195e-16 3.3681835875299123044528433e-16 -4.7987612778917138804819084e-16 
1.3535815972752295033298964e-02 -4.5821342040692124297773802e-02 -4.2784093084547725194255463e-02 -4.8319729423180309002550104e-02 7.0467019092377163634277459e-16 -2.4097657251209496219292419e-16 4.5477322712812002657185260e-16 2.0712238558832123725623453e-16 -2.2675622245915776244849577e-15 -1.2557126599076192218719029e-14 
-4.9522350314799317435690308e-17 -5.1781608957301605331262991e-15 6.2427888035090500773449662e-02 6.0978269475467250515521300e-01 -3.3792897680746340661601811e-15 1.3339847020889077951262680e-15 1.3767834884668348505784410e-15 1.5572954592858060725673675e-15 -7.0378341618645566708789563e-04 -6.8742492356903984324079104e-03 
8.3834551307038067532528320e-16 -2.4179923120162571309514625e-16 -2.3715062009039119763142776e-15 1.2696033671890520805719206e-15 -5.1643826109311270768200697e-16 -1.3837036921988258314086575e-15 -3.8821114271276532803334192e-02 -2.7852015855135248134644144e-02 -5.9702271905314838185141468e-02 2.4513539155752876730343104e-02 
-4.2953208625450826042326117e-16 6.8649652592742604607138399e-16 4.7047765006426695377121818e-16 0.0000000000000000000000000e+00 
11 (band)
7.0819686762372568988865851e-01 (Ry)
0.0000000000000000000000000e+00 (Occupations)
7.0745447434247224482994909e-02 3.8295282672980568428044990e-01 1.4850313098509714676564997e-02 8.0385478775389707095655467e-02 -2.0181801468646864940296199e-15 -7.9637759274947546164645208e-17 1.3489111087942562416941428e-01 -3.1672044399771570599710913e-01 3.5360245148969832174046246e-01 1.0338854380083677131363373e-01 
-6.2108535881788586719292268e-16 -5.1185392852505148835096295e-17 -2.0606426515694595269501121e-02 -6.2078516070073558319464269e-02 -8.4780067569988626363652884e-03 3.9659743074218711811340654e-02 -1.6136212622033352381833993e-02 -8.7346317610617896232128032e-02 -1.4272515720100546459212944e-15 2.3245386767477692031620686e-17 
4.5778508096457926573563272e-16 -1.5779632333849070048645582e-16 -1.2953313373818409193205525e-01 4.8435614063500262438388688e-02 -8.4695596317657093066166851e-02 -2.6920608468471482477291090e-02 3.8491741856023292678301573e-01 5.9130083053554605143631306e-02 8.0797919339782198200339280e-02 1.2411818055085344081334142e-02 
-2.8819011787916693438962864e-15 4.2523741842197622791291955e-15 -2.5474211601693425022219230e-01 -2.3154676799217083216220203e-01 2.1392575016155190859024060e-01 -2.9993275597471258375747993e-01 1.2230976191781756837435507e-15 -1.6085877619089179446170785e-15 -6.5402250065646261312224397e-02 -9.5533112554636520630246821e-04 
3.4665590559788087010595348e-02 2.1049195956744606861299474e-02 -8.7794460517362185592027402e-02 -1.3486632655457318763492225e-02 3.1973602177739578959123918e-16 -3.0600896478968633558286815e-16 -7.2795685199511844458854038e-16 2.5408669008604111558294101e-16 3.1423220918507070720249175e-03 1.3825688864434515501500300e-01 
-5.3276743250994469669468145e-02 7.1131229600537068669119378e-02 3.8303474330261594316127116e-01 5.8838503244061354791050178e-02 8.0040888313064689763010051e-02 1.2295363875312159684938251e-02 1.4162787346755963765034944e-15 -8.3026475431780988944291031e-16 3.1198720392475276508292836e-01 -1.4495076466995049369046455e-01 
-1.1358524024028104904004977e-01 -3.5104196501012030484645265e-01 -1.1799507131748421488827423e-15 1.5576997288570155870800570e-15 6.3435857446649840385433095e-02 1.8999104930720697725909929e-02 -3.9882354264644703789599589e-02 9.8795370144245941990135407e-03 -8.7690160333693548122546702e-02 -1.3470351112371476906548473e-02 
2.6006156267887109839060060e-16 -8.5132757925803550766141821e-16 -6.9712486631743201477749725e-16 -2.5375620529471983300407190e-15 4.4345851066914673821450776e-02 -1.3101636405133529339472886e-01 -2.9193068458129588921279307e-02 -8.3831073527555075020067932e-02 1.8153304367283681908240567e-01 -3.4237893932859753132191827e-01 
3.7934229635146393677658239e-02 -7.1545188494812339552453295e-02 -1.5391752945467869409181638e-15 2.0568869323292547461328100e-17 -3.4285891487295168389426436e-02 -3.4230281511567745011959119e-01 -3.6887013379565430915008051e-01 -8.1787769364245754832865032e-03 1.7093086533885194856248263e-15 -2.0847737911947403530433477e-15 
3.8804243463472221087329217e-02 -5.3659152876162886924849005e-02 -3.7859747979564900566273877e-03 4.0913003166962641499182496e-02 -4.1559450255290092401949664e-02 7.8382566128689712403598833e-02 -5.7619325038015533169731241e-16 3.2299992815926558920315478e-15 -2.3385111184950565297981062e-15 2.3596879133359975846817103e-15 
-1.0914488700355219619186897e-01 -8.4966086158307349562868183e-02 -8.8768711462893779007288231e-02 0.0000000000000000000000000e+00 
12 (band)
7.9780943961757766480502596e-01 (Ry)
0.0000000000000000000000000e+00 (Occupations)
6.4331788666191547232386938e-01 -3.3577319842081232437180915e-01 4.0949195388079069612974337e-02 -2.1371484789912281038182229e-02 -3.0114839332611827930305579e-16 2.1204457833175434366277498e-15 3.6995167267511153141867908e-01 -9.1358645211743499947587566e-02 -1.1759343099105118435332429e-01 2.3733343720080679606354579e-01 
-6.0699779313390377992423896e-16 -1.1959620631595433663758255e-15 3.8204187352214327710875352e-02 4.9132752368361010120167975e-04 -2.7476348663680177919488301e-03 3.6772025721484802307514883e-02 -7.9090742062076710428009108e-02 4.1280073992268739857536275e-02 -2.4485108617264294526188841e-16 4.4252663165309656242142885e-16 
2.3162382086989216231230034e-16 1.5128640278816457376904017e-16 3.4679307419456406602620291e-02 -5.6077849111303673668160741e-02 -9.6267589677224402189281705e-02 2.8382747934352789420664465e-02 -1.0553047831096781794535389e-01 -7.1795881652379422988019542e-01 -6.7159006672392745906918776e-03 -4.5699821042126109738035211e-02 
-2.4135752386914901218097310e-15 1.8764924685632722825885407e-15 3.5387820220803785364882543e-02 -3.7941842911233047974661758e-01 1.8545953266723044783326202e-01 1.8910350913890641710857210e-01 4.5810332870730811113526359e-16 -1.1435657546973570021844320e-15 1.3028081082470617524382561e-02 -3.5917550546867363370218129e-02 
3.3823026714964225802884101e-02 1.4687894228198477425406665e-02 1.2973619326748096064472193e-02 8.8267067416449837558012348e-02 2.4648799100099561609304489e-16 5.2201508140823509285440776e-16 7.5812986748362559374597166e-16 -6.0447700245180894129021234e-16 -4.1553728061955418071615753e-02 -5.1192452648760863875843086e-02 
-4.8552029160428087500855909e-03 1.0024697605020529977970511e-01 1.0538257764601008381610825e-01 7.1694566165629769471934196e-01 5.4311332830487765721549920e-03 3.6940085015204154883505794e-02 1.8524611058633922158936201e-16 -1.2396420366870484579084810e-15 -1.4447629776959075575959446e-01 -3.5279713494626691039357524e-01 
-1.2568943127064458042951856e-01 2.3473242179910730476066760e-01 4.4812854858957124270821619e-16 2.8470819223797543833002449e-16 -2.2644240152900282220249650e-02 -2.8934600469844508341399347e-02 -2.8452284763833841224611731e-02 2.2835809297400005979383764e-02 -1.2656026835513293007928759e-02 -8.6099061328302223250474867e-02 
-1.0631199152416324068518379e-16 9.8913416525352648550337650e-16 1.8909919779926992758317310e-15 1.1724798195227057302093891e-15 -2.4326199365714614580857855e-02 6.1279558669331719855666307e-02 -3.3205616245066113534356589e-02 -9.5353541233944558164203897e-02 7.1172335657357332916461701e-01 1.3625869934341031108893105e-01 
3.6671461995025980695750434e-02 7.0193279460773437550269449e-03 -1.4059654768890081704569025e-15 2.9712679962577478238307824e-16 -3.8068671330757586357407263e-01 2.0416790996770788069181179e-02 1.8034069072055680660326971e-01 1.9589379328405900904108705e-01 1.6717789832184564072507714e-16 -1.1899355832541350227060030e-16 
-3.4772088290754898931567141e-02 1.1869060297775874124326378e-02 1.2208591219943089323241026e-02 3.4379601437108359140992775e-02 -8.5472064127624772233993156e-02 -1.6363056885535510326379338e-02 -3.5472564997156817281627916e-15 4.7307927739377546120352548e-16 -7.3619794471140676200162145e-16 -9.2759457241512459813934991e-16 
4.9870891580827046707380390e-02 4.3125890822365224586132371e-02 -1.0096985082720950910317725e-01 0.0000000000000000000000000e+00 
13 (band)
8.0952432324109802053158091e-01 (Ry)
0.0000000000000000000000000e+00 (Occupations)
-1.4561163177346680974721949e-02 3.4679718846370000129297750e-02 1.5786608015724246101285644e-01 -3.7591955836689244785375763e-01 6.5318992368836776052717254e-16 1.2206527329647579209287940e-15 -2.8219791485611239734154765e-02 -5.9635228083099935114663737e-02 -8.8177352181928431162916127e-02 -9.4010197008434492893513834e-03 
-2.2288576247233892038453004e-15 2.9314887163474360243853361e-15 -1.5591893791290542536920327e-02 -3.2327053190366335233552064e-02 -4.8205482639172951564443537e-02 -5.3384638695566644095436004e-03 -4.8212167935131063079001734e-02 1.1480488956525591870416747e-01 6.3133195349414459008522295e-16 1.3145472573132472711520547e-16 
-2.9115505949069920570360690e-16 2.2810016053953241285789681e-17 -2.7607325589944976818035371e-02 5.3211773424974573298840141e-03 -1.9284252733356120612651097e-03 -3.0191717061664631593931318e-02 2.7962026103074088395628038e-02 2.5156221269356460190635971e-02 -3.0309265966868570441050679e-01 -2.7271240030832072376298925e-01 
9.9243714246286588351127806e-16 5.0667211210017356288894343e-16 -6.5598648431607092801343128e-02 7.0380667773636100548184658e-03 -3.7876690976690892409539657e-02 8.0180925973022371122667096e-02 3.2164620376399011637848622e-15 2.8475532348912481321515324e-15 -3.5656558979055889835318993e-02 4.0933264888890347199534858e-03 
-2.0894694553392205438324680e-02 4.3768476012787403683912402e-02 9.2563650908196432043339996e-02 8.3285931198736812275384978e-02 -4.6934894872725123968613482e-16 -1.1260649619192991193273213e-16 -1.5725562389061131519793792e-16 3.7134085512635774706629524e-16 -4.0539344427828818973047476e-03 2.7821663682696361197255186e-02 
-2.9146538924604774301041488e-02 -8.1078894838895552293900337e-03 1.7455337123183561898187577e-02 1.5708743368369137982654138e-02 -3.0363539995055882636521005e-01 -2.7320044979610313973239499e-01 6.7043009695351336577044411e-16 1.3803261890468718115256737e-15 6.6043324518613149426427000e-03 6.9671767439373477603936635e-02 
-7.6948055169318102519682157e-02 4.0992459901601933924819576e-02 1.5668158786087828931486218e-15 1.0286979102224685505840621e-15 2.7273325621726685064061257e-04 3.5868520844852688767012694e-02 -4.1034267820688620498348342e-02 2.4691582234513100024830834e-02 9.3874834169120929816543253e-02 8.4464944101568670276058981e-02 
1.2862549881698760635445131e-15 3.7391682802400751132097051e-18 -3.7732152442568506006978754e-16 -9.3328123476859675084022286e-16 2.6852637730378887959137302e-02 -8.1876725278524319084905159e-03 -9.4447007100847239768892649e-03 -2.7121486074972840640828764e-02 2.0575444228407284430470980e-02 -1.1318326161528745321671607e-02 
-3.5785960490105672704430617e-01 1.9689958113721534038731420e-01 1.8810268237910374308243351e-15 5.1529726684560310877061947e-16 6.7968315512986973714326666e-02 1.6675745008471975355801575e-02 1.3406661628796730234558510e-02 8.6148977864472231491532739e-02 1.9729319239808697505417557e-15 -8.2190566664472851321564850e-16 
3.3963076394872351859710591e-02 1.1538397324694610324158361e-02 9.8233447554159566972309392e-03 4.6872030750119524078467492e-02 1.1063899923769088262659466e-01 -6.0875472236723765506738459e-02 9.1676884955720874044846199e-16 3.4706226178629130945894918e-16 -8.2280946761863102313806253e-16 -1.7510682676837347667304164e-15 
1.0986924585839146200488825e-03 -2.8051648960156140566457594e-02 -2.8718937626905666204990553e-02 0.0000000000000000000000000e+00 
14 (band)
9.2768495051326727018903284e-01 (Ry)
0.0000000000000000000000000e+00 (Occupations)
-3.1803802624128618692367354e-01 6.1020384848494391150097726e-01 -6.7523299454852470091736905e-02 1.2955255966051365534852380e-01 -1.8426109603817510939692747e-15 2.1847723906829576737216920e-16 3.8331943205024143761505684e-03 3.7121797817638368943704563e-01 3.5585113087972214396259574e-01 -2.8012890422516145694231682e-02 
1.1008156871160231333234315e-15 7.4430865056289002833526273e-16 5.7576819092416686718394203e-03 7.2153713741293201699988913e-02 7.5364422587825857791088424e-02 -7.0367193685827444937785913e-04 5.9272122259765677720899646e-02 -1.1372213971989766911896425e-01 -6.5564750793431375070650115e-16 -1.4645167994750708179161808e-15 
2.4587422267536194383163232e-15 -1.3616066043672787987567691e-15 -6.4712889759099112563234257e-02 1.0710322909583114975307083e-02 4.8668339479347594300762125e-03 -7.4651839736939284986050325e-02 -4.7166999640733164866901461e-01 -5.0102329020757219169013297e-01 -1.0014021499899686262757825e-01 -1.0637292429848894947941318e-01 
-8.9031859587898106128073066e-16 8.1614491962668872121310548e-16 -3.5183009658216551907017333e-01 -1.1846123348611539705110829e-01 -9.0572856307665192132638765e-02 3.4526990468109952647779437e-01 2.2747451745667183609198972e-15 2.3522785230438228645433997e-16 -7.0033771828114196877912434e-02 -1.8291531132055768860134037e-02 
-2.4120313776668789174095764e-02 7.1403794083404817372162654e-02 8.7903877449464637439113801e-02 9.3374610408822347751289783e-02 1.5162447431936947923492330e-15 -2.1946359276254446065302874e-16 9.8296016714373786385435021e-16 1.1547355269190237844752261e-15 1.1167335170089925239222950e-02 -6.4635591921173435325798096e-02 
6.8898894087185275081353097e-02 2.9146623172324151451739738e-02 4.6641745277473678488178166e-01 4.9543041025131107080170523e-01 9.7851441171593014911600505e-02 1.0393745113959412806892146e-01 2.3823531796403732697771056e-17 -3.8545047634631576987922476e-16 -9.7878959717615038327309662e-02 -3.6204024161539349879745942e-01 
3.5382915573001966214050640e-01 -7.0498272471149314721827750e-02 1.7904807667585962931830958e-15 1.4017245719964395077555520e-15 -1.4055055057602655610438092e-02 -7.0842601534473206847941640e-02 7.2524062397954627834373298e-02 -1.9665749196536103093890802e-02 -8.7283376941837159668224899e-02 -9.2712506270706568356487765e-02 
1.8439280782987144866944553e-15 9.5648397847937395686987166e-16 7.7414202618321476256214429e-16 -1.1280526997325731613137678e-15 6.5721644776711343749475702e-02 -7.7207211047324100783306733e-03 -2.4668057685368116604962552e-02 -7.0837012579547706248028760e-02 -6.2126191615985582039627388e-01 2.7754308347356598796196181e-01 
-1.3033614816449679008059093e-01 5.8227027834135969275308753e-02 -3.4359932985189225689889179e-15 2.6258878324262016218095844e-16 3.7409137453028051822911948e-01 2.6628383472442396229240558e-02 -4.9785705230824664480060449e-02 3.5733242425043920675875597e-01 5.2780750230324831593489550e-15 -2.6817235162417383361854707e-15 
7.1524317723741417940352960e-02 1.0024506920467846776690024e-02 -5.2788763501665867533541032e-03 7.4957419797145666273685549e-02 1.1626009162852359024586946e-01 -5.1938307672586322971675088e-02 -2.5942070138215271509964680e-15 -4.0130545901564981334091467e-15 -2.1436351919538021148044368e-15 -2.6082895049195272320007453e-16 
-1.4322390351042062553443834e-02 6.4605056003117666829638210e-02 7.5009302230876165329398475e-02 0.0000000000000000000000000e+00 
15 (band)
9.4930924793636306535660196e-01 (Ry)
0.0000000000000000000000000e+00 (Occupations)
3.6682075744058512123402238e-01 4.3450257910153367024719273e-01 1.2424551955473339681645939e-01 1.4716887709743714518495494e-01 -2.3915881894237507235047523e-15 1.1366364160173920566542491e-15 -3.4099703878164977499665156e-01 -1.4143844927608334449686822e-01 -1.0140000912035178337600172e-01 3.3383810390094226239199315e-01 
1.2218830927215913068231976e-15 -1.2240102793263856511593388e-15 -7.8940391727482073225274917e-02 -7.7169966250132948637485697e-02 2.7063021396889326564139111e-02 6.0304210609513957119798278e-02 -8.4854464686563102482352861e-02 -1.0051055585546002368868557e-01 -1.7317850864445886951813340e-15 -9.0994106286107145441018501e-16 
5.3651309281365794954224269e-16 -6.6529362482900192228497718e-16 8.3230092832885585463209566e-02 -6.9144690189739330121732053e-02 4.6635548988427928673861089e-02 -4.1322589160674050301480520e-02 -5.3096908092552674851560823e-01 2.0352344935233351863601570e-01 -1.7984301734031810093838999e-01 6.8935597694336034346740405e-02 
-2.7656221164312971725811824e-17 -9.2219298451144972209258083e-16 2.4571368197875659289408645e-01 -2.7551515725983544147226212e-01 -2.8192173586944613283833405e-01 -2.0554799028484679879191788e-01 1.4986136816924949953500996e-15 1.4144095629847415383771987e-15 9.8838354528923061392831073e-02 -4.9170812593953221181219959e-02 
-6.5849996621764883553140635e-02 5.7256343996334880391829714e-03 1.2282559716264211668868001e-01 -4.7079981916529831109663462e-02 9.2195888377108497069488763e-16 -1.0101497125522692417627766e-15 1.4401972636516863483357212e-15 4.3750805609585198256306403e-16 3.7927010024201762705686747e-02 1.0133991535929534610893654e-01 
2.3687200156730203737254215e-02 5.7631131805036955872978410e-02 -5.3550348500894962011642519e-01 2.0527353560750485894637052e-01 -1.8041934773227669142059426e-01 6.9159058995699282390567930e-02 1.5636433640804596399525430e-15 3.3121892865888753347949574e-16 -3.6313902418048327191968383e-01 -4.1319051593471156635928310e-02 
7.0737696585210549371502964e-02 -3.3932296702925179854304361e-01 7.4069611247833974879050565e-16 6.8828602826533580444837045e-16 -1.0652380247552502290364629e-01 3.0255093473958882821506222e-02 5.3433104255265928550500121e-02 -3.8774627199867114923925726e-02 1.2375310075621351324492991e-01 -4.7437814908220916898518027e-02 
1.2695454293089721698518016e-15 -2.3045105543214582830981801e-16 -8.7671984758526383682170338e-16 -3.3396721794941568420185012e-15 -3.9586438313118942067259098e-02 -1.0018802441926853707965250e-01 -2.0404118624185160757456003e-02 -5.8592647467047266618411783e-02 -1.7746241140388512719239245e-02 -5.7322445673827937540067978e-01 
-5.9782752447503448994803321e-03 -1.9312787655437185785345378e-01 -2.5070016206457154049931136e-15 1.6165541918782295407745991e-15 1.5844504908487636041236613e-01 -3.2935145563336576390867094e-01 2.9718532290132659845482976e-01 1.7839501541174640486531189e-01 1.5828310114560454793970558e-15 -6.6733122982738847188368485e-15 
6.4599303407666536225306686e-03 -1.1054845306449651021196701e-01 1.9045475883112158999033170e-02 6.3212642669242119497496901e-02 4.1008842110747522474722970e-03 1.3247021921447638126423385e-01 -4.9546767228974696157785621e-15 1.3225144587235822348167393e-16 7.7950370616501894187364857e-16 8.9745978238050239632272208e-16 
1.0763386206585241755551152e-01 -4.4359973111567476203309646e-03 6.2043745809126436829838980e-02 0.0000000000000000000000000e+00 
16 (band)
1.0756099097309146372936084e+00 (Ry)
0.0000000000000000000000000e+00 (Occupations)
2.0753806755475752628854933e-15 -1.4472780200754991980273075e-14 5.6841654172012408851649678e-15 -7.6784246472832669651345612e-15 3.3255630640010580556520381e-02 1.0591645103011068651532867e-02 2.6794405359041023529232748e-15 8.4296533572000796271950259e-16 1.3070607509453490631345195e-15 -8.0012626493665120454462414e-15 
5.9637944892210387193287602e-02 1.8994284793504984110157352e-02 -3.4069855981655313506914235e-15 -4.6819598496472301639611247e-15 -4.2816774742186272089936824e-15 -1.4499681524554172390845077e-15 -1.0109927100230566205497854e-15 4.3793775019528482799607197e-15 -1.7057400552131396498367621e-01 -1.7409829451944300315879843e-01 
1.7854730493821605041837586e-01 -1.5028718522537864998867008e-01 -2.1051408581575392003730749e-15 1.0452402366764195089428178e-15 -4.8023740193633656244057961e-17 -1.4882831057267276862586065e-15 3.9365041564896068462201592e-15 7.6717900540140366340409700e-15 3.1652593765852244671363910e-15 3.8634995916463288863002164e-15 
-2.0939167085666163248269811e-02 2.7922592949288928265705323e-02 -4.1085222519046647596837102e-16 3.2956887590340508078537146e-15 -4.6006736328522906945277022e-15 2.1280172574128106711470956e-16 -3.7550684674101234006293737e-02 5.0074079185640205102991729e-02 2.5355202353896876112346979e-15 -4.8530746902767447654892762e-15 
2.8672684556771456081276880e-15 1.8836276711590660580831481e-15 -3.2923619851452124856958301e-15 -2.3041913422910854055644516e-15 2.2051041663958659277966490e-01 -1.0383093791159732355300349e-01 8.3209413058661640949509319e-02 2.1804029839022540104842562e-01 2.6641661119666755672091717e-15 -8.6971769529358294859171248e-16 
2.0434373449995846787393408e-15 -1.5832565012983051609748960e-15 8.2057235870424568227884872e-15 -1.3823790204489661532297098e-15 3.8482474902055651442907010e-15 5.0142159269331363863361193e-15 -2.0951502740619475789740633e-02 2.7939007187554681932439848e-02 4.7951874911219654917820068e-15 6.3778348307250275223620764e-15 
-1.2224351165994128153057029e-15 5.6394190393000364358060807e-15 -3.7531421580041031405006180e-02 5.0048608002441957731676325e-02 3.5109928559129212748653243e-15 -3.1601116499158228099106745e-16 1.3921188487066884189913159e-15 -3.4518740250386943036380868e-16 9.8045050524007847114332342e-16 1.1493446035735661459182360e-15 
-3.7911132641102088247642143e-02 2.4077068365776327363292353e-01 2.3261710778951269484871034e-01 1.8793499939625642886076307e-02 -9.2078833916598353556335178e-16 1.8162954196694787060627207e-15 1.4161245917470343223762220e-17 6.2399316998439764259680888e-16 -5.0622425376457435632515457e-15 5.9544471576767684162810207e-16 
-5.2257796162747459322181865e-15 1.5687502706110481584126172e-15 -1.9494687750906250500726458e-02 -2.8974311712464305423875288e-02 -6.2574513485679150262869015e-15 1.3105295977672265246100706e-15 3.2651034090716396167230421e-15 -1.1142489237612630680817106e-15 -3.4921890008327682863864538e-02 -5.1903105562639176295824939e-02 
-1.7017857487494459885770535e-15 -1.7962515362770964546050344e-15 -1.2813907599031183780324843e-15 3.2244738853978708762445226e-15 -5.6558043357360866326040424e-16 3.7461665278288771215401410e-16 -2.1491043724849473450788651e-01 -1.1498382516171853917619217e-01 -9.4248145429114429938444175e-02 2.1349754462173162194993381e-01 
-4.2629558475657828255697510e-16 -2.2205263348209322060796174e-15 0.0000000000000000000000000e+00 0.0000000000000000000000000e+00 
17 (band)
1.1416156650773978675772469e+00 (Ry)
0.0000000000000000000000000e+00 (Occupations)
1.1120842430873290052062430e-01 -2.1956259902048524956796882e-02 2.6464881634964271261978297e-01 -5.2250033674637832992182496e-02 -6.1962587386364646350992005e-15 -6.3943155423193474533088125e-15 7.0469538005951834480633522e-02 5.7484923373106899813222981e-02 -9.4342359538412690067588073e-03 1.2534995496416823090868320e-01 
-2.8036672347398028329094925e-14 -1.6791190881100167944376477e-14 1.2895077846502361884617471e-01 1.0092584083718442178323471e-01 -1.9133609198330233519547150e-02 2.2236827288607755037652680e-01 -9.3130598543766082708650345e-02 1.8386972852965404595648735e-02 8.3734856128342812997063835e-15 3.9802212425567230339233971e-15 
-8.3635960247073101096791533e-16 -6.3517499015706078011620842e-15 -4.4104738364945397788297043e-02 1.1106896332536894678177930e-01 1.2159700884725808955888482e-01 3.4921540272168566376720378e-02 -1.5837768539804196465947683e-02 1.1224328966044916366939788e-01 -3.7690471598893826588039246e-02 2.6711138194566297343612860e-01 
-4.3406540856488279309205143e-15 2.6319735332826381778573214e-15 -7.7462483930642811458255892e-02 4.7644892541403707775238274e-02 -1.1527492994536837900287907e-01 -5.0132888841990581874075161e-02 -2.7646371910698349438927453e-14 1.8404933791062474925093210e-14 -1.3771958932422267984918562e-01 8.8586925286944548374457042e-02 
-2.0370693652445076571311233e-01 -9.1198836610524164347779674e-02 1.3263324951392266998206892e-02 -9.3997198719164315461327419e-02 9.0923328482800783716177178e-15 -6.8218742970764757355792622e-15 -6.4635885992800579611332951e-15 2.9059698194868536703497263e-15 -9.0386327034783345291124590e-02 -7.8178350235680510449398639e-02 
-7.2968277978673654060592924e-02 1.0334881201256658489473494e-01 -1.5974524787406168407910556e-02 1.1320943580106648806982150e-01 -3.7771057660918226639434891e-02 2.6768205311441645166681269e-01 -7.7624021391300596596645935e-15 5.8272011685246276575790953e-15 -6.0777356211641299366110758e-02 -6.6725595933194645215102980e-02 
-1.2368431970261932473231781e-01 1.6168750510716509843911481e-02 -2.6961538969645683201292001e-14 1.9260613709199810784367657e-14 -1.0780329699993719538841930e-01 -1.2364681506418538636804527e-01 -2.2107355945949300202180154e-01 3.1500874354621240247542602e-02 1.3301583512502991937798136e-02 -9.4267460658071941526081616e-02 
-7.4252802995079028253511261e-15 5.3814853824714695137566137e-15 4.9490987760395334080198683e-15 -6.0814600430742414464546074e-15 1.0852305011016907809739962e-01 -5.0029674948775908205345075e-02 4.1568479492126240992799779e-02 1.1936841328382920279782553e-01 -1.0165882766835457329257508e-01 -5.2316771246702711839482447e-02 
-2.4037096464477242241386534e-01 -1.2370179348787173345680657e-01 4.0885070650346006064542631e-15 9.5101664031874717005352017e-15 8.3001721417519325196821001e-02 -3.5452876081414987086137813e-02 2.5406261532883899628698643e-02 -1.2212191166331774760944739e-01 7.7799889971793598074444319e-15 3.0640524361373529475281726e-14 
1.5222203918182258819413732e-01 -6.1143572899390249975049016e-02 4.2955038757921296110886544e-02 -2.1913623256436096098376254e-01 8.4649515170011874198863211e-02 4.3563124822994465923375884e-02 1.0204738502757913843992342e-15 7.2649116520687842231305030e-15 -1.7322304581444864060201793e-15 -2.1708854823227390936048146e-15 
1.1557231271391316812513494e-02 1.1893969558577149880918000e-01 -1.2639919531858703760640594e-01 0.0000000000000000000000000e+00 
18 (band)
1.1525414715242641161552228e+00 (Ry)
0.0000000000000000000000000e+00 (Occupations)
1.9074398792282495965156272e-15 -1.1740857224940704625149500e-14 2.2844817789536142615790919e-14 -4.1840681286158099362589208e-15 9.1033337168170025410773860e-02 6.8591549384533767597105225e-02 1.0412678412275979388948825e-14 1.6381073774677803439316752e-15 9.3794394363555215065302727e-16 7.6316467286391485435248594e-15 
3.0886507957782582955985617e-01 2.3272291278614840037697320e-01 9.3888283780276294733955014e-15 8.9852167875634653194312850e-15 -7.0743662273213349403770735e-16 1.8372151591540929999209491e-14 -7.7657991033637552165365249e-15 2.5542701119915440114801767e-15 -1.1385479937151504747916420e-01 -5.4162079915390612394610059e-02 
3.0751997145172037251281694e-02 7.7868385670670031695195235e-02 -4.0252874114499161387472005e-15 7.4754076090792369722666046e-15 9.4418597029862582094558283e-15 3.5798771956373639315186599e-15 6.5792202398843407657726828e-15 2.0881143161765544223008511e-15 -5.2502567464091994632140750e-16 1.4110041025098164890031936e-14 
9.4714066760566401059762143e-02 -6.3412259702838591479689967e-02 -4.6414021283208185048370704e-15 1.4975806965914133231380365e-15 -8.7387482715704348754689423e-15 -5.3452018131173170188324306e-15 3.2135344262247339530702561e-01 -2.1515007885884396277020869e-01 -1.1207712653983886765670470e-14 6.7288596823087855454423872e-15 
-1.6738231481516799224376295e-14 -8.4611473874940613728868479e-15 1.1120473866150977173969415e-15 -7.3663784634098132814339962e-15 -8.8592434502313605060308532e-02 8.9709680579299649894053914e-02 8.3650369596923651593911586e-02 -3.4331445749919906051950136e-03 -7.8513611907617529108557217e-15 -5.8876572988435594938125996e-15 
-6.2648449380290990193385843e-15 8.4971513355691704293408104e-15 2.6254351167462536716636078e-16 7.8338197011945799719286045e-15 -3.2929020135659707369337810e-15 2.0125716836794870520036187e-14 9.4753057173446231242763815e-02 -6.3438281977881261219920361e-02 3.3839235255079381961107496e-15 -3.4229502913007682114168208e-15 
-1.1897809442141112126557830e-14 5.2070519783032214424302969e-15 3.2130507156706139548774104e-01 -2.1511760907668361908484655e-01 -1.0123591121732747854408460e-14 -1.1270349205369395120547964e-14 -1.6503450499362555715194720e-14 2.3261780051361075253015233e-15 9.0926561992484352688589754e-16 -7.1529657501747665389115868e-15 
1.1670342966042243637581066e-01 -4.7748167836668041486003489e-02 -3.5058077161816511568837029e-02 7.6026701719707753812649287e-02 8.1782969894790789929251011e-15 -3.3906924922135226235389647e-15 4.4909552299405514230200174e-15 9.8599583078841990187273550e-15 -1.6271706978347573104924973e-15 -8.2485576410574464496529256e-15 
-1.6708212781927933924932486e-14 -1.6658677139337025586358180e-14 -2.8748494308545140263344564e-02 -1.1034528326580385348965052e-01 5.5494712347221919837186868e-15 1.1105010833468660468320721e-15 -1.2553707251316880935067695e-15 -1.2879391829847768865515714e-14 -9.7485465438962901063568722e-02 -3.7417792395828997076279165e-01 
1.4639694828368005514474721e-14 -6.1196625427050064745890101e-15 5.1589714184400173366626710e-15 -1.8575826926318528258733107e-14 6.1288103778295496216237964e-15 6.1390651734962897739358837e-15 -6.7123758757753589423988849e-03 -1.2591474114004669315747265e-01 6.0268388344958373492588066e-02 5.8110666103257192782738372e-02 
1.3396715431469492188978627e-15 9.5313594381496443420459497e-15 -1.0568607949243435796181433e-14 0.0000000000000000000000000e+00 