125 (index of k points)
0.03247002724954457103523353 0.05615901057008848562546177 0
18 (number of bands)
52 (number of orbitals)
1 (band)
-1.5183765043927865967532398e+00 (Ry)
0.0000000000000000000000000e+00 (Occupations)
3.0889266792574354703049266e-01 1.2797630153750011450242141e-01 -2.6158836227304471666599284e-02 -1.0837797648849685494543138e-02 -1.3580173982918826386117228e-15 4.5826047558419428502445766e-16 3.4849915271716047637795555e-03 -1.2623316768580214106143522e-02 9.4644409977159837943361254e-03 -2.0408906354529215976256751e-02 
7.9310019091668514029036385e-16 -2.3810398519109656080773058e-16 6.0149813036909777208549599e-03 -1.1093545732720637431167887e-02 7.6086681188540783438156723e-03 -2.0344838103012137520142488e-02 9.3276159853146467515472295e-03 3.8644940240829192545923831e-03 5.0798153612917149886401132e-16 -2.1625869444952351822917674e-16 
-6.5431450626493930334158485e-16 2.8135901004972444814891934e-16 -2.6793608895748742548814647e-03 5.1836503970442591657241671e-03 -4.9287636735217965622268821e-04 3.4190461005284902840095640e-03 2.0903165486938621309143116e-01 2.6095666559044194965366614e-01 -1.7702014092763451724721335e-02 -2.2099349938476696431077784e-02 
1.6707137549694306535499744e-15 3.1373843756552922719234186e-16 9.1352505873021037918757514e-03 -9.3829893366552605260544340e-03 1.8125818489206496630927745e-02 -1.3324931747794865888323557e-02 -6.2058865847756909269795830e-16 4.9435728238605979700991178e-16 1.0615324711974113980339496e-02 -6.8236088887768282795764918e-03 
1.6468727203204663878111091e-02 -1.4162813713638786744519749e-02 6.3121180025656857537352806e-03 7.8800951995125594062852059e-03 4.3485733255271931990174583e-17 -3.3594316688129729287058629e-17 2.6044358308752875548536515e-16 9.1892168839254488029732284e-17 -4.8451844696509871468492747e-03 3.2516755173901028611038733e-03 
-2.0790488738611691971192030e-03 2.7586879365225861621135905e-03 2.0977560560009292367489309e-01 2.6188549625981222268578108e-01 -1.7217438744782591342197264e-02 -2.1494359850796184580046244e-02 4.6972519735816805461932847e-16 3.2439177747493498703542116e-16 1.2011891074627807640684551e-02 -5.9927114026539791274972302e-03 
1.6688864889877336183943157e-02 -1.5466377054919867167770420e-02 -2.1018263424876397777148066e-16 1.2879538971007405277206129e-16 8.3890608384405498942903989e-03 -9.4947222999897367551325189e-03 1.7634087354640018419082992e-02 -1.2520881159878989585809705e-02 6.3130380209471311653279813e-03 7.8812453169027733845819483e-03 
-6.3713611287193208545580541e-16 1.4600694088109170087431341e-16 1.5760850437407346738597740e-16 1.1716953608424309064804358e-16 4.3502721203620559053959482e-03 -3.9175926528081383981572117e-03 2.9929773044350682642544825e-03 -1.6454031968232219265702021e-03 5.7663464497129258978791455e-02 3.3055217851089491176708179e-01 
-4.7327697560634431409032352e-03 -2.7130215494218706817619591e-02 2.3944773565902216005009628e-15 1.2444797867960462631302297e-15 1.3413111124746922991901599e-02 5.3531962372048436105131941e-04 2.2075547756311871688827964e-02 -5.5133675531232103489420737e-03 1.4798769679506394075117148e-15 -1.3133451034362384895996748e-15 
1.1925507404403975705853291e-02 -4.2788276960598588607997961e-03 2.1484849046986175674645025e-02 -2.4768454289933032087811515e-03 1.7353385017153427800906673e-03 9.9477171795127206782582974e-03 1.8264697786298751371801407e-15 4.8324990058164078446924633e-16 -1.5064934076054098414211995e-16 -1.1212215433368331370008618e-15 
5.6994871731369340858708306e-03 -1.3372530343055892380899063e-03 3.4154450405432753602730234e-03 0.0000000000000000000000000e+00 
2 (band)
-1.1381012106835628472367716e+00 (Ry)
0.0000000000000000000000000e+00 (Occupations)
-2.4963004804803445857430688e-01 3.0506470711804906104092083e-01 1.1532667890456371750929065e-02 -1.4093701858005541760476831e-02 8.0776609101989225461432236e-16 1.3195403212134357860428497e-16 8.5454883155451924481305070e-02 -5.1467813370948828355366800e-02 1.0496247590789709036585009e-02 7.8776802736363893409077264e-02 
-3.5421717306503841759828153e-16 -6.6487160453709001251949647e-17 3.1186279369074407230577606e-02 -2.6965913900488809595845652e-02 -5.4248587505769663152932480e-03 2.5906847860942688877017304e-02 -6.4434183695106419381692930e-03 7.8742939157863608978793479e-03 -8.6548756183911090465986354e-16 3.8611784662783439100406178e-16 
1.1377624540323042532940756e-17 -1.7249402300749648985867283e-16 -2.3135212667799373575938660e-03 6.6254251740482522636810359e-03 8.3238637737779314074160197e-03 -7.9857540544738536691937725e-03 3.6571852212963074091334192e-01 -1.4707004789821867540844380e-01 -1.6895846562591285144883102e-02 6.7944999571463646215185861e-03 
1.6062216887799640810320485e-15 -2.4928729963883605530001653e-16 -9.9679493140715058618894773e-02 3.9333847391452248995480367e-03 2.8753082269296195705443608e-02 -7.4089244312964513961006219e-02 -1.1634255313697226288454439e-16 3.2557126165117353970315330e-16 -4.0319673033480316060028770e-02 8.6063058189037866529957910e-03 
1.7234559101823022225774551e-02 -2.0088898205715577383045911e-02 9.4398805842156527368125296e-03 -3.7961558862207034348301704e-03 6.6224045787204189518228539e-16 -3.3349382288736898747933242e-16 5.0726406067626929457617716e-16 -1.5374858104947031805618364e-16 5.2191770603511947190789044e-03 -4.6913569680286509866462552e-03 
-1.1141423784800921423232545e-02 2.9879176679416911965869730e-03 -3.6500067217056303414679519e-01 1.4678111641913454965546748e-01 1.7268457571487431240209176e-02 -6.9443206214081926175296644e-03 -4.6194718155986215462644341e-16 -1.4588044780257172615857083e-16 -7.4515261397284052180545189e-02 6.6071228489205158229680137e-02 
7.1926208136275607274434662e-02 3.3522546085448953756547041e-02 1.8890706982306183384900120e-16 1.7278090881366443094919130e-16 -3.5156054873214381828461228e-02 2.1780880749764010284597049e-02 2.6432326403664239966584404e-02 2.5899423243406355377160821e-03 -9.4082995512725798442632552e-03 3.7834448194664083153782030e-03 
-6.7144172249524790785015531e-16 6.5322192681956148393528013e-17 -9.0151424313689903499285383e-16 -1.8388484209981126506250563e-16 -6.9953276741118930112661722e-03 2.2803449847647386250493184e-04 1.0081625441046491303831445e-02 -5.5424204872210874189830676e-03 3.9056486936962198086575881e-01 4.7215142025747829090942531e-02 
-1.8477916697557040387467353e-02 -2.2337883312979495836758659e-03 -2.6933385047528206629115611e-15 3.5720128161946238599353384e-15 9.7128278403647447247770685e-02 -2.2000657933890971351686972e-02 -4.6879806921355314519583857e-02 -6.4026746098263989659393758e-02 -6.9836933974377340930271386e-16 1.4255008702933665550585590e-15 
4.1300505055639320783900104e-02 -2.1501726982375846120021379e-03 -2.1915109966921367951053767e-02 -1.5003454118662943456152803e-02 1.0067244187234956204202163e-02 1.2170249064914040026258446e-03 -7.3282832173228059114333882e-16 -1.1974969108108336372431745e-15 1.3610388716986805456475640e-15 4.9655184919218288039842120e-16 
6.2399088275459611840911833e-03 3.1701966539408820387746513e-03 -1.1504677152826556577047690e-02 0.0000000000000000000000000e+00 
3 (band)
-1.0682449041027630709521645e+00 (Ry)
0.0000000000000000000000000e+00 (Occupations)
9.4842889409914310494542633e-03 2.8633005491156032773503171e-01 -4.7808890573058926420912940e-04 -1.4433499878667585547553642e-02 1.0425086035126715006210222e-16 -1.2259373381834671596683864e-15 1.4344849346788257626883478e-02 2.1369426926203233252365976e-01 8.4573455610353481803898035e-03 -1.2410869566069791802842559e-01 
3.9823744489511153057318189e-16 8.3782908043839378564962000e-16 1.2138463472294303002740889e-04 4.4711220640364229828023213e-02 -3.2042867122922813472030157e-03 -2.5747336991980094428322801e-02 3.8685258947514927774236071e-04 1.1679140904971598707851044e-02 5.9569849579180697649095857e-16 -2.0622592338305325886579534e-16 
-2.1049748076562234869631917e-16 1.3846156086356327274551017e-16 -4.8187880116592821111431988e-03 2.5758341114056667459086825e-03 -2.9590368544513551141150742e-03 -4.0990675888610481059082247e-03 1.2962941019207913084798633e-01 -2.5548203086641485537455765e-01 -6.5344390943038455077385152e-03 1.2878493447297335861012613e-02 
-1.4746944264684806473144687e-15 -1.3212379131139256052537313e-15 9.0377512034893442427474497e-02 -1.9417239952319909068734205e-01 -6.7201048527821771738643974e-02 1.0468292176520406500106475e-01 6.1674260085282240258462405e-16 2.8694780312883707831725216e-16 2.1433424648831737868714953e-02 -3.9239218814905912902091245e-02 
-9.5959363422545573829580690e-03 2.4106240296415351598291466e-02 5.2874675324492362987749416e-03 -1.0420876848782645654467593e-02 -9.2962401229083587232783124e-16 2.1262899487692837975889655e-16 1.7675648265580454405401877e-16 7.5357410986500419115653732e-17 5.4636536713813591004118564e-03 6.4248190548409772615556790e-05 
6.1828289097900709925248464e-04 5.0175671864735559013492860e-03 1.2888470888514291790016841e-01 -2.5401362097497653946831520e-01 -6.7711011695647041475076833e-03 1.3344890313814458671082264e-02 -1.2328143198197305122018462e-15 4.7416947012242398309593375e-16 -1.0203571429459812325291068e-01 1.8648971911436199033751393e-01 
4.5391493426469753380558814e-02 -1.1472704917778561717334185e-01 7.5921240142667745592793048e-16 -3.8615944851034972506161075e-16 -1.9842352320517932240395709e-02 4.1242976874830007683048194e-02 1.3461871161143473818455618e-02 -2.2836466278268768848036530e-02 5.2764190191427291429238089e-03 -1.0399085644268776101872831e-02 
-1.0945601777779006825489805e-16 -5.4729148917904487323275607e-16 -3.9190129423488817791825925e-16 -2.4490069166375978263683341e-16 -3.3548802264254905247664595e-03 -4.4227644824768215514598779e-03 -4.4702085454413169329779265e-03 2.4575179438331169051723535e-03 -2.3531452652006815129404060e-01 1.6050315085339117437968071e-01 
1.2362511124889636465740139e-02 -8.4322136609131705803354961e-03 -1.2002110824323447095648877e-16 -6.5507887710714824727310756e-16 1.7925668539920744382065720e-01 -1.1426610637741274612011466e-01 -9.5047046363076481689802222e-02 7.8668560849828317316223547e-02 -1.3144567020585136658286243e-15 -2.2253902098307633225698802e-15 
3.7256941525258463476788506e-02 -2.6582370008952409257130256e-02 -2.2798279156774872017399147e-02 1.3526442057225751547377968e-02 -9.6335589492805972361422207e-03 6.5708539683330506597780385e-03 -9.5081441968416864557240537e-16 1.3015950542209160314238729e-15 -9.7142850766279876576343976e-16 -5.2224967912325369332989273e-16 
8.0922091431825666617977388e-04 5.4919239354635366115453543e-03 5.1011919081722662677735869e-03 0.0000000000000000000000000e+00 
4 (band)
-7.1978749061673708009578831e-01 (Ry)
0.0000000000000000000000000e+00 (Occupations)
-1.3715521430196864205441898e-01 1.1090995239674635020055149e-01 2.0488926241311877785022943e-04 -1.6568082143469942124625049e-04 -6.2315335437330608520259238e-16 -1.7019629648849640517306190e-14 -6.9141181787952421533560710e-02 -1.8555743231900925782618117e-01 -2.3247868833216878137193362e-01 -2.2964190008479695714882496e-01 
-2.4791917195254414407701349e-15 -2.7455687185588540679862751e-15 -1.2897550316210204535138928e-02 -2.5505784454075586253907204e-02 -3.3089656861935712317546177e-02 -3.5394675517473841996896056e-02 -1.1335121882496967948839028e-03 9.1660872315015018418904447e-04 9.2119390157478367239456535e-16 -4.4972908067130453855559695e-16 
1.8791174491187328347776745e-15 3.8708711633063171280223052e-16 9.9829979933319795692980847e-04 -1.0207642378052210474503880e-02 -1.2363693563230720995349543e-02 4.5861148174472440852689203e-03 1.7362130755569071816069027e-01 -3.1116103765149505377962669e-02 -2.5936317376543116530740463e-04 4.6481055642560997753776064e-05 
8.0754113091694649220128516e-15 -1.8645035924514697196580414e-14 -2.8804095299815327124726139e-02 1.9591423583245820561060668e-01 9.3091798475509968113783543e-02 3.1323419331196883375056927e-01 -1.1397458270344687187759452e-15 -3.4178516706644044966331857e-15 -9.8529587186326622605392345e-04 2.8564331548663578208557823e-02 
1.1945172376655321944127763e-02 4.6957654361343900695224818e-02 1.4348839225504644856457048e-03 -2.5715668582348624737754506e-04 1.3425197276496867717815895e-15 -3.1171850132113966222871429e-16 6.0839021307886216106595899e-17 -6.0408380039371993811408867e-16 -5.7923860019587908309901536e-03 8.4640906074985658436027336e-03 
1.3043764922728089475367774e-02 1.9374117489215515047762395e-03 1.7354483793195379925933253e-01 -3.1102277705774880600664289e-02 -2.7192068392388468733855689e-04 4.8734307477340393921494410e-05 3.6473256053412928294510775e-15 -1.8521968316283065898942355e-14 9.5173028650494623237321434e-02 1.7375915127591243236615526e-01 
2.1436269933756559036286404e-02 3.2618654136496999518257667e-01 1.0489108360633564624683281e-15 -5.0581743366016044945598038e-17 1.0775052022926195904872770e-02 2.6415762432852790686510502e-02 5.1291814693531917468405368e-03 4.8108453785551417991595002e-02 1.4349627058216555923475521e-03 -2.5717097124755821518915511e-04 
3.3716432557446822315873123e-15 -1.5965466485502524228204590e-15 2.1143894354079982012597796e-15 5.4798779830201304899475885e-16 -8.3718449924747046636541725e-03 -5.9371185665061960295973975e-03 1.1555438857746729020004040e-02 -6.3526562694173824286103525e-03 -1.6706213732741712063578632e-01 -5.6350729568572899275125110e-02 
2.6176384343826186729131678e-04 8.8292589337839177954236902e-05 2.5530824213669832420697467e-14 -2.9550083972052786486182447e-14 3.0834875957940627300146730e-04 -1.9811626120962017028048763e-01 1.3835681819204076470342102e-01 -2.9616644694510280144683634e-01 6.6231709227442014891893108e-15 -1.7271066478479172284860611e-15 
3.2836405392917648871087266e-03 -2.8339229979202407161409383e-02 1.8681688379545560024785900e-02 -4.4628761437800805456088682e-02 -1.3813604650198777357844593e-03 -4.6593791564012988727291886e-04 3.8127597701978077552261220e-15 -2.3039510272580249131512946e-15 8.7272721544037528160374696e-16 -8.8605880658967057652254997e-17 
4.4760750086715751089316839e-03 9.2359037439528352680939705e-03 -1.3186523759979992473367894e-02 0.0000000000000000000000000e+00 
5 (band)
-6.4007379178423784438223265e-01 (Ry)
0.0000000000000000000000000e+00 (Occupations)
-6.1673374606519424694211558e-15 1.6903245352591528320048210e-14 1.0227471576359132621641177e-15 6.6284997429437287142426326e-15 1.2459541383830274874355837e-01 3.2977566866106355902843461e-01 -6.9428807566763700346458040e-15 -1.0556219590234989295041469e-14 -1.5780697594332618809035394e-14 -1.6514840262572491103668017e-14 
8.4550052333147163174942307e-03 2.2378474247319660173083378e-02 -2.3018016436174646140766693e-15 -8.6111347006132453856540173e-16 -2.6325116200500890770081690e-15 -1.7396469809025266195062501e-15 -5.2048497401533989404687053e-17 3.0279914135467520245318927e-16 -7.7972158091442270166915307e-03 1.3338190477351422047469498e-03 
-1.2255756701284668819251777e-02 5.5625438147191797952362258e-03 6.9224418991174827499539032e-16 -7.2806092938731113276229308e-16 -3.6694777358760586651680909e-16 8.9784337531000517320404980e-16 6.7687691867769934867167343e-16 1.4251028642728736342772721e-14 -5.3190516637366164006512115e-15 1.1017447878736410856915042e-14 
-4.9686846539940807132573752e-02 3.4900891975894204888319905e-01 -1.3465324501921315737923056e-15 1.2458289011798219600230804e-14 9.7988344417618560508640234e-15 1.7457723307590064847532651e-14 -3.3717346224867300596983455e-03 2.3683636307982720153875178e-02 1.0041220709538833655871461e-15 2.0400215382590483570810076e-15 
9.6533202826524189626339092e-16 3.3065580166853620728280915e-15 8.6320528062620029165283286e-17 -6.3942754510212747825058044e-16 -7.4753245262599438136774666e-03 -2.5875028219429353597280663e-03 -1.3419577386472439362030684e-02 -1.0297615161923914794961377e-03 1.4118256507984880665859879e-15 1.3634704197511265818370943e-15 
1.0497212098569801146593125e-15 -6.4431417757517188559385210e-16 2.0347674358839514972999850e-14 -1.8729358274401717453228808e-14 3.8800136982428579261911938e-15 -6.3741836367178470814921767e-15 -4.9691898728107274096910118e-02 3.4904429978564410763652859e-01 1.1240256442257597637325369e-14 1.1748844478582786342210704e-14 
6.8195887234519822316913571e-15 2.0293546355879331466377295e-14 -3.3666800244943201336766947e-03 2.3648134725318438464913839e-02 4.6024527876527214635146200e-16 2.0731842205787666618427025e-16 -3.1380963373787399706836046e-15 2.8484427165481948445451468e-15 2.2672300657286904917202026e-16 -7.2205484719645991519789323e-16 
-7.9018094982957459010419754e-03 3.9779841608801429220232393e-04 -1.3176342335858407667226189e-02 -2.7562759921257412414064003e-03 1.6670575664255915228960856e-17 2.9090388358599536872076711e-17 1.0814283800557833113148996e-15 6.2597773422454083670032633e-16 2.3906978714481848986147590e-15 -1.8337143315931598782697424e-14 
6.0143000484060930508222725e-15 -6.8501334245750368029934096e-15 -2.1169871663133005279533450e-01 2.8193059675867698787854465e-01 3.0530256845107277788296349e-15 -1.2639169582717950743462707e-14 4.6104746523433248321579796e-15 -2.0891812495211906291872888e-14 -1.4342819983649597245789487e-02 1.9101107959770897287699043e-02 
-2.1718374646816601793014474e-15 -2.1746435868275559493362784e-15 -8.8773338244160823292846453e-16 -2.8143238972526708395137853e-15 2.8703774589680995066543438e-16 -2.5417865978595730093435590e-16 -7.1160492964660237644181073e-03 -3.4581323481696754282288531e-03 -1.0218670721852462363044012e-02 -8.7630943949521551000758635e-03 
5.0618349579698255868513429e-16 9.3604999045830796822618601e-16 -1.3333471516728945086180382e-15 0.0000000000000000000000000e+00 
6 (band)
-4.6131025766263322740456942e-01 (Ry)
0.0000000000000000000000000e+00 (Occupations)
1.9439678599835008565577255e-01 2.0840178025940403472304752e-02 -9.4594753189864363984717954e-03 -1.0141045755354682889048945e-03 3.2269219054032882127403296e-15 1.5788451123569054635013689e-16 -1.2216921877496865478374133e-01 1.8646137278948965443348129e-01 2.1825996499045114546122548e-02 3.4748836739685839969382641e-01 
9.6632347626893212637530242e-16 1.0790937236626276083406813e-16 -1.1680623042945785169943740e-02 3.5064269909802575631019295e-02 -2.1290920981281782897731603e-03 6.2583344465321655292200376e-02 2.2771069274372399485195650e-03 2.4410990818690345149910570e-04 7.3987362892193368147970205e-16 -2.2404018307431564194876500e-16 
-5.2570440314140134411395095e-16 6.1509315628596113714310313e-16 -1.1085600224442701544624867e-02 4.0293017151160098743289950e-02 9.0883330798214936874224179e-03 2.4854884445988732755150608e-02 1.6031136982210464347886614e-01 1.1191375309765864975997118e-01 -7.8008528068210236661172985e-03 -5.4458036034030349314960517e-03 
-5.7261004008825219919404840e-15 -3.4304882640708738801130533e-16 -1.9688615392238004164759957e-01 1.0454187654849508848364792e-01 -1.4827753115448005782894825e-01 3.1502113159919170604084115e-01 1.4144386904339222134462645e-15 -2.5589666967764962698275887e-17 -2.7128148857086122058834832e-02 2.5099870887448888501225497e-02 
-3.2015493759054720890322443e-02 5.3816504875286108600107582e-02 1.8778431665988637444542064e-03 1.3109197717312212616569411e-03 2.7573546353787303274682725e-16 -7.1584826709684366373355184e-16 9.3900462687071148469985531e-16 -1.4104696486481121897940774e-15 -2.9125694580680917128434615e-02 2.9968511452397955663329299e-02 
-4.0097649116011243111690199e-03 2.6158839124602983883249863e-02 -1.6032206786353855876292585e-01 -1.1192114642633266274884818e-01 7.8093402221903682192127860e-03 5.4517064837823342449141251e-03 2.3396424880157081890261538e-15 5.0527091284275171878450252e-15 3.0571726494270617946469315e-02 -2.2069903572296936666852218e-01 
2.4449410599746895789152745e-01 -2.4794327731374105061590285e-01 2.7824188481532570659240297e-16 -7.9977334007990704162530554e-17 1.4268976098391186746461301e-02 -3.4095943546909507348985358e-02 3.9471051012700673898958570e-02 -4.8644724857639140558340785e-02 -1.8760284225133815570740747e-03 -1.3096664438694066365242996e-03 
-4.5027657507222102191509368e-16 8.4596183950654567053442880e-17 -7.2474513289193408426771956e-16 5.2559977460415506292924216e-16 -1.8066260183418426932266954e-02 3.7666288358505176092627664e-02 -2.3195704695034895237437667e-02 1.2751946565466208693973016e-02 -8.6572875535529447699190086e-02 -1.7531299348006507132780030e-01 
4.2169973751707487408246777e-03 8.5395451535108801710549642e-03 1.6900885066422148276919448e-15 -4.5327329796504502620122686e-15 1.3311277946867777766115637e-01 -1.7867199772772809907017688e-01 3.3369940312665286041848844e-01 -9.9488416338283841566791921e-02 -2.2541558816988122375673603e-15 -3.1131523537060836018581206e-15 
2.8929845146933117622234377e-02 -2.3004371432935460939361860e-02 5.8023520595428340618227026e-02 -2.3612373498532186755216600e-02 -1.0130396175211196091447974e-03 -2.0514530386086440166826250e-03 2.1700994908883082546612301e-15 -6.0309783866914360411030144e-16 2.0051946735713382849867592e-15 -1.3907761692419267480156105e-15 
-3.3977457287403277363946330e-02 2.4303732882082481475682911e-02 -2.6469848082444256964773643e-02 0.0000000000000000000000000e+00 
7 (band)
-4.1509235619575823861282515e-01 (Ry)
0.0000000000000000000000000e+00 (Occupations)
1.3961724184190643649472463e-02 -3.8937820725709719471563375e-02 -2.3188057741262840805163137e-04 6.4669994187021434539630604e-04 2.2060349430355212747662402e-14 -4.3173963054692493540244257e-15 1.8806887584910947364136291e-01 -3.2830119441445304584448195e-01 3.5123573025388155066650597e-02 2.4140062447836826975411384e-01 
-1.4723713912967962611964716e-15 1.1351760164993567290237074e-17 2.5757777897171929559760883e-02 -5.7946488232398993267757703e-02 -4.7083723395476145823224101e-03 3.7155264068703355850864511e-02 -9.6854575705772327776088559e-04 2.7012098430701254186958593e-03 9.3378811985557068823272859e-16 -2.8511038375872296968443141e-16 
2.3050909870245716474523320e-16 3.0480166247009806882057988e-16 -2.2931703589177281077393644e-02 1.6928648504607738539684547e-02 5.2790213012972736494887727e-03 -4.1795447531702417665044891e-02 3.0993190362288976918980765e-02 -2.7395360487311615216299288e-02 -5.1474857197514323203790809e-04 4.5499815895877482319065166e-04 
-1.7302259353753625567764552e-14 1.2766223774783376735283529e-15 3.2296631882615345343623403e-01 -1.9708965782351051121423779e-01 -8.5516616092271360849430550e-02 2.2846189015402390554143608e-01 -5.5146403328252334968087553e-16 -6.6310595505519559155247742e-16 5.0487646439703673384435945e-02 -3.8369990587012153815393845e-02 
-2.2025663109067984690714326e-02 3.0291130429687951330919304e-02 -2.1500608831611306773212711e-03 1.9004877527919496194019899e-03 -2.7835979392830032252656874e-15 -1.6377331898947222793560315e-16 -5.9479758637231797377807594e-16 4.8129157215353750674041474e-16 -2.8250643654463433729340238e-02 3.7872553126256508493341357e-03 
2.4761152037830240491000922e-02 -3.4082441961138597308345055e-02 3.2505181314106179613077074e-02 -2.8732247075386352364034792e-02 5.4391435331003004649552679e-04 -4.8077835980715744046420923e-04 2.0713527924245311696270442e-14 7.2594476654085302402153810e-15 -2.3390156644320977963324992e-01 2.9462837277850539852153133e-01 
2.3587021263040031104907257e-01 -5.6500638995859886470896072e-02 3.0595966229482300516587072e-16 1.3441686391782532158070286e-16 -4.5452060842850763866529462e-02 4.6496190663743566795496065e-02 3.3516987422496473392197203e-02 -1.8695341421823136185409453e-02 -2.1589794549324910905019337e-03 1.9083679309601845990040925e-03 
-1.0108653777441568282645962e-16 -9.8001736799134416269511582e-16 1.2135753464835023743931617e-15 7.0824020166040923473640167e-16 -7.0150168000609322213612096e-03 2.7387203643849184625524984e-02 3.6499306294971153863393454e-02 -2.0065663435082505688944465e-02 4.2326373114878620973478007e-02 -9.5187695215426630646060602e-03 
7.0825252244011843716364751e-04 -1.5927655025189425830323131e-04 -1.4527279305320721450193933e-14 -1.9588866069526537376271412e-14 -3.4690780622026284873982149e-01 1.4550187220153021350199651e-01 2.3391403337994839950475523e-01 6.4119454155270372286423708e-02 2.3451510381409602000312361e-15 1.9247537730007804187995577e-15 
-6.2229655221388305297303134e-02 1.8848225171820050943827241e-02 3.8377709391824790796654554e-02 -2.3592073996315425857273063e-04 -2.8112913806837211416755906e-03 6.3221928130215404150610281e-04 -2.4308406247564267307395024e-15 9.1116033595948840071264980e-17 -5.6935061197776867741515853e-15 -2.1734347640190859055451050e-16 
-1.9341192060271406027993635e-02 2.0620079384491535323675748e-02 4.1651293006383531547509591e-02 0.0000000000000000000000000e+00 
8 (band)
-2.4600715113584217808018195e-01 (Ry)
0.0000000000000000000000000e+00 (Occupations)
1.1313120326047001688735133e-14 -8.1569752941047465371002697e-16 1.0026565436750605388663784e-14 -4.1666424254211394630313444e-15 4.0959227084055360723624517e-01 -2.2516228239540447830790981e-01 -2.2548745936498734911979433e-15 9.8794841057065592486276580e-15 -9.3527225218663831630495806e-16 -1.7177750731584646614351684e-14 
1.8981315871988797480685029e-03 -1.0434481387297245280620928e-03 5.1093388752727752004003752e-16 1.9685908513500156811383993e-15 -2.2047670341513847264821774e-15 -2.1804343431245800497911806e-15 -1.3114273154780238566384321e-17 -1.3217957496565059288853013e-16 3.4733277805455237130516366e-02 -8.0467405368703365242666337e-03 
-9.3200016561607521015098143e-03 2.4229786538545294849456013e-02 -2.0154146293191552056085401e-16 -7.9721679775604822605299822e-16 -6.2456088458913114000969279e-16 2.4562514491934715305819790e-15 -1.9506537021068201861308093e-14 -2.8376937287496403651420364e-15 -1.1762571959180568558634623e-14 -3.7349334907382841650363349e-15 
-4.6740119984502831451678162e-01 -1.1369180595507955011669310e-05 -1.1083228718793094361221286e-14 1.1338097269095090434353932e-14 -6.2611307909292322875827467e-16 -1.5228587440748093049265982e-14 -2.1660303640292921656396175e-03 -5.1291703370703878306358092e-08 -2.2947882969415869328878027e-15 3.1006045647359926117751677e-15 
-1.2312279354172648876541344e-15 -1.8914384914238214576907186e-15 7.2981628282922712817501670e-16 2.3161368952358910748875757e-16 -3.4313550179405842566193741e-02 -9.6814717096095175008496625e-03 1.9839968396117658999688871e-02 -1.6742778760272386540108869e-02 -2.1451890094522968681396882e-16 1.0751070595957474080346605e-15 
1.5107765148005626552236022e-15 1.8873412509841522860225427e-15 -2.5528708395647139015969851e-15 2.1182583864495209928076818e-15 -3.7734817841089693886107876e-15 1.0946855653351649646964827e-15 4.6737630547999259311708897e-01 1.1475180074004692754030543e-05 2.6672857237043693078031525e-15 -1.1925927894721159453791882e-14 
-9.9897306759013199273725626e-15 1.0649433784055508750744282e-14 2.1868400299763727373525413e-03 5.5138120493014586287472412e-08 2.8323898596285114822109922e-15 -2.0788184657948274593419920e-15 -7.3742920652804090776111058e-16 5.7708907683765014222614507e-16 -1.6853662610419421699793784e-15 -2.3871951438856224507408809e-16 
-3.4308664182958692467906303e-02 9.6788191696213429771056269e-03 1.9836050737410477334821124e-02 1.6742061094022493705768539e-02 -4.2238037446187705818355027e-16 -1.5801558533470612685538806e-15 -1.6069291414218788077769012e-15 2.2661043976815025761736740e-15 1.0850189260851974352293761e-14 4.7597931734585186586694067e-15 
1.4633333803543932361263974e-15 1.3625602270608448375874956e-16 -4.0955945038749513864573260e-01 -2.2517030810943763907694404e-01 2.1144681381579405258391901e-14 -4.0490975940664484989037780e-15 -7.4103377543063735775822081e-15 1.3853129442186785190298772e-15 -1.9163159635171879424664354e-03 -1.0535665369227834985837999e-03 
7.5459145974683869338085384e-16 -4.7401355641802801948532956e-15 -4.7581943064355372539067126e-16 -1.9781709852449169313526999e-16 6.0917016410822111237586463e-16 2.1173565485629097400075083e-16 3.4727718303245821984681641e-02 8.0467111286414601256655743e-03 -9.3169143240197527938706301e-03 -2.4227270296341196775813387e-02 
7.9022342132489171819296487e-16 -1.0893758876934970433862244e-15 -1.6597836872162329765415233e-15 0.0000000000000000000000000e+00 
9 (band)
4.5832853546133311972710089e-03 (Ry)
0.0000000000000000000000000e+00 (Occupations)
1.3262657045739612887174758e-14 -5.5436264986122890977217641e-15 7.9118358872331511780270053e-15 -4.3477673383884137020979583e-15 -4.6957439406340567566999766e-01 2.3724854242637843926289065e-01 -3.1911114092963724017856244e-15 2.7330779261036931317521589e-15 2.8646498075796151470432455e-15 -1.1775956848315632412005264e-15 
1.6352625544560753234613060e-02 -8.2620269753364908305037773e-03 3.0653604819012885820777612e-15 -7.6464357975621602942793714e-16 -2.7002401935001673937125220e-15 -4.7637887968265729800021957e-16 9.2014722995485297637894430e-16 -3.3816004944859169735276610e-17 5.8867349231128365816267944e-02 -1.9793740845959195695513699e-02 
-2.4795205711402500126094850e-02 2.9734103642630155261983305e-02 -3.0105335373723624889853347e-16 -1.1732480773489745861355533e-16 -1.0007663975142706389736306e-15 1.3398858064855190888655616e-15 -1.1305309587575906136196055e-14 -3.7251281820369762965561637e-15 -5.8770503901943850354979278e-15 -3.0752172217498473270218765e-15 
5.2578653528542529382860948e-01 1.8316707018796382633318842e-02 2.1171780982845949110634891e-15 3.0701183150633121890440736e-15 -4.3763427117906676509627786e-15 -4.4158147234397667413631264e-16 -1.8310176851888335103346606e-02 -6.3786800719117797697776950e-04 -3.7653020061698936415740341e-15 1.0375729849777756888446820e-15 
-2.1936406323337051324581307e-15 -5.3394346378036692668179247e-16 -2.1624117506866936049660196e-15 2.5155172760183932959442491e-17 -6.1121558745024125169909013e-02 -1.1014174447281512014829019e-02 3.6052718073212600136123740e-02 -1.4111012197389624645005313e-02 -8.8005115070829509534201369e-16 2.3116882828458888961667681e-15 
3.3348485118019543556160259e-15 5.3291953737297492932158591e-16 -1.0937429038238573875711610e-14 2.7740851788661459237478408e-15 -6.8815376658892858782515216e-15 2.2039743052701211701348053e-15 5.2580195461010503787946391e-01 1.8317378377161557673202807e-02 -3.2494198675816335734865326e-15 4.2921020014944189897722029e-15 
-3.3090991174409113906727863e-15 9.0523600700408466489756115e-15 -1.8334798985659265385672612e-02 -6.3872949354919217324066949e-04 5.8069537948653151435252582e-16 -2.2222867603379190785962861e-15 6.6452758407823606300330238e-16 -3.8896988042092579531874784e-15 -1.7134499905308385718956114e-15 -2.2407810570706410833628901e-17 
6.1743854216862764650031181e-02 -6.7352123734956623191116876e-03 -3.4985551149789406721879459e-02 -1.6587993590490044543139803e-02 -1.1314486177039760870678004e-15 8.4173863260686165861751071e-16 -1.8619293850993960566181566e-15 1.6917330598383598574093719e-15 1.6129624339934680337413205e-14 6.0530924554552345352001902e-15 
3.9884294331863749660608676e-15 1.8467562334495506333760290e-15 -4.5193930088539124856339413e-01 -2.6935866449336387518087577e-01 6.0538604316850203494022363e-15 4.8068729431240962731529423e-16 3.8281678524618096991424305e-15 2.4366545211786759671609471e-15 1.5759196548595932191316749e-02 9.3925796964055684873384777e-03 
-2.4483297044756304906737918e-15 -3.2703383275637471719797211e-15 -8.7046817862600176939155180e-16 -2.4069616443406078019342416e-15 8.0010351822948687745588386e-16 3.1480572203454791957051700e-16 -5.7351265209875323947130710e-02 -2.3843217024883379961952556e-02 2.2666745320960659387798941e-02 3.1390587397616603881900232e-02 
-1.0966736198890057608109910e-15 2.2338452769899614526245196e-16 -6.4731246024223631860195224e-16 0.0000000000000000000000000e+00 
10 (band)
5.3309385079952698038852077e-01 (Ry)
0.0000000000000000000000000e+00 (Occupations)
1.5809052327695338746593734e-01 4.3307103476255326413024704e-02 4.8301427649128050867410877e-02 1.3231749445454854541281975e-02 2.0684453911935909992384909e-14 -1.1802699890558825016871806e-14 -2.1863449281807748048045426e-01 1.9514082565818433034898760e-01 -2.3564072969005950275445116e-02 4.3464199996173108475616687e-01 
-6.9202645321282474584349246e-16 2.4949477473725268373253800e-15 -2.2491153890764302436533484e-02 4.4870278005700592327542608e-03 6.7421219287984585077921906e-03 2.0263835238700442231696286e-02 -6.1397601395899600862371415e-02 -1.6819284738698279946245151e-02 -6.6784796841754144073869832e-18 -7.8330875090929070880638751e-16 
-2.6356189552887290182808159e-17 -8.4771116018079342152314022e-16 4.8431994884886121754963284e-02 -1.2497117403859520079478784e-01 -2.6605778260528206713431132e-03 -8.0311776784095761927417811e-02 1.1767242539051636640579090e-01 1.1411099449300678154717303e-01 3.5952419796185575151525882e-02 3.4864460660227428179247511e-02 
1.6271916745502006767456186e-14 2.3066879718549385648883874e-15 -2.8560067626924967587598303e-01 6.5675238887423770250961752e-02 -2.3003973493369131442243258e-01 3.6952760927604511032029677e-01 -2.4306571000966272447638447e-15 2.5879198332651525628059075e-16 -2.1870790525435876427984283e-02 -6.9031835853768930277851723e-03 
-3.8540105927023678156206898e-03 2.1005376193616420721355098e-02 -4.5700376025491609710549312e-02 -4.4317371621292692140947622e-02 6.1218885359974970969127949e-16 -2.3305389792886659648898602e-16 8.5621787506164348979435036e-16 -1.3900124265979113612257026e-15 1.0264660289104372836721524e-01 -8.6180783148235073909404491e-02 
3.6359011414020148134085275e-02 -7.1659489626855588095821759e-02 1.1700057807153889377627110e-01 1.1346046497945219688752161e-01 3.5668211123742937784797391e-02 3.4588809459447256156039430e-02 -1.9744785976984449274738907e-14 -1.2554958861421125626605727e-15 -5.7162667325939900409004224e-02 2.8730122901525412260070880e-01 
-3.6223417437614097158515847e-01 2.4150799609720943750268418e-01 3.3715699788130872589270551e-16 -1.5951213728908560479918681e-15 7.9510745417751688135510335e-03 2.1941170612406912798775238e-02 -2.1009807246798555685485255e-02 4.2389201789510486118039978e-03 -4.5678474507707386709220998e-02 -4.4296213935235723146988107e-02 
-5.5839940426253345217447644e-17 3.5422424846828405380509743e-17 -1.6313408171948290594856985e-16 -9.7061469232340811394490078e-16 -8.3089528426962003249123256e-02 1.0518968998810328263626701e-01 -7.0380938234769999106710259e-02 3.8692248215648136766553478e-02 4.7868392271799939385878986e-02 1.5579162173797683754727927e-01 
1.4593005635441996803436382e-02 4.7493696540855778742695747e-02 -1.7963669451935186613961467e-14 -1.1902133398625237283757717e-14 -1.8850044986759173504253795e-01 2.2422566117463296753165025e-01 -4.3377559118890257616740769e-01 3.7127425894863258504230430e-02 2.0953226922715216290675126e-15 -1.7450710234993642843994243e-15 
-3.6026598209776983933183558e-03 2.3057653749366625178796042e-02 -2.0453149807554065614523253e-02 -6.4069577632992966154112935e-03 -1.8688488536281168406194553e-02 -6.0822841092609929158907534e-02 -6.2457502878631441502123163e-16 1.5954740043885771228087981e-15 2.4935063298296439434610289e-16 -9.3620634480096132068936065e-17 
-1.2348742842901107297226559e-01 5.2149742415455592470241442e-02 -8.0315419060019807573347350e-02 0.0000000000000000000000000e+00 
11 (band)
5.9266667425115027167947801e-01 (Ry)
0.0000000000000000000000000e+00 (Occupations)
1.6895213007357992585077966e-01 2.1952656738366826960628941e-02 -2.9861580099917656161423452e-01 -3.8800734601571490456350944e-02 1.5708588503085792131982375e-14 -5.9857640619900330979463424e-16 -3.1346193264652155718863469e-02 -6.1094490841893112076377292e-03 1.8724168314457390049909691e-02 -1.0887734427481032817297546e-03 
1.8324897397775120079947337e-15 -1.8224557061750667139079277e-16 -1.0856552530607743722868008e-02 1.6671926309633627871775730e-02 9.4487422386230202064894002e-04 3.1397770815824288526130204e-02 1.2307902960298890138179928e-01 1.5992326375144055861099446e-02 -3.5917134911423130944512277e-16 -6.6475178048986140107923359e-16 
-1.8837107315961955148641774e-16 -5.1111201865665366299216845e-16 9.2021647808048882832832049e-03 -3.2881419956157412198827217e-02 -5.9141785481058167794898850e-03 -2.0386309610935089003946885e-02 1.3747810715610453424773141e-01 1.0063056914797302576758398e-01 -2.4298662473902193914554459e-01 -1.7786060218592233961310001e-01 
1.6236171303822567780688644e-14 6.2436264589873399421704522e-15 -2.4525629009708886651974780e-02 -2.0454894816995378842294784e-02 1.6932634378953148601709700e-02 8.0663374382421437758239335e-03 1.0477201696480709690392577e-15 2.3133780332993970231422273e-15 -1.7545431258360284776376403e-02 9.3795363255226582577250838e-03 
-1.4297991853545410911863200e-02 2.7969272934023015064752826e-02 1.0015061382944695500540888e-01 7.3307957143051438730907421e-02 2.4388612043982704437537078e-16 4.7503992564452860932903029e-17 -1.8547058811462335021918339e-16 -8.2391340651301528697767712e-16 2.3904663340625548206830331e-02 -2.4381031265274279162813542e-02 
4.6385453867131797023315443e-03 -2.0713836538568366346657612e-02 1.3885538074053421775388983e-01 1.0163917190574635329713971e-01 -2.4277284801951054538093899e-01 -1.7770411603096522568101534e-01 -1.3475881305001777047333731e-14 -4.9920885988076908628257700e-15 2.5857506194304998026201048e-02 1.6551723381268798607202086e-02 
-1.2337906324623643117277538e-02 -1.3138817498672822337013599e-02 1.0119493562975039447520055e-15 2.0098759936229401105421673e-15 -4.0154032617160731466476875e-03 1.9322146371215452587133399e-02 -2.2163624111288512952278040e-02 2.2279159753991056858168918e-02 1.0006625034294833187509255e-01 7.3246162388530253184448782e-02 
-7.1975014409028765922337571e-16 1.6069080031474489880582199e-15 -6.3815044546597672952345512e-16 1.0564379515359352952639713e-15 -1.5709022468026939689522692e-02 3.0280749614805882452550634e-02 -1.8765220664875601613852396e-02 1.0316267358718215346735647e-02 7.2714853212646937685725845e-02 1.5596117513197316206685628e-01 
-1.2713385766555215794504363e-01 -2.7268001544837949801092236e-01 -8.6423639819148024233893156e-15 -8.3310763105231642219282947e-15 1.4685251857087520607758613e-02 2.6961334376690879871540929e-02 -4.4821161276043172683181126e-03 -1.7457465244370501400439366e-02 -9.3666182217517388696865573e-16 -2.0368004753453211961906039e-16 
-1.2827239706428386969983002e-02 1.4997690664190262838095791e-02 -3.0155198929641677252355692e-02 8.8459691726711781045722205e-03 5.2402115783582156605113767e-02 1.1239338514231134169563120e-01 -2.3717816278418120092372352e-16 3.2836679487375497470247101e-16 -2.1194803803551970561190351e-15 2.0581141364178689833250941e-16 
-2.8353783706233856576339747e-02 1.8967343875103133410409129e-02 -2.1413987924191055928213601e-02 0.0000000000000000000000000e+00 
12 (band)
6.2171596460281630669442166e-01 (Ry)
0.0000000000000000000000000e+00 (Occupations)
1.3426712152152750490152755e-01 -2.6109919950847504388491416e-01 1.0586962816564360508053699e-03 -2.0584808600455119231842360e-03 -4.6738491734026898267302071e-14 1.9160358885192940987974427e-14 2.5630818545442157763147861e-01 -3.9073025297930952248748326e-01 -4.7118183570878380272972663e-02 2.7788873352956067197538914e-01 
2.1046847756980677903700018e-15 1.0213947253129116912420067e-15 1.6869186146870260301078304e-02 -2.2046791810137578160322391e-02 3.4287288806544857777680591e-04 1.7938903866171196366252616e-02 -1.0972284043204588027675683e-02 2.1336815805553542568784309e-02 1.0408494745190492927486165e-16 3.0706184472402928611098451e-15 
1.1540358956425789395214915e-15 3.1796458605554821875002090e-15 5.4845652964122901251720066e-02 -5.9727535932715639099832572e-02 -5.1131286700068105666172613e-02 1.2644646214478894030719403e-01 2.4344467415980691749055609e-01 -1.6411929359139226791697297e-01 1.9194233410873007272812174e-03 -1.2938297050419655942476993e-03 
-4.8176901201328194593096130e-14 -4.4630203067677470010417416e-15 4.1284031000804810584980942e-01 -2.1892212075685885119824547e-01 -1.7516389737280391170060057e-01 2.2081639545735523566527547e-01 -1.8520146360273057955057595e-16 7.4970408152644781312262482e-16 2.5403703463541926765856260e-02 -1.1192958532683594530254823e-02 
-8.3416710438642613367754564e-03 1.5885161564563710090425275e-02 -1.9894175209708347962234143e-02 1.3411656071150248117906933e-02 -2.7235508692085809095776863e-15 2.2079778517478511321476213e-15 1.0825810840605642178635069e-15 3.4604505718597628061514127e-15 7.6835571943126568239534890e-02 -2.5917543900308377680108407e-02 
-1.0572273580553930016900921e-01 8.6173194221426968608668062e-02 -2.4273654620705892304144413e-01 1.6364177558337400508747805e-01 -2.7021992816579614576921742e-03 1.8218567276413466515805339e-03 5.3000608251476139324041160e-14 5.5683596575113068285912595e-15 3.5868541073560122889318791e-01 -3.0100113887932483658360638e-01 
-2.7069888730893010286848721e-01 8.0116660142003637279373152e-02 9.9860099139585260591499747e-16 6.1458993455548161857100406e-16 1.8956741020345890813558754e-02 -1.8903034066254841005783049e-02 -1.7510093681308992741296748e-02 1.2139250706403870161409486e-03 2.0339967104085379667743894e-02 -1.3712356502539701022524987e-02 
-1.0469270717281052925851954e-15 -2.2278115059805465428270147e-15 4.0894591166035180106981707e-16 -4.5221913200129128496289645e-15 -5.2947928641476453559544524e-02 6.1560448293386145490746486e-02 1.1969914227610632673215463e-01 -6.5805160321876651763339794e-02 -2.9154668355464025131240646e-01 2.6461158118304822783883878e-02 
-3.2456414535327257619989894e-03 2.9471078856939565693284777e-04 3.9591144167807079381346641e-14 2.7227054855396764349604607e-14 4.5932682602112812064731884e-01 -9.0971294255369677950184837e-02 -2.7581173861250313228410391e-01 -6.0203419057106646872234990e-02 4.4246012669649680290286855e-15 1.2060416217495781901479638e-15 
2.5718524900700069635295364e-02 -7.4323753910820709867035561e-03 -1.5929024924395608631133570e-02 -7.3717813155565019289650053e-03 2.4430027170780726358811918e-02 -2.2173757200109117312947227e-03 -8.3310405444851062293406368e-16 -2.4633853468231264093109010e-16 -2.9090907181345844363585118e-16 -4.3582472479555800620647709e-15 
-7.6055595706256001742318062e-02 2.8437972910730642539522961e-02 1.3659503573196590808791484e-01 0.0000000000000000000000000e+00 
13 (band)
6.2879619958837340565338536e-01 (Ry)
0.0000000000000000000000000e+00 (Occupations)
3.1649160873770743052091348e-01 -5.5886126292273274884792045e-01 1.1312654323625381813656077e-02 -1.9975898802050418012754562e-02 6.7644386451818097325469539e-14 -2.9404144351371822593042391e-14 -2.3180403267514210208233294e-01 1.4347689165290514190509441e-01 -1.2904031989359671106498695e-01 -2.3193298789737457066273407e-01 
2.1274269772921107868719355e-15 1.6273250726182850168932589e-15 -1.7907264408545398026717521e-02 -3.1079441704744470431620584e-02 -5.1691303039169078648029654e-02 -1.7167448395855156029199406e-02 -3.6721340477432008742031400e-02 6.4842569353557075184646408e-02 5.1550922077608580714294783e-16 -2.4758160443312802328862044e-15 
-3.3573600695665605496608403e-15 -4.5922865840199382869599792e-15 -4.3459794700501680475568378e-02 5.5314192124096106528696737e-02 5.4242311878548089831841850e-02 -1.0811661030537539351925602e-01 -5.4657717762392743487964708e-01 3.3726286261247462316958945e-01 -1.9536817193560346295200247e-02 1.2055100776881488844338719e-02 
7.5023983520411817848891395e-14 7.1142890187279366058606016e-15 2.7225194199611268963678867e-01 -1.4057314188453295944469801e-02 1.3443252662249105533476268e-03 2.6541007483303291625276188e-01 -2.1018636989330221639660562e-15 2.7125515422279230451895513e-15 7.1962019403679078344282516e-04 3.5862012799788595129868440e-02 
3.7026952815745944880276852e-02 3.9946424864961416201225575e-02 6.3417301982838805707309859e-02 -3.9131335985977760971721295e-02 1.5646912789152598088827151e-16 -3.6687265469095283321317181e-15 4.6118524640516082841268765e-16 -4.8483822086015725707885115e-15 6.4731923693748069648101762e-02 -2.7535280290189811935874786e-02 
-9.9618474482768920585940009e-02 6.8611874800114297512365624e-02 -5.4616237060947747661288076e-01 3.3700697446560501369106078e-01 -1.9457835881068669126037207e-02 1.2006368304406010716345321e-02 -7.6776375916887657904633053e-14 -5.8118408303698645712711241e-15 -1.3500410396855294647977530e-01 2.3726937937254308219614529e-01 
2.3684380023275403148730334e-01 1.2015027361888680479395930e-01 -1.4003581384412105356022591e-15 1.6576300034220960384635932e-15 3.1792024661196488510839231e-02 1.6691843889863514083238272e-02 1.9064486285158444012211021e-02 5.1035119986412261217090247e-02 6.3410975121560284040178601e-02 -3.9127459724302718346855556e-02 
-2.6693903922625833399304673e-16 3.8967296338477777140423822e-15 -2.0139949137304160517274261e-15 4.8971953996176320390909447e-15 5.3651026746621546803517333e-02 -4.5495021911922450819076857e-02 -1.0599946792899611613947286e-01 5.8273700616922316508627944e-02 6.4096008189869790871995292e-01 -3.2205734280473422015411700e-02 
2.2835143604987506726899937e-02 -1.1473768235560786662996513e-03 -6.2876772218880230805271129e-14 -4.2454853342653209197373431e-14 2.3261039339841524387075822e-01 -1.4288201902029173950836594e-01 -1.4966496852178826082457874e-01 -2.1938885832404431130981948e-01 -3.6480872357316323863856548e-15 -2.7735620246189301682239863e-15 
-1.9818206462754284213900746e-02 -2.9943098989616827310111802e-02 7.8800198756726180099319023e-03 -5.3906802874056962415760808e-02 -7.4417258567372981947762867e-02 3.7391840900830391157538823e-03 -2.6078944145044898954104901e-15 6.3601389101739409132888095e-15 -7.8545449389633783232946278e-15 1.8099839011845692791956851e-15 
-6.8932147087977749255749416e-02 1.4021012359139583755562875e-02 1.2096161120301414382272043e-01 0.0000000000000000000000000e+00 
14 (band)
6.4421326769202535977854041e-01 (Ry)
0.0000000000000000000000000e+00 (Occupations)
5.9874890065631414267969456e-14 3.2291088786332593644193761e-15 -2.7474958522501237060324665e-16 -2.9521293187415714491380677e-15 -6.4965043107849351766702739e-01 -3.2367119809507810535009753e-01 -6.7540433865401882192200015e-14 -1.0515391559841276829588485e-14 1.7324756325815341571788742e-14 -3.3678213129573490971375733e-14 
-1.0047733877143083525140810e-02 -5.0060568738332575366989374e-03 -2.0989337510879650955933469e-15 -2.6327508721703163664772023e-15 -1.4518559170491437411794912e-15 -3.8196452589818208965568739e-15 -5.7204824228854565448495363e-15 7.0362177770519579511443991e-16 -2.3650361928170160474849126e-02 2.1443884205063705461480339e-02 
-1.6932109625523480977982160e-02 4.9032338739083455858569494e-02 -7.2010866704885291728403046e-15 4.7253935152935408748815744e-16 2.5996602744535116312544796e-14 -7.5980361273835335715511258e-15 -7.4475416079377664761871835e-14 -7.4215592332901368705334581e-16 -2.0194822034042943579120260e-15 -1.2919203278802169910119346e-15 
-4.1336322359424260142191088e-01 -5.9660671506157103571865719e-01 -1.5764975324712220478600835e-14 5.5586592110514447239149276e-15 -7.6803662341285166520722353e-15 3.4660948942643722463833990e-14 -6.3932100245726597442796901e-03 -9.2273737906032257671817831e-03 -3.5698900021234566854670356e-15 -2.6023941984739553861480415e-15 
5.5735589271212982361673626e-16 2.2471383972553580209831863e-15 9.9383876520167226949902425e-15 5.1794609196623807334843614e-15 -3.1055640145537549701160174e-02 7.3977702238132861736752410e-03 -3.8459230107684455601813056e-02 3.4810259954777003632564458e-02 1.0252319215075838185687832e-14 4.5449009469475105971758859e-16 
-2.3799138770435036911816731e-16 -4.3579132574254002368501641e-15 -4.2244271719474441260707204e-14 -2.3166236124314090802636381e-14 -6.2343339001203815193594496e-16 -7.5491159045678847115058585e-15 4.1337182210193412768006738e-01 5.9661906099475603415527303e-01 -6.2743086514690700195066583e-14 1.6521041561879710838483439e-15 
2.0501680145708138986143491e-14 3.3716976835387690075310390e-14 6.4072906151465755519858192e-03 9.2475745297179411108512426e-03 -3.6769221962454151386832976e-15 4.9934422038624094639359644e-15 -1.1149007931939170456284663e-14 5.3699423836429259479776172e-15 6.7605202229908639775821797e-15 2.3691257945788814661018268e-15 
1.7836967096153785033996186e-02 -2.6472705316655562035599303e-02 4.6098134809802793210309346e-02 -2.3778878191298147282140008e-02 1.0369151208327467226138342e-14 1.9577211403143582907219156e-16 -2.0310744042693864573710807e-14 -9.2698450124295155312086882e-15 6.2008111908142958107907603e-14 4.7129173238498236815998908e-14 
1.5070931174930197956714315e-16 -1.2284768827517122275625800e-14 7.4817064412777939397258820e-02 7.2196466265516767712995261e-01 -5.6674155015592870401717839e-15 -9.4393454287526198798589676e-15 3.8691385633672163460301176e-15 -1.0420883910216313471633829e-14 1.1596985613783830377371276e-03 1.1190447129422621125316439e-02 
-6.3441363091210035061363200e-15 -5.1357381474364509876513225e-15 2.7308138070240466885938194e-15 -3.9902403346486388572648776e-15 -5.0182198730927399725012413e-15 -5.0142626086487931657830543e-15 2.8383976467059510856438820e-02 -1.4605184075844457672332943e-02 5.1851665406137989466905935e-02 1.3703560082710920190601778e-03 
-3.1640704775755106246228679e-15 -2.5816296433949439313970463e-15 0.0000000000000000000000000e+00 0.0000000000000000000000000e+00 
15 (band)
9.1022210771219447256186186e-01 (Ry)
0.0000000000000000000000000e+00 (Occupations)
3.6484655183169678593912977e-01 -8.3757423102564798611524566e-01 -1.3621166474823198644372724e-02 3.1270000478583040437463580e-02 1.0855779808692437704429067e-14 -2.5834092372241704898552275e-15 -1.7065182166276235409263506e-01 5.7038917122509691370879636e-02 -1.8415103130577081813612494e-01 -1.5617456405988772161208544e-01 
1.7183299589553880082522402e-14 8.5064011558836884195864392e-15 -2.6256506731176243452097196e-02 -7.2757662795386868204161601e-03 -4.1896116328361238112520937e-02 -2.0656070902400125444131618e-02 -4.3990186351347999871297390e-02 1.0098785570384899434870363e-01 -1.5404569304709581936277746e-15 -1.8703223235875709406690498e-15 
-1.4339598407900770951918241e-15 2.1958759229424918446343293e-15 -1.7644669792083178538888433e-02 1.5544429492206607301696408e-02 9.5125155221543345601675767e-03 -3.6208309688246009816481319e-02 7.2322193366253084700900899e-01 -5.5820572688847847064863572e-01 -2.7000756790562144282752399e-02 2.0840063310908707450153088e-02 
9.7092450033823064682754066e-15 6.2491646634992882810099335e-15 -1.7702203917690861878497799e-01 -3.2228557972382693153079458e-02 -8.6135108844470065214693477e-02 -2.2557224965549715900436922e-01 1.0614522407898799482816410e-14 1.2695862986371928344558183e-14 -1.9503625107031796748202623e-02 -1.9024971179031360812849982e-02 
-2.6762708558621201015981228e-02 -3.8284660885666010887717903e-02 -8.7200164677658467682341836e-02 6.7303898661794370195110560e-02 -1.7591583219259132595755519e-15 -7.0404192536786205737188643e-16 -5.2299449350796803138073301e-16 2.1444206282436186780953479e-16 -2.2950728025395918108220172e-02 5.1213029019931410878996303e-03 
2.5779367120050369899253440e-02 -2.7146894351454859545258458e-02 -7.2312821683376826698008699e-01 5.5813315404530017271866882e-01 2.6983393279142058041042418e-02 -2.0826614377648336451365196e-02 4.5854009390529059727164050e-15 1.3901875269057911799719176e-14 -1.3327077919733365529708635e-02 1.7923868468700118739000970e-01 
1.9629499965494601187998569e-01 1.4070758235548402881320840e-01 7.2125473912051890525974836e-15 1.8625691576862026144231379e-14 1.3043953315211798127393195e-02 2.3937965392151698551526096e-02 3.0416364114154992304150937e-02 3.5338765685823836371071138e-02 8.7255141127996246885878406e-02 -6.7346234450053360509613753e-02 
4.9789831527135116371924778e-17 -1.3849361355005699951418379e-15 -2.1127462369008709425433967e-15 1.0983109383381198666933999e-15 1.0703032749055031019880246e-02 -2.0876717978485281879130753e-02 -3.2703924213862381464856810e-02 1.7979134479397453072468949e-02 -9.0256478453188559996078766e-01 1.4072613598293284842277728e-01 
3.3679025776025842131566890e-02 -5.2511524515404112145589011e-03 -6.7047752487044467598707994e-15 1.4165755982243017114040993e-14 -9.8027502288069917613100301e-02 1.5064768796553759666601024e-01 1.0422822469407679035757752e-01 2.1786883163721937339829537e-01 4.8038888946695834898929578e-15 1.7453220776100384339407707e-14 
-1.0169935251799419595464258e-04 2.7260971414234488885419694e-02 9.6294828508045760689926240e-03 4.5620791599323057274872895e-02 1.0890655892101479274014508e-01 -1.6980470307183886946589269e-02 -5.3613404247288690855698326e-16 -7.3917191117720755396546308e-16 -5.7142853391929336262331364e-16 -2.5553536981980816755404562e-15 
1.9436574683389374468278632e-02 -1.3138182072031569930237183e-02 -3.7320181344873380735460699e-02 0.0000000000000000000000000e+00 
16 (band)
9.4673681294618172721300198e-01 (Ry)
0.0000000000000000000000000e+00 (Occupations)
4.6279655467911708424296792e-14 -6.2091610189486053150992079e-15 -4.1399752933997679775296385e-15 1.2108863928222201948121058e-14 -7.6972124970894756357253641e-02 -2.0088980927961427869199440e-01 -9.8237862904249129330312343e-15 8.9907669058823990223126893e-15 -1.3623242381129361312107866e-14 -1.2095151293228499130071318e-14 
-1.2254586767744421460513138e-01 -3.1983249023820448098121005e-01 -2.5256042732099593123750148e-15 -1.2645570404106998438754525e-15 -4.0239975967289846562407431e-16 -5.1741896695469144167082658e-15 -3.5208707209439578876164257e-15 -2.5596617838455446027785162e-15 1.6417252867439710573016498e-02 7.9494259727847134400224860e-03 
1.7415348845225525620250551e-02 -1.4905961358688034693043001e-02 2.4207006426600949355626872e-16 1.0362702190393951362621383e-15 1.0809846919677453004204024e-16 -3.6357886631696053545324732e-15 6.5728270896794277596532882e-14 -1.9150749943082376012978092e-14 1.1308243787980235475209383e-14 -1.9955891826211556048780938e-14 
2.9328216410167654015772598e-02 -2.1312268583408694455627597e-01 7.8099810742178946578265894e-15 -1.0917295764122369461894199e-14 1.6539007834545942028956792e-14 -3.6733264643342691586648473e-15 4.6692714794783846121717374e-02 -3.3930826969273603088694813e-01 -1.5223308343536754881790643e-15 3.3346613722730949922730574e-16 
6.6573794726740872188402352e-17 -4.4929794939233712973944938e-15 -8.8865852535211800209296099e-15 2.4037648159916409101272818e-15 1.0556883187065260396031441e-02 1.4875206969480516891457533e-02 2.2442188178695636480153297e-02 -4.6722852202703141211159732e-03 -3.5043768845114120255447984e-15 -2.7191808561092031042693496e-15 
-8.8347313379490784403491892e-16 2.2765410219448051419522414e-15 -6.2887326222416415986021678e-14 1.9505096338080590611186024e-14 -8.5612720781659204812033817e-15 8.6588070075800679295892271e-15 2.9328152999928094879500406e-02 -2.1312358002630935049914740e-01 -8.5647199386336417104356385e-15 -3.7838857095461699218841134e-15 
-1.3548724855500459381461756e-14 1.0716946145026023571044190e-14 4.6685758752444204977560815e-02 -3.3925785845182715450008004e-01 4.8954463097413658137885027e-15 1.2919912248463710079215205e-15 1.6004824325548434657878286e-15 6.1531162492486841098756499e-15 1.0140575384078736324709276e-14 -1.2762479452088609395235441e-15 
1.4188527831492667510837613e-02 -1.1477353439572528584489142e-02 2.0354292602181880272871339e-02 1.0565849947678234918568840e-02 -2.7642281876037252340218079e-15 -2.9564666356534339108898344e-15 -3.9975564230173804123355770e-15 -2.0997238398839576021302123e-15 -3.3894809115692592266102725e-14 -3.1250155421953200457104400e-14 
6.2692786817461107016784000e-15 1.9443294080943702964193625e-15 1.2837352409389107821269249e-01 -1.7263267139603499789046737e-01 -1.4133656209555978676090144e-14 1.4556057106361601373803837e-14 6.6527490349608622986831802e-15 1.7536659798032885899350861e-14 2.0434976202091953423334303e-01 -2.7480289182177114470917445e-01 
-4.4911888374922138715593065e-16 2.6892257610631680480907255e-15 1.4483177517578854586107931e-15 1.9869698539445522760311422e-15 1.3517029660331586665607492e-16 4.1608676360751177569841197e-15 1.7962758907039286238038756e-02 -3.2223060763086198814153516e-03 1.2746465543515817647746147e-02 1.9064680133692939179024251e-02 
1.8575140117109960653475486e-15 9.2088618377197703170821569e-16 0.0000000000000000000000000e+00 0.0000000000000000000000000e+00 
17 (band)
1.0447179038234035708399006e+00 (Ry)
0.0000000000000000000000000e+00 (Occupations)
-4.4212577971767336171282636e-01 1.0505301297148340877729567e-01 -3.3977655973712345138793012e-01 8.0734024241798624244026428e-02 -9.2194230580948619385389826e-16 5.2478012267762335038055402e-15 -2.9568818576439903633712447e-01 -9.2939193308354595135512000e-02 8.6255859349037344863120325e-02 -3.0275488113727205830016942e-01 
-4.8718509269135891063115915e-15 8.0998853055395580016486922e-15 -1.2181256186969233179517857e-01 3.0291627604420168218268827e-03 5.6979078369765401301805241e-02 -5.8359166512690019423814647e-02 1.7232864860459656819458019e-01 -4.0946820752386106634368446e-02 3.6703540225298598037637445e-15 3.4216812754270946035104611e-16 
1.4638023022095175726317848e-15 -2.0752109012719844553564373e-15 -5.0865388337621234016161509e-03 5.2171219699523221913217697e-02 3.5343922577532410622680459e-02 2.0940673758679421295747503e-02 4.3804744916676668919919280e-01 1.2093706174640470041303786e-01 3.3664238182814298916412099e-01 9.2940841260167522674962015e-02 
-4.9986550132277332239992151e-15 2.4795862819717858429650440e-15 2.1433973456230731580163251e-01 2.2389210580369656167221137e-01 -2.2143986206935140081952795e-01 2.2375204761340206083275461e-01 -1.5621628481744683496546729e-14 -2.5443828427727631743443280e-16 1.0820447197177072984342061e-01 5.6029173665107484536562765e-02 
-7.8045889881982105640290115e-02 2.3690647109221897592679085e-02 -1.7073902727776057997033377e-01 -4.7137987057788433009619666e-02 -3.0037886205516390880175434e-15 -2.0398140375238641965312483e-15 -8.5789657647191211663982554e-17 9.4365136299323884215611532e-16 2.9591044728767244842426720e-02 -4.3267529558594738925414447e-02 
-2.0883868934008464196550037e-02 -3.5377516857192668753295806e-02 -4.3511389652138920958179824e-01 -1.2012752983222432789922607e-01 -3.3486482516816107324331142e-01 -9.2450563286898157500104389e-02 -5.5138028607433452665282818e-15 -5.8759047616408867104224712e-16 2.9945520802432717966112818e-01 -8.2137663418785505919927914e-02 
-7.5569676075058017650221132e-02 -3.0591613610014634083711371e-01 -1.0503378268137502766274476e-14 -6.2772127515617655138123902e-16 1.2129835683314847682989779e-01 7.4390520314689123626550327e-03 -5.4711062433305687746631918e-02 -6.0158311370857475708362472e-02 1.7079668019545296564487558e-01 4.7154052663832934921828155e-02 
-7.4485517821922472049735640e-16 3.1531063936136932486996957e-15 -4.7529298060602737655052757e-15 -2.1608797623326898635447906e-15 -3.0774102015600386661464682e-03 -5.2338983829602753194976117e-02 3.5893193105864196201792993e-02 -1.9732449889657589781055691e-02 3.2342133525996796805657141e-01 3.1488627513476941111036922e-01 
2.4890588468252689002824241e-01 2.4233740602180559031708640e-01 -8.6662674068832760198406752e-15 -5.8689753889842266154200922e-15 -3.0198472030338835425666844e-01 -7.2285863542341427523396646e-02 -8.1154010564622666712430998e-02 3.0448232270167147062167601e-01 -4.7508635843508505005646850e-15 2.8124626251842872462824878e-15 
-1.0271076972651109471268427e-01 -6.4954820050088860061698881e-02 1.8962181955912909420147727e-02 7.9074385454753801094618382e-02 -1.2695363367120884867667030e-01 -1.2360333954261011613073862e-01 2.5487793604301438519587955e-15 -1.1612445936871316050270506e-15 3.5740257394224893236020976e-15 7.6247751708364135403028898e-16 
-2.2517742639422352185496479e-02 4.7347554829041717250337484e-02 -4.0959625120143762500024565e-02 0.0000000000000000000000000e+00 
18 (band)
1.1885457296945369787266600e+00 (Ry)
0.0000000000000000000000000e+00 (Occupations)
-4.0917307561162026552370463e-02 -2.8114037763877408604429320e-01 -4.7712198618856518916864218e-02 -3.2782697643960095890136586e-01 1.6140396909236036233869034e-15 8.7098527862366518908860344e-15 2.8791595366745387218898600e-02 1.7408191443024084721358236e-01 -8.8367313476360453972091591e-03 -1.0178728564646888354872090e-01 
9.9963903244734943675473191e-16 7.1709900588039032449007452e-15 5.8040148882668479712876319e-02 2.4365581207755149240057335e-01 1.7467507440130869422745263e-02 -1.4830322494177830550121655e-01 2.0421585884046633552202366e-02 1.4031497809197185366869576e-01 1.0983004483858854687571864e-14 1.0993118823728015488083556e-14 
1.2055870738123653187176672e-14 -9.3657096760295886627181693e-15 6.4435593828152962214694810e-02 -3.6147377571814146013373659e-02 4.5918605701020159814973454e-02 3.9816573331859103634933206e-02 -9.9584299907191531353589653e-02 2.6607725421186256831163064e-01 -1.1612133198456994764846684e-01 3.1026249634254227105500945e-01 
3.8788687182384989317656956e-15 -9.2185091530817586275747196e-15 5.8634334514059069376479272e-02 -1.6641960134417038696952318e-01 -4.1292712122628111304223353e-02 9.3454006151380830669239685e-02 -6.3743982837221489855362999e-16 -1.3188196451614570936997199e-14 6.6521112495833520372734426e-02 -2.4147827072804950443440930e-01 
-8.6752516944234317475270757e-02 1.2154407080619972214563518e-01 4.9701684093346867876483941e-02 -1.3279712664532847266052329e-01 -3.9020770026687813669530504e-15 -1.3823566876607377147300879e-14 -1.3583200741921695319090005e-14 4.4689478311602800575918155e-15 -7.3879473258535457991236228e-02 6.3410436632321126593225813e-04 
-2.1057000424201374744193060e-02 -5.7012986192207668056930459e-02 -1.0023528043636772966173965e-01 2.6781521906014710276977553e-01 -1.1614031312573992738013118e-01 3.1031103838276274942131749e-01 2.9805094077957645598112598e-15 -1.0680024064760869043669635e-14 -6.4268359640776748231694171e-02 1.6234051600361407152739446e-01 
3.0054840134765573034236752e-02 -9.6520726988352067987619876e-02 2.6769765388115500806975706e-15 -1.5135405222499161460310073e-14 -1.0894364905678742549977045e-01 2.2644618935152494021423308e-01 1.4019713772744177293638757e-02 -1.4925450683923147110476748e-01 4.9705239500492659487917990e-02 -1.3280551100462850699912565e-01 
-1.0718004968237642250049368e-14 1.0472468684201633115632726e-14 -1.3090811764371415803306929e-14 -1.1490123313836931117265026e-14 5.5119715945298755621628572e-02 4.8945827347063250445380334e-02 5.3230583081209564833002901e-02 -2.9263760684345441198672688e-02 2.1685781157566794141722255e-01 -1.8639955086588849697548653e-01 
2.5126801505884238663313113e-01 -2.1597661327913844631076756e-01 -4.7082304661569389693031013e-15 1.0163531341596330506856136e-15 1.3452693290339079457140770e-01 -1.1129856023706849454946166e-01 -7.2836472027829668451914813e-02 7.0102728166778635610079107e-02 -4.3120112064551953535963724e-15 1.0046619248569113683087290e-14 
2.0455933111590535178336836e-01 -1.4595230520633878379399562e-01 -8.4189475871161378872642445e-02 1.2403867275423813287815733e-01 -1.0753657627024636178614259e-01 9.2432674693933347676022549e-02 1.5081987355507758251738783e-14 -2.6570091678277751675859369e-15 3.7610387141597127672730945e-15 1.3437770968516627195542428e-14 
-2.4721943132084457650510245e-02 -6.9445681135359496605197194e-02 -6.0744239764411352144879430e-02 0.0000000000000000000000000e+00 