62 (index of k points)
0.07914569142867945716890432 0.04556355355104345361549889 0
18 (number of bands)
52 (number of orbitals)
1 (band)
-1.4863202943794553423373372e+00 (Ry)
0.0000000000000000000000000e+00 (Occupations)
2.5731884386606995729351866e-01 -2.2420163628680972456308496e-01 -2.0454546879933505065807253e-02 1.5560030749832670649013266e-02 -2.9612728972191103636911260e-16 4.2963870172563126128393628e-16 -2.8445935845823069887394752e-02 -2.6385869940405530520433075e-02 -1.6639698276223618272906535e-02 -1.4830768776494182570324654e-02 
2.2351765242880970116073359e-16 -1.3265070164767002615297506e-16 -1.4359814089513589507873803e-02 -2.2194296089302109620255976e-02 -8.2396146177273477118063738e-03 -1.2761113697688855617151660e-02 8.0785832358224868299245713e-03 -6.4988684979008087827523354e-03 -2.2490835928310627334473014e-16 1.2395601751416870493401448e-16 
-5.1550209099730173385425510e-16 2.5474072262598581173568930e-16 3.0708724909439162609192664e-03 2.2008249704928081746935220e-03 5.3907626320861545821117033e-03 3.6017730777625073246284160e-03 2.9811065796143548789487454e-01 1.6616075569174687531770473e-01 -2.1568864366528793519162122e-02 -1.3974517341842317141864527e-02 
-5.6890265265410353458190066e-18 1.8245377307708889544942487e-15 1.5190240451205146848812078e-02 -3.5702128699723306715085869e-02 8.3174883430199297862372987e-03 -2.0679715880294956276141960e-02 3.8560584557076998082259655e-16 -9.9472086919895707174077907e-16 1.6017972811112606013050907e-02 -2.1028922621175345775146326e-02 
9.2156165493571806646144751e-03 -1.2075168051377298955584294e-02 8.8511828734689837472338070e-03 5.3995704080551931713927161e-03 -6.3853131227750464580855373e-16 6.9743313373175700252453707e-16 -7.6931854036595593846755610e-19 7.2662109278018777641086376e-16 -1.0304929296507392422199700e-03 3.6348277439678441241843743e-03 
-1.5627833004764196678237909e-03 6.2921220120822577565045108e-03 3.4018449129380828876989540e-01 3.5464343607987745821130687e-02 -2.5217178509497943650341512e-02 -1.1490256346469562148682186e-03 7.7005917121097345848885507e-16 -6.1040039547647765328005411e-16 8.8899634662965160147862775e-03 -3.8255712741105452057155389e-02 
4.9419668879359321400634997e-03 -2.1721920657702377399633775e-02 -3.7128412075024092587968864e-16 6.4024701090626514742375375e-16 -1.5224010947597482745763386e-03 -2.6102295979416434423825422e-02 -4.3345477723651798518389455e-04 -1.5247716440941652682461438e-02 1.0354370841037883327340197e-02 6.6439394519007474726457474e-04 
-2.1444739541307669817877785e-16 8.2447025014745074333338393e-19 7.4516117278069253587517025e-17 -9.7799155340173152649341369e-17 1.3175682817291624326916377e-03 -3.5416199651091811312353386e-03 2.2109679302724314503558745e-03 -6.1411996769152894098953155e-03 8.1865668196215560237227749e-02 3.3208616375143140686532206e-01 
-7.4609184800882299981594770e-03 -2.4115576860677057080550867e-02 2.6785058461478984933452834e-15 -2.9177349487640084727744194e-15 3.9005432156377028984906019e-02 -4.5942649092820765296951713e-03 2.2111768997125861441199746e-02 -2.7082366216563125149718871e-03 1.1243380682918001976205455e-15 -8.9614834060878533924931144e-16 
2.4043453331964993041625078e-02 -1.0274235366390525175939175e-02 1.4199455599989323564824595e-02 -5.5728090198018855744299671e-03 2.8823025580987774764418763e-03 9.9672838221708335432191816e-03 -1.5596935990666145019509221e-15 2.1966868880305286537703189e-15 -5.2978238426818208701591461e-16 1.6552731854082970430343526e-15 
3.7785524556496782704051451e-03 3.9993676784029041481466349e-05 6.5270753527487184939004372e-03 0.0000000000000000000000000e+00 
2 (band)
-1.2337423133678686593128759e+00 (Ry)
0.0000000000000000000000000e+00 (Occupations)
-2.2088859241409283806767405e-01 2.7929230295248330673274495e-01 1.2741878132090697639533516e-02 -1.5295511717151502595335444e-02 8.5045734418448141730718234e-17 4.1886691327888147378748481e-16 -5.8919253713476532618997794e-02 -5.6500915760662934195224238e-02 9.2387367400551922980156405e-02 7.0521003454377145791553971e-02 
-2.4519018796083253551793769e-16 -3.1878586664505424834729020e-16 -1.1484138509637210542879693e-02 -2.7761841942317538878270966e-02 2.5407719193177996652721617e-02 1.9567510951203570535028575e-02 -7.5526804245582418451121498e-03 8.0629617165759170926975230e-03 -2.1785739355800831964787776e-16 4.7829661842459923423619781e-17 
-2.1821686231418923409774279e-16 -1.1449886627603762998871209e-16 -1.2286483998864838884657047e-04 -1.3354341359782806453182502e-03 5.4095448328304075735761813e-03 -5.1311954341151794212194659e-03 3.3760409916517331030405558e-01 1.1322293484116000006345359e-01 -1.8707410124470844059452190e-02 -6.8074182666826472953847116e-03 
7.2377188751330106284231641e-16 2.4004269859190873342127172e-16 -3.3202439602199054768938424e-02 7.4574995436856736374942045e-02 3.5056751267376701219902202e-02 -1.1081363532523361148385277e-01 6.1654454577514934503378213e-16 -8.5771254006369349158596711e-17 -2.2230469999711264389441467e-02 2.0209193673451364414717091e-02 
9.8041367926189754156141021e-03 -3.0533892335837087284033942e-02 1.0144664879233090265531203e-02 4.3749408826327593202698552e-03 8.3614275482407535207311592e-17 -3.6406582216880087091901301e-16 9.3502945938936198081851573e-17 4.6397700788497737876839286e-16 -1.2148653163793418641169808e-03 5.6796334697212236264363128e-04 
-6.6602610718512911952560174e-03 -3.3516062322843697199314938e-03 -1.6635371641783586182938848e-01 3.1308886243148931205482199e-01 9.6255012832104150377610097e-03 -1.8310434622654664371665945e-02 -3.5150136544527672194463564e-16 -7.8975305536778076533330137e-16 -7.5164730659228684572781276e-02 -3.1442489986428540094109962e-02 
1.0099783591311234376419748e-01 5.6552749830519596918598779e-02 4.7875923283126818764563270e-17 3.9006654452946983853291433e-16 -3.0208795211230463767515531e-02 6.3152195489911042668162988e-04 2.8495907801033303063942270e-02 1.5417348232077687786301112e-02 -4.3013668390976377703394107e-03 1.0117406893147216570549851e-02 
-1.7502665330253649185413640e-16 -4.2602686381239516539540120e-16 -9.8054307620928983946760846e-16 -2.6438808927791424540306666e-17 1.3072589272080563718714252e-03 -4.5766474690328486779611339e-04 2.5076477821284904462517673e-03 -6.9652596668398946214151302e-03 3.5092960156000174709589601e-01 5.0463942509597833896428654e-02 
-2.0488458093635864010195746e-02 -2.8540105060543170811815372e-03 1.3479774498279197859368517e-15 -1.2123474951744306804811297e-15 -4.1224896169580237462182204e-03 8.1371813246228510974056292e-02 1.8997597860524680773997019e-02 -1.1418348237839448522379371e-01 -4.8387327611540525582674914e-16 -1.2053880822064175250078929e-15 
1.0827051325500870043727630e-02 2.8208954033933624633290194e-02 4.8532419158110514517678880e-03 -3.2033692119716704327370138e-02 1.0976309634736596682058618e-02 6.1992396986367405246898254e-04 -2.8315687989053684214949206e-16 -2.9925238062326859489033318e-16 -5.5076386483325866193972869e-16 4.5422164301552130474100544e-16 
-8.7342612921238944097973578e-04 -1.0749463801165938178772130e-03 -7.4029142657291505114081076e-03 0.0000000000000000000000000e+00 
3 (band)
-9.2954880832634900755806484e-01 (Ry)
0.0000000000000000000000000e+00 (Occupations)
-3.1833274671705791281084430e-01 -9.6901419376145603301608844e-02 1.2743241636837432384510294e-02 2.7581563699654587651366455e-03 -3.6721900383474201332495032e-16 8.3547775176350006283372185e-17 -1.6691101058696264369807238e-01 1.6135928769488089296046951e-01 2.1339216411070643930614210e-02 -1.0160759757515665235860780e-01 
-5.9854767497376599464670639e-17 -1.0711732230022754506761533e-15 -2.7183290068475723932905908e-02 3.8404535500054987062767964e-02 1.7057733444061085048559789e-03 -2.8261008874340451391127260e-02 -9.9709773352320563155615218e-03 -2.6937003050447536067757426e-04 -1.0461711820621768054658365e-16 -2.8242810978065769979434026e-16 
-1.3343494622672480952869018e-16 9.3821828214424641379332256e-16 -5.4995576815799612768742577e-03 -1.2118714833442928435758290e-02 4.0538028505339718243760672e-03 1.0448655288270812871442850e-02 1.6658690593550497249797360e-02 3.3233734478273169177242607e-01 -1.7215228829654052877806691e-03 -1.2924163142719768959665316e-02 
-2.3033460559697993344587388e-15 1.2923719021404693330033724e-15 2.0835893927652082702195457e-01 1.0238485046197376426846404e-01 -1.0282903632485690392783795e-01 1.4340687938004748058773430e-02 2.7458461566120709248072018e-15 -7.4072796558633465305215828e-16 4.5342100035848972860996753e-02 1.2567162379053770787651345e-02 
-2.7168049876204851400540718e-02 7.9681460341802512470366082e-03 3.1241030439150387423841160e-03 9.4727466663084222697754910e-03 -1.1774281238065956691837913e-15 1.7400134783457954741164027e-16 5.7321760692890248199562570e-16 1.9819627111050516101642762e-16 -9.5393569999003280379668013e-03 9.2794963190785881290700843e-03 
8.4577620754899499738721502e-03 -7.3535009049051254514939302e-03 3.1595959199468681699585204e-01 -1.0648697269681359212079030e-01 -1.2492617555647692051401521e-02 2.1712922254759556284220423e-03 1.1759585878549366641793563e-15 -1.4172184510316719616043701e-15 -1.7014452517334827108541617e-01 -1.5682676632251266179984839e-01 
2.2937781506525270480700840e-02 1.0173526624805132034801147e-01 -3.3740018466061905803541589e-16 4.6963744206406653195862919e-16 -2.8586227250241943997899341e-02 -3.7925262878382888509509741e-02 2.9940984547692228723292374e-03 2.7783521356987868344834425e-02 9.9984123268901641673478409e-03 -5.7317952236682519207011666e-04 
2.4283495568237251132302046e-16 6.5943586105175657086163527e-16 -8.1706729684135367810291630e-16 4.8796269457301646547154387e-16 5.2035339247955393962574711e-03 -1.2324797063293133070338570e-02 -3.7958836262930902016865531e-03 1.0543472377054701610843424e-02 -2.0721903982844008806907254e-01 -2.6120912820987463032196274e-01 
6.2746503879367136746747491e-03 1.1018564599313150978443510e-02 8.4267552564490173327425105e-15 1.8548752979210264412800066e-15 -8.9920885891799709477290037e-02 2.1320888434133974942419343e-01 8.7950859134671155459272995e-02 -5.6043310006431291958595153e-02 -1.0869670202542709067630409e-15 -1.1756663538784848298849085e-15 
-2.5999911333389271600458059e-02 3.9742956148882215006157281e-02 2.5126766255040310082957689e-02 -1.2228421898004587092811946e-02 -3.9261349871193311142358873e-03 -9.2131562391114373705702789e-03 -1.2762351510801719458815527e-15 1.9816361950417219517913087e-15 -8.3925922260306082758507354e-16 2.0934428971250424056294591e-15 
-1.3358798797729843840786934e-02 -7.2102887577751785704027743e-04 1.1205960122636053274969292e-02 0.0000000000000000000000000e+00 
4 (band)
-7.4571711329511247701162802e-01 (Ry)
0.0000000000000000000000000e+00 (Occupations)
1.0334211783545738105871692e-02 -1.7377466402738722672793870e-01 -1.6536798377730158038367847e-03 7.3284464285128247951206504e-04 -4.1545550197671609151239442e-15 -9.0624079543705482066233766e-15 1.3890120715997800182606170e-01 1.5814308877545790732455089e-01 3.0102022506965303572101789e-01 5.1307881055000587045000771e-02 
2.3807130642101311530321836e-16 -3.8050359737965484472038182e-17 2.4001876453398213184797783e-02 2.4421063016629232511611747e-02 4.4058615683494450898649575e-02 1.6337206303783928518225110e-02 2.1465646533785492922064009e-03 -6.5593374859375906671399292e-04 2.3553766198874043476520817e-17 -5.4182145560888636306274877e-16 
-1.5806403072154120454821395e-17 1.0096786125105804229988047e-16 -1.0470323107070944254615164e-03 1.7051484508189700822766710e-02 9.4098758425711394315360536e-03 -4.9930016023520800566570799e-03 -1.6700182892179407656563228e-01 4.9140807154496701780743706e-02 1.2496835000820882832783809e-03 1.3076732871720175843677225e-03 
3.7162027316811495807346265e-15 -4.8582142340778442206501139e-15 1.0174268493891724940425547e-01 -1.8425853559430743766611727e-01 -5.3692366411416211913198993e-02 -3.0060406575507880866382493e-01 1.1697666735137342673234809e-15 -2.3837074524685659635075060e-16 1.4846962837953957964343132e-02 -3.0855244070248429022473857e-02 
4.4703938415130428651877992e-04 -4.6987935489303550573580992e-02 -1.3442782961167638877686414e-03 -1.7974717678649297647464067e-03 -3.8766780284139488781685309e-16 1.1751832928107308279054828e-15 2.2674514100705714348707268e-16 6.7618667126344875371612264e-16 1.6398083403236177885142766e-02 -4.7908518337833050360075049e-03 
-7.8853009596895722033149667e-03 -7.1622522399584801974792292e-03 -1.7058382434940008720580806e-01 3.5020747972689690585834654e-02 4.5260166040841931511806706e-04 -1.7375401430174044342669148e-03 2.4217761272907601541855667e-15 -8.3194586365788056540162098e-15 -1.7622634911292595072396239e-01 -1.1500703630097580676405755e-01 
-9.3671416441700267041525763e-02 -2.9057147237305913645144528e-01 -1.4865840536310269061248011e-16 -9.1278161392962295648000115e-16 -2.7655804618012556905792820e-02 -2.0271483349153740505244059e-02 -2.2424711755974581495198805e-02 -4.1321716423690160735482380e-02 -3.4478296156496422882054009e-04 2.2202166250886133658237753e-03 
2.5987837013629839336001096e-16 -2.5384475615483727395364694e-16 -3.8088499620224105544358079e-16 -7.3403023274351539615921116e-17 1.6730759357559490257960633e-02 -3.4647598927437283158892178e-03 -3.6075929409960759419728760e-03 1.0020474879047485544658613e-02 9.0733558169491884681789884e-02 1.4863618449133111920623662e-01 
-1.7881314510007351170628453e-03 1.6272653612660337163475788e-04 8.6822817982831341866221814e-15 2.5038279159449424417841542e-15 -4.8513361759069659195908741e-02 2.0476522715353595582854496e-01 -2.4166304957063172720310718e-01 1.8656121056495200694058667e-01 5.9949135410848073755447540e-16 -3.8769986622648907874991461e-16 
-9.7049791023764587355460165e-03 3.2887534825020478534973734e-02 -3.1282708100917051841083349e-02 3.5096212322866908450702539e-02 2.2057501887947886416718735e-03 -4.2767190407570597346711971e-04 -1.2325170985543101232015325e-15 1.4047696449829138760197907e-15 -4.5110183214914517757064472e-16 1.3758597517933234933228503e-15 
-8.9272685810328003541691544e-03 -1.4568004169313272452845887e-02 1.0650100639407108008005487e-02 0.0000000000000000000000000e+00 
5 (band)
-6.0163711177648793171357511e-01 (Ry)
0.0000000000000000000000000e+00 (Occupations)
2.7195999200382702756888875e-15 6.0992305648241686302201734e-16 -8.0352724395994918317770320e-16 -5.5911476452499243239776862e-15 -1.5234354996645449453751553e-01 -3.2679641619567711963156853e-01 -9.0641627716867278377411249e-15 5.6084227929624953615938817e-16 -1.3300894489677574255279877e-14 -7.1103917549008958346817927e-15 
-9.0792812209517237409528434e-03 -2.0111967745747638680597902e-02 1.1932028041703794706049177e-15 9.6681185738057877180834729e-17 -1.9681233628686712906701613e-15 -1.0029467518239229824828415e-15 8.6114778288620756927158630e-17 5.0169616315113126199823906e-16 1.7935036254879271888640346e-02 -5.0424915187204238931073519e-03 
1.0299009037753673045934022e-02 -2.9440877723760816749021263e-03 -5.9091233985042284548985463e-16 -6.6588944914469862559820194e-16 -1.3384692079670036631102643e-15 1.3337920697125843936873834e-15 1.3825172499103009263704872e-14 -7.4654600118365459138353852e-15 7.6430354991781793677252296e-15 -4.7100662990787519743622293e-15 
2.5587192608324793585694579e-01 -2.5403545480338751705318145e-01 -1.1522551720959654747933358e-14 2.6203481351838720491229859e-15 3.1990346769385520981216078e-15 -3.3109360813791833015761513e-15 1.5847466839694596130172499e-02 -1.5355207222954810053483499e-02 2.2693212299255965515184694e-16 5.7583439917736137995322775e-16 
1.6343898236723918157976241e-15 7.5887704338530739194111029e-16 2.8111967308832840079285408e-16 7.0045361915021882979832603e-16 1.0819660178080234627651102e-02 1.5166647612806893885561976e-02 6.2587004691774823089689406e-03 8.6928653738742034384756607e-03 -6.4181161808403856987962552e-16 -3.0856090858867485134115646e-16 
-1.6218341704403601102334464e-15 -8.2485228322126239444624738e-17 -8.6932819240574062517149991e-15 4.6480560243627612809369879e-15 -3.9991000579935321193700418e-15 4.6620651290196586234923037e-15 1.4019734469368547169487726e-01 -3.3221276758281537144767981e-01 1.4155866534991007027529347e-14 -2.6055560239007495504668260e-15 
-5.3126067461393927805826452e-15 1.1562401360305342858412913e-14 8.3251781519801358599774943e-03 -2.0409612833391412023420486e-02 2.3815123350124232695689952e-15 7.3811298772297738396924313e-16 2.4191463495761372861759414e-15 2.2313443680468530605733372e-16 -3.0433355175576200620850610e-17 5.6072128352503021499348411e-16 
1.8111104693301252610559970e-02 4.3798744738814086863154529e-03 1.0401572222180448940020980e-02 2.5629876728475550935748561e-03 8.4472382013431160613242899e-16 -9.4264302434797206480083716e-16 1.9446315366734782109939425e-16 8.2783780219757588279301969e-17 -1.7470588737164220163444064e-14 -6.7036453466824107799740038e-15 
-8.1770043724778572155714307e-15 -1.3829980432901668127706275e-15 3.6006276118518737439089250e-01 1.9375923510803468724494891e-02 8.6978072326398493882785294e-15 -1.0214697533291471005896291e-15 -1.4040743028434552172382022e-15 -7.9543050298690078509888927e-15 2.2023065749612116825950636e-02 9.1949021712127768351380253e-04 
5.2148285254035282330471957e-16 2.1701154068232668840467170e-15 -4.8771951404763352552402505e-16 2.9272723649575830517714360e-16 -1.8877680469554195994375455e-15 -7.6712708639195239934478394e-16 2.0139782742450325347949303e-03 1.8524019680661155118350791e-02 1.1119411293738002723119340e-03 1.0654820384652645415268779e-02 
1.7498430509087493176573505e-15 -1.2212265095660713939076175e-16 -4.9194225655671429746897408e-16 0.0000000000000000000000000e+00 
6 (band)
-5.6456572939838489677555344e-01 (Ry)
0.0000000000000000000000000e+00 (Occupations)
1.9605296830495755333600982e-01 -1.4821435756008255468785251e-01 -6.7994093440315109266869342e-03 7.5258115650134061597187340e-03 6.5750075914556952464391896e-15 -3.3656963385785342893590519e-15 1.5957233378205118445869459e-01 2.8444917945992720387238251e-01 9.0906528631452029887149990e-02 1.6383519302779292470262362e-01 
-7.2714210967110163597659667e-16 8.9197581944578331961374646e-16 3.7875833831272326390759986e-02 4.4691141821207674977856072e-02 2.1656620919336785208164642e-02 2.5597538732940322558917501e-02 4.3244966805210116600477477e-05 -5.3115803934561632571043077e-03 -6.0854978951454085278557958e-16 1.1864151670390525405818180e-16 
8.3606290351686684321117314e-16 3.7938139113116812287482594e-16 2.1207774179202720787884573e-02 5.5737608781839913241196172e-03 3.6831674724961710465365172e-02 9.8246837850722076174170283e-03 2.0586261345271986145100129e-01 1.3425664434413225878373055e-01 -9.3841091523928499285034377e-03 -3.8481557343547773131220424e-03 
5.5958383528913157630717151e-15 6.2512386999789985764932105e-15 -2.1357956222463023165936136e-01 2.4649226357839754131262566e-01 -1.2335589395240036114653748e-01 1.4102939711094339414465537e-01 8.5329925409814247864482348e-16 -8.3986352422279743371534636e-16 -2.9219054702626937047860167e-02 5.0775228093863103429050909e-02 
-1.6748313196634969507448076e-02 2.9047155177329905817451561e-02 5.0122125550752915507102259e-03 -1.7585453380737359196928082e-03 8.6807130743650171036664722e-16 3.6693909860397698241130054e-17 3.4218898145620018525884416e-16 -1.3442032183192218376207622e-15 1.9396328974652793375454962e-03 2.1842031045356341545371492e-02 
3.2324288610554516298911665e-03 3.7982207389515548756619978e-02 -2.3314235829435456248681646e-01 7.7031450010801388872394568e-02 1.0272443948976948263629438e-02 -9.9006833103716662680682248e-04 3.0911906436704438979344039e-15 3.9790620379997051652474863e-15 -1.4216371358994103757389382e-01 -2.9279528442653290909447605e-01 
-8.2879385572984964891674053e-02 -1.6811924545508880046718048e-01 4.6044069427873177034747473e-16 -2.2556677504489488659884841e-16 -1.5491816950047539169776911e-02 -5.6962390984936099591617875e-02 -8.5458797532136174940342599e-03 -3.2379038020808284525919873e-02 -4.3715712614486330195306962e-03 -2.9926238742500155080861202e-03 
1.6263533354096452438371344e-16 6.4230776211353604366703321e-16 -5.9170274301040644567105269e-16 8.4610923392829222495513497e-16 -7.5343298055547524433306350e-03 2.0629153042893512426392277e-02 -1.2870239523050110500013155e-02 3.5748465510753446583436244e-02 -1.5145156748950008851473115e-01 -1.9326568817769712582688157e-01 
4.4112025517529657170356927e-03 9.3297712743763000498020688e-03 6.7635105777194299666094689e-15 2.4056929903520975169554817e-15 2.2732921168161243641314684e-01 -2.3293996986417056516138757e-01 1.3010577423960104082034661e-01 -1.3492798358702792760333011e-01 1.5891442755799948862821236e-16 4.0204115619484719412794618e-16 
4.8347152376899460435311084e-02 -3.3871274498895286020339057e-02 2.7570000656736252941936272e-02 -1.9008661912307833058433104e-02 1.3348852946879754752251834e-03 -5.1268425172528407640637482e-03 1.7331196302777749989307116e-15 -1.3055146911867131711098493e-15 2.0981480565076519703550707e-15 2.4691818840624119701548153e-16 
-2.1961736586649797248194105e-02 -1.0102962283591900016777032e-04 -3.7994681887790184016129302e-02 0.0000000000000000000000000e+00 
7 (band)
-4.5087049791704753021193142e-01 (Ry)
0.0000000000000000000000000e+00 (Occupations)
7.1692551743632315641718833e-04 7.5615732743106178759262548e-04 -9.2596259574778683187901152e-06 4.3874526434756200288234140e-04 -4.6540385462269016147288910e-15 -1.8641697921763259087664720e-14 -1.0472222424751842506651656e-01 -1.9870679829216914002998351e-01 1.8168646865028223458260470e-01 3.4545373531701911717917142e-01 
4.5115960046325490983618009e-16 -5.1334089634662383661793627e-16 -8.8754055119101282755877946e-03 -3.4187357213085189933110541e-02 1.5156251077442423058627696e-02 5.9887519353432436264306205e-02 -1.2314607763873330892323565e-05 1.8680116804219160098199382e-05 -2.1239425216001506010266544e-16 -4.6529239082538287452469375e-16 
1.2131811466081350752348803e-15 -7.4215477849864600630910101e-16 -9.3021615727810896823157805e-03 3.7586817325886492935360650e-02 5.2373547867150156698290431e-03 -2.1736679450435811983277645e-02 -4.6860402894294272968522819e-04 9.3068059262352287319686184e-04 -4.1594356813778876613696411e-04 1.3990745438564877733966796e-04 
-2.2460525373056430326152817e-15 -6.6925827804590995638298738e-16 1.5148601672849790200636733e-01 -1.6584065446870316362648623e-01 -2.6348667959589083809035515e-01 2.8796358417450174105312044e-01 2.9001352998776704371452650e-16 1.0446608462000788547764790e-16 2.9159790538727088649029184e-02 -1.9931252643866720353216238e-02 
-5.1213018291322368047424618e-02 3.4546398922637944206570637e-02 -2.1747187285987845672963203e-05 -5.2589137048281164865670689e-06 -3.2863168999047802373984053e-16 1.4360100193674394921885416e-15 -3.9188620136659367873709507e-16 -9.4371449880592894031980232e-16 -3.8515708453072207417822170e-02 3.9798553960750590596795462e-03 
2.2225714343875824230423177e-02 -2.4353111910698928797847085e-03 -9.5497465848497220530788354e-04 -7.8338518919061905787515343e-04 -1.3457792255992286067911579e-04 -2.3948980033331596084522630e-04 2.0339147618378101199261429e-16 -2.1303800778133607398443677e-14 -1.9757918300500926234164467e-01 1.0563707508527669931552850e-01 
3.4324841496686370190261073e-01 -1.8579856393602031672251940e-01 -1.1980709772846798068046094e-15 -8.6264147600010432861094652e-16 -2.6342397028432933125952076e-02 2.4377052168317214081438848e-02 4.5745120213319639956850438e-02 -4.1549584844448955722739925e-02 -2.1350963934693191481617447e-05 3.4157714108708301520289652e-06 
9.3729019364651057639646748e-17 6.2191874458690183015994342e-16 1.3172354271907727545918377e-15 -2.3223704771023689618869058e-17 -1.3106713738233034469149452e-02 3.6394716749976477321304458e-02 7.5307033568406678281093036e-03 -2.0917333258763000369828688e-02 4.1358592948687045165456766e-04 -1.1638795607484264671427354e-03 
1.7974470189024982502701278e-04 -2.0774605615013486126230191e-04 -7.3041524507070920470786212e-15 7.5978139206981493766466417e-15 -1.6631945397119740626123985e-01 -1.5011517051992062654619531e-01 2.9108554992006741013454985e-01 2.6001881348407918093101898e-01 -9.2849972591096893202707954e-16 6.8992610301364051216655759e-16 
-3.1859068372649679279362545e-02 -1.6527622818997569908994194e-02 5.4588812220612709102951499e-02 2.8966283924958549644834704e-02 -1.0446214747991942770012283e-05 -1.8931660059562751326905916e-05 -4.9125525276967070632733216e-16 9.0942472503011913479950392e-16 -2.1401110176378051202026988e-15 -1.1071071836592635147892847e-15 
-3.8682830034528659091108693e-02 -3.5842406861615917768038031e-06 2.2231651394055786108427952e-02 0.0000000000000000000000000e+00 
8 (band)
-3.1377073340328809347710148e-01 (Ry)
0.0000000000000000000000000e+00 (Occupations)
-8.6586862666635500473171823e-15 -1.4592300472805752623500106e-14 -5.9110150090606296263687035e-15 -8.9772942530230108403473047e-15 -1.1828957167427781027591038e-01 -4.2433274400352799515800939e-01 8.1754341871287810288544115e-15 3.2060520233576911220976662e-15 -9.5474658345049334467878744e-15 -8.8207612768104041705563551e-15 
-1.7488179394326702764672632e-03 -4.2139775984653959906012233e-03 -1.2795714415275456626044231e-15 2.2333629388292972157675556e-15 1.2710999219877572144581701e-15 -1.5698879379979305145233543e-15 -1.0166548540926190317124635e-15 -7.7343616037262722710993639e-16 -2.5299476126349293436668120e-02 -1.2518807418793354013786256e-02 
3.1381521077599644486966213e-02 -9.2897226909337115435816301e-03 -6.6044601500965905058812172e-16 -1.4164913682465602294511132e-15 3.0859636406757044214296879e-16 -1.5115756433088568495219625e-16 -1.3282807010636994851551449e-15 1.1266665303244501064391746e-14 -2.0889132927625061427922691e-15 6.6085762468845024002893391e-15 
-3.5917735497484870599294027e-01 2.5503397435188490671720274e-01 -3.3231694326070306986199183e-15 2.1975907529847311062777121e-15 8.0074991949566522914513751e-15 -9.4677893645533667556589593e-15 -3.3724595315066021455896461e-03 3.0728631752808682753297376e-03 -9.1176551227228528336495981e-16 5.5626293387435003267229700e-15 
5.8513721522716550094738756e-16 -2.1822448179827056219375631e-16 -1.9329543238395919124320418e-16 1.6210204100811260468722566e-17 -3.2088132242488742740249563e-03 2.8044385340891160585119479e-02 -1.9370632612776321479497454e-02 -2.6379488338462916963145233e-02 1.7197132261262706219326024e-15 3.5150195764188307770490820e-16 
-1.9443581481977903087345836e-16 -1.1284677511539847656332080e-15 5.3183792708690584630158200e-15 1.3770090980503200469407425e-14 1.4046423226614364978662427e-15 6.4840881614889192965723562e-15 -1.4329984794296196648488717e-01 -4.1652101717611206277425140e-01 2.3039968802746057714678283e-15 -3.3367887718994265420364843e-15 
-8.2276228181447337053871223e-15 5.4206944161753350313562604e-15 -9.5655863797412810090037283e-04 -4.4869835894705521750491783e-03 1.8487751035271936641058531e-15 -9.4656712486578186577234095e-16 -1.1024724983644806080884587e-15 2.9750718156555738940234937e-15 6.1995348516956871800790696e-16 1.3003329392437520177326067e-15 
-1.3731871361910615719770234e-02 2.4656478454677950573614709e-02 3.1109449376965119665738868e-02 -1.0149742142513433137973600e-02 -1.1737810076450527165269140e-15 1.7692165257588824327523481e-17 -8.0885065283002084691506214e-16 1.1717129214979649449150782e-15 2.9015494247663994411176559e-16 -1.8275479584581302002575308e-14 
-1.3266726631660532421974749e-15 -6.8377178515610024932224298e-15 -3.4335552246259626318902747e-01 2.7591953422028958620160211e-01 8.6473087428118804196289068e-15 2.3697627398740559647819018e-15 -9.8352753118341292166980363e-15 -1.1606780085679252254321160e-14 -3.8976938863257652029270517e-03 2.4199191161161587651506899e-03 
2.2256538373954604342493060e-16 -6.6733594133622659312557732e-17 -4.7418621894938559020221902e-16 -3.0405049216759865703357922e-17 2.1153039235223609341177005e-15 -1.1470407807182723055740734e-15 2.7850311954350070314800902e-02 4.5679694538644189868992207e-03 -2.0087647373666205757869463e-02 -2.5832180107159544851791466e-02 
7.6299442192589690308869771e-16 5.0082294497456917861486261e-16 -1.1602679088442807107799566e-15 0.0000000000000000000000000e+00 
9 (band)
9.5928322480726135879081085e-02 (Ry)
0.0000000000000000000000000e+00 (Occupations)
-1.4758191915733731906803505e-14 -1.0621846997402361673629394e-14 -9.6173438471781225597735969e-15 -5.2613848526577862102018438e-15 1.7045738168984680971362877e-01 5.3528919856087875395189712e-01 6.8835611930938232891099996e-15 3.5723813092991132981443423e-15 -1.9549850088803041954054384e-15 1.9471218246630219331067960e-15 
-8.3912156212047339653992140e-03 -1.1091704622127385171381775e-02 -2.5668815549591028150807147e-15 -9.6950769454866415014256281e-16 1.1056759949106490616832988e-15 -4.5149508868831131080596323e-16 -1.8042458326289752503301525e-15 -9.0299326798129657091084606e-16 -4.7438411325426602105359564e-02 -3.2015648647766313528162385e-02 
4.3146486406377582145665883e-02 -1.4438929151793310212692489e-02 -7.0842398852231694766179597e-16 -7.2521872851053369014919474e-16 4.5443536634202110843542018e-16 -7.3099272650999038499266410e-16 4.6375519666915459908527867e-15 1.1790689579890487153122618e-14 3.2724308272219612966410227e-15 3.7608046684758195999495100e-15 
4.4590293379077744484462187e-01 -3.4170282220856634802785834e-01 9.8028260561384752835136340e-16 -1.5807367138581342176403282e-15 1.0044183868174686248122038e-15 -1.2170431730833073916515704e-15 -7.5935486460270672226524624e-03 1.1652314361821000665564441e-02 -3.4042279084770165390131293e-15 4.9495178868216308933971806e-15 
-3.0823817005396192131344808e-16 2.0835516032527198461485644e-17 -2.7576820641630145349025056e-15 1.5389929354601157948667270e-15 -1.4053719326163064545776038e-02 5.5478803164082476917506881e-02 -2.8200661834403090155731775e-02 -3.5704686476257033178605127e-02 1.4403228934564113865953626e-15 4.7553848553854469919147223e-16 
1.1613213284976389221538077e-15 -2.0888070424545247869235459e-15 8.1723625511138405063234440e-15 1.3818981623837264065269784e-14 2.4256475805825370211963150e-15 7.4153422711060373194098320e-15 -2.2349657430628727672328182e-01 -5.1541409280638961210030402e-01 4.6817961290090072702578237e-15 3.6034804321043596852916257e-15 
-9.2186031991580930969626449e-16 1.2152217739701800810420662e-15 9.8140915194171174373849453e-04 1.3894458998646289082934402e-02 -1.8368705734645612350842395e-15 -1.4889243174234808425606801e-15 -8.6547744472129374670146734e-16 1.8385626515362434620594125e-15 6.0186338986613855091306252e-16 1.1336179576642075521412469e-15 
1.4698020975880118910161798e-02 -5.5314643305805905049155058e-02 -4.2008212352409750323101179e-02 1.7487213046154168744061863e-02 -2.0732230456358302083597501e-15 1.5521706992523503797410081e-15 -1.3729274996978418804405539e-15 1.1082801482575118767525614e-15 3.2154796504122098028128515e-15 -1.3208488463371675588942705e-14 
-3.4735437610306333120083492e-16 -3.4301102538706233324004288e-15 -4.0923644320707408539306016e-01 3.8487392655429258914168145e-01 7.7029379877753227689742101e-16 -2.1101465242907844809056737e-17 -2.3881374775862420708029843e-15 -1.1739647586680410798929700e-15 1.2740588771816703170247642e-02 -5.6299691416737468116493481e-03 
-7.1872773893014048847915607e-16 2.2919898380031299878973117e-16 -5.5159555493327029674370670e-16 -1.0399436060575290172222274e-15 3.1124211585233273125769399e-15 -2.0692348957713188146497299e-15 -5.7023261185087215086042534e-02 4.9080819546271099024226103e-03 3.0683156943209020928176045e-02 3.3601136962388943041357692e-02 
-2.6107436993624443147293272e-16 3.8608858469650665837258869e-16 -1.1152033907017486108499028e-15 0.0000000000000000000000000e+00 
10 (band)
5.0828934415689519532577378e-01 (Ry)
0.0000000000000000000000000e+00 (Occupations)
4.0752000103065877389951766e-01 1.2087661708641395108543293e-01 1.4277235936167753660441804e-02 -7.5757507521055922339314748e-03 -1.5191935600677661202764294e-14 -7.0774467158152219325456748e-15 1.7523510577813639077504604e-01 3.4658847009431720254113429e-01 1.0296390606028733849530710e-01 2.0122670748773255344765687e-01 
9.0835461488639872051313579e-16 4.9942345129741814078498630e-16 -3.7470055537937724254859972e-03 2.1902391255541497905312553e-02 -1.5727769186999474015919986e-03 1.2179398757627867694308677e-02 -5.9010178173123484235418346e-02 1.4884739168407830345319809e-02 -2.0623453764450864055556356e-16 7.0209222451919078632747550e-18 
-1.0942845905104766903756674e-15 8.2832861867639202404581843e-16 -6.1251246771115208655800188e-02 -4.6305087814854359318239574e-02 -1.0510551387821870372718536e-01 -7.8963116762878149401672090e-02 2.4311993174582408050454774e-02 4.2437322581207165272942916e-01 1.1964119400890621536248659e-02 1.0866982672088729144910246e-02 
-2.8394645768515012725541977e-15 -1.5598758678168770355798385e-14 -2.6673965096775514860283351e-01 2.8227799861307517614861240e-01 -1.5445255987599751379413249e-01 1.6503987550076257284636938e-01 -6.0655099510954653388632360e-16 3.2910956829237442888584048e-15 -2.1876791594890726555533433e-02 3.8936849955697183656155858e-03 
-1.1992121250926190967334151e-02 2.6458286483285742285431752e-03 -3.3993749862123473493014103e-02 -5.0479516226353035590612706e-02 8.2280713187078494519381902e-17 -2.2374280296858622872050451e-15 8.5215655731770938612097697e-16 -5.1999923655364844655350475e-16 2.2819446686058130618901529e-02 -7.3315409304590267725032504e-02 
3.8691654841456694924328730e-02 -1.2563955866741172151535011e-01 2.7503887653644454314161294e-01 -3.2525256199673424628571183e-01 1.6758928840825033923511711e-02 -1.5003513795752987380893728e-03 9.0279958671468620032415570e-15 1.7042575717459769390746874e-14 4.5113681270289245073268347e-02 3.8627917166906061696707297e-01 
2.3645582699815589217129386e-02 2.2408260205095259509633365e-01 -6.0348275934987546333350763e-16 -7.2207538815063347607525391e-16 1.4539939928432339677488727e-02 1.5783593017480473941205332e-02 8.6093476015555968350323468e-03 9.6736111327511593860339900e-03 -5.7479224958862693006800271e-02 1.9976726595894941235220799e-02 
4.4270148451412666877421811e-16 -1.9460615014481940435706046e-15 9.3010916546163153462010253e-16 -3.0861151947948171019223257e-15 -2.5582862048982749764158839e-02 7.2325024189037023791826186e-02 -4.4566826966889225292156596e-02 1.2378912404047175133126046e-01 3.9918997766042513264395097e-01 1.4860341324272660634697729e-01 
7.0885364608113468620764763e-03 1.5259927948661100582938843e-02 -7.9245038350766080437007930e-15 1.0193800809448214628134145e-14 -3.4816092950286831042561175e-01 1.7329399836922029787267263e-01 -2.0282535542024748842493409e-01 9.8152948614861290632660484e-02 4.7453104001375324931495554e-16 -1.6851915804923586469149667e-15 
-9.9252501233015079373789291e-03 1.9026851333145966549409422e-02 -6.1854021799241810236624772e-03 1.1377188507910324793970247e-02 -3.8266111000604972891547817e-02 -4.7314222557794403944964046e-02 2.9770872288179228279175719e-15 -1.4322178299529815485883287e-15 1.0071110671236728353299072e-15 -1.5968108836171256951471025e-15 
-7.6715109858007696219672766e-02 4.2880535878910865099644667e-04 -1.3156728049406174463342722e-01 0.0000000000000000000000000e+00 
11 (band)
5.5193718561986360171545130e-01 (Ry)
0.0000000000000000000000000e+00 (Occupations)
1.7247465591787290007713012e-14 1.3647299957245011282061467e-14 8.3158835221322033696252508e-15 -1.2742123986082129152038968e-15 -6.7839939427984807807092693e-01 1.3244088668213560566755405e-01 -3.2110074508950444951319941e-15 -2.8372157834973169576974976e-14 4.8973543661704556003773048e-15 4.7072366386729199664736691e-15 
-8.9059330701657390960690464e-03 -9.8512054035350734432219255e-03 9.6685583217436971361765354e-16 3.7428304589694431923479333e-15 3.0748839393245055686923061e-15 -3.7397422497931936959425295e-15 -6.2355391457335188677069020e-15 -1.5185773795345933599860938e-15 -6.6507618927080097703807837e-03 6.5838222044349969941379186e-02 
-3.6936109533016910078107031e-03 3.7942727586449787047229165e-02 3.9796270105778880309729625e-15 -2.5565794472554735531021805e-15 4.5544064154538305347137664e-15 5.0621781452582881368399224e-15 9.9969578585571925664325234e-15 -1.6720463461174057450458944e-14 -2.9618487169653463975035556e-15 6.0151226952667968187212018e-16 
-3.5441068321649260575156859e-01 -5.9343019323795731523318864e-01 -3.6758456470268336937518935e-15 -9.1367100971666767821312626e-15 2.2384783790324387645066520e-15 -9.7703157695125397167723913e-15 6.2520324691750506218568262e-03 -1.1716397985606932796720514e-02 3.7223913121771510688239181e-15 6.0010797368797957128864461e-15 
-2.2531988923736996340636102e-15 -5.0305499437615551139533451e-15 3.2738577527817869565140986e-15 3.6218459766807480392695830e-15 -6.4198782235248871841370999e-02 1.6044328444205984557369149e-02 -3.6950748800273242045122402e-02 9.3773931171082340607636496e-03 1.1920090988118429295892327e-15 4.5350081568503622390739015e-15 
4.7886849280993716288254801e-15 -1.7709236101250514450628419e-16 1.2787921283393689380263067e-15 -2.3940192727764347795856852e-14 3.6034759910986677490183901e-16 1.5665366464728070800841010e-15 5.7262443325902190327525432e-01 3.8713828316936965689976091e-01 -2.2920700220059762766562337e-14 -2.0628363968212749505012380e-14 
-1.1307057520737806639584451e-14 1.2735570612180839374400931e-15 1.2080110539352775789190275e-02 -5.6106168877909255374158981e-03 -4.7391481765217001025899881e-15 6.3223502242833149704337076e-16 1.0899715582322537800370415e-15 -2.2855621495040703791211612e-15 -4.7541620810282574580318897e-16 -8.0581095413644885524288074e-16 
1.9615144366641482087665338e-02 -6.3198323033471309750908063e-02 1.1428763262005434478418842e-02 -3.6366183548533964620119718e-02 -2.6905951911697561377318157e-15 2.0078567541316318192989650e-15 -5.2558666246462692132283804e-16 -5.9492468551754315825568714e-15 -1.9268799695725267970436621e-14 -2.2776822446217362611671651e-14 
-1.8647806474198816526547029e-14 -5.2606655704551991261477707e-15 -1.7028135595621388120868289e-01 6.6990973397484554485714625e-01 4.1113252863840002052066380e-15 8.5574478642334526529682217e-15 7.2372269115217332232458700e-15 -3.4600241700915060936317060e-15 9.3709130521255103174471657e-03 9.4654149974507453824124070e-03 
-6.6996600813562294605474993e-16 -1.0304681243241474636024071e-15 -4.3556281549958699921280383e-16 -5.4492293346993111905783013e-15 7.8938375417589690584551797e-15 -4.0956422719243544045449959e-15 6.6106479980419394215651607e-02 -2.9521563925163996425227175e-03 3.8087598239419595547161634e-02 -1.5655018163351693428336775e-03 
5.5220587436765697408268964e-15 -1.0339173817947620225604304e-15 0.0000000000000000000000000e+00 0.0000000000000000000000000e+00 
12 (band)
6.3039983716920711120934584e-01 (Ry)
0.0000000000000000000000000e+00 (Occupations)
-9.7570088668966686862304982e-02 7.5201631366943078038644899e-02 1.5659374970460765430502192e-01 -2.9267595452879202611029541e-01 -7.5965286507522915325297414e-15 -1.3356048512334342792618881e-14 6.7368944036805683550639401e-02 4.5347092043489481416607134e-02 3.9248967242097441976422800e-02 2.6503683365412145089834439e-02 
-7.5685108436368207847931127e-16 1.6055279237195468711041065e-15 -1.3189105220078767288782728e-02 -1.5499652924680459853412628e-02 -7.5220331957125130539765223e-03 -8.8120861886964163556257290e-03 -5.6323757709625707490452839e-02 1.1713120937463750159679421e-01 -1.6889966021400879835213286e-15 -2.7375872408773104374892895e-16 
-7.2147506302179021425283954e-16 1.0652787462256453547387289e-16 8.5518159218670453114441443e-03 -1.1461374679594266146054338e-03 1.5129672495715645874625466e-02 -1.9472896697874664262428723e-03 -1.0380645766099018401096288e-01 -6.6328175845535519705720162e-02 3.2841741824981657282833680e-01 4.8195603492599992101474982e-02 
6.8691416591603600474245507e-15 -9.2293257732932580180557499e-15 -1.9845790839587484910566673e-02 7.8746923516970324108399382e-02 -1.1641692449612245363610441e-02 4.5906401061421658882366614e-02 -1.2159652362226073824255019e-15 -9.2222838432026566926510679e-16 1.0115675290153284399119471e-02 -1.7659695657519292044668191e-02 
5.7431245485789761406891785e-03 -1.0062324125862776025286394e-02 -1.2928549489190499510726795e-01 -1.3317158204840522095491195e-02 -4.4113250805089556357785378e-16 -1.8291961431411278936252801e-15 -2.1346258496093878766154158e-16 -1.1924523736434667474223800e-15 3.9752030418712669401770654e-03 7.6579989183112456840873961e-03 
6.9571611970826998869177338e-03 1.3575597038931127430450019e-02 -9.4572103318422862106018556e-02 7.9656404781182965635366600e-02 3.1912123925239449517832213e-01 -9.0405219046433477059210304e-02 -4.2905519273463373121357092e-15 1.4438712404643750659294550e-14 2.9498881619498287104397249e-02 7.5871423377942476262703053e-02 
1.7714785332992095956416989e-02 4.3980306023620616140412665e-02 -2.7735908589225406577107143e-15 -5.3169954494349963710937038e-16 -1.2065429018525933302363740e-02 -1.6452258780112607311485462e-02 -7.1393201774862871666904596e-03 -9.1443105762731846652968670e-03 -1.2645181327746804478273646e-01 3.0050833203114676872580446e-02 
1.5036290779973082767882843e-15 -1.9047285089414661677204912e-16 1.1365028438704039473843633e-15 7.4162360927715585628946166e-18 2.8929200948055767972366681e-03 -8.1065374233692446409582644e-03 5.1688549778929181871545140e-03 -1.4357047013488308945250438e-02 -1.0698233697400144626143970e-01 -6.1998428402042449203435126e-02 
1.9315899690433155355684391e-01 2.6963136109832552822496154e-01 -1.5225484769990479019572036e-14 -3.8420573437087566178956072e-15 -6.1393573360150027751203083e-02 5.3455458582548472101780845e-02 -3.5379554609047181301662022e-02 3.1565298240162992238211359e-02 7.0458296904275768154931749e-16 1.2354093145056579640690592e-15 
1.1392595559467229640593366e-02 -1.6925134055222525869544015e-02 6.1853474976712938260270391e-03 -9.8147738050844077206669169e-03 -7.1108275292714948068173442e-02 -1.0879672257129920087681541e-01 2.9265465777783038371152372e-16 4.3190116822055177694176655e-16 4.4585646200787608314349778e-16 1.8044212272862557894490100e-15 
8.6072269008105814491749186e-03 -2.4098743860248420835257210e-05 1.5259156619219397393871773e-02 0.0000000000000000000000000e+00 
13 (band)
7.1295601709229450282379048e-01 (Ry)
0.0000000000000000000000000e+00 (Occupations)
-2.7485986206622758931672479e-01 -5.5245428669570761925911029e-01 -2.6220062736569578476508724e-02 -3.2368803958114533703138704e-02 -2.0998337866297124709560700e-14 -1.3245058485524442404760370e-15 -1.3287001377139820434969408e-01 3.0517469252948520308521552e-01 -2.5871386136041502057381081e-01 -9.1926047227905649528167942e-02 
-1.5843781561013147642485609e-15 2.5425661943909635976888269e-15 -4.8882841460790027454663687e-02 2.6678247111667080515573502e-03 -5.4350666465011798766937545e-02 3.1959801468255985557043175e-02 4.5986526303348561339756628e-02 6.7995433559381007748712022e-02 -9.5923852416671917777410338e-16 2.6893922643720206601980943e-15 
1.3449931949144729889352249e-16 1.8875540504920856494396117e-15 5.3101769471135679134832230e-03 7.0624230278326316501136262e-02 -4.1846500361935171086180674e-02 -1.1840476064592103666583967e-01 -4.2668815604310944555876972e-01 4.4574757448142710014593604e-01 -2.1573455638130289990783695e-02 3.5634494123223614536755122e-02 
-5.6777907319928079704405560e-15 -2.2479392925757426854485896e-14 3.3214111150035041664096980e-01 2.1640600069210258471485986e-02 1.1447453332364618261429712e-03 2.7455773487030277202336492e-01 -7.6034596760513953520240303e-16 -7.1745045256671965651036549e-16 1.9068577017786553229328206e-02 4.5089232068058038294111611e-02 
4.8480994303371272025060534e-02 4.0311500175967351911054948e-02 4.8398215533422168921351414e-02 -6.6300469979912221574203102e-02 -1.6623671157898587734628768e-15 -2.9417054555395450248693315e-16 -4.1598770449354291724663820e-16 -1.5097437057760916908944056e-15 6.4650221795866158469578977e-02 -2.8919348252710252999975182e-02 
-9.7229765742222667990191098e-02 7.9480749806936146217850592e-02 -2.7701783524992296126043811e-01 5.5106622305845087694819995e-01 -2.6053638361375058840607721e-02 3.2352383877624651953297530e-02 1.2413187108553998819192078e-14 1.6135795103696268625447711e-14 1.3159306644882423631415236e-01 3.0595894873721773965513648e-01 
2.5945990559381881812583970e-01 -9.0523827874538317916908170e-02 -5.0995796420976379377718783e-16 2.3134670255316889412433871e-15 4.8640354679350808475568613e-02 3.1415776697357247759789800e-03 5.4125067084751975199363727e-02 3.2162554852521368919937572e-02 4.6336042584126442556158310e-02 -6.7703015794817480998979420e-02 
5.9815618558439401343124267e-16 -3.8084512303873705065570178e-15 6.6306750715468836577695345e-16 -3.3894339563719423291596507e-15 5.7433330622265257869862864e-03 -7.0615297029901144543195812e-02 -4.2541814873081583436853492e-02 1.1816443656940922579678954e-01 6.1232405707933157401612334e-01 7.3973727527710614326750260e-02 
3.9265091093644566289100339e-02 1.3554388065815825559212726e-02 -1.0736895604476293974268455e-14 1.8533356545500215223260636e-14 2.4329532930876462959446371e-01 -2.2745328352516480663325638e-01 -1.7306103758721116947505436e-01 -2.1345698230096279979228768e-01 3.9230440247688811177005561e-15 -2.6265121888981602620658855e-15 
-1.3520482570449238526877345e-02 -4.6828945799041885034164068e-02 1.1926916683735515334330302e-02 -6.1819911678923533671081714e-02 -7.9396240258894024144353807e-02 -2.0663112612188443140137650e-02 9.1499862631212055683678068e-16 1.8871149547950266290345723e-15 -7.9729626147290777634505855e-16 1.5971434248436317247383018e-15 
-6.8386059666203924400917913e-02 1.8516287225485865419738474e-02 1.2558917183604048628531302e-01 0.0000000000000000000000000e+00 
14 (band)
7.6064863130652404787923615e-01 (Ry)
0.0000000000000000000000000e+00 (Occupations)
8.9779171076886932212346437e-04 6.9868093652566409801352165e-03 3.5373413652486918046236042e-04 -1.3157730265012101966703995e-04 7.6579384927793417847902296e-16 -5.9375507073543359311344886e-15 -1.8925468999564604155594338e-01 -2.4435847572845975639310723e-01 3.3209655641504531864427463e-01 4.1569860522872825736584446e-01 
-8.1490716451521458323556753e-17 -5.3927135614208632973737097e-16 -1.5943745846031309731927195e-02 -9.9510894283126039017162157e-03 2.9657389676644940745831036e-02 1.7154295723504991988406232e-02 4.3750019188715238982467781e-04 -8.8685376160885232010855361e-04 2.2327698923405688553227944e-16 -2.4783194353455688133255594e-16 
-3.3260919081419146841264803e-16 3.2867548333872093079194226e-16 -1.2286036332054356412513130e-02 -1.4618012986806355746338681e-01 7.7848684046720219298354237e-03 8.5704671041244559481775411e-02 -6.2696384711358188468466324e-03 3.2114122287556501333938286e-03 2.4362171941250121420807773e-04 2.8825142451188723313748596e-04 
4.6523122550873699412485049e-15 -2.6331737138689504341707709e-15 1.6580445045808392401376352e-01 -2.6083958011391983333737699e-01 -2.7862912650009902248982030e-01 4.5327614435087093536225211e-01 2.3025518514945805800259678e-15 1.7003681350764120241077826e-15 3.9620373644540032853633704e-03 -1.8371975188748834728613701e-02 
-6.0940644522253645254394883e-03 3.3714878060780717472511014e-02 9.8262155426752373355014925e-04 1.1122451818219858399316990e-04 -3.9670750414383530348189127e-17 -2.6827530078371245488763645e-16 1.5516694895162514821410655e-15 -1.2802488638394543165436021e-15 1.3337632660090634195704240e-01 -6.1076448484208241407333873e-02 
-7.8000846659454531328847793e-02 3.6356054994627927390293820e-02 3.1913678355120767005104199e-04 -7.0562107815524549581098768e-03 -7.6159752810343872564402545e-04 -1.7971431301747053943529409e-04 -3.0706780323074970267811854e-15 2.3480714579410438937059031e-15 2.4273329254413508748733364e-01 -1.9022626238383988361846377e-01 
-4.2452016944460813085981954e-01 3.2095079792540459617811166e-01 -1.8389011801376567677604550e-16 -2.3962745943933960852460765e-15 1.8797170999326526241723911e-02 -4.8115365881692545579895182e-03 -3.3750276498942674563430444e-02 8.4155008708827194752188916e-03 2.5147624658478258397042993e-04 9.9647398839711187612522281e-04 
3.8161750931834236440830949e-16 -7.5724508625993405215646635e-16 -1.7899818486214589722113980e-16 -2.8686585414985984923411619e-15 -4.8641877044454197298595233e-02 1.3837674959955301168257336e-01 2.9154177111833164126597495e-02 -8.0978842166008924152720283e-02 6.7471567563869988548574952e-03 -2.0899365027312599707443042e-03 
-8.8892221713127161919487662e-05 -7.7744852048736157179575912e-04 -3.2240761532339668589811882e-15 -3.2708508126611202461004217e-15 2.6120320271765345987446949e-01 1.6394623844374872634332974e-01 -4.4577751284839745027355207e-01 -2.9070465767327591244395535e-01 5.0246669203193973765761804e-15 -1.3085667891330687532492763e-15 
1.0894396855727567566263225e-02 1.6056046806952543881674700e-02 -1.9350481399505469609634289e-02 -2.8904336841922423362305494e-02 -8.5237867168796250996049002e-04 5.7415269067721352944794200e-04 -1.7732435994682982239628890e-15 1.0165036582573778440657933e-15 -2.6017035900694885852352506e-15 -3.1254641340066372124118850e-16 
-1.4667287083547564385810347e-01 1.1072456927051802996753160e-03 8.6067060607503506619586631e-02 0.0000000000000000000000000e+00 
15 (band)
9.4693625515836177264361595e-01 (Ry)
0.0000000000000000000000000e+00 (Occupations)
-1.0887355303996448796510776e-01 4.5510041351912244866895207e-01 -2.6583106964104863401132661e-01 2.0534633276540323332248761e-01 -9.4041128723135294122405974e-15 -1.1698966776864728983196433e-14 -2.4844118509714713249891815e-01 8.8133137287750698551924700e-02 -1.4349293431515980357104922e-01 -3.2240425124402982692828346e-01 
-9.1324147335423076762192712e-15 -1.2397777190347935568332009e-14 -5.2610034754837359249890483e-02 5.4755409751839387300087481e-02 -1.8353072942118603405603494e-02 -6.3708876201048786347413966e-02 9.7897809821932177398728925e-02 -1.2277020190898645102262066e-01 1.6296120219041273072950769e-15 2.1371326146400644644838362e-15 
3.5434424581663750630770667e-15 8.8298695988568215454313458e-16 2.6200607119829549818135206e-02 7.7662553029437975116167081e-02 2.0648206648604811030978112e-02 2.3476811524919885543205567e-05 4.6507482794981136464684823e-01 -5.1722735275226916495938667e-02 2.8325347914103027324728146e-01 1.8055675152484101930738802e-01 
5.7657449256650819132912530e-15 -1.2093464568580271109003805e-14 1.6707922432472810392312113e-01 2.0389949764453105252037801e-01 -2.5473746168480887464014017e-01 2.4422028792257041707181031e-01 1.2648121398251719222330952e-14 -1.6584852396652210840748154e-14 6.9339325788593503263612661e-02 3.0952036333313254212740162e-02 
-5.3725574670725070869359286e-02 3.8848665607958229872842537e-02 -1.4867382247245164439419796e-01 -5.0523243721451720211756964e-02 9.7283186021417409244029436e-16 6.3973753054717824950206202e-16 -2.1087382628054973731458051e-16 -2.2489252233885387205711055e-15 6.4196063448354351299585119e-02 -5.0958899068106744412176567e-02 
-6.9722416964573749598166330e-03 -1.9435453035379399167048575e-02 -4.6361296987736283492509415e-01 -5.4502419577335481370994330e-02 -2.8418006605724432933612889e-01 1.7801275400837329732084413e-01 6.6163638874201039544253827e-15 -4.5791938935060507353901430e-15 1.6889824578269482802106438e-01 -2.0412729632070775176444499e-01 
-2.5210793882185555947472722e-01 -2.4564712508200520213463847e-01 5.6484102339282596583811817e-15 -1.6752483105361959208065383e-14 6.9177321223576948572286938e-02 -2.9361582255510748629134810e-02 -5.3714211256548377582120679e-02 -3.9578870023185414028787932e-02 1.4928036025407090403582799e-01 -4.9254653901080719391458729e-02 
1.3351780206988720862391763e-15 -2.5461102325913353296807872e-15 1.1358308193538732296559916e-15 -3.7523805600217973553582992e-15 -6.3796793308895829999194405e-02 -5.1405242632132780444820241e-02 6.9360767381125981723144491e-03 -1.9265694287070436740982871e-02 1.0576301477314026255882595e-01 4.5466656385127041106741785e-01 
2.6375134142646677881671735e-01 2.0707988900347623628661609e-01 4.5120721785951984459829011e-15 -3.7840957178910522340300140e-16 -2.4927168803630700422147015e-01 -8.9767455546043650738141650e-02 -1.4572613706472198336072665e-01 3.2041350760267861552677005e-01 2.0704083720524434228112283e-14 -1.3460682126294026977606088e-15 
-5.1058730009705233232608634e-02 -5.5141729878690370902916129e-02 -1.9043957453100508747656505e-02 6.3945532508150368378174733e-02 -9.6909675402938350030623837e-02 -1.2377060112074897424427888e-01 8.7879288899258725149158851e-16 3.4771604144884952996458664e-15 -5.2453701412691299258876767e-16 2.3779748171982190760581964e-15 
-2.6755811132227455551024775e-02 7.7438080924196198151499004e-02 -2.0476233464188944161099570e-02 0.0000000000000000000000000e+00 
16 (band)
9.7551450571315223569968111e-01 (Ry)
0.0000000000000000000000000e+00 (Occupations)
-5.3621467025410440854216176e-01 -6.7708215243391522975002772e-01 4.0920889950234184961885830e-03 2.9900639248154795013512341e-02 -1.4601856635400211224892684e-14 4.7046047988894202096941775e-15 -1.3900865851961036190331811e-01 2.9021680401017413419850755e-01 -7.3590019082946045436699478e-02 1.6953539288477242896746588e-01 
-5.3938853048853239095411307e-15 1.3513201916440333017873158e-14 -5.3995631726502957281610406e-02 4.8254962888210892191231949e-02 -3.0740138494327939877592826e-02 2.8527650868928632055254724e-02 6.9225451937796583790074578e-02 9.4299923447750649829757208e-02 -2.5475730836285652528025798e-15 3.7849535236841984081392124e-15 
3.7189384640514396476020058e-15 3.3113342183430064823793103e-15 -2.4287166430009804463097112e-02 -1.3884842845331490240878836e-02 -4.0136226371297670234561394e-02 -2.0657575489005597368930012e-02 4.5541733402026085553160328e-01 -7.3386747142375752250842424e-01 -2.6746790732383944610983662e-02 1.3978648193225955836949126e-02 
-1.0581877603410238127021999e-14 -8.8427173198148605921017376e-15 -3.2014691360362845795606290e-01 -3.2483136908626981942393996e-02 -1.8444032083736261462547645e-01 -1.1811367348440460212088965e-02 -3.7384134543115540944604540e-16 -4.6842780829138534046309346e-15 -6.3692534581497387002890775e-02 -3.4457665728743813726708822e-02 
-3.7253968667636735978554441e-02 -1.9259408019464657746411262e-02 -6.5275698868391157647650402e-02 9.7075856398396109803172749e-02 4.6469690992990434617340972e-15 -1.2074156823742303213945514e-15 3.7011214684700107919204946e-16 -5.8365669358559604842486938e-15 4.8369973679666822957701200e-03 -2.7554650614725423318773778e-02 
5.8406536633131842309318849e-03 -4.4760907689602807968398679e-02 6.1299024563909072782497134e-02 8.6189054020365718500329422e-01 -1.8112266853150697787366852e-02 -2.4578726973452213327986371e-02 8.1087532141383738603150825e-15 9.7718192653457376484783648e-15 2.9757837993829916456434148e-01 1.1982353286800713487725289e-01 
1.6950420089719347993550969e-01 7.5466267273220255518140220e-02 -1.0937961045687805217737773e-14 6.1576391327497890239627837e-15 7.3382725726361397455832503e-02 -7.8836342903618877864246883e-04 4.1209824176629598901921980e-02 -8.6814110903679631014995266e-05 -1.2733698843554188198656796e-02 -1.1625713703088008665886832e-01 
-1.7609023133000771813158636e-15 -4.0526915579963221973529281e-15 1.9126066768924847452714729e-15 -5.4230790802665497158613530e-15 -8.8041699676104055727332565e-03 2.6714759785353946186514662e-02 -1.5244168034638665848445882e-02 4.2342305615251651929042964e-02 -7.9017193012743436320022283e-01 3.4963008243541271458099118e-01 
1.6990339929950998287822017e-02 -2.5367230421582592780893606e-02 -4.3812456651138617565763294e-15 1.8806270865949218227703693e-15 -1.1938576213342679682716252e-02 3.2057454926057676880546410e-01 -1.3587259097409237762477119e-02 1.8504652930585238634897394e-01 5.7426610883553083529532994e-16 -7.6147301072591033405114376e-15 
2.5599267883824557145988621e-02 6.8777346821008569777156083e-02 1.4041011862687467412480480e-02 3.8744123828423848721058675e-02 1.0507071782273980087296650e-01 -5.1361593171055847095729519e-02 -3.6389543816079940477382346e-15 3.8903682407290783318499753e-15 -6.9868330281704811086140397e-15 1.3596000824917430220109872e-15 
-2.8117709953599079319985776e-02 7.6562796039233863357176268e-04 -4.5002838842499795490859071e-02 0.0000000000000000000000000e+00 
17 (band)
9.9176532185587240597612890e-01 (Ry)
0.0000000000000000000000000e+00 (Occupations)
8.0893435378178040272789828e-15 1.6431664593425092864112573e-14 -1.7382764904913210287908798e-14 5.3515361209085154174478841e-15 -5.4911100532749543279287252e-03 1.9791882773101826531458869e-01 -1.6681807428845378272712814e-14 -1.0538744249503213825173166e-14 7.8534376182815790350179308e-17 -1.8513362680869187704919498e-14 
7.3024003119222011259914495e-02 3.5257351477256804184179373e-01 -3.0022870620199894361379093e-15 -2.0550428980111813060608796e-15 -7.3973871193512934598153725e-16 -4.5891951370734662536460299e-15 5.8273066906580703560218994e-15 -7.9451207849847425137683171e-15 -2.9959137991135677270282400e-02 -1.3586930640280533988395462e-02 
-1.7094115391778283430390672e-02 -7.4685183851228020834867039e-03 1.4971505055763601075578876e-16 3.4586562540793740429331513e-15 4.5465146495466192992280221e-15 2.9102828285156782490867233e-16 2.1268038764532299548284133e-14 3.2160330615615352520372733e-14 1.0304992468331634707958673e-14 1.8378994960872780701534856e-14 
-1.8807806602536364382061151e-01 6.1876132233654346226359166e-02 1.1248590939340478221864198e-14 8.7937327673920176692033059e-15 -1.2432082774851538104378415e-14 4.8953586106804660796694805e-15 -3.0699364074751278597119608e-01 1.8813689933455668423789575e-01 -1.3421474374504792516410620e-16 2.9592485609799403495313046e-15 
-2.1037274562239512541971942e-15 9.7348751400984902883572073e-16 -8.7231072089214949785976278e-15 -8.9971349400434767099457852e-15 2.6353856530983718955973849e-03 -3.2790385417913889276597672e-02 1.2365602248978202482021516e-03 -1.8613394819501943855399873e-02 5.8387777700702758662872921e-15 2.0734901560143496127273077e-16 
-4.1312747245573014300595367e-16 -3.7268049181975851973917696e-16 -3.5164732016158204996045642e-14 -3.1686329208626787262268959e-14 -1.2662287034146598288690320e-14 1.7615734133791536517806809e-15 -7.0997143940792456495714191e-02 1.8484139178928274405144805e-01 6.6323236736448976850810539e-15 -1.0715340204925682453979236e-15 
-1.3611324847281091080245480e-14 -1.1121003205020433938559464e-14 -2.0288294173304569079085979e-01 2.9740986188735546447148295e-01 6.4560665510256278780892275e-15 1.4662191595304760465994023e-15 -7.1479423135259711184225429e-15 -1.5427553177086165361208414e-15 9.7936586401632051845299766e-15 1.4811299169799995404954591e-15 
-3.2883224839972968744916670e-02 1.0324716658882543418584987e-03 -1.8655886892691785072795341e-02 3.1902431407215478542660492e-04 -3.5093804555149638228496024e-15 -3.7808991791906923273762754e-15 9.8508877329959160580108798e-17 -3.9722341025401726533892402e-15 4.4534577480879447408955060e-15 3.9487851313131324458343042e-17 
1.0047405561630858410096869e-14 1.2495347282578333783933593e-14 -1.9796313572312815298737121e-01 -4.1870587546219452390605653e-03 -1.0807567602049084593616867e-14 -1.1495383713412291569232849e-14 -1.6343079698533397690018687e-14 7.4250028328640715725169910e-15 -3.4855136528304336840378141e-01 -9.0144660149323221909334336e-02 
-2.4741636039269453439858168e-15 -8.1392103297304674472522879e-15 -4.7675528362726600449473861e-16 4.8269090956942310649406964e-15 -3.6502183713881355365317660e-16 -2.0811178532249286340529249e-15 -1.2110227928173377884291106e-02 -3.0589456568308706629899518e-02 -6.6196201683041749549984978e-03 -1.7444899572460693254472019e-02 
-4.5077231304764057602453898e-15 2.2949832792868581766327560e-15 0.0000000000000000000000000e+00 0.0000000000000000000000000e+00 
18 (band)
1.0196943263042912430904607e+00 (Ry)
0.0000000000000000000000000e+00 (Occupations)
-2.8700098138236096456665791e-01 -2.6153986147037111553714794e-01 -2.0914195184155240370138529e-01 2.2344423684521080852860564e-01 -6.4985535243841725934066603e-15 -9.4949880273137839127814971e-16 2.6189177219155768128189266e-01 -1.4544543974206192160636419e-01 1.1893239027680888031390793e-01 8.5669282971356564004850043e-02 
5.5010550397603389298873641e-16 -1.8945653021646370813775848e-15 1.4766796070303433996429021e-01 -3.0545068199546832055091272e-02 -7.4922693644785431921206964e-02 -3.7321905330762017438672729e-02 9.4610855908680319137360470e-02 -3.2288662090424462280946472e-02 -1.0691391628494149008774119e-15 4.2008855691381192899679688e-15 
3.2052918178735269535504855e-15 3.1164634352530290407986566e-15 -7.1759144621243775574725987e-02 -8.2153174747467888616725418e-02 1.2702882214556229095725470e-02 -3.4350474125726865315400005e-02 -1.4885971043070345132264265e-01 3.5862717278949518551200981e-01 2.8107869518416384035930378e-01 1.2108860438952925853151044e-01 
-1.2454611141773809007970171e-16 -7.9868364431453423354423377e-15 -2.2555949142687373165649944e-01 -1.9714104623497533119724778e-01 4.0317670305707653533033863e-02 -1.4092063355982742400840380e-01 4.9099856181300091058346580e-15 -2.8415527241551994867077192e-15 -7.8760005150741219104304491e-02 -1.2859117154050700437828425e-01 
-9.7363055620369627629617781e-03 8.3135666199967706013751467e-02 -6.2428065779264449441932072e-02 -7.8080140614783133390375269e-02 1.8617598581862318069628723e-15 -8.6827096414835713604005315e-16 -1.7778641479279200669143095e-16 -3.9326348666483833148343654e-15 -5.2988798820842300529854185e-02 9.5345194726240770077829723e-02 
-3.6622648411841332571903251e-02 -3.1608942117566625820690440e-04 3.8614648473224544300563821e-01 -1.4534524082971400638086834e-02 1.4978712081820694246303560e-02 3.0624896314368516003767695e-01 8.4045860984688622755504866e-15 6.1861352786996267329221024e-15 1.0704271779688814825171050e-01 2.8029894323906318076566890e-01 
1.4645984776003989624726387e-01 1.0468213615060895094188709e-02 4.9997210522440668245618071e-15 1.0880117425397635051636189e-15 9.3599567313216225361571787e-02 1.1780085060067782554149574e-01 -8.1610481876331769646171210e-02 -1.9509784492615867002029972e-02 -5.1616543357421169890830726e-02 -8.5381553347303004719570652e-02 
1.2997497308163013505774339e-15 -2.0692340951960898696350747e-15 3.4211234112017195837836324e-15 -3.8564624785850327184936018e-15 1.0775479827973380442251994e-01 -1.6745907630804680171765497e-02 1.2465463219213487183756328e-02 -3.4624156074897299850690047e-02 -1.4447771134364950640360803e-01 -3.5839440702426877960462548e-01 
2.8306990215550847933556611e-01 -1.1783131899405001330460863e-01 -1.5733044306500771359399992e-15 7.9891222396676145719937807e-15 2.2746845764789952459850042e-01 -1.9566231571149550472199508e-01 -3.9762163353951315847290005e-02 -1.4134723509007388053682064e-01 2.2489121759472441539213660e-15 3.7772842324498136003288644e-15 
7.9130832129087558257651835e-02 -1.2796964800304572174027840e-01 9.2881838654511918174083718e-03 8.3394436765979754189181961e-02 -6.2849381020798469887900239e-02 7.7486982813076227261106510e-02 -3.8169743045384049350403849e-16 3.2903817425471097037328691e-15 -1.6470462243585066941768128e-15 -1.3136885992219897874434192e-15 
-5.2256538714239346432588462e-02 -9.5711943540470884039805810e-02 -3.6799727677902613343086102e-02 0.0000000000000000000000000e+00 