46 (index of k points)
0.1116157186814710489120017 0.06425629346942025865718762 0
18 (number of bands)
52 (number of orbitals)
1 (band)
-1.4226713390738086051356959e+00 (Ry)
0.0000000000000000000000000e+00 (Occupations)
-9.6547191267979073914240473e-02 -3.3479926862629777462032621e-01 5.3100463981987852668531502e-03 2.2209715769547222485869042e-02 -2.2376973933896388036072005e-16 1.5513017556483961974755359e-15 -6.0069274442796707913494458e-02 2.4432470573542086622609304e-02 -3.4477972431813240505871221e-02 1.4221197280597841494653721e-02 
3.3888285687017185050756710e-16 -1.2578929026518816428444954e-15 -3.1417195035953145165752431e-02 1.1342317123441414405959904e-03 -1.7962471893351556612161701e-02 8.0447350582582566325129392e-04 -2.2120051795697925900441305e-03 -1.0557531949641776880532973e-02 -4.5084859303352913882289562e-17 -8.5605601396591446277460520e-16 
-5.6534034774982975260779137e-16 1.1904930463737182268837638e-15 2.5718301083675135232375908e-03 -2.7440461588117553981547303e-03 4.3303926568493134041659687e-03 -4.7682440063818859465882838e-03 3.4578064227910476624572311e-01 -4.2984390649175197030018580e-02 -2.2766951581167056001264726e-02 1.7703059104173662907655284e-03 
-7.7761802605919778156493716e-16 -1.7682611943678694317815773e-15 -1.4734761504601411735704275e-02 -6.3151802458941058704411375e-02 -8.6525675703000570759826360e-03 -3.6278176767090698773277069e-02 1.1104593421047361386213309e-15 1.7153807576670268418905755e-15 3.7944646606936950627986249e-03 -3.1207830162368423165819564e-02 
2.0153805794123624828273478e-03 -1.7867171439851267655818390e-02 1.0773585059054319179594472e-02 -5.3320986250966588559929704e-04 -8.6357472878960445133751428e-16 5.8047503005729558389846747e-16 1.5031288340859960195846678e-15 1.0442011507262968173782022e-15 2.3079395299357985393839954e-03 2.9694300049269220509451372e-03 
4.0321163515268446109196532e-03 5.0229960376884201511682448e-03 2.6738145236449845087989274e-01 -2.2406906099770496076928339e-01 -1.6825569920996256978451555e-02 1.5101809624523083314118210e-02 3.4937069630109419352833881e-16 -5.3864670517201160150945430e-16 -3.6137042277752801089363288e-02 -5.4496084865664304319743394e-02 
-2.0361024886763286201318834e-02 -3.1193154437216555341372271e-02 4.7147644933083633191151608e-17 3.2322697789727171295222640e-16 -2.5314363865828509031485893e-02 -1.8015545110489361579908518e-02 -1.4641939703711893960846879e-02 -1.0736914591897130447084585e-02 7.7300657867868079534123815e-03 -7.5334594804959340019756553e-03 
-7.6961346028899748130473440e-16 -2.7287198402163051901014783e-16 -2.0154078523470665316508137e-16 -1.2139988030452529898721839e-15 -5.8514462943021552931988083e-04 -3.6959024432642699486972759e-03 -1.0134400365451046166498372e-03 -6.3986085657702831269721955e-03 1.7948272457321967632282167e-01 2.9914166668105640622954411e-01 
-1.2283782258437923873284348e-02 -1.8980862744590654145326880e-02 1.5634434829982186965409834e-15 2.6194004206826181518057053e-15 5.9478226506766068704123995e-02 -2.7167069438581326057402521e-02 3.3994280979860069802356293e-02 -1.5230662455925591397543073e-02 4.7919890391685817918689840e-15 -3.9973857499054858197894758e-15 
2.1753782824275855189988249e-02 -2.2184449878098859432196122e-02 1.2895229361081502611474647e-02 -1.2782049638690125281659249e-02 6.2314613871443970405383794e-03 8.8133885533765859987553881e-03 -2.1514918238794158332832017e-15 3.0489465583652654381174611e-15 -1.8466957158645444115450339e-15 2.7369804598148390319448338e-15 
3.7419365382662826344239981e-03 2.2599350257954033821539142e-07 6.4783680264116506181126809e-03 0.0000000000000000000000000e+00 
2 (band)
-1.2376753975330672119525843e+00 (Ry)
0.0000000000000000000000000e+00 (Occupations)
4.5077048550812223726147465e-02 3.5129385236868226893847122e-01 -2.3992502489426359435498171e-03 -2.0270275154956537977390951e-02 -9.3000359776200858146006169e-16 1.2726791147254091208956678e-15 -6.6230827903086333940940733e-02 2.8685930945710098882717176e-03 1.2384194446791033095145451e-01 -2.0761557561298257801318812e-02 
2.4732249337161260000281190e-16 -6.8441669076188924873546371e-16 -1.9187747389149648058470632e-02 -6.7597907420735934419520063e-03 3.5520568204915475840621752e-02 -1.3982957343127905280866230e-02 1.8299053427763695145458200e-03 1.0878348480216957702704228e-02 -7.6466505005123233742906811e-16 -1.9684164130813999536987122e-15 
-2.2608191296381381455981564e-15 1.9511327551886875524238874e-16 -1.9948942483559300997697505e-03 -4.3299187364176684733596545e-03 -1.0890734428009162405165400e-04 -5.3368144714515744486682536e-03 3.5402044608291516336606719e-01 1.0432390585138687222332976e-02 -2.0396039860405640320450971e-02 -8.0125815303513925336176271e-04 
1.7679507568005626170963546e-16 -6.9613872266914130436773542e-15 -7.5275081787707035646528553e-03 6.5864163333994862892240008e-02 -1.1328000035138591217176440e-03 -1.2556506777809339769902408e-01 8.7294351676689459905423809e-16 4.6118028614132127520934232e-15 -9.6781914989550951733399131e-03 1.7894050130035664414318575e-02 
-8.2541628497808799957979886e-03 -3.7270667518960111375125877e-02 1.1030678222211744154979129e-02 -1.0562754642880894939693803e-04 -1.2944699553077623651538091e-15 -1.3879851361223277795131253e-15 4.2368320611746843763068927e-16 1.2034526525132370634205387e-15 -4.5886804662401137200333778e-03 1.2929852686235504544143282e-03 
-5.2881462915134042068743270e-03 -7.2729520271385197927038746e-04 1.7440189820686305410823991e-02 3.5241883966215370449504007e-01 -6.8826892561643822354700006e-04 -2.1097039577278126065706942e-02 -5.9881214460749167604012879e-16 7.7594640974061915429329096e-16 -6.5866986946063202368328859e-02 8.1355855532179721656405036e-03 
1.2520952681516075988277237e-01 -7.6610344366267145443938347e-04 2.5999241961623304219420352e-16 -6.1054482858370356089085911e-16 -1.7653785300313560441276550e-02 1.0387739063563685565361183e-02 3.7660581846142085482576078e-02 7.4274865328329718258681957e-03 1.4417957935124926945567869e-04 1.0969445643995167499751275e-02 
-2.8685326473442062905369020e-15 -2.4386173789479607512695122e-15 -1.2213742346934571240785263e-15 -3.5137694645990385663819117e-15 1.2181874697223971787396479e-03 -4.6446464082623966501683910e-03 -8.1990416464605350710392884e-04 -5.1766711614200308644306858e-03 3.5080822570516639880011667e-01 3.7904980508988980747453468e-02 
-2.0944968992739836088912142e-02 -2.6205089071771438605229498e-03 7.6011105802811414135347522e-15 -2.0823999496607106136439892e-15 -2.2684438718870887641276823e-03 6.6328741010565184232916636e-02 1.8830413906269542756444224e-02 -1.2378783474914105411368581e-01 7.9089561195176333907614624e-15 -8.8326295771953929875902846e-15 
7.4981882988307997639498836e-03 1.9061438311875560092101267e-02 1.3227454822613206320003343e-02 -3.6035002707110255770750484e-02 1.0856948220729403450923733e-02 1.5735948716269036740111886e-03 -3.2934216443379507328253238e-15 -1.4527824418987024758877092e-15 -3.3501295479444694289863570e-15 -1.8089048430039237391728656e-15 
-4.3968965984819705430930448e-03 -1.9297723366800774349311132e-03 -5.2411990186103157504660111e-03 0.0000000000000000000000000e+00 
3 (band)
-9.0422110937483135550962743e-01 (Ry)
0.0000000000000000000000000e+00 (Occupations)
3.4443142551030292430880309e-01 -1.7383308570876193632770423e-02 -1.2911961370568936224856316e-02 -6.7695377145990387468543759e-04 7.4059846742808992874654214e-17 1.6856177548786468890969088e-16 9.8664656298183897598086389e-02 -3.4534943669076723082866920e-02 1.0052841827650235706492765e-01 2.0886480904285387172336641e-01 
-1.7389193971455413003697274e-16 -3.2350705467850786607189939e-16 1.7289596403646231848050263e-02 -1.1008903842532447026059117e-02 1.4078029543586667582388827e-02 4.8863876502943326407546465e-02 9.8318330286815344698503338e-03 1.0324130401520360302003443e-03 -5.1066935803895725529736912e-17 1.4193641617215004803882332e-15 
2.9419517858790950398135393e-16 -7.9167302520025673026736308e-16 -5.5485862032539530475094836e-03 1.5196026676048440817723417e-02 2.7882116574293736022127632e-03 -6.7555424303836555943725273e-03 3.6711654596306847464504131e-02 -3.4291025168802591327477103e-01 -2.6884951168252568809435843e-03 1.2647094798821518699116773e-02 
2.4026142580377360377225411e-16 2.4335425825603340801207474e-15 -1.8675208478661442512702706e-02 -1.0285238609261146414119992e-01 2.2201944598668618691128529e-01 -6.6617091961819169254610529e-02 6.5550198872637710535780148e-17 -2.6664631562543390976465139e-15 -8.1686772038430562059563300e-03 -1.8798904764760652336130775e-02 
5.0464570118707710588701332e-02 -6.2607112582278301449179025e-03 2.5577398626427730321530873e-03 -9.5492818674708310200394124e-03 3.0679768201372449250087666e-16 -1.4879180646258817103343004e-16 -9.7758618639562793546382678e-16 -2.4040415336934760766033807e-16 1.4140948256872218347091064e-02 7.8574562035453633657144934e-03 
-6.2361980938365106988396924e-03 -3.8106838113097663695016948e-03 -3.3241833419264132931658651e-01 -9.4600639169810957218587077e-02 1.2136642396650756947629191e-02 2.9033341259456363347979391e-03 1.3101033262364711553437596e-15 -2.0274010497442627107367591e-15 8.7918115638601523897932566e-02 5.6377012141030330427682316e-02 
1.4633362874226646388464701e-01 -1.8058006299526818683176543e-01 -4.0859242079076951199867973e-16 1.9189264965928048739664216e-15 1.4459834750869246522420042e-02 1.4516077432299448468633329e-02 2.4454195240356524365665791e-02 -4.4162776186888505480787614e-02 -9.8776317131668654042409017e-03 -1.2038644254590417145139858e-03 
1.1090143113053145933741597e-15 5.2907939392319827843782032e-16 1.7984753357921122354263737e-16 2.4889771663097565930187419e-15 1.9108308322677743096296155e-03 1.6106224213722875049370487e-02 -1.1513599293120277411439645e-03 -7.2694004976168310680484375e-03 -1.4543763259986927649514143e-01 3.1352691250113884358086125e-01 
4.7661784257526998431764298e-03 -1.1533038668319568753606319e-02 1.2473111655094459145253620e-15 8.4335823038910473898010689e-16 6.9436340956568518012481661e-02 -7.8016390008489588936413384e-02 -1.5546519983466858261245136e-01 -1.7278096449731411565764461e-01 -2.0932594781100842315174498e-15 3.9238685709913337511857951e-15 
1.6599376944873033001837115e-02 -1.2010995382761586319775304e-02 -3.9793580177691856292199191e-02 -3.1061703785024204899078981e-02 -2.7342448895969484468082555e-03 9.5676957884085929439965668e-03 9.7540658585851328626639617e-17 -8.4525194778248391460839530e-16 8.6214612671485948533228855e-16 7.6639980979080002810258484e-16 
1.6206849665934643101028456e-02 6.3226323481223886766727782e-04 -7.3600144892254594150560187e-03 0.0000000000000000000000000e+00 
4 (band)
-7.7170408928966705008889448e-01 (Ry)
0.0000000000000000000000000e+00 (Occupations)
-1.5627392432238257358179112e-01 -1.9174006619334993395398214e-02 1.0608784711407803769134262e-03 -1.1778999101182963116229985e-03 -2.0819632156768176351968976e-15 1.1937795866796547876939597e-15 1.5561655918450248425877191e-01 2.8759336771027194101790769e-01 1.5888326312961131847600882e-01 -3.9598377249286872969769036e-02 
1.8260358239364744408210268e-16 -2.7259950289144478463291600e-16 3.1647144537693593091542965e-02 4.4886658290435865747980415e-02 2.1313690776350743827372014e-02 -5.2175105364488799652988860e-04 7.0251368917417789106139026e-06 1.8778130186354394237646659e-03 -8.2526198609684596909837478e-16 -4.4803826250484932165132525e-16 
-4.9440321080435740818493134e-16 -1.9759689063463087140324682e-16 -1.0155118384028657269047002e-02 1.2415203542571730255250628e-02 1.2694172345143125979483045e-02 6.0342836337226590792681691e-05 -4.3384570531492999689859857e-02 1.5135045752407527697158685e-01 -9.9744005149371428586846378e-04 -1.2320814390458789677751383e-03 
-4.1942555214188264476207706e-16 -6.4225439106796150273421523e-16 3.0839640930736117452326539e-01 -1.0871114648317389828058310e-01 -1.4256037244074259984216724e-02 -1.6312169747028426591839434e-01 -1.0953094313749002950999370e-15 2.4286015907917857747707842e-16 4.9284733167550484611574291e-02 -2.4235695295908514512728260e-02 
2.8188683822535504086559399e-03 -2.1132903721812500152932301e-02 1.8557929978567718094784045e-03 2.8681602921752083132367339e-04 -1.0742800039634787516808964e-15 7.3739171968002186813054312e-16 3.9376687146246327465698572e-16 4.6596305423588469962635460e-16 1.0673741273287592687402103e-02 1.1972257749814658317477623e-02 
2.0454059758320403128450948e-03 -1.2528446319479108472805251e-02 -4.2789790954162493230583664e-02 -1.5298516886785265556092384e-01 -1.1803416767411645249552521e-03 4.7050725213085287101932863e-04 -1.2870494608894475511190125e-15 3.1676435308235521387401520e-16 -3.0764433773418758955031649e-01 -1.1086338755990889082259088e-01 
1.5071783182977312176564766e-02 -1.6230736567039732998196655e-01 3.2698284681359597476784597e-16 -4.0813797699407981685376549e-16 -4.9164568249460527393779330e-02 -2.4352847675961866724669846e-02 -2.5886539858831492111335137e-03 -2.1611518739803797783949335e-02 1.8605632299812217573392603e-03 -3.4673081184641296736970162e-04 
-4.5132188264011625272979869e-16 -1.0528880279453362350311606e-15 -1.4905045916695350864940024e-16 -1.6484418290288119281122286e-15 1.0723970755370682006457628e-02 -1.1939743408907459165657627e-02 1.9913708119772277616021938e-03 1.2573020480394537373713959e-02 -1.5779546563185919971772364e-01 1.8330824571006126832983796e-02 
2.8006840832982358296954217e-04 1.2394132623212705812676404e-03 4.4013122321742096311481739e-16 -6.6863460469940030151010944e-17 -1.5762465268792558159560713e-01 2.8651387070469896967139789e-01 -1.5795134632594140522421355e-01 -4.0276690442547391501904031e-02 7.7185087837642796523225184e-17 -1.0194585438924336380046121e-15 
-3.1744056642870520368315823e-02 4.4749646131982338814747635e-02 -2.1750399783313948548491013e-02 -8.2400301307849685428230657e-04 -5.1405766630542576575355063e-05 -1.8918972582534737507387046e-03 5.4100408610800037188504481e-16 4.3745131133014018139633597e-16 6.1201731217412858490886816e-16 -1.1991097793891602644460296e-15 
-1.0115146726452559772235773e-02 -1.2459728252853886909523595e-02 1.2729744762220308873512664e-02 0.0000000000000000000000000e+00 
5 (band)
-7.1705772117304589219344280e-01 (Ry)
0.0000000000000000000000000e+00 (Occupations)
1.0759136881194730772648427e-02 -2.8985570421046980005286287e-01 1.7383980704360202373948141e-03 1.0112739074090281582440909e-02 -3.4239788021115482194042132e-15 -2.4212684036287683383551652e-16 2.7457561230630750381820349e-01 6.1741087790894683129394593e-02 1.5799447780782338579541602e-01 3.6240561300567478153489276e-02 
1.1760911984561334642769989e-15 -9.3283835569412688353301823e-16 5.3896401537343416321412803e-02 -1.3488512784345929595986036e-04 3.0673864025017802403816347e-02 4.0626280930614044883952829e-05 -4.9564477362210035416012488e-03 -5.8811300602960789318807144e-03 -3.8298415751163446966253994e-16 1.3479088043141918544583461e-16 
2.1126705425826714131690875e-16 1.7551237854689203881493845e-16 1.2399424033867130490182973e-02 -1.2161292042355914544415896e-02 2.1536470150781188148680911e-02 -2.1032111806356529326578197e-02 2.8460399968140659421322880e-01 5.5970096079447556602914915e-02 -1.0260179847117745222107033e-02 1.3501457833204645597735549e-04 
-6.3616121926144262912236855e-17 -1.8518888536000302570001933e-15 -1.0393404157096092221834738e-01 2.6153669684712010923277603e-01 -6.0510161468378495519537807e-02 1.5038003078937559053862572e-01 2.4401124495943997470946772e-15 1.0510419976851989530241280e-15 -8.2980302740010905560019694e-03 5.3253948081288832172575098e-02 
-4.8385756134657845889401884e-03 3.0289862507991580087285399e-02 6.5840828401959698712442304e-03 -3.9754142050216940973417223e-03 9.2235551463749463213846223e-17 7.7603490219612596225744347e-17 9.7779129995132000633567864e-16 -3.9871039674184950078601675e-16 1.0071869091263008222369990e-02 1.4149211763186578250106606e-02 
1.7404125422338899420449110e-02 2.4561467624591711705894781e-02 -1.6441749348996581581161536e-01 2.3854297414371375407604603e-01 7.6740642031246503185215602e-03 -7.1195452892568594771560697e-03 2.6536403051620791733663281e-15 1.2964085904081248360675797e-15 -2.5641949390732882152477146e-01 -1.1504962814836268425455756e-01 
-1.4813355640565439852451846e-01 -6.5119440789258867252620178e-02 -1.0372854433945086793417909e-15 -1.5291453462603365018890335e-15 -4.3498971794405517921067172e-02 -3.2227152155617083684191471e-02 -2.4612675444375307909350425e-02 -1.8640828244263218937959437e-02 -7.4744856093717877351667589e-03 1.7331208948511622400245891e-03 
1.0533731637152078997892553e-15 8.7780250922795132482609985e-16 -1.0714461436715345599914480e-16 8.3593670312973911467053491e-16 2.6125273126890551089740455e-03 1.7149783574418646370229879e-02 4.7008362797858298243180997e-03 2.9679912181736368276263605e-02 -2.0988555165529096391274777e-01 -1.9970958385919790334384061e-01 
5.8314037442255828302961618e-03 8.6933259970520537773808201e-03 -4.4477729994073484683808491e-16 7.2672570027239747953778289e-15 1.5374602266723266796866199e-01 -2.3526481740111115925628837e-01 8.7490906064456086532743484e-02 -1.3612286162916167886471897e-01 -3.6967681117617085901908046e-16 -1.5867137038564834277065128e-15 
3.8635120817149544436563957e-02 -3.7921989961974190974647314e-02 2.2261599432238963341967874e-02 -2.1393584572965477358374997e-02 -5.4251614293391692105117396e-04 -7.6535821283609277096426915e-03 -1.3811119528398333070669646e-15 1.2602053721520137979272962e-15 -2.7673826289612773968472027e-16 2.6504568860927429933723359e-15 
-1.7347330592745516947283946e-02 -1.0245445279329860183148426e-04 -3.0049876020456094821708959e-02 0.0000000000000000000000000e+00 
6 (band)
-5.2651275519597373619973268e-01 (Ry)
0.0000000000000000000000000e+00 (Occupations)
-3.6141270764876172822386558e-15 -5.1682958580919339521077715e-15 -4.8433753513848306010580167e-15 -3.2523583442809905202836972e-15 -3.6843716494133321726067720e-01 -8.5492201426960859333981091e-02 4.4439509481066916505485841e-14 1.5400099895112622056857784e-14 -8.3342109012005851092341147e-14 -2.1802811632376155819432761e-14 
-1.7360830897729495614356665e-02 -4.6540108981399166965253755e-03 7.7830756453344804188644288e-15 2.7717276711430817391662683e-15 -1.2108555013046793600998907e-14 -6.0656669313738631659024962e-15 -1.8148388068316304392581252e-17 -8.0093513740879312718466066e-16 1.1527148440574383481127541e-02 -2.2510147752803209841854226e-02 
6.5899806801153204549592601e-03 -1.2961685444872611538968954e-02 -3.1230833006366963952617057e-15 -4.8116993818721142323391561e-15 1.4675341119522647391585180e-15 3.9664828021158543245482094e-15 1.2070599587706579620907666e-14 -6.3886819417074665085878626e-15 8.9933427377981525583608018e-15 -4.1827043906560813210540269e-15 
1.4207592135975452563023680e-01 -3.5052716525913996115093596e-01 -2.3458706557697410818446292e-14 3.8303901340578259910144843e-14 3.1527196836172736190249538e-14 -7.8443277424989234211583900e-14 7.3125445952359402132514354e-03 -1.6419042555586960130398211e-02 -3.9713324407406663743978949e-15 6.8428389088536328317077133e-15 
8.3041148127196822581341257e-15 -7.6586104287381774800979672e-15 3.8753483416590435624705382e-16 1.2055901406838231952411846e-15 2.0429767180776770008066023e-02 1.4906593036750724959316194e-02 1.1771205486042638291288576e-02 8.5365014110858478124654880e-03 5.2719466571094580554968090e-15 -2.6198638644663537714651057e-15 
-3.9381208021525545337989867e-15 9.8574871264165982431408805e-16 -6.2246541559352978710907569e-15 7.9401871747182826508678713e-15 -2.8487248410859894946526698e-15 3.0468053063182279474028659e-15 -4.9432682050701136355908005e-02 -3.7499098059934016236027787e-01 3.5267391347967460734293328e-14 -3.6769295759550890154860048e-14 
-5.7187569979082061832040524e-14 6.6190580638286432709616211e-14 -2.9446672846019138550244243e-03 -1.7717899288887950515203329e-02 4.2360921483146848384761982e-15 -6.0266488938861051538315099e-15 -4.7827144358075387230408781e-15 8.9644321417233621137690999e-15 1.5615909861350911866816784e-15 1.2835256812814690041210741e-15 
2.3523260588735279974503811e-02 -9.2931460799096851643774642e-03 1.3539624870546827437034487e-02 -5.3038281333250801574674682e-03 -8.2074456671989265713742249e-17 -7.1594786046859162004294256e-15 3.7910291704040535155208695e-16 2.8455736004662108314789405e-15 -2.2904728691604818772042285e-14 -1.3381256935635882425572326e-14 
-1.0133346100081877833228937e-14 -4.6593399846207335238435194e-15 3.7810719453841501458413177e-01 9.8374297391502565912624334e-03 3.2165337805395338592302438e-14 3.9072296085756969033301217e-14 -5.5025485781783944497764683e-14 -6.3639627277570268932911695e-14 1.7960409998860272368093050e-02 -1.3672344704052791231063679e-04 
5.0764872750432685059362928e-15 6.2138078131604492292961897e-15 -9.6661711614664368407618177e-15 -5.4827283034127875620798543e-15 -7.5200827439738280040550351e-17 -5.7900659781332907957320539e-16 5.4988833443732473491016854e-03 2.4687418551825053569803714e-02 3.1204652343357263885592623e-03 1.4202631137371720185247348e-02 
7.1237809072402882522572921e-15 1.0649486887159875900738352e-15 -3.5294786299301066908307760e-15 0.0000000000000000000000000e+00 
7 (band)
-5.1089979721580447424855720e-01 (Ry)
0.0000000000000000000000000e+00 (Occupations)
1.0413312686521902783454152e-03 -1.4101982936837176296762664e-04 1.8529101766104338899765480e-04 1.4442672062903172403025565e-04 -8.3988413710261914920601482e-14 -1.3816223002997314633133877e-14 -2.2006385024713590037315214e-01 -3.7867937826018951974482718e-02 3.8190754749576244497788480e-01 6.5948889120266751540100358e-02 
-4.1705319372854964862008861e-15 -4.1008360013305627384866083e-16 -2.9494137698085898247057912e-02 -1.4044640961840382242797887e-02 5.1363619050397879561842274e-02 2.4945534802578356314839425e-02 -3.7632038097645814644920392e-06 1.4512772516600547234588703e-05 1.6417137115630234878451838e-15 -3.8303242616981504100690912e-15 
2.5307233375491121349348369e-15 -3.6457775281204800256213603e-15 1.6851116625755807598707747e-02 2.5102038100529758257728474e-02 -9.8225152272005053499803751e-03 -1.4408257440198466922676168e-02 -2.3616458699360354245300186e-05 1.0505711143399265594666758e-03 -1.7163448926943436489978012e-04 1.6041646099865247698801340e-04 
2.1165984498073241968974926e-14 -7.7519644645805191034698968e-14 7.1827291361245340639563040e-02 -2.1143064847959280871947385e-01 -1.2488045174661799308069021e-01 3.6688895265732379691314691e-01 2.1734463234942709342808599e-15 -5.4493637503403264059686457e-15 1.8485627778481901473117688e-02 -2.6933950024756441593565270e-02 
-3.2673454143090543966287953e-02 4.6828906274861525904640303e-02 -1.3745401430752257621037415e-05 -5.9871703298602918508208859e-06 4.7896291885945723505324894e-15 3.5710610484916552512139860e-15 1.8359473225185972707322553e-15 -1.0420346682300131056073720e-17 -2.7429085771746353206168578e-02 1.2716827515592728226057062e-02 
1.5767447796894193401406881e-02 -7.4476357204062079708783983e-03 -1.5096814960900289959155884e-03 1.9354450627823670261218325e-04 -3.7377750690322647519892030e-04 1.1655056749292069806500649e-05 -1.9414619509233529340909407e-14 -8.2918216557488854627537188e-14 -1.3624508665984583211105985e-01 1.7694300642834207004661096e-01 
2.3545310398997543188670534e-01 -3.0875200247606032766256590e-01 -1.4429036415627249460290759e-15 -4.8068630226995013683207811e-15 -1.1400134391004491940524446e-02 3.0741591745418572756420872e-02 2.0233083267220411394227142e-02 -5.2886349882738575844953743e-02 -2.2150185799256483232255732e-05 1.9282232730411137666681753e-06 
7.1727845771959936506808540e-15 -5.2817001912661901682232427e-16 2.9651257282384445127716293e-15 1.7171625325371423505234683e-15 4.7658614333738816282171058e-03 2.9922264157664347355991552e-02 -2.7278301662558065293628928e-03 -1.7222841843969872305253332e-02 4.5004564999812091130593217e-05 -1.5213718430104467005392621e-03 
4.6960120685238249116366660e-05 -3.7099893811956552447384183e-04 7.9426586121737208806992687e-14 -2.9673563563089356284548547e-15 -1.5345111715313755618161906e-01 -1.6224766811053312198787069e-01 2.6811777261626573709563104e-01 2.8085373990526313336957287e-01 -2.6338709274801473013160246e-15 2.5926642739841445935234158e-15 
-2.8579737813441773164324644e-02 -1.6068824278384311043943455e-02 4.9070079598797694542255954e-02 2.8257228289169589868778942e-02 1.5605688214210044009472994e-06 -2.2179120830158858840991387e-05 2.7606992454000059350028758e-15 4.6746800034440669855126910e-15 1.8733051642199413494139469e-15 2.2469053154464476604483098e-15 
-3.0299416416520067590889553e-02 2.6312384339529943516611254e-05 1.7437526733979271525987187e-02 0.0000000000000000000000000e+00 
8 (band)
-3.1635451125269808958506701e-01 (Ry)
0.0000000000000000000000000e+00 (Occupations)
9.8489099950502016615893956e-15 -6.3327778749710794881363891e-16 7.8936299470448967259191848e-15 5.1793778553250506819102089e-17 4.3136836418325996689304702e-01 8.2416790590083444101310306e-02 5.1583448889759007989074057e-16 2.5928481574659135702296239e-15 4.0404764668041978398619966e-15 -3.5807583321826484907920376e-15 
4.4006003072274840759448011e-03 1.2137384830562536475184743e-03 -3.3761225036570326094673124e-16 -1.0338947315149892834947890e-15 -8.9831692198263832837024794e-16 2.3960876839682427807428216e-15 -5.5719262368863432161603932e-16 -3.1163373054409907603225636e-16 1.5458955528443705379482154e-02 -1.6705687742928649469620339e-02 
5.0964448740034827556311114e-03 3.6600674562543095147404415e-02 7.9994659542630056523187860e-16 -1.0677767738370290646137778e-15 4.5375920464787354125781643e-16 4.4965607102487567475661950e-16 2.6584407518401258661440955e-15 -7.3089141159590339054971962e-15 2.5845916115481349540504060e-15 -6.8213329625601654434945718e-15 
1.4888298242138986449134563e-01 -4.1316467725911276698269603e-01 -1.0354139333678638243740863e-15 2.2391873716856459550614413e-15 1.5877715522828187821699456e-15 4.1666986565385642221926816e-15 1.8872009031610931240052764e-03 -4.1565510847701853114344317e-03 -9.1207513367851274485298036e-16 -2.1979006601703402718226256e-15 
1.5160422684595645522715560e-15 -2.0182562255843405032647725e-16 3.2168878624722757662607848e-16 6.7799704670627587744895504e-16 -1.4081699567141205131637349e-02 -1.7881975458415598490002907e-02 3.6947319150811744337126186e-02 6.9190776476482640511278532e-04 -1.1291879042757013410713016e-15 1.3892165431149757983907790e-16 
1.0756835146607544265344929e-15 -2.2753476074638479067903809e-17 -1.4653917004307516039928142e-14 -6.9834933738272166533390366e-15 -8.3307739998661022493155947e-15 -3.2621355444500383284550535e-15 4.2921119591703144058314479e-01 9.2848137799507290957023997e-02 1.6662614304943867426728040e-16 -5.4089501970303822550206508e-16 
-8.7030002552047223900094955e-17 -3.2160390407571655269503763e-15 4.5507308732375545412551787e-03 6.1132964050550093332292434e-04 -2.0260532105502876943028575e-16 1.9862672672196959559597546e-16 -1.2934681588315846150783385e-15 6.6999564771075388937423185e-16 -5.1323837604100809608816564e-16 -1.9244779621743495774777002e-15 
-7.6908969224656759111624638e-03 -2.1418040162974126550121667e-02 -1.9003120021579979204151556e-02 3.1687220583005049068248127e-02 -3.1013049713597982145299367e-16 -7.2096797341314182782671157e-16 -9.8445059685273878265606246e-16 -5.2877005507926513962118625e-16 -7.4611086818615899610167606e-15 1.4543246610181322464044398e-14 
-1.1543861565210176119516913e-15 6.0252511354248067562896787e-15 1.5884844697310637751108686e-01 -4.0940224509350170434274219e-01 -2.0568200593136793284178033e-15 1.3008808375432960352237151e-15 6.2781861005308129415084343e-15 4.5891954432110612109082281e-15 1.3156943078851263129180893e-03 -4.3990707994045075840405801e-03 
-4.8807203448562353197487372e-16 1.4592334619745245814024717e-15 -1.6874162735594720412783495e-16 -5.6083313420982594844334172e-16 -6.4890601812505113227233966e-16 -3.7104191283429845329413810e-18 -2.2357469893115988757159585e-02 4.2456895639325755234527726e-03 2.8324355401028480233582840e-02 2.3726133480757312377296131e-02 
2.3679179900395677794338543e-16 -2.6152496757368098959935338e-16 4.5972223935004083022436627e-16 0.0000000000000000000000000e+00 
9 (band)
1.0359173894976241026011365e-01 (Ry)
0.0000000000000000000000000e+00 (Occupations)
8.5001169389830710436802576e-15 1.1704788494853142598736726e-15 6.9187582837785829453264619e-15 8.3975430975986709309270900e-16 -5.0046841266247354962359850e-01 -2.6443848830216498679845927e-01 -2.6578411753039414009562944e-15 -1.4052211232188903031144604e-15 5.1875760595274311949329164e-16 -2.4615119218840795778358775e-15 
9.2733377290637186707300543e-03 7.6760237768660061208336742e-03 2.0214066426669048803847623e-15 4.4775940508780496294664349e-16 -1.1809629552968797407762165e-15 1.8842810246930153068067167e-15 2.3864863816645206821443335e-17 -1.1833327953600922559761699e-15 3.7783573026094210978165222e-02 -9.6121483433178264710328165e-03 
5.0770115218598532713656368e-04 6.0474736698118841671245605e-02 1.4742163198334099251384794e-15 -7.9476372880834675567761565e-16 5.5019832769143292715397861e-16 5.4154460920737985526676962e-16 4.9758511285838530546087479e-15 -1.4500436901119379397301444e-14 3.7491120858752020410802835e-15 -5.2823765764778491450800847e-15 
-3.3947332010503677990342908e-01 4.5293952256929292943254950e-01 -2.0815422954394518077156120e-15 -7.4070031672836952076910288e-16 7.0142607247207467679620491e-16 -2.5134496838994569031494555e-16 9.0321888133267358433897698e-03 -7.9583728802316566763863648e-03 1.2898672750349596440916667e-15 -4.6961863048214624048090092e-16 
1.4620825762649086969866160e-15 1.1233280852908400022921411e-15 1.9792652978851285722268290e-15 -1.1460853267703244741153874e-15 -3.5831538131215652509542480e-03 -3.8822065827874195631519427e-02 5.9809614295434965214326439e-02 8.9588825752978662464443005e-03 -1.8419608623922257243406590e-15 -4.3584305267231368875784996e-16 
8.8889688245664112534213722e-16 1.1373998010121846068250351e-15 -1.4849283055952759392442023e-14 -3.9292036582658062093098353e-15 -9.0321929819114005085751847e-15 -4.4349907561618317492831021e-15 4.8831965820095946106960128e-01 2.8627491216353007086325988e-01 -4.9336200779283059877874112e-15 -3.1320127565439188078276000e-15 
9.8988186629010005131080353e-16 -1.0960030838618980436183740e-15 -1.1431186456151931629676710e-02 -3.8469391224164109499561448e-03 2.3851757974196562958992723e-15 7.9198443304506570410759782e-16 -5.5733119928205385139439608e-16 2.2497250228122769827201573e-16 5.5502224201641651562917645e-16 -2.0235353057718232833686573e-15 
1.1717942501602178484443328e-02 3.7185960929988347289931738e-02 5.1688252978410807736420196e-02 -3.1407309368584393483025963e-02 3.9021081243955366709042567e-16 -1.3926574787411796414067038e-15 -9.4701013106222068965719332e-16 -1.3445610786740519270360930e-15 -1.9236433775942667665984332e-14 5.1957868418206394402265338e-15 
-6.6209708599086615691389519e-15 3.5884602347547288411548175e-15 3.5914041744811786571744960e-01 -4.3752437014975437135078096e-01 1.2200076631971953716640158e-15 -1.3577501154113744483516060e-16 3.6771429124668673480451496e-15 4.0843504648060917873698984e-15 -5.5878084562393723344619900e-03 1.0688655718253583376542437e-02 
-2.3657119726624690371034886e-16 1.6536478786045590436195814e-15 -9.2340871750638201770005090e-17 -4.7810583219891166545825733e-16 -2.5371426141303117828092835e-16 -5.8428975391711872274808216e-16 3.8561230110984473506974268e-02 -5.7565092795088829841221312e-03 -2.2934809069275259585385385e-02 -5.5965070451937722062485392e-02 
1.0076697734508924467822477e-15 1.0896531470045976850167874e-16 7.1879573370674394024483259e-16 0.0000000000000000000000000e+00 
10 (band)
3.9453388437362690854826042e-01 (Ry)
0.0000000000000000000000000e+00 (Occupations)
1.1803348624843511932779451e-14 -7.7661277988922983198303237e-15 6.5629932342891921339454778e-15 -5.9265625540662925378275980e-15 -5.7110944554032527786802120e-01 2.8769679770498668425204869e-01 -5.3449902866234560736832661e-15 -8.2480146211548801850271395e-15 4.9836676685391783120292240e-15 3.5478768040338616969307754e-15 
-4.4557129721582572345894846e-03 -1.4611041697381116355458630e-02 8.7002940317947722347767912e-16 -6.2473078340078059932908431e-16 2.8431090095441377398171521e-15 -2.1441376429263424393349153e-15 -1.8350364508605148998434350e-15 1.6297186450050785200925814e-15 3.9380739707269053762050959e-03 7.4786477162750358838039233e-02 
2.3361186797763305866837413e-03 4.3065904487019482371756851e-02 -1.4187884446375008716360366e-15 -1.9696254006544363041645180e-15 5.2595517799290667279500117e-16 -2.7000751215189626944676940e-16 -5.3608723384735031204102776e-15 1.5293974144456935873737243e-14 -4.9246151644754832509921676e-15 2.8383946653869476212982519e-15 
-1.9481357212725139427256238e-01 -6.0908383520670306143784956e-01 -9.1595467884618144135997018e-16 -4.4518224502565196013857192e-15 1.7469198647205480160007242e-16 1.5719630667273109878273269e-15 1.5128182603625223157095547e-02 -2.1151852600230364176425724e-03 -1.3635954024948313339692724e-15 7.2848268349642624958714836e-16 
-1.8453260606061381090511786e-15 -4.2117140461713251458777839e-15 7.9171163570811596446557180e-16 -6.0683664392880974927149465e-17 -7.4481782022731923831315726e-02 -7.8095928019099591921303727e-03 -4.2901141214952212554756272e-02 -4.4296345476382142924975938e-03 1.3769311389189669694964451e-15 1.6343114854479267140464665e-15 
7.2691072574421342925397898e-17 -4.0495949992865943162956562e-17 4.8438284674641876301860744e-15 -7.0377230554400516034602655e-15 8.4016995490287222207523536e-15 6.1380881964838069769244951e-15 5.0522681736817609543521712e-01 3.9202536411052213427552715e-01 -4.5278939803829568390664372e-15 1.6598424270334131552490322e-15 
-3.9108450583741877872190648e-15 9.3452782439898397393998294e-15 7.2093767395429581013033271e-03 -1.3515130450576423593034292e-02 -2.2586064013529229685235031e-15 1.3514247483959504602496615e-15 1.7191955246758523479162315e-16 -1.9874518343641994547547517e-15 -5.8527447529184142443733788e-15 3.1656031775645783478573468e-15 
1.8219529043858165295866058e-02 -7.2640739590474304177014631e-02 1.0555715483484100214450763e-02 -4.1815631602405450850667989e-02 2.7279072922854462825507284e-16 1.5746374005541384577873465e-15 2.6442008516689244829659912e-16 1.3211975589585697919126772e-16 2.6897850898921188210530297e-14 -1.3943763203880920554422887e-14 
3.0049665722851216081858573e-15 -8.4916550059396640212041921e-15 -4.6623376824849255273264248e-01 4.3768035875370453480215360e-01 4.6357571613034845071596621e-16 9.9365194983663413261726286e-16 -6.1497839624812755872232259e-15 -1.0623647908593613410595930e-14 1.2220941774135169952120172e-02 9.2348495505857001314220511e-03 
2.6607451128868601374468279e-16 -2.2380730210336960625455951e-15 4.0751687244161069943314258e-15 -2.8636634395858581277012207e-15 1.0289702787598449676281025e-15 2.5844915925973778031961166e-15 6.8896249266460860005700795e-02 2.9358731645716264202494727e-02 3.9649534083542721518700347e-02 1.6967163069717836054728366e-02 
-1.1076860420112046076304707e-15 -1.8527471728656611858284619e-15 -1.0673999698753254198891678e-15 0.0000000000000000000000000e+00 
11 (band)
4.8797330764682445014557288e-01 (Ry)
0.0000000000000000000000000e+00 (Occupations)
4.5496436028392561734534638e-01 -3.1219491205669230859953700e-01 3.4021017670497477602964409e-03 -1.1511621260954386231079027e-03 -8.9936844531659605414959993e-16 -7.5336278712847788024853163e-15 3.1963990308674150586654150e-01 2.7731959552583562711447485e-02 1.8547583655214389120047258e-01 1.5978460530185201182717947e-02 
7.0205278702864627098141998e-16 1.3602550344631675775656114e-15 5.6823147706713400539868530e-03 1.8440764480182184059664507e-02 3.1717464441943232777987305e-03 9.8089093019892714675478373e-03 -3.4590928538302923023195490e-02 5.1816674119335243142714376e-02 -1.0460808267597231437364933e-15 -1.1871310280875170145160031e-15 
-1.3360934665059578031956832e-16 4.6687100239091261468117171e-16 -6.8907053241706178736691868e-02 2.5211427239365327701570152e-02 -1.1863261663500473952481684e-01 4.3492958888027899444495006e-02 2.3717916831807861477443566e-01 4.9820103809462107369299133e-01 6.0478344010947426845348218e-04 3.5402976802006089207530692e-03 
4.1663631165723760470643469e-15 1.0695980284356256228081172e-14 -7.7393230356816333781466710e-02 3.1136637121062110677982560e-01 -4.4796552435224359922649739e-02 1.8069273929949303258979398e-01 -1.7535545909275807428488592e-15 3.3601308364625231512875406e-16 -1.9102637940076022671220812e-02 2.7275849201842672364648479e-03 
-1.0184315809774954764144184e-02 1.5982455029687203662547290e-03 -4.5767511474952386751890998e-02 -4.2270970503661298156572457e-02 1.1595581810207461585590140e-15 -1.0729168601852405758686191e-15 1.7616889099246679601338993e-15 -8.7460658224271227670279858e-16 -1.4121594722717244890786148e-02 -7.2002629204693996411990042e-02 
-2.4399258472070112224727723e-02 -1.2397585002135266818434900e-01 5.1204439038924673410768662e-02 -5.5069296734096062628793788e-01 -5.6300783659521402846337423e-06 -4.1683996988578775333422755e-03 -1.8099917712085614611337795e-15 7.4762729199205756744488720e-16 1.8139590289461993144470853e-01 2.6482567913939103476650416e-01 
1.0320052628395301463903877e-01 1.5399037956125091741732547e-01 2.6509684037125025364513099e-16 -5.7018006467916880652517482e-16 1.8026442728774429852256489e-02 -3.7070318473709784612424301e-03 1.0935789195623459718609283e-02 -2.0830413117533530531488850e-03 -2.8341635965995145424178858e-02 5.5458571966966442590152297e-02 
-1.8900038392405308134147236e-16 6.1712787312166846280079717e-16 -1.3492903104851125026033845e-16 3.7554451731856954477599315e-16 1.1778326010289819764098596e-02 7.2350055576703320436848799e-02 1.9776796881750595413773652e-02 1.2486578126757014173264793e-01 5.3590288406170916157833517e-01 1.3672138717285792219868767e-01 
4.1179605198032702417787476e-03 6.4652061419462336644414790e-04 6.7205113955200492205412797e-15 -1.0002257643114052661274530e-14 -2.8994180660595925136391315e-01 1.3773475487568614950006918e-01 -1.6823862157756233615124586e-01 7.7840553905937887035904055e-02 -5.9527451954027170631961696e-15 5.6351488709146403163823918e-15 
8.4143520900185463790021956e-04 1.8384414849540335612498865e-02 3.4666128398737686144848169e-04 1.1127010936985894801187769e-02 -5.0342176257124407467991034e-02 -3.6668335434552924712026112e-02 2.0721249869181434177598371e-15 -2.7333347841913786323407106e-15 4.7684131452871240085888869e-15 -7.9548424322297937007970614e-16 
-7.3301842463003363814522118e-02 3.1527303232319059400623473e-04 -1.2642224893768758131606944e-01 0.0000000000000000000000000e+00 
12 (band)
7.1347379853990910980598983e-01 (Ry)
0.0000000000000000000000000e+00 (Occupations)
3.5824779702730999431103953e-02 2.1867382426837722597667835e-02 -3.7111395892006837637921990e-01 2.0872458361068921273151489e-02 -3.9161156942343546864672701e-15 2.9178619020372101148755150e-15 1.7415060157379244620834413e-02 -1.2588083752872969434122297e-01 1.0054361624882074410791688e-02 -7.3248244067984483174349464e-02 
3.2704573105568675511935927e-15 1.7863918819025465100200422e-16 -7.4380268312296271560057903e-03 -1.2614670950616621580842036e-02 -4.3605511683670258871181602e-03 -7.3945066155190475321035137e-03 1.3588834919527187361509846e-01 -1.5768002075128406680448734e-02 -3.6396350623722416240313910e-16 1.2526005748564957256250860e-15 
3.5718481205425014126222641e-16 7.8961264042930337402166542e-16 -5.4889794276373193859797084e-03 2.9224736576472648552638134e-03 -9.8204248978416494586518581e-03 4.6716962893565659731276440e-03 -2.7202388910305103086884060e-02 3.1962904945000619738593173e-02 3.7439529869838117370761665e-02 -3.6981010211524101283231403e-01 
-3.2523408668005680670263852e-15 -3.8544954194683817586194076e-15 1.2160671991211807752009122e-01 3.6892753345840190171145423e-02 7.0773587952900923747634465e-02 2.1389125624943688963597310e-02 -2.4486507153160428534242364e-16 3.8044940467727894426960204e-15 1.3622927166662345335734763e-02 -5.3730830764217654693659654e-03 
7.9856084579075919949175955e-03 -3.1501098609336419809068275e-03 -5.6837494074764259577303704e-03 1.3668199709226730442779285e-01 -1.2383895994964072378360354e-15 -6.7874259836816340244237400e-16 -2.2996741640992630318560919e-16 -1.1270724082982321302184108e-16 -2.0278275969754927521293553e-03 -5.8785765856712024479691081e-03 
-3.0779270404384766190997169e-03 -1.0430333481146610366541161e-02 3.8567368568805424078327349e-02 1.7041707364182923090112354e-02 -1.9334289061981213553309544e-01 -3.1736903919646974880919288e-01 6.0611720373527132267727693e-15 4.5218726754058332048656235e-15 9.4073977708682796072814369e-02 -8.5732718850107428321116743e-02 
5.4540639647329601513714437e-02 -4.9797059999084951342762650e-02 2.7070870125828391919025009e-15 3.0125614723204386115545398e-15 1.4302118932895430125640246e-02 -1.0272492595322785247091701e-03 8.6311005815971134080832883e-03 -6.9385615825881541418596044e-04 6.4176723786926626047488753e-02 1.2082578354117318175653395e-01 
-1.2382071262496144273880340e-15 -6.8700288846173128616029742e-16 -1.5225210514840802202544275e-15 -7.6171578547168148082066696e-16 -7.2774646019585801856588425e-04 -6.1808553974892765925375215e-03 -1.7041097409861037312306387e-03 -1.0759325458307551770520405e-02 -2.2865161337492053567066463e-02 3.5426629887980259914215253e-02 
3.4370719134368810099289249e-01 -1.4131506293511181260313947e-01 -6.4857386446529136268833277e-15 6.0744684813756729922938091e-15 6.9960794438711448872680876e-02 1.0632732294603912392982892e-01 4.0651939770830647358224041e-02 6.1659130309804473235590905e-02 -1.5649865047439442829687235e-15 -1.1126969982901312317708564e-15 
-1.2227422076832789640116195e-03 1.4286733304203925315478685e-02 -6.6488796462208128723592182e-04 8.6333804278755539585166190e-03 -1.2937766910053216662390696e-01 4.4485285010613086209563249e-02 -3.6139274894315322313850190e-16 1.5995827646131607029475602e-16 -1.0696998238869551668363123e-15 -1.0574283558802409328815130e-16 
6.2186034391901777798605799e-03 2.4811211395048585973827082e-04 1.0893441803538959564146005e-02 0.0000000000000000000000000e+00 
13 (band)
7.8706743872443374332448229e-01 (Ry)
0.0000000000000000000000000e+00 (Occupations)
3.7245353246686963011313765e-01 4.6526104969706361114134552e-01 2.2462211838999934787608481e-02 6.7304213341069979437136794e-02 -6.3791656190087172669861035e-15 2.1586014504930425488569622e-15 -1.5774567379471510220056985e-01 2.8516124193425773647447841e-01 -3.1797639306349345655888783e-01 -1.0025592322191098637595985e-01 
-3.3074544411677765564223023e-16 -6.5134880290472798856992600e-16 -5.8569557911781797154837648e-02 7.0546262183133895407038949e-02 3.9844122647672911008420726e-03 1.9601658890223666587004914e-02 -4.4421932837635097479633828e-02 -8.0381222409252633953613554e-02 -6.7762629054350367307113257e-16 1.0942885409785600079609970e-15 
2.9864667854382670374388977e-16 -6.4463896071953457507417569e-17 1.2116439835744768904746138e-01 8.0815303390905063318783164e-02 -1.3601901297341388932804485e-02 1.4736714800331176047909487e-02 5.1779748322263974280588172e-01 -2.9508514801757340650922856e-01 6.9989450882555592770017938e-02 -1.1656966128396555049118177e-02 
1.8121194008948779527207242e-15 -4.1101096964647530825055839e-15 2.5697357375564594539341101e-01 2.0041260911856084714344206e-01 -1.4876407338619582199079616e-01 2.9837809429697020879856950e-01 1.2718050971972528817059011e-15 -7.6893867951912071463989036e-16 6.0515423171269733249033607e-02 6.8884336248484570597305776e-02 
1.9983629343340990336397311e-02 -8.6898251563882755732493024e-04 -8.6340717475909822820057116e-02 3.1300631603559329885211326e-02 -1.4210693799879244611409997e-15 1.2014399493372364036498173e-15 1.1583968629917390306632892e-15 -7.7900065577852004059015083e-16 9.8774620739818436154777714e-02 -1.0703036479985417184224161e-01 
1.2427475233981371063873844e-02 1.5739769417550463631583213e-02 -5.6616990567107017273684733e-01 1.8000238491567263632298079e-01 -5.5520725264742942783868784e-02 4.2951207865129070739840245e-02 4.0339411588912039513359148e-15 1.9066908826572196479155392e-15 2.6391230192318315683763785e-02 -3.2732539151410999789248990e-01 
-3.1963963757554525457749151e-01 -9.3039696333490809476707284e-02 1.9491441790878736542829639e-15 -7.0742185393042119308883045e-16 -9.4250073085483387913541264e-03 -8.9729673726612474427000166e-02 1.3561374216331634201537781e-02 -1.4235579541465842590142188e-02 8.1565240021630347477810119e-02 -4.2227269713393564276593395e-02 
1.9447078068485286885495057e-15 -3.3671780103488212587642278e-15 2.0941441445145308456838368e-15 -4.3749465757836439208318506e-16 -1.4566775668882842031948144e-01 1.9498224602824271167733627e-04 3.1547559708069152981102512e-03 1.9918345289082130256108627e-02 8.9217770545022528905221293e-02 5.8735799141738553874603213e-01 
3.3737052267437658836790604e-02 6.1556222230587806509838344e-02 -6.7822655815599263594628428e-15 2.7276604500091343687355073e-15 -3.1916697480232619765772029e-01 -7.7271282870501972750432174e-02 -1.4189687899086708688933811e-01 3.0114972810196255492698469e-01 5.5052672448324910283894287e-15 3.3215040913920256174317647e-15 
-9.0099348521496758213089606e-02 -4.7278436789859497324517434e-03 -1.1938849613978161356975249e-02 -1.5621346466015307435926118e-02 -2.8947767262423183126651693e-02 -8.7166836914928283452930202e-02 -1.3741078588205807150562328e-15 -4.6223148697447797080274622e-16 1.6178544600081312191889250e-15 -1.3797622867741993961757300e-15 
-2.2594875900199807433610388e-02 1.4390484682555845785678628e-01 2.0166629968602235029040415e-02 0.0000000000000000000000000e+00 
14 (band)
8.9931781532089427599885312e-01 (Ry)
0.0000000000000000000000000e+00 (Occupations)
-5.3494395136689321113010465e-01 -3.0469030544912628633014151e-01 -1.7615371938169732679568824e-01 2.0533445107404305063347749e-02 -5.1531919381464041338829565e-15 2.5398028350347570687383317e-15 1.1033895557874051629454470e-01 3.8118328616887808824031936e-01 -2.9520612754210706629720562e-01 1.0166460326864081020747932e-01 
7.0489941802619422710682840e-15 -5.1227155286426071985924435e-16 -1.0147051842490178996669670e-02 5.1064212177812429160894681e-02 -6.1999356698905494500451141e-02 5.0755221610313816515969165e-02 1.2170099993837242557948031e-01 2.5766639023127268365298548e-02 -2.0193977125097278924414135e-15 -1.4092816731660743009099151e-15 
-2.1755402653770335037912030e-15 1.9090474319058715762744913e-15 3.8520912292902567686248005e-02 2.3708693402047592568848700e-02 -8.0846428171161846543135709e-02 -7.7539759606864683272320349e-02 -3.8462273304303545851112744e-01 4.8069383870113274737079223e-01 -7.2758685314712190361774447e-03 1.7719711328659509819161144e-01 
-2.3200901761352171550128077e-15 -5.1730318372454862876742784e-15 3.9375110286777581514172653e-01 -4.9350296484494959869948616e-02 5.4232530661084694945106577e-02 3.0747549807145690969889529e-01 -6.3299316457129744497291969e-15 9.1132302476074124170231986e-15 4.8848178362986716116722619e-02 1.8010327510979501353105547e-02 
4.0431504410792074022396037e-02 6.9175907676514214461604979e-02 4.4487639759684872997613780e-02 -1.1617186828643664975313499e-01 -3.0965274127737236126930546e-15 3.9980318831569901447152259e-16 2.8563815206189645278461515e-15 7.2419714342234419278553274e-16 2.9442798351347873597738669e-02 -3.4337799171649058260769038e-02 
-8.9232284237612813360129849e-02 6.7721183669975204555413484e-02 -5.5506000730913537810629066e-02 6.1361185840086240883550772e-01 -1.1745595548714511668908500e-01 1.3305623728881416090175094e-01 4.4034891081727964443392141e-15 7.1297295472457427090704201e-15 2.5010096574890988696537875e-01 3.0749305796574727400738425e-01 
2.5195780963606206892535511e-01 -1.8403797818528871976795358e-01 1.3483787883274660353169655e-17 3.2359371738761469410619249e-15 4.7677936983277567628558558e-02 2.1051043638915946376588550e-02 7.6704164170422084456646417e-02 -2.2141537743136624483142327e-02 4.8242757485080806079125182e-02 -1.1479025595592258490729165e-01 
-9.4253600018013407857795473e-16 -9.4614097610644866281901232e-17 -2.5140416692503634475376865e-15 9.9493573227720155166943490e-16 2.3807606691042676461123051e-03 -4.5071516465424447950294251e-02 1.7523506916148269552113703e-02 1.1063906833430019183150961e-01 5.9737422666259487602502531e-01 1.5081267256619895755775929e-01 
1.1304393465121886919177996e-01 1.3682445906863371920536565e-01 -6.1437502781343767368359920e-15 5.3238102116932062996721831e-15 3.4283171894971342652524982e-01 -1.9891929581535833237992961e-01 -1.4235728011723514097042198e-01 -2.7764567356389602270638761e-01 -1.0441440659389365056541781e-14 -1.3023615930180915333398556e-15 
2.8250342925706928981499644e-02 -4.3797833711817085733386534e-02 -9.8697637833948543423234767e-03 -7.9223508238244505497149817e-02 -1.0583016746234909233326249e-01 -6.5605961368470175343325934e-02 -1.5027173432926446531257145e-15 -3.7444810207710865578524955e-15 2.7248075115926421779278060e-15 -3.7636202866315861756553600e-15 
-4.4144178284188241578878120e-02 -9.4021881214341219978880559e-03 1.1201819823816050458731297e-01 0.0000000000000000000000000e+00 
15 (band)
9.5822288755191376008468751e-01 (Ry)
0.0000000000000000000000000e+00 (Occupations)
-9.2807132039489648178687276e-03 -6.9277920876813503525681881e-03 -6.5576264405625694919876878e-04 3.1476681798453531868631217e-04 -2.8854690820271371451815704e-15 7.2920326495949039527836268e-15 3.3683191100689896524400524e-01 1.2016387313361685459933703e-02 -5.8321850579165657180169546e-01 -7.1074641743766320267639003e-03 
1.2221762654049613059175374e-15 4.1618613816427214784227132e-15 1.9310958737521699557504462e-02 -9.5247616684284927557335720e-03 -3.6811407558343278711987523e-02 1.9852375660837418003268340e-02 9.8559051000592090563401371e-04 1.4855428258825353893257670e-03 5.8708055673515040809035653e-16 -1.5717693665764991892682363e-16 
-6.6942449767961151720146788e-16 -1.8356518511274686231843873e-15 1.1868041334453496848944098e-01 9.4331955723629096199900346e-02 -7.0347963454432949070849190e-02 -5.4800608355216939848730817e-02 8.2943228762970555578704079e-03 -8.0827067748246994582927982e-03 -2.0830763762957893447946844e-04 -6.9692949646782409445222584e-04 
-1.2056284133897224903965207e-14 -6.8613697867228191112982464e-15 -6.4560565452318613433035921e-02 3.3080517412083187966942432e-01 9.8255434451256701278154537e-02 -5.7492626583378725335649051e-01 -6.3200707035552494085600066e-15 -2.4350856976745341726076248e-15 6.3865965473297488241843922e-03 2.0563209786993552619094316e-02 
-1.3849387124583112385067807e-02 -3.9463793812525627124898620e-02 -1.6214336527749090288708089e-03 7.4106615806979192484504892e-04 -1.4330523669199701526464953e-15 -1.0519223136377763714523726e-15 -1.9673143748926664158581126e-15 2.3715217848848657527550050e-15 -1.1173627978607501842756022e-01 1.0246249148758672375958412e-01 
6.5130767959616697737601498e-02 -6.0909159436647340724046984e-02 4.4351530284920392954717272e-03 1.0345504189077543710784113e-02 7.3101983781531654216223615e-04 8.6182116577002143564811831e-05 4.1526354140319868146802166e-15 2.7737799919502478463337332e-15 -1.4977267881506456381757175e-01 3.0037742730134514568263171e-01 
2.7337739460366722310524779e-01 -5.1550328482169993637995731e-01 -4.6077461416266310731425604e-15 8.5476338586518032967656412e-16 -1.9021588645823719887495429e-02 1.2301566317598738864447228e-02 3.6188351673779844963618757e-02 -2.2471106507408411534498782e-02 -9.3776319117336911362903251e-04 -1.5935016604544795064402063e-03 
-1.2617849834084161822028638e-15 2.6743409127832497961799032e-15 -2.8488880264294920783352077e-15 7.9833878201765799470966441e-16 -2.5220876448395750796249715e-02 -1.4941448862262513008758447e-01 1.3942798433085592732516567e-02 8.8031364725781505176094299e-02 -1.0911944656503219652776693e-02 2.7621555216832127666037877e-03 
-1.9947776889860102667029196e-04 7.0853791730979276408675105e-04 -2.0911890725151754509984184e-15 6.1234490379959847697485517e-15 -2.7324967383539511267542821e-01 -1.9491811075535311892359402e-01 4.6639093747799093003791882e-01 3.5065414581988951780999741e-01 -7.0840881574779239639605191e-15 -1.4575565627904754969758527e-14 
-9.1744815789065806144186865e-03 -2.0711790271130639529140183e-02 1.6533344462869175445218772e-02 3.9258068538923891754865991e-02 1.7205814938765573787748941e-03 -6.7693919040127850227789308e-04 1.9314943553901115964249567e-15 1.0292255217377840354184769e-15 -1.4049788731649561106680733e-15 3.5123491492151312481745174e-15 
1.5152036264360987938282221e-01 -1.5367900107463852363287593e-03 -8.9128686760388195486903840e-02 0.0000000000000000000000000e+00 
16 (band)
9.8605081883221146199502982e-01 (Ry)
0.0000000000000000000000000e+00 (Occupations)
1.2475074943919414738324747e-01 9.3352366379258977513444506e-02 -1.5659867752302708554523747e-01 3.8169377018555550318268388e-01 -3.1092471268506214481605094e-15 3.8346131962934601421232187e-15 -6.6466148909741784578386614e-03 -6.0188492632298279394476026e-02 -6.1343780274103532068608047e-02 -1.3663726749524088277532030e-01 
7.0268420433650333506968935e-16 1.1667033389174935074654287e-15 5.8920119575683632673346324e-02 -9.3139298414626481292799554e-03 -1.0815476607781332463176227e-01 -9.5462398209643750668362827e-02 3.2628821446638506253989931e-02 -1.2298374844766873925649975e-01 2.6480498971281717192774025e-15 1.9241113878977304231363990e-15 
1.3293877431157346362094120e-15 -1.8273526234270254788123948e-15 -2.2057148211254151703997195e-02 -3.4485313184700251698533435e-02 6.4136307290672656122865192e-02 -2.5063010690405798652768965e-02 1.1171836059163176013697694e-01 -1.0861133320681359837323043e-01 3.5249705614573467737926649e-01 2.1438074869027268221088889e-01 
-5.1546090648221723384867680e-15 -6.6205906888170246198255611e-15 -6.0487232055676326547555277e-02 -2.8507706143450356472968110e-03 -1.4455131744659782677686621e-01 3.9213758699711581678926109e-02 -6.1289264676661461608326870e-15 -6.9736433147678205335279728e-15 1.7877476391037205871725746e-05 -5.9651734763549499329648995e-02 
-1.1120623064984683225908668e-01 9.1889592239475070822862790e-02 -1.1636534219654987021286274e-01 -5.1466003407265037417062103e-02 6.1603983952658196677122475e-16 -2.5661566928164374267260594e-16 -1.0559954965136771755935504e-15 -8.9294453264671357686754316e-16 -3.7511239935010043389240764e-02 1.6390896595220985632046506e-02 
-1.4721314518470723919918441e-02 -6.7267401589467715194992081e-02 -1.4447352366939741896700866e-01 -6.0492842615093050939734098e-02 -2.5072422385968157199087614e-01 3.2814931607556918624624132e-01 3.1787528711333991674955996e-15 1.6101224942866697312276541e-15 -5.5111257665222582180497568e-02 2.4327753137295293761610537e-02 
-1.4825108128076036617670752e-01 1.5963377866843004443397902e-02 4.7400178362033383379928301e-16 -5.6219722339357632472368626e-16 2.2051541767617432315828907e-02 5.5430242611462128554666862e-02 -1.3738259963170434962975719e-01 -4.5009440482677298689395684e-02 8.9563205535262827017284337e-02 -9.0195359748007825073656818e-02 
-2.4903359085234358947741180e-15 -1.8316023905564029099369979e-15 -1.2363659540125527793579829e-15 -3.8041393372058677334743813e-15 4.0906320795621287089716134e-02 1.4635592849159308193041085e-03 -1.0782277411497370733783896e-02 -6.8076620338511223406996464e-02 -8.2348713728064584782551094e-02 1.3323164937970524701604802e-01 
2.8488734362999534877047836e-01 2.9897125532458068697394538e-01 -3.2422037909878260375946702e-15 2.6115515473981132130253711e-15 1.5406938016079178149775331e-02 5.8238445679192785142674893e-02 -7.4247363962825999733619042e-03 1.4892308693836292521339715e-01 2.0411701242726394514263664e-15 -7.5125434558747628907742627e-15 
5.8197425483424873593474302e-02 -1.3108850346044767509745554e-02 -6.5946673060679403266526322e-02 1.2865016411320659428518809e-01 -7.5074133053696173734081754e-02 -1.0257019670478899342480616e-01 -1.1657287542310666473193372e-15 3.9864159297625100151677274e-15 -1.6391420186924487300410101e-15 5.9289020073114224008876829e-16 
7.8446988518764346198786086e-03 -4.0173744992699392253321378e-02 -6.8925203974236140536113737e-02 0.0000000000000000000000000e+00 
17 (band)
1.0901977658841845997272912e+00 (Ry)
0.0000000000000000000000000e+00 (Occupations)
-2.5902639660869675013773469e-14 -2.5058084260570223708769671e-14 5.0913160577796263286605958e-15 2.4944848984312642652387559e-15 -1.5721158893625933328230815e-01 -5.3346938493239182133009990e-02 6.1940008936421178542210406e-15 2.6494788676603024711665235e-15 -3.9659362380948226159523231e-15 2.9118633791262191362050830e-14 
-3.9390265114251710176773713e-01 4.7837077361088983784576101e-02 -3.7210635547060064437142642e-15 3.4950545446048949080184179e-15 -5.8748473829055175755172605e-15 3.9512243789383189853858190e-15 4.4304917158174094086831900e-15 3.8997866706912811954518919e-15 3.3666904378877031411843035e-02 -2.7756412609393640855692809e-02 
1.9000338710498221317379830e-02 -1.5797829824159125705618223e-02 1.2770650357735453375031242e-15 -1.4198416382684332675564520e-15 -6.9572160711610200318571028e-15 1.3650648044263080668139703e-15 2.2197796601604601589010591e-14 -7.5645235798872444116341170e-15 3.7577605580396400686992895e-15 -1.3134791808596105525245135e-14 
7.7283459969584605842030101e-02 -1.4693075361405633083577982e-01 -8.0314722378679881491114362e-15 -1.3772884643495280782363798e-14 -1.6369227630702091707984491e-14 5.2521669972375819249087484e-15 1.4371826951710346687018927e-02 -3.9653642346903261728385814e-01 -2.3662818109783819125773844e-15 -1.6192356248998961720579444e-15 
1.0809458782281902987792156e-15 3.5781722747444918049839345e-15 -1.7929721108717607582368970e-15 1.2831385067539468813931640e-15 2.2148020934967278111615840e-02 3.7594468476940708090427989e-02 1.2631024502272495541044250e-02 2.1237738069064752977066490e-02 4.6926084489480254119220386e-15 1.5184429064144928296977935e-15 
-5.9739892271298199315682165e-16 -1.8300275674853062062609057e-15 5.8917656694771996696064324e-15 3.7030146656245599372027214e-14 -5.2831207880355844934809699e-15 1.0598573066438239379469171e-15 -1.4338802291784014109055079e-01 -8.3695652075474885611683362e-02 2.7113864481877977209996406e-14 1.0094528925911575086106568e-14 
5.9194079104048142882537654e-15 -7.5031901826578864833070338e-15 -2.2223209329197324279903114e-01 -3.2869314800995591552279507e-01 7.6875320123607460682242887e-15 -1.9960139974674235313571167e-15 5.2341550461769291368379351e-15 2.1762216237932552087124652e-15 4.0926098667848183872939426e-15 -5.2262868477772295305044713e-15 
-1.1316050732583446403189953e-03 -4.3616471766114328634245112e-02 -5.2670732419665168555500401e-04 -2.4704686348485330876778576e-02 -2.5066872845076906533372947e-15 -1.7790969189362958333996296e-15 2.8402590446800951130674840e-16 3.4016942209643291013111319e-15 -2.3615798620586704581654304e-14 -1.0932052448361171613518710e-14 
1.2862194771994281377892079e-15 -3.7332468306993727689554346e-15 1.0509604837178192215940697e-01 -1.2852979385831589387301221e-01 -1.3360896451166859858300672e-14 1.0870191891070708766711124e-14 -3.5966081468852760178697558e-15 -1.0474436123679635155363117e-14 3.5941114855183536880289807e-01 -1.6807711067919575698148549e-01 
-5.3999748984186430873276062e-15 5.3188227563636362146226114e-15 -6.0735672328805919671316960e-16 -1.3230767995822949745751387e-15 1.3530978678477510155043058e-15 -2.9851621591068254352235884e-15 4.3256502655559081471636773e-02 5.7054462906453691853347898e-03 2.4482925842958292578233070e-02 3.3444417098932545037714981e-03 
-4.1174853129502725682880548e-15 -3.5336627685767263165706311e-15 0.0000000000000000000000000e+00 0.0000000000000000000000000e+00 
18 (band)
1.0957678814502602726577152e+00 (Ry)
0.0000000000000000000000000e+00 (Occupations)
-7.6084737712258754260830074e-01 -1.1777713610605305971645862e-01 -1.0381293004323138839950502e-02 2.7778467271335677279964216e-02 2.6807968347746554475382444e-15 3.2607386645319901762809915e-15 1.5328017872216842532040459e-01 3.6403152666873583864770580e-01 9.8919945858406049810085392e-02 2.0390366074126872741878458e-01 
1.1273663386950552898820053e-14 -7.8216851147861386154486791e-15 -1.4447206296112374834805792e-02 1.1982545274138708957245569e-01 -7.4118135427928000247277396e-03 6.8620012638073879518429976e-02 1.2705111071278069045931147e-01 2.2354250311164770154137571e-02 -5.3895235734601579177076199e-15 7.3581393717871598491316841e-15 
1.8811356888568664169749211e-15 4.1060386869999771608546441e-15 -3.4153784550476740111690788e-02 1.2588952651634122137380700e-02 -5.3203631803454290438715191e-02 2.2887469923333441518265019e-02 2.3534985653805393090998166e-01 -7.3305568007563615129384971e-01 -2.5812476225956365594171871e-02 -1.4598991727876438340150145e-02 
6.2819696110491604196375347e-16 5.4251620038615195092685874e-15 -3.8352799725941877362345167e-01 9.4445968236026120457005106e-02 -2.1686775713099978868392270e-01 6.5804517088841357752571071e-02 1.1347878863040887133119402e-14 9.3466257941513167658242710e-15 -1.1609016159093646369804276e-01 -3.3014167810632003008386448e-02 
-6.6615723327577647250308246e-02 -1.8055096786967705924098482e-02 -4.1954204932203226219300518e-02 1.2198992552187548632502967e-01 -1.6833987710716000181738115e-15 4.1575537105399516278011222e-15 2.2378422377119610919940843e-15 -1.0886988060852471280942783e-15 -7.0911327390650990415421617e-03 -3.5702640861185963583324110e-02 
-1.4282805509630659701603150e-02 -5.6128995923169618109671575e-02 5.0153690619278556983573480e-01 5.8476694535501649863107332e-01 -1.8654820647341058270640701e-02 2.4186338171400409424727229e-02 9.8236722904049563441701753e-15 4.7605023311848023439029904e-16 3.8956472300808486775025585e-01 -6.1650724788930022501887152e-02 
2.2551065803353192995572840e-01 -2.3821618816020864728422168e-02 1.4623560473699930836885668e-14 9.2501490347659820632278745e-15 9.4744854626596722302345199e-02 -7.6243793072480109396238390e-02 5.3702731798016802022832650e-02 -4.2497274009395138993916419e-02 -8.6110700207618254276020764e-02 -9.5949607257536179139023602e-02 
4.2196144165116372975113872e-15 -5.6505316920691809981243232e-15 4.5515673785535395173723795e-15 -6.1301452230648980678524699e-17 7.1037109974826512237555676e-03 3.5851047189747048404839802e-02 9.0471790546135331251287326e-03 5.7121640459632000430545418e-02 -6.5602515151077223087838775e-01 4.0388445035494657808783359e-01 
-2.0970307325185399971445577e-02 -2.2208725722397772150973339e-02 -2.9427243987634820444217553e-15 1.2442496133575749149102255e-14 -4.9646979049208436740592276e-05 3.9441283297395685059072434e-01 -1.1749303991653761713997994e-02 2.2646076981552878959469410e-01 -3.0584463543720388086684894e-15 1.4418938408959868213453505e-14 
6.0483744811617071168718951e-02 1.0550554522800482948330369e-01 3.3573103926135147712095375e-02 5.9689600380340844532067734e-02 1.0823898969416834159318341e-01 -7.0040709113402335739273497e-02 -4.8441320861537703158947337e-15 1.8422297804382911188549636e-15 7.2377699526679556618612184e-16 -2.9191739016376197728021034e-15 
-3.6520926537125235344927177e-02 1.4079131389167880150647960e-03 -5.7833668893176398695388229e-02 0.0000000000000000000000000e+00 