177 (index of k points)
0.1028217529568911381421259 0.1778368668052802137324875 0
18 (number of bands)
52 (number of orbitals)
1 (band)
-1.2472345319299769084153695e+00 (Ry)
0.0000000000000000000000000e+00 (Occupations)
-3.4539462878957111202637975e-01 6.9806692302745040890066264e-02 2.0776045586747990401299546e-02 -4.1989946423277423742659309e-03 -2.1505123695095027360027985e-15 3.3227863922983410810394914e-16 -1.9729299058541760469864812e-02 -6.6780573646760141293121649e-02 -2.0304637643858189366419253e-02 -1.1829417708437950373934200e-01 
2.0278187884946231489639987e-15 -3.6136768540746905688302787e-16 -1.4406879905121117851907186e-02 -1.8195027968980748839245010e-02 -1.1283550304809755390755832e-03 -3.6277457382581333733551077e-02 -1.0792616847039488564563570e-02 2.1812632728048656285957385e-03 3.2182604256152377273369405e-16 4.0945848962289618900162422e-17 
-2.8778028127126006065307539e-16 3.0901872843959715954613873e-16 3.6149563642140494432175579e-03 8.7215168446181951661388965e-04 -5.5595637682866461126707236e-03 2.0463245837612498156943275e-03 6.2557983255232846309112915e-02 3.4678079909058651120190575e-01 -3.7629730665562893116016241e-03 -2.0859426164902796635436388e-02 
1.5454401273849046020078044e-16 4.7167892392344280552886075e-16 -6.7179106825398779423430540e-02 1.8326425294543001454083964e-02 -1.1869346146084441828705280e-01 1.7822818193909274742114945e-02 3.6332290966713764997754777e-16 4.0786893528652320837497275e-16 -1.8492752424623167678552349e-02 1.4022672325703804119267915e-02 
-3.6293131621462575153724828e-02 3.6836982453682066626643454e-04 1.9547613737976492556680519e-03 1.0835930778835526147596546e-02 3.1519816567550746932555408e-16 -5.1051317233736085023843387e-16 1.4408948927121408067938056e-15 -8.5478692318140936636254384e-17 9.4766634065040784157263332e-04 -3.5958985779160771226181659e-03 
1.9294450730509998294393004e-03 5.6011994524215961283042375e-03 6.2688848881807146540268150e-02 3.4750557469277498778836843e-01 -3.6738263684393964413066325e-03 -2.0365318454191594366164964e-02 9.7386107066323265314716202e-16 -8.5136664881768545333870843e-17 -6.9668587592593506085947297e-02 7.7032351412038655574798796e-03 
-1.1853497189295464364633403e-01 2.4195974794256242673684554e-02 -4.2219158322384303797424680e-17 1.9647697123617155701017583e-16 -2.2045349523832018234781316e-02 -7.5736185177433783949352275e-03 -3.3471823328186635360115275e-02 1.2716462065647946705349014e-02 1.9592327959287274274924329e-03 1.0860689005607515947304798e-02 
-6.5606514043506607471779237e-16 1.5968968405380798067164704e-16 -4.6085873931432179399573287e-16 2.6333968011948576754193663e-16 -2.1245345961774641380115369e-03 -2.9420313569252648511209713e-03 1.2053789560424646009478833e-04 5.7544190803948090662256476e-03 3.4874221716422071359886559e-01 -5.5397492579696117065424232e-02 
-2.0437790817201373361200467e-02 3.2465215907447561062559860e-03 -5.8209734221563613189099878e-15 3.6250760290377845973588155e-15 6.2425168915223126081537330e-03 6.9814632503818252473593020e-02 2.1708259083878241740839243e-02 1.1901569747494022966094462e-01 1.7866217155301574386219192e-15 1.4666097753780144771250544e-15 
-8.0336404607644698594448585e-03 2.1881904716618067602285080e-02 1.2012692162352319250051558e-02 3.3730795890296608185998650e-02 1.0899338152619999706138820e-02 -1.7313539961522060074694540e-03 -8.5094264629472239363759596e-16 -9.1455739448534664301206109e-16 -5.3206626388784808687527106e-16 -9.6709188399270504674081786e-16 
-2.9858790160740313057718964e-03 2.0624553951204419380283106e-03 5.7556813964226649985023165e-03 0.0000000000000000000000000e+00 
2 (band)
-1.2314301184799478772191605e+00 (Ry)
0.0000000000000000000000000e+00 (Occupations)
3.5225279959220956449428286e-01 2.4084237938844520882097910e-02 -2.0998333732010300567427663e-02 -1.4357071570376654656708837e-03 4.0873085998686732010537010e-16 3.0585232474043587560966327e-16 1.3232289061757870896052225e-02 -7.0851473991005151087385627e-02 3.6187859299802753107466735e-03 -1.2385960432420896337735172e-01 
-5.1249001016463277555115465e-16 -2.1917449794679508731369871e-16 1.2375981093209777877950373e-02 -2.0115821578944974301617066e-02 -3.8634137432625491673232609e-03 -3.6519271339072713333795406e-02 1.0952376263252181984308997e-02 7.4883539292535696019204039e-04 -5.8659050906392585558883003e-16 4.8228207983836835604850734e-16 
5.3385792646697248434085219e-16 8.5031293578669875601407605e-17 -3.5945796872647621175711485e-03 9.0977740435152737279167479e-04 6.0620578324935836533882139e-03 1.0797155253341062658423155e-03 -3.1455981845539694730096159e-02 3.5167116251386038028314829e-01 1.8751482012684401578378468e-03 -2.0963661268615180199859083e-02 
1.6422869951011967114773067e-15 4.2684021004596200587644814e-16 7.0558818940704523536844306e-02 1.4713188308558892286592723e-02 1.2375665373272810854121673e-01 6.2119120911040461713303884e-03 -1.5794376414762976820146656e-15 5.0885354207432447130376418e-16 1.9852226856364285634271027e-02 1.2794540814694622607450292e-02 
3.6592171291666857058100248e-02 -3.0977645243908395918108756e-03 -9.7804042163081176056160793e-04 1.0934291801083887221701652e-02 7.2239054728874846329533790e-16 -5.4701806223198541068722535e-16 -6.2764543317522587330789665e-16 -6.4400283293321624872616375e-17 -8.3429867859115042130063733e-04 -3.6128442768075747296152578e-03 
-1.2064328853981548701768123e-03 6.0381164673416814689388410e-03 -3.1518028379704438046715609e-02 3.5236341189949726970809252e-01 1.8326815327825546862727801e-03 -2.0489002690122368188774260e-02 -6.5447133495637088321195060e-16 -4.0169661484085735070580128e-17 7.2513461638061132985555446e-02 -5.7007833456360643229615670e-04 
1.2397177963220620822148987e-01 1.5168693199032150589755652e-02 5.1563640067820619331801583e-16 1.7820070724946151111210469e-16 2.1535551952735623032486600e-02 -9.9550111797734354424083136e-03 3.4814036145871883609625996e-02 9.9835383319215528774570600e-03 -9.8032464585613384756845878e-04 1.0959768797033746234870222e-02 
-6.3807162467994121959731489e-16 3.8935431546110090202470173e-16 -6.6010696206877307763135753e-16 5.6382481500721460623448923e-16 1.4449258986845795599274211e-03 -3.3126314217174560039502751e-03 1.2547054799774107376741927e-04 5.9899014481240289362040663e-03 -3.5162606900224346873073955e-01 -3.8890458422855982145716069e-02 
2.0446128327441939059871956e-02 2.2613688895253688734832132e-03 1.4652463073631262922332536e-15 1.7820665625782345032578238e-15 -9.4865404230550811042615988e-04 7.2509497057649363593867520e-02 -1.7761635496998308403338029e-02 1.2362692143308637304777164e-01 -7.1656903642298112562413783e-16 7.6488646146154925946289890e-16 
9.5018213133606123366181606e-03 2.1739310872882857544885482e-02 -1.0710438934268904503932518e-02 3.4597321402488549757503478e-02 -1.0936834768454563315831507e-02 -1.2096337226978662836296419e-03 2.7182372759598944956769984e-15 -1.3744089326606290186642455e-15 1.9427239994263993282830705e-15 -6.6657244767237888280377925e-16 
3.2816446622770424623727337e-03 1.5139835201892814023350020e-03 -5.9912154206500922715150637e-03 0.0000000000000000000000000e+00 
3 (band)
-9.0091411132468646183468763e-01 (Ry)
0.0000000000000000000000000e+00 (Occupations)
4.6244326046222146431308175e-03 -3.5517234231651062525969564e-01 -1.6443976020963368966931739e-04 1.2629873641254594357485885e-02 -2.1554644499687935608094231e-15 -1.5576759460080640920430035e-15 9.9001498532831036514245682e-02 1.2944856708959415203530341e-01 1.7507944724587989893116458e-01 -7.1819625363578706855882672e-02 
1.4574021432455841784061379e-15 5.0973133869736350982280718e-16 2.3962580355305976298474491e-02 2.1171563260789026672537005e-02 4.2071453834862528042837226e-02 -1.1512798120196544859883403e-02 1.3087055610488864537677145e-04 -1.0051403376002894171636903e-02 1.9353646469700447307358577e-16 -5.8354569875658952429542345e-16 
-1.0122582445938640597623975e-16 1.4958578220718635784137811e-17 1.5062113599164365929095055e-02 -8.0011768184865168784813960e-05 8.6628262593307289729516185e-03 5.9241921287732281914406585e-04 3.5499760034517863216407818e-01 1.2061586657484569401477259e-02 -1.2623659934827613504637611e-02 -4.2890381070731639287507697e-04 
2.9183705384970922103087374e-15 -9.8387986488055970414375431e-16 -1.3149350781567356594159435e-01 9.6268819643761951998506277e-02 6.8137286863878404608030337e-02 1.7654512616926534840366969e-01 -9.6509782393297179148418910e-16 6.2294044685614675656362469e-16 -2.1668754402651198981422098e-02 2.3513941201494695937279644e-02 
1.0629195128758615884745353e-02 4.2303332720375029507575704e-02 1.0046458191058598927170031e-02 3.4134256235142140974148095e-04 1.3159879238902019718632644e-15 -3.8588971984919182990572361e-16 1.0757678502259933828718469e-16 -3.8696336326255201606928313e-16 -2.3544288463962564569853519e-04 1.5060485868830164254972281e-02 
-7.7370982907233099880317528e-04 8.6485196665970192481109891e-03 -3.5472978789861425719109889e-01 -1.2052487253605376898990542e-02 1.2762134416830972147294254e-02 4.3361699271990015655542372e-04 -7.5525685503556741502662493e-16 2.0383666546504630679607517e-15 -1.2445572255295121733009722e-01 -1.0493571360543132997555915e-01 
7.9844973321433185264872634e-02 -1.7146640376851146614356480e-01 2.8477189552083372241704333e-16 -1.8819125736229015666090678e-16 -2.0084160449991700359007041e-02 -2.4984913827341519165781136e-02 1.3515596166963706262209577e-02 -4.1573524930823370360233326e-02 -1.0031734949753085689438947e-02 -3.4084493663116046660230274e-04 
-8.9268780848614633203802626e-17 -6.1549842916778589217634201e-16 -9.8983986481091078257417953e-16 -4.6061760486310138986503808e-16 -7.8479076906806091631224609e-04 1.5027089038297284165346390e-02 1.8166296316975670283727640e-04 8.6724993515881060313077455e-03 1.9478744050762858419645340e-02 -3.5439958154852357896658077e-01 
-7.0079186888657508166383669e-04 1.2750254480837842560592144e-02 -2.9335826931298081487958095e-15 2.6628816956561016137600390e-15 1.0751910344848636391645869e-01 -1.2223081959833709264628965e-01 1.6975665140910739525637041e-01 8.3418383395966522186881775e-02 1.7791000263266341417648549e-15 7.7290739029310920446140671e-16 
2.5400045140890302464153905e-02 -1.9556511109615450777488022e-02 4.1281357882183719598678806e-02 1.4383282181951227360339196e-02 5.5085898758261018972465228e-04 -1.0022396706813244474099101e-02 6.7817549426234546635703404e-16 -4.3919399173169790881345898e-16 1.7790113028455229028374980e-15 -6.6505972561840685190584010e-16 
-1.5007357931716211810191375e-02 -1.0993222573635328450508686e-03 -8.6744017912206376058614765e-03 0.0000000000000000000000000e+00 
4 (band)
-8.8666305437623027518867502e-01 (Ry)
0.0000000000000000000000000e+00 (Occupations)
-9.8808261481190019781539746e-03 -3.5253947919481620765225216e-01 3.4236020484369050764783537e-04 1.2215278878532577835902551e-02 1.0737537891360208525524847e-15 -7.9446079697486954433172018e-16 -1.0034051657555190240067589e-01 1.3173753349694422576376951e-01 -1.8187753559855862617311573e-01 -6.9444329560152076585843872e-02 
-5.5088603929725468828579282e-16 3.5112130174358364832574415e-16 -2.4087107461733960056537995e-02 2.0956647009144884624687322e-02 -4.2970948703450841110740299e-02 -1.0522009745572508815358859e-02 -2.7710018622800368023884054e-04 -9.8867524706786388127843779e-03 1.8689939643793777844689570e-17 1.6928293480523815640192579e-16 
1.4690893942823040960954032e-16 -1.5487858011101098262534232e-17 -1.5922510122631371165535796e-02 5.1777430429069282863396850e-04 -9.1710955532449747740209034e-03 1.3282281569211920602135990e-04 -3.5266908987079370607631290e-01 2.4956293769460239501123411e-03 1.2219769717165460815033740e-02 -8.6467622264071227616843984e-05 
-2.2898673882749386435561912e-15 -4.5731585750255547589157466e-16 1.2960726806582820169744252e-01 1.0307741296241187956006513e-01 -7.3238054960168511020590643e-02 1.8038331455293124538918903e-01 4.4768860596912571760923163e-16 2.1514881804526849336465843e-16 2.0447608555818584663565929e-02 2.4520707658792786909351946e-02 
-1.1419617738681281035595383e-02 4.2741168120012287823250574e-02 -9.8903872909173844163444045e-03 6.9986893626356469835791962e-05 -1.5140097011296501749385654e-15 1.0989421056422919106808555e-16 1.6548265361224651473993759e-16 -3.5529432593098618904735771e-16 1.8420485778342793325990101e-04 1.5929861499898955584653137e-02 
-5.9271246951811710698687641e-05 9.1718658116228344440168385e-03 3.5242538118954175319075262e-01 -2.4938877962362138683560797e-03 -1.2348143043346793829018182e-02 8.7383907165751711215717634e-05 -1.1332388245368777731995874e-15 1.7760345501346486544362481e-15 1.2793263131305371294033080e-01 -1.0487330162926454535377019e-01 
-7.5665764586468300945121257e-02 -1.7928367729030456056982246e-01 6.1793459620149592635764588e-16 -1.1484716124637267053330389e-16 2.0157746597555131068402190e-02 -2.4858701646576688432110913e-02 -1.2058406053030159069128224e-02 -4.2662639661505873112101739e-02 9.8768415360836313982018098e-03 -6.9893719358546380071572912e-05 
-7.0120103224652907755615324e-16 5.1642374999018472962585830e-16 6.5336797761690393434230429e-16 5.3807439283726493985176125e-16 3.9477946706997831135231569e-05 1.5916031452374461430121499e-02 1.9190685059166290218207740e-04 9.1615374332079686087171311e-03 4.8872994088105378360231690e-03 -3.5240031652575676268668303e-01 
-1.7123525198878096617235989e-04 1.2347264922027711281371509e-02 4.3912379800444443318883488e-16 -1.6003704696692325200133170e-15 -1.0217108232017382829504015e-01 -1.3010087427396049841732406e-01 -1.8082898161847110740652056e-01 7.1894535814605822765521737e-02 -1.1669953060931778912429750e-15 4.2010722874306945551047794e-16 
-2.4431097732657548055046348e-02 -2.0673927034368537458686177e-02 -4.2905815240514080799449914e-02 1.1162302539011320634543267e-02 1.3696657048321961335293762e-04 -9.8761391251599873336575186e-03 -1.0488028655938028978154541e-15 1.8745097718586009675449922e-16 -1.6807836848969972447853809e-15 2.2893671841819753785056821e-16 
1.5913367567443291450413057e-02 2.9385092248264123261300429e-04 9.1635471504952561994095106e-03 0.0000000000000000000000000e+00 
5 (band)
-7.8852190585934700539638698e-01 (Ry)
0.0000000000000000000000000e+00 (Occupations)
7.9194486126697910544081083e-02 -1.1650881101536912642924193e-01 -1.9546760086786192645025295e-04 2.8755944061023205882143827e-04 6.9829487655340178378490324e-16 1.0219938171721148656999627e-15 2.3005490795573629858594700e-01 -1.7330326271781765212764981e-01 4.4177295233803454133081345e-02 2.2064200183854668080307704e-01 
-5.9985311437315012726746825e-16 -3.6730637373262115653720314e-16 3.5200740342264454085796643e-02 -3.3444290705297793908634674e-02 -6.7266331259093360001033446e-04 3.2713707158243544859121954e-02 -5.7687004742905238253991573e-04 8.4868308113712829891805978e-04 -1.6918243949919079089249631e-16 2.6996979975310592617568581e-16 
5.5373384570562259490599220e-16 1.8989690825796396383373347e-16 -1.5478909872043403531116645e-02 -5.5863910677982657124185373e-03 -3.6047449609258415056944891e-03 -1.1022611398717428732307866e-02 1.1482473453982763866854100e-01 8.1617093889260916572681026e-02 -2.8340280953320293177988276e-04 -2.0144692209847318842275143e-04 
1.8725519454867548599038810e-15 4.1354893948776858193504602e-16 1.6844734800692487408646514e-01 2.3363384278083232370448741e-01 -2.2151879086123119066975562e-01 3.9546829011860601399419579e-02 -7.2866533179179520952679068e-16 -9.1784456768331333464492274e-17 3.2699767140917129770727456e-02 3.5893424611643576227493213e-02 
-3.2692445304344716627831247e-02 -1.3576199724398137994724189e-03 -8.3641589625639426244796404e-04 -5.9451700759486096527911547e-04 4.6595665501123958486934726e-16 -3.7694920234932370887778871e-16 3.5558843013821312663789483e-16 -1.8842420418741106610986858e-16 5.9093317073604552380761135e-03 -1.5358522544883474597599005e-02 
1.1095686039895739927185758e-02 -3.3731142264339991285182485e-03 1.1560928115077455380355076e-01 8.2174363318617063556281721e-02 3.7058817733040419570983426e-04 2.6341839162129839641002249e-04 3.4458287468119867315607040e-16 -1.1238874265090221590225066e-15 -2.7382079672745329723682062e-01 -8.1904306101413845708769657e-02 
3.5473598649605177224319874e-02 2.2018198213753320535701619e-01 -6.2956791458580298400249613e-17 -5.4064835815088658799123979e-16 -4.6078723705966218027185732e-02 -1.9464366365007573084211501e-02 1.2160928659233398441141816e-02 3.1626733872815344927875714e-02 -8.0834422546738576680069865e-04 -5.7457085992581550127483725e-04 
6.1222084221178440541754713e-16 5.7058868910516786722203980e-16 4.9909926511090743256564009e-16 5.7545318801941612563348200e-16 -1.2453391193051640065125873e-02 1.0736144492380726017666248e-02 2.3978196277626154719539442e-04 1.1447071436403701005790623e-02 -8.4577479212992454082886695e-02 1.1386299611817203569774648e-01 
-2.7112163277104761767433150e-04 3.6499028270344522142942800e-04 6.1805008681716115118056494e-16 -6.4553284037388017344448264e-16 8.7620813188272764215902555e-02 -2.7204546894714487503819100e-01 -2.2087659558311531493579594e-01 3.0854675217788909979965695e-02 3.8629495609222348679508107e-16 4.3661132209703953756745617e-17 
2.0425097480100098262800756e-02 -4.5660986950477440438067589e-02 -3.1874476879774668591771558e-02 1.1495921231398142925428374e-02 5.9137353109926511611493805e-04 -7.9613403811320268901874364e-04 2.3245937635484804382393394e-15 8.5087471175611481490816323e-16 1.6098415163786173289488153e-15 8.8030932703195326784804246e-16 
-1.0472985733150445494810121e-02 -1.2675500802786432083535395e-02 -1.1449582519017823326046290e-02 0.0000000000000000000000000e+00 
6 (band)
-7.7485214778880495689605823e-01 (Ry)
0.0000000000000000000000000e+00 (Occupations)
-9.5723892533761373302425568e-02 -1.0454918898445503261385170e-01 4.4260563252284182422791048e-05 4.8334808831875311629922010e-05 3.4949203177684175573277418e-16 2.7596783790581457384425703e-16 -2.5464987708151648471144313e-01 -1.4054446706832104951878648e-01 -1.0904969214895719742397517e-02 2.2604944774401486418113905e-01 
-5.7364446617208142118470977e-16 1.7363851435311716477112176e-16 -3.9642559698185954319971103e-02 -2.8527297902224149628302996e-02 5.9436600144115950966616779e-03 3.2037737859708328991281689e-02 9.1529717841636797168863859e-04 9.9969001328099188485865056e-04 -2.8950896269049564423920661e-16 -1.7541828235748457355360507e-16 
-2.9100457913674537886924094e-16 2.0926474858452370998459361e-16 1.5286173616258414212354388e-02 -7.5794902542296706607349854e-03 1.4093137971155321463978538e-03 -1.2435688446062940354375215e-02 -1.0653094955504420482395034e-01 9.3513385705111043422199657e-02 4.9251131508354709098718160e-05 -4.3238608329259492490947991e-05 
-3.0047514093294874661853634e-15 6.3045310755543163044366262e-16 -1.4584662795329320084114499e-01 2.5165068693701092561454402e-01 2.2577149492297318711386822e-01 1.5636599987982266468655723e-02 2.2772605718814661410860792e-15 -2.8494011383089727236982480e-16 -2.9351252518620859349729457e-02 3.9036434783626915157039861e-02 
3.2155186077185433923819602e-02 -5.2714087183048756457548478e-03 1.0186393024291895501726168e-03 -8.9416051077106342877265366e-04 -5.2860919633111942635904194e-16 -4.9095253952573658367751699e-16 -4.2020422675882769141626865e-16 -6.0067203861526609156421590e-17 -7.2576984829351891617688075e-03 -1.5441553972026685059848461e-02 
-1.2403446653061542606644174e-02 -1.6694381183081910199894615e-03 -1.0731867475126344313451909e-01 9.4204426545702074635713075e-02 -5.9582126608249150277046846e-04 5.2302000275630724374087421e-04 1.3623509086872202541314034e-15 -1.0866329453910808808253582e-15 2.6629415113785742663665701e-01 -1.1137760156146332690685341e-01 
-1.3950443827926374898429351e-02 2.2390336825059686809424875e-01 -1.3720006030933761428447893e-15 -4.2711371892194502693361512e-16 4.3892111756094087660073910e-02 -2.4583870483408827578575284e-02 -9.4227934735506575086860792e-03 3.2389736014774364591950473e-02 9.9308797816925883580885248e-04 -8.7173923696930426946449799e-04 
-1.1134390402637114471744418e-16 -4.7412879755752945117613126e-16 -7.2348475997504185103443348e-17 -2.9220626901734683485227419e-16 1.4262801651442969311234243e-02 9.3126796492327343357509051e-03 2.5852650879797599813014752e-04 1.2341926724425671818563544e-02 9.1936253227601877346941706e-02 1.0926800663335126118091978e-01 
5.1042735679428892156539455e-04 6.0664389705632855084860289e-04 2.2118690549739419122226730e-15 -2.9982526072118487159790796e-16 -1.0577633072993745944057054e-01 -2.6856826491062091299966141e-01 2.2356210649263302814304666e-01 1.8636462580605171052150482e-02 -8.0081399696361073450587443e-16 -6.5020948330116921908820420e-17 
-2.3659271807440731411054102e-02 -4.4397331224913877401050399e-02 3.2185296314630192082706373e-02 1.0099046345630307772167633e-02 -8.5075038489188707733351658e-04 -1.0111265065583141704863568e-03 -1.5734631486727645593362215e-15 7.4445341882940740277990625e-16 -2.5320897071175540654566788e-15 9.4636018893011353481801154e-16 
9.6093348033510252170774635e-03 -1.4064643537428230327113177e-02 1.2344634106639768358903986e-02 0.0000000000000000000000000e+00 
7 (band)
-3.2631308002688319547246465e-01 (Ry)
0.0000000000000000000000000e+00 (Occupations)
-4.6160129620215011331803958e-15 -4.5046569888780045790854608e-15 -2.6044138864174723519660997e-15 -2.9932319245872478341513248e-15 -1.2007588112183546769085041e-01 -4.1890763213500592510030174e-01 3.6190724830411126324732851e-16 -6.4091818419937877709506232e-15 8.5448544174785912935491851e-16 1.6392913577616399302294678e-15 
-1.4310616051466228809685433e-03 -4.9925462684923156697625046e-03 -2.3366811912756692579379133e-16 3.1150132697986798458341430e-15 -3.8801796331741442986111218e-16 -3.9162254025547662504547705e-16 1.5054344469350971274604235e-16 3.6361292236449998503316526e-17 -1.5442372544678041601518004e-02 1.8663417428860989977223994e-02 
-3.5411236796896033984793917e-02 1.9187473271158432541749761e-03 2.5775763791905430492166399e-16 9.1911121441985947576883364e-17 -9.8159198561339080627540058e-17 -1.6717249583625493596467467e-16 -3.3102628034364975661076398e-15 1.4646183565235958781304049e-14 -1.7327556098821376522967329e-15 8.3058915567167761693277388e-15 
-4.2133043827122435009968626e-01 1.1127660703932615304800890e-01 -3.4988821056321234976925470e-15 -2.0659704762851907258100711e-15 -2.8979440667059120707904746e-15 -4.9500597949146324828258986e-15 -5.0214212133913704166898739e-03 1.3261917502438488186689014e-03 1.8307954454949515672629328e-15 1.8365516074929321421881392e-15 
1.9001681240102333926351876e-15 1.8597351221238764578624973e-15 4.3651510448164475996767828e-16 5.2111678793253713001064540e-16 1.8335923585695169946152561e-02 1.5829842898534823153466888e-02 1.1767295301792902832704879e-03 3.5443653739487220033499426e-02 -4.2009765860282719095223116e-16 -2.1733811517859736117378651e-15 
-3.3833137532894268752061408e-16 -7.1524375563828276752791383e-17 5.9419202229599821147662345e-15 -1.3054001600731650367639166e-14 2.2549279915164412292141380e-15 -6.6179355338040588897099363e-15 -4.2135483400548551236042272e-01 1.1128314256779292534815795e-01 -8.5143862382758519774506762e-16 6.7030337433751111075380648e-16 
2.0348299182850226912701527e-15 -2.7961221799919210453959370e-15 -4.9898913588749442896141950e-03 1.3178740398053947861789492e-03 1.0726074744756239913896921e-15 -3.9296198371572982858652199e-16 1.0530105134124439855541754e-16 2.5970296797666340161221762e-15 1.2312343839249757491966956e-15 -9.2638635523634461782268456e-16 
-8.1287924547659706764335397e-03 2.2823012398716879117754885e-02 1.6480164417607391647013770e-02 3.1408178386332509524070389e-02 5.7395267354089342260819284e-18 1.5520479191884122839601268e-16 2.8335419677115744966265915e-16 -2.0441519095263915747923352e-16 -1.0118814348616968317104805e-14 -1.8298021062632736184798289e-14 
-5.0931546551852903010631742e-15 -9.5682963063045191322190859e-15 1.0243454654951444915411685e-01 4.2359296220887981965219637e-01 -1.7463209424073778425168619e-15 -1.8608848495551103470717835e-15 7.7925979919053464134383966e-16 -4.5935476471561393729020955e-15 1.2130846090391968032651260e-03 5.0163964645424698185482981e-03 
1.4738003066926656983224520e-15 3.5405905686897039164917185e-16 3.9221633215239501030932872e-16 1.4009369486184237191874476e-15 -1.1630033412784587042212983e-15 -1.4820513619331640888890204e-16 2.2647770351576442665608724e-02 8.6049787813115095197469273e-03 3.1746424574236542515137671e-02 -1.5818786790726749313940047e-02 
7.6907064622374342875211219e-16 -4.4587881899703650122537669e-16 4.1495350917171047286435535e-16 0.0000000000000000000000000e+00 
8 (band)
-3.0910448035430138080670304e-01 (Ry)
0.0000000000000000000000000e+00 (Occupations)
-7.5075617370930851750819159e-15 2.8220376157627011291228793e-15 -2.2565584831347470730119547e-15 2.6067618404712211750657545e-15 -9.0059698161517001691045436e-02 4.3207248442256801501670793e-01 1.4152063327832370021159913e-15 6.1513061886739580055702858e-15 9.7802321574900240399028261e-16 -1.4664425107843771804583683e-15 
-8.3982376662708989323302688e-04 4.0291786777152636955801057e-03 -9.0053802144388839980104618e-16 -3.5515431276130019088817969e-15 -1.3443253999087147267251858e-15 2.1627006432001925464208237e-16 -3.9655068783575273924229608e-16 -1.9244385644342154302786622e-16 -1.6864898732530508168592220e-02 -1.8494398624317634483027462e-02 
-3.6074177832008683108888647e-02 1.1414524202843457853506770e-03 6.5050956600544816220076448e-16 1.7516425657833563645811512e-17 7.2633022141418869740421516e-17 8.4400915524444771740795266e-16 9.2197720801353972744656011e-16 -1.2875257203527285637164413e-14 -2.0242981942034182247743162e-15 -7.4305616024542956652941057e-15 
-4.3009165578912800231847768e-01 -9.9088589901880283483670553e-02 -5.2317822260885653142740730e-15 1.2926206248950978435366159e-15 -1.0786272735177430144607865e-15 5.6840568299032565532157928e-15 -4.0107070704456073209631661e-03 -9.2402033041181575248601554e-04 2.5163422759924479256266606e-15 -1.7090195758579355265999904e-15 
1.0833051497409928366983116e-15 -2.3997023905605640541898174e-15 1.9244156713239340265392232e-15 -5.3067294682364965626644016e-16 1.8843534285003717132500611e-02 -1.6473882523052922610684590e-02 -3.8572150755233989422032792e-04 -3.6090170944468036307029024e-02 -3.3916645213139995446875531e-16 1.8378548534818537432570342e-15 
-5.3750042888732528017643384e-16 -1.5697507013026099123391534e-16 8.7918829596423602955670596e-15 1.3000066292594381015260608e-14 4.4264374583887333213973561e-15 5.7408911215269285205845932e-15 -4.3011521375552858037494275e-01 -9.9094120087479975467203985e-02 -1.4295313172548792116235540e-16 -1.1977648768497522811276298e-15 
7.2830144522727472936674752e-16 3.6548439449563729578787383e-15 -3.9793127710107409691908664e-03 -9.1679718093593107110933493e-04 -1.4096596236681067541609337e-15 5.2269486302521060554568816e-16 -1.0445415529124465815267672e-15 -2.9980039047712053803542464e-15 7.9649459918520392317299767e-16 5.0337678103288525918539981e-16 
-9.7364071981638680014503606e-03 -2.3062005277191082591725646e-02 1.6140443174215708677099457e-02 -3.2288943815115961344375251e-02 -3.0294490522162436013109069e-16 -7.6811892757036707463580706e-17 -4.5685513417170520106825625e-16 6.1598029795815162732005976e-16 -1.0405342223155161976053119e-14 1.8029486403801433225186381e-14 
-5.8118313394255658552941324e-15 8.7826873039968683271842422e-15 1.0808004044591472403435972e-01 -4.2794561172764750134334122e-01 -3.8558315559118776472966054e-16 2.5382153296608013552328679e-15 -3.4787903474099095295487007e-16 3.5551744841637345931623117e-15 9.9993255043063296490235548e-04 -3.9592400906064174892495799e-03 
1.5834828108816259510248086e-15 -6.1366952681107471268434958e-16 1.0045970854170627998361152e-15 -1.5720085945292974809643169e-15 -2.1302215690227594013260181e-16 1.5767059649325780532799462e-16 2.3260851324562195618916860e-02 -9.2512976489976146698968051e-03 3.1943842380788678436687178e-02 1.6813111922187817803830967e-02 
-2.2343916697220352962481306e-16 4.6351412514875960192187864e-16 3.5537125111178364688946859e-16 0.0000000000000000000000000e+00 
9 (band)
9.6398352592536248883980932e-02 (Ry)
0.0000000000000000000000000e+00 (Occupations)
-3.9718341888960052637723053e-16 6.7599033947805689075788696e-16 8.4906550805417698478216391e-16 5.1449217602373182215301851e-16 5.2661423886849700881640501e-01 -2.0412896026275453853493502e-01 -1.8005267170535289771393231e-16 2.7334128903753986405924859e-15 5.4117247802149545721405119e-15 -1.2623521066390112813607125e-15 
-1.0761134170866191311910498e-02 4.1712970179549474503133411e-03 3.7570132917670001931169825e-16 -2.1864819709055997199834741e-15 -3.0363735910571420646924579e-15 -2.1110252522696271020027728e-16 -8.1731566935147402521644033e-16 -5.3888386049175270302694952e-16 2.1245903927791486009990507e-02 -3.9866262957243749076585715e-02 
-3.6882895383059791094559898e-02 -4.0410791044997458609788765e-02 6.7733562217723260757979613e-16 4.0486934632082869396727759e-16 -5.9300902917083759451555399e-16 2.5750259686094024957238277e-16 9.0902032370462037060729122e-15 -4.5189016162143533783748561e-15 5.4621353267080780173112496e-15 -2.1183323482211212427102449e-15 
1.9305561498603371339832790e-01 5.3077369802882601312887800e-01 -3.5385818759980818660077758e-15 -2.1168708271850530722469774e-15 -3.5040015786854290266206803e-15 -2.9168883085142678379713288e-18 -3.9450179950891485491926147e-03 -1.0846131129291367717337735e-02 2.3779710185492103247219762e-15 5.6992306525922111338622917e-16 
1.2241856352124182287726668e-15 2.2686025428781307715272846e-19 4.9353656894407443127716541e-16 -1.3648577074167367903333266e-15 3.9412578989643669291620398e-02 2.2076140361715193560776527e-02 4.1174345366630893394699342e-02 -3.6028506607275426198988555e-02 -1.4788150371685314385073467e-15 2.3830673218140898822325480e-18 
-3.5481505839863722825490023e-16 -1.8653776778644022899651508e-16 2.8567595023325378369738674e-15 7.0521863921664256069240704e-15 6.8543576870309386099328963e-16 4.3924335525970906487771379e-15 -1.9305407217309666911830845e-01 -5.3076980283377506175668259e-01 2.6895111460839232678236053e-15 -4.2398693293558771522191365e-16 
-4.6996314709196650261017775e-15 8.6511744314730554596521494e-16 3.9402073062280214971186965e-03 1.0832967123720541394171768e-02 -2.3224276878796876038049023e-15 -1.4483686871264920565576626e-15 7.2454065238274511174187524e-16 -1.4013199279227794248231972e-15 2.4049780316634315407737240e-17 5.4152320062884676899446833e-16 
-1.6019077405058774338231231e-02 4.2233089510219215534370107e-02 -5.4694612711783399672249573e-02 -1.1557452379721208646223829e-03 4.2214639007946597788710049e-16 8.5685791419389603970984878e-16 -1.1583604745611393882300644e-15 -4.4297038304264835246984540e-16 -1.1981423609129809791917295e-14 6.4930734101076637298455664e-16 
-5.1888361044755613584776891e-15 5.3367144412709620909025843e-16 5.3469641565579817399367357e-01 -1.8189612823759571114123901e-01 -2.4704844244901215827071689e-15 -1.6000756570203033000172224e-15 -2.1141631293927962597203717e-15 1.3347221114386934943603001e-15 -1.0913108750260386292652015e-02 3.7124746093014286511813093e-03 
4.7200855891019005481368916e-16 1.0391592953347716996828694e-15 1.4448714105902504702173373e-15 -2.0434300998124591045193794e-15 8.2250446340275845614652919e-16 1.0011295540631650007151044e-15 -4.1888348853318671527468098e-02 -1.6900027243483415478886300e-02 2.3009293000189868193261500e-03 -5.4658413177680831296356700e-02 
-1.2339167206991383708871048e-15 -1.2454416208696423164788764e-15 3.3330979417780520922863933e-16 0.0000000000000000000000000e+00 
10 (band)
1.1646879600060408566086778e-01 (Ry)
0.0000000000000000000000000e+00 (Occupations)
8.0283058999968116604143732e-16 -4.3944432286594822358872439e-15 1.1953556811795177439341051e-16 -5.3477873676829080029955415e-17 4.6485049718861409795422901e-01 3.3032710944399096275603256e-01 6.4806075537200134774357125e-16 -2.6491043118609832302383890e-15 5.0045869301980002377490195e-15 2.7958778119294890724032479e-15 
-9.2988560664497843522013909e-03 -6.6078663884381891660546593e-03 -1.2199881126656492279601543e-16 1.2828247767320935429536281e-15 -2.9257991346417680980872309e-15 -1.3489612374834121359047270e-15 -7.5638372226948559564803324e-17 -3.7885931631769479893384057e-16 1.0236811690325017809577446e-02 4.4459445053590770924323294e-02 
-4.6437887017318213445093988e-02 3.1314775728987297165328840e-02 9.3425019739031728190830427e-16 2.1690797342892017961767599e-16 -1.7367849568062129432823528e-16 1.9204172933838033212835586e-16 6.2159981966157768172726734e-15 9.8805007999684780774256700e-15 5.9804329789037060847315982e-15 2.3614067711209970207380428e-15 
3.3998975747248627587993042e-01 -4.5783069882227289681964066e-01 -3.0331266086039586376992157e-15 -9.2332542800067916205042436e-16 -4.2522107907910480034324411e-15 9.7130655957003651892683099e-16 -6.8011577208681285935942817e-03 9.1584319622947888556163676e-03 1.1884408531289600662644313e-15 3.6026592412076140007211919e-16 
1.8378973085157154481408809e-15 -8.3336663255607428989060881e-16 -1.0340232532814844577598061e-15 2.1655478107168417064194182e-15 4.4664077969792694011719192e-02 -9.3034782293841301881176520e-03 3.0335386160254169951588921e-02 4.7083509598342621060851343e-02 -1.5328674342686755190295127e-15 -1.0949252040616733238586001e-15 
-3.0280170866952721219725271e-16 2.3326523916603125031073338e-16 2.9919337128005013837485917e-15 -2.5894666795028524181201102e-15 -5.1388003546094303672135236e-16 -1.7299472688674035418005057e-15 -3.3998743544028292573599970e-01 4.5782774828037975378691726e-01 1.9959366995993474555410898e-15 1.5166869168777023043282762e-15 
-2.8294598914439988924525491e-15 -2.9381133059440252374391611e-15 6.7929119966518899248475449e-03 -9.1473657498162899703864070e-03 -8.3187375675320999364919704e-16 -1.7784648958563353507944634e-15 1.1308428703611893596789619e-15 3.8512992474815464945644985e-16 1.0810854999911341921585169e-15 -1.4386101213927488165961767e-15 
-4.0069354577305701242684322e-03 -4.5441359012149837304228583e-02 -5.3837949367546260315275930e-02 -1.5427757158109626361985889e-02 9.7819326648558485772174909e-16 -5.8871480445152826222602588e-16 -1.0630469258767092498964213e-17 -3.6570836418083424282737675e-16 -1.0891350836076443711849034e-14 -4.3084615991589002425845382e-15 
-3.4098581927309292524962241e-15 -4.4948584554715724860583249e-15 4.5060717951694689853425757e-01 3.4950089144429313803286163e-01 -2.8940642755810117886515068e-15 2.0877833967801123155687545e-15 -1.2804373541920575740655387e-15 -4.0532458815828897318609402e-15 -9.0030995671902796367858102e-03 -6.9829901717222871149193253e-03 
5.9486198655452910670773154e-16 -1.2077503229817538970347384e-15 -9.1364793856340317892247109e-16 2.4468466250788207406709961e-15 2.5997873577965989503033303e-16 1.7177006719714779480130129e-15 -4.5515307895501913582059217e-02 3.0544046573229288732420628e-03 -1.6551870528825247258497555e-02 5.3503047249951467267958805e-02 
-8.1731635824957918350942561e-16 -1.7511829041624421775777547e-16 3.6621721106534326383055778e-16 0.0000000000000000000000000e+00 
11 (band)
8.2511550006153611125370162e-01 (Ry)
0.0000000000000000000000000e+00 (Occupations)
-1.9303828908933517993773421e-01 4.2731882110370916771913130e-01 -4.9370843469091880983956599e-02 1.0929097330059550641223609e-01 -1.0720963906602819676122333e-15 -3.8077363625184712640258882e-16 2.8401872254031718112443627e-01 -2.1332764288341571345952730e-01 1.9544918602687502695580690e-01 2.8581178008106061794180164e-01 
-4.9654416634804773657481457e-16 -2.5236544084192082303924816e-15 2.7006754411871433663172581e-02 -8.8750902310006790640883878e-02 -4.0693238534383842364139383e-02 3.9984881811304370802240271e-02 4.1690180948864737076053899e-02 -9.2288095593575730779534183e-02 -5.8062221265419553693284365e-16 -6.1889862024280508628706458e-16 
8.5182092845906852749126672e-16 4.3318485418430380579008103e-16 -1.3210722682601866440066374e-01 -3.4715700691630144159027793e-02 -5.4394204983800549524364243e-02 -6.7930311289020633980229036e-02 4.2318241415294399754287724e-01 2.0194504271105098713867676e-01 1.0823305905831411000139752e-01 5.1648833062418915418323451e-02 
-2.2391494749673504319459513e-15 -1.2195489170233693184634661e-15 -2.0733281730976799162036173e-01 -2.8842402957815660435869631e-01 2.8984227572393783667337175e-01 -1.8942073053063199217227464e-01 1.5906084139068463689272265e-15 1.5406263640969071185641540e-15 -8.8165850984491006547827396e-02 -2.8859490031533992226986385e-02 
3.9123897584767738933031467e-02 4.1521694012384584293595680e-02 -9.1394762021588693556850558e-02 -4.3613773636902275487869929e-02 -4.8520117221835670007106503e-16 -7.0494919385703629012633702e-16 -3.3823871018309396067961914e-16 -5.8223345776133637013525192e-16 -3.7474731957653183156420340e-02 1.3135122275367533406509324e-01 
-6.9054559320715067083362726e-02 5.2959650344951245126701167e-02 4.1993267727605909644950088e-01 2.0038585292244642799275312e-01 1.0733175015034869537178253e-01 5.1217779784562454670204801e-02 -1.1075909771998852043067085e-16 3.7110435855429382461881497e-16 3.5512721331471802654888847e-01 -2.1163403212236746309127255e-02 
-3.4332782249014259789987591e-02 -3.4609234320998844003369754e-01 -7.9200056483991946211482431e-16 -1.0653644644068160468764631e-15 7.8746424532422754083427208e-02 5.0999082089375646908990802e-02 -5.7568148427874853145791434e-02 -4.2582608933702630060746941e-03 -9.1048050551199993796203103e-02 -4.3447150384747328100143449e-02 
-1.1251521643242163455320921e-15 1.8178580755575164220405523e-16 6.7754946421607927002720805e-18 5.7859967809268444456439455e-16 7.8353159882873016361948260e-02 -1.1199159405520352217333624e-01 -1.8195690842137803109462846e-03 -8.6865321513921733842522599e-02 2.0913631137744573273984372e-01 -4.1564401446327470246444591e-01 
5.3454333440575013680629013e-02 -1.0623558628267899817121389e-01 1.0925036050554794237743408e-16 -1.4212276742286147764378069e-15 -1.3721538571582689303163249e-02 -3.5549254092257004389310282e-01 -3.4673545097698371675321027e-01 2.7077241387726592308782259e-02 -4.0512930712434578243108669e-16 2.6672785503993546114500014e-15 
5.2637037822370315309772337e-02 -7.7661109957852386687093826e-02 -5.4629433135051736966647518e-03 5.7466344494893004113400536e-02 -4.5344388196515171551848056e-02 9.0118193750288608234733090e-02 -1.2383858223473485474254791e-18 7.4031002306449997855401056e-16 -1.3970150108234781730847974e-15 2.3974671993699510281893282e-17 
-1.1032612768728929097949987e-01 -8.0681350708719734576845894e-02 -8.6884376693180484507728067e-02 0.0000000000000000000000000e+00 
12 (band)
8.4142220879079465678529459e-01 (Ry)
0.0000000000000000000000000e+00 (Occupations)
-2.2735192063676890050771817e-01 -4.2208329340859429557042404e-01 -6.0354422204867669288219645e-02 -1.1205071681858744248039272e-01 1.0663861952879275779028463e-15 -1.6550499259094670455427697e-16 2.9740232058834736861285819e-01 1.9578840340841599521048977e-01 1.7140173724505264329920351e-01 -2.9813847936865911503190318e-01 
-2.0332173899500945608387681e-17 1.6636817837690106818151872e-15 3.5424765306190444946743412e-02 8.9590372989700239880761501e-02 -4.3433181772514740937030098e-02 -3.9436643236152049696308097e-02 4.9294049187470698192292673e-02 9.1516151084498259526966990e-02 -5.8818577984004629232868631e-16 5.1351229982239952014406663e-16 
7.1150165307163062405014977e-16 -5.6650381206806191234880132e-16 -1.2808804831025696890911547e-01 4.4141838394348147101009516e-02 -4.9744430599505520818048865e-02 6.9958513451899254076415957e-02 4.2675202291586189495831150e-01 -2.1846261311501050106365085e-01 1.1329010988713553165219139e-01 -5.7994572340860764403380756e-02 
-1.8110322038277216955753767e-15 1.5118721439630102533330436e-15 -2.0197378800158138911768901e-01 2.9323681242429189275355839e-01 2.9448352555171247724175032e-01 1.7760788718300302146957392e-01 5.9888187119804220813625232e-16 -6.5685406937765823553845444e-16 -9.0312604644430236056074079e-02 3.3540756875437810480278245e-02 
4.0337590051381745637204546e-02 -4.2597757422962907736252447e-02 -9.2528416748559161320031308e-02 4.7366668540458137237614267e-02 -6.1491229830122849145951447e-17 2.1622493162932252449182302e-16 -3.0449102684990007907615136e-16 6.0047163750041057650864991e-16 -4.1449683690566799243448770e-02 -1.2898439339200409858854357e-01 
-6.8901401649536550553243330e-02 -5.1198621375981079317796230e-02 4.2273841472663548080035412e-01 -2.1639652171249568191058188e-01 1.1229155884656620567607632e-01 -5.7482021604200905784409770e-02 8.3049161647639205189786796e-16 -6.5609819202725388392554762e-16 3.5697947007822933285225986e-01 8.5249787714218126094545269e-03 
-2.7359134259016055362723208e-02 3.4481632488387092827508695e-01 -1.2133908961838845987864508e-15 -5.8519509849217246685508388e-16 8.0937913059374547164459557e-02 -5.4302662569070597742282303e-02 -5.8843079030112724336909480e-02 7.8633080479850493704763181e-03 -9.2051662196012934424871332e-02 4.7120952897094017797208210e-02 
1.7642161862656395215075801e-17 -7.0938542426585518847963231e-16 5.9879078358668791529800742e-16 -1.1316342365666927822818094e-15 8.0196768787065650374579207e-02 1.0935977287711007299719768e-01 1.7945731529284841571786346e-03 8.5672028209299561085643404e-02 2.0749589706546703316014657e-01 4.2717756799214090523975074e-01 
5.5117757890353856475851302e-02 1.1347074407543784879681681e-01 1.8785660643375398484915528e-15 7.8581248680937938375673814e-16 -1.5999122997945539742525867e-02 3.5672264489880572968516503e-01 -3.4416773449400200890480050e-01 -3.4574422152406351915754357e-02 -2.3910878926557538341662632e-15 4.6328387843910508360960950e-16 
5.2595717351143933537827024e-02 8.2057391189432268840953100e-02 -6.6292670357109744275203589e-03 -5.8994850468224918627058173e-02 -4.5182833947616608816222339e-02 -9.3018300518958915712453006e-02 2.6155171859027175572331062e-16 1.4675715343526441963275193e-15 -5.6753734814703804479355386e-16 -5.8839095098569127440199977e-16 
-1.1101530286458707874608365e-01 7.7888922046065983684215439e-02 -8.5690821622288970704772737e-02 0.0000000000000000000000000e+00 
13 (band)
8.5777660465555760627154314e-01 (Ry)
0.0000000000000000000000000e+00 (Occupations)
-7.1441043928038816535064370e-01 -1.6461006087260740549105265e-01 -7.8334095173152942792604847e-02 -1.8049784289654164509686396e-02 -1.5914244651559143322223448e-16 1.3048453966326530875943271e-15 -3.0440257156815409000927275e-01 -2.1378870463870858209531889e-01 2.4853105820088933208822368e-01 -1.9119366813844357322338396e-01 
-7.3220275564716947402889226e-17 -5.2438393313903939207317049e-16 -3.9028189609493023348729679e-02 -3.7395078693646818801532561e-02 3.6906755335064378442666566e-02 -4.0621506640395266263254825e-02 1.0352441772383459694939489e-01 2.3853696193175247253215332e-02 1.1159167613820665453316802e-15 -1.7533410672723714386257821e-15 
1.7489302180636927502513901e-15 -1.0206706869206470931334484e-15 -5.7323322099992204958773812e-02 2.9490338429144419274408051e-02 7.7968526475903882078100082e-02 4.2546048891691327920039356e-02 -1.7953544244177108146764965e-01 7.1080642428177809311051760e-01 -1.9686331173624879720129854e-02 7.7938909053314076036400593e-02 
-1.8381552207578337706844451e-15 1.5279078837326640405909954e-16 -2.2011674366283151549339436e-01 2.9985855826998258910620621e-01 -1.8594689447286091854572021e-01 -2.5248060928014287584986164e-01 7.0466273950736996827454322e-16 1.7649494528065993837055858e-15 -3.8204222062971998630231951e-02 3.8236486649042875085591220e-02 
-3.9839680911960689835282778e-02 -3.7749373715688552821667656e-02 2.6016516491226545498838263e-02 -1.0300215899093571880751341e-01 -1.1159167452737925096284523e-15 -5.9628381368558408529950403e-16 -8.8698390255918306257395179e-16 1.2907411018988251224954541e-16 2.8283381639302572485572540e-02 5.7928349193511821657587291e-02 
4.4169567447040231078503325e-02 -7.7060409476349400748063090e-02 1.7923754860069468497485445e-01 -7.0964685689238049537408415e-01 1.9232471991248962367437869e-02 -7.6148322602981974305258461e-02 -1.0605140580572842873665236e-15 1.2002674304528108397627620e-15 5.1599112584331863207154356e-02 3.6822645585578761551204252e-01 
2.8386726948274926263238171e-01 -1.3366565808658514846740673e-01 4.4160352990523189368655484e-16 -1.2825452345943154357486918e-15 1.5592856557094192382351139e-02 5.0314469530129385388406149e-02 5.2380640781193872623777708e-02 -1.3583713159089046487726371e-02 -2.6081874185227331419678620e-02 1.0326568658022922120309772e-01 
-6.3445103138557747760140183e-16 1.1472552724595334990593019e-15 -3.5169890777403275103698786e-17 4.8706054013464531506742387e-16 5.1836591672928748752990913e-02 -3.7858674751581625206320325e-02 1.8638021448655664978610869e-03 8.8976985794818941322148476e-02 -7.0573755163929663414279503e-01 -1.9405996117753829266483478e-01 
-7.5728847517020261848053053e-02 -2.0822984125574938579772422e-02 -7.3681049560757637520227859e-16 -5.7749543275090623395451480e-16 3.6922630798355682291145285e-01 -4.3876243054462610304611303e-02 -1.2769147549582654521671543e-01 -2.8660429501471623714436987e-01 1.8472225984168681748205170e-15 4.2663277487466714576672547e-16 
5.0629986882418119564785997e-02 -1.4535730046949645738463275e-02 -1.2483756661688386740971524e-02 -5.2653628663620721805926905e-02 1.0269682115271201727768613e-01 2.8238787350703023482090259e-02 -3.5254279531413796618995767e-16 8.4025761911408416206054552e-16 -2.8813434598234239045507176e-15 2.2553444125411332543500579e-15 
-3.6764788058837906403741869e-02 -5.2618075308765645259345689e-02 8.8996504198626077974942916e-02 0.0000000000000000000000000e+00 
14 (band)
8.6594885124860088154719051e-01 (Ry)
0.0000000000000000000000000e+00 (Occupations)
-6.9196550773689569080460160e-01 2.3174786756199466930539188e-01 -8.1921610799163005478540356e-02 2.7437238242311531161155003e-02 -1.7503536152191955275301666e-15 -3.7708398089246519208598836e-16 -2.7850440555864125480312055e-01 2.4673987488703230663844579e-01 2.6767404817781303982826557e-01 1.7578987833399239981702067e-01 
7.6318875311008758063828434e-16 -1.6399887922110909559719071e-16 -3.6588827323510791922345220e-02 4.2800888524240063293113678e-02 4.2383729013900403592707278e-02 3.8640040415744404678211055e-02 1.0295453818886844687963134e-01 -3.4481055278692433752052438e-02 4.8926629494481063735719953e-16 4.6971184248743882763371714e-16 
1.7119028346309236871987238e-15 9.8937876552067594689867150e-16 -5.9314446004608868678875666e-02 -2.5420148786048979427931727e-02 7.1495383336588766431951569e-02 -5.0014894475722992961408409e-02 -2.1720560932762317252198159e-01 -6.9666710938155329557730511e-01 -2.5715584044762089532820681e-02 -8.2478246195777427107742596e-02 
3.6192212428170594104303727e-16 1.4566988327745407506097661e-15 -2.4085320459941952919713515e-01 -2.8361065496378623507212069e-01 -1.8135706697552872457279705e-01 2.6393387742144536201038818e-01 -6.8467945239539222666143899e-16 -5.7064100304285054604640413e-16 -4.2025243003165464739101509e-02 -3.7477156961199409312968100e-02 
-3.9519183858940126752301580e-02 4.1565217617353746037966999e-02 3.2317375862247164908236385e-02 1.0365407528988092311639235e-01 6.7167496607283043883928227e-16 2.6364804340328262760124278e-16 -6.7606589579599379373949558e-16 7.2510042023710211635941182e-16 2.6656761751390135178896301e-02 -5.8769077941326318403891804e-02 
4.8506639056795919362485847e-02 7.2527136130397226732036131e-02 2.1701800986710578778016156e-01 6.9608794894064285330159692e-01 2.5245934962977650134474672e-02 8.0978793457758185825312580e-02 -9.3830032825588693576763090e-16 -1.2098332191309955507352760e-15 3.7180503222752396552674981e-02 -3.6958374908964486404983063e-01 
2.9906395565387017265734926e-01 1.1374079225571182005793958e-01 -1.1820883747379393641413095e-15 -6.1600734104590364903035417e-16 1.3538905665429432426116740e-02 -5.3145846462202259163909446e-02 5.5500454872993286448146222e-02 1.0983927838723582873226015e-02 -3.2451677860133067154979614e-02 -1.0409010416628436401786928e-01 
-2.0146189474589494324205154e-15 1.5966545415286879342698331e-16 -6.0063561314714996663419763e-16 9.9973910392021440502567434e-16 5.4632450009961801284941174e-02 3.3611518919375693581486075e-02 -1.8308295936840953375968066e-03 -8.7402892628319905909961562e-02 -7.0048016760284403936509534e-01 2.0239264824067459969114680e-01 
-8.1489744436715291775463754e-02 2.3544506231003164281601059e-02 -1.5997352942047506002446552e-15 2.2263099755569461385751707e-16 3.6872404356292864946453847e-01 4.4912326920650162687120854e-02 -1.1997896990449107013088081e-01 2.9661635857635998414494338e-01 1.6095093238422980277973354e-15 1.4644107039635810699644098e-15 
5.2850653254915981593686780e-02 1.4648938982925805221690929e-02 -1.2143832702725974870272552e-02 5.5258252679300012832896982e-02 1.0474689214512993007399899e-01 -3.0264662020485687266013741e-02 -9.3562390786457234648357526e-19 -9.0611955639713113846908963e-16 -8.7313438176467380887419177e-16 4.0598196835695230479395448e-16 
-3.4748283056636672383454822e-02 5.3916561674329489817214522e-02 8.7422065731650538955577190e-02 0.0000000000000000000000000e+00 
15 (band)
9.6778890456847832535203224e-01 (Ry)
0.0000000000000000000000000e+00 (Occupations)
4.4237248931009436059280659e-02 -2.3398316341363085968385604e-02 3.8047763529076278343765694e-01 -2.0124789718003355254438702e-01 2.1917242694872191767424974e-15 2.8666487278801374578567869e-15 2.2384622103984237739826568e-02 -7.4536878711796331065109200e-02 -7.2742848205294252661445853e-02 -6.9962335421469401541827438e-02 
-4.1042403330486442282989320e-15 2.1973751659778490074513881e-15 -1.9731441566301589560228358e-03 -7.7014909134669740087275613e-02 -7.3311501518434935009693731e-02 -9.6230348827761783003786888e-02 -1.1739268718007402070302447e-01 6.2093038345450435322447902e-02 -5.7465467498575053525058060e-16 -8.9249396010477010593129196e-16 
-3.2034643286093198737613162e-16 -1.1439131397029612408666698e-15 -4.0745878796437803859298299e-02 -2.0853150767060922576856541e-02 3.0243852812263008478232962e-02 -4.0409340148302566597671159e-02 -2.2466749669446343246059783e-02 -4.4717564333130968567964203e-02 -1.9323563785708633422366631e-01 -3.8460880819050691226124172e-01 
-1.2736531048206466862180841e-15 2.0561284017940022632878350e-15 -7.4051743391334801103198515e-02 -2.3940695385427337299466544e-02 -7.1470402784479886149071604e-02 7.1261713903601975328427898e-02 2.7546538906654578092755667e-15 3.7485288503633410531170417e-15 -7.7039340905759923217033247e-02 3.5983286142847058144272898e-04 
-9.7744564157787511282649007e-02 7.1280126739603405505718570e-02 5.9620933388725060042556692e-02 1.1866731949522113520600897e-01 -7.4323146831532243728112307e-16 -4.3259346873959725301134156e-16 -1.0788298972627475569616528e-15 3.2288321280995039767823434e-15 -2.1701894622364895082178293e-02 4.0300227116100727220437960e-02 
-3.9767098252676005842864981e-02 -3.1083489197805055925805107e-02 -2.3259721266369833003739842e-02 -4.6294658944106309439447955e-02 -1.9333820924375430538866283e-01 -3.8481293276156419702616063e-01 2.9343824734322258391438047e-16 1.0002686581700111472435291e-15 -2.4335771444025301735170075e-02 7.4233957079457402183919612e-02 
-9.9494958368885430544104054e-02 1.4136940652965543363528411e-02 1.4906279613778701106759843e-15 2.5909662059450288064542250e-15 -4.6175244549933602833391433e-02 6.1543706240754163239170538e-02 -1.1536111218698612279620619e-01 3.5789908110653620432195510e-02 5.9757597872674129979575497e-02 1.1893912669102214840766152e-01 
1.9621671310321091395752414e-15 2.9337235807242918695534320e-15 9.7059290071989289727922644e-16 -3.7437922029227274228394811e-16 4.5324148466528692280608226e-02 6.4879106924539322459599688e-03 -1.0535513620270795485944770e-03 -5.0296017112681744298807729e-02 -4.6771620605992721142474267e-02 2.2285097846639956298275820e-02 
-3.8877750685433132282753377e-01 1.8523689302714027582474898e-01 2.7813394991580610230831867e-15 1.6165884301051551508993136e-15 7.3708026406296700550058176e-02 2.5885072894186938324834202e-02 1.2050175009665783573686859e-02 9.9769199225483384818602417e-02 -2.4197327320409364747544115e-15 -3.3171868695825730103408991e-15 
6.0563187336903565038959130e-02 4.7453991683366857079473533e-02 3.3366117961157813753825252e-02 1.1608533886666075329863190e-01 1.2016451007180824206432845e-01 -5.7253618931414389237044560e-02 -1.1583195180700556838366357e-15 4.8230783918854309738411407e-16 -1.5934702467205298836194843e-15 1.4552771241171017257838322e-15 
7.4356851273002198821071573e-03 -4.5178335583084879012449875e-02 -5.0307050279956501415146164e-02 0.0000000000000000000000000e+00 
16 (band)
9.9100120695399418480064924e-01 (Ry)
0.0000000000000000000000000e+00 (Occupations)
5.5737820972645270301004672e-02 2.4039228658358668955230542e-02 3.9303960481129734949590215e-01 1.6951639274284879821408367e-01 1.2699726607918265488221327e-15 3.5260593899606784990970256e-15 2.9166864423047861309967743e-02 7.3648474190641910475108034e-02 -6.8113770867231471228819828e-02 7.6245690920173858629027563e-02 
-6.2008250695143467810443884e-15 -2.5616622511538941468433410e-16 4.3513737320580074888209943e-03 8.4504428802726849756510319e-02 -7.1858234725880057447433558e-02 1.1191778704511934350307456e-01 -1.2217745947887183322055904e-01 -5.2694598114387758425181119e-02 7.7154824494657558307471419e-16 -5.7721301034455493502148926e-16 
1.2786075452601607376639152e-15 4.2364399826973486134683172e-16 -4.3114368988369844437613665e-02 2.6930921219617556805481229e-02 3.6602795643389737789696881e-02 4.1995622713313994489592318e-02 -2.5201241299661510109064722e-02 5.5222157131217100567432965e-02 -1.7771041536956874717922972e-01 3.8940332128529508981529261e-01 
-2.7024125330698048854947008e-15 1.4724196606938069465575716e-15 -7.4243146580233468356802007e-02 2.7618090389266113787725132e-02 -7.4802501801931542413370835e-02 -6.9695601653269045883121180e-02 2.0373213860766230532287829e-15 -2.9539435943989094640079188e-15 -8.4577023880400795108336354e-02 2.5806921873926251705111401e-03 
-1.1038835631305241036237419e-01 -7.4186304298625979636305772e-02 5.5241732955715459885137619e-02 -1.2104711155250694187834881e-01 -1.3068893101483894181270405e-15 1.1071359583208695462747771e-15 -3.0114491616382173922384930e-15 9.4098332210825813483372528e-16 -2.6022095612133578496072417e-02 -4.3668911950657349207993718e-02 
-4.2752963488870421304710590e-02 3.5715278088129034927966643e-02 -2.5861678736443256126920076e-02 5.6668144544906942638995417e-02 -1.7781285166944099662700296e-01 3.8962775061789217678764885e-01 1.7466153744849574625976259e-16 -7.1797900429595018655955860e-16 -2.7214123248199814653069950e-02 -7.4607419584381134969319760e-02 
-1.0127422018007117832105735e-01 -1.0262213329744982251434671e-02 -6.9182784698076160599366104e-17 -2.5124420492218221289138766e-15 -5.3371922543134858729629855e-02 -6.5553225570270171052023045e-02 -1.2821838403107513326695255e-01 -3.4695674316955825433606009e-02 5.5360355821499181161460257e-02 -1.2130682819841338837552058e-01 
-5.2425094094291461031495201e-16 4.2671682202541225620002463e-18 7.4834170053021544073182612e-16 1.9198050036361116012801588e-15 5.0079514959790454031729467e-02 -8.8181085096536264422706353e-03 1.1635599128503896701469777e-03 5.5547770519000908007178907e-02 -5.6114110153685649307053751e-02 -2.7042774910999017867752059e-02 
-3.8581846744280434702289995e-01 -1.8593360226273278335007433e-01 2.6759531286997089884260182e-15 2.4744796522328199031776842e-15 7.5160986536119606116201908e-02 -2.5645694845897515357080465e-02 1.2380889883107771762271732e-02 -1.0103709349149464502559681e-01 -1.1952699719624908864256598e-15 -2.2561725284050605854395599e-15 
6.6656585868255222027123352e-02 -5.1987374034566644076527098e-02 3.7373268197130542211947812e-02 -1.2746365224689806816549265e-01 1.2012084379907778108886873e-01 5.7888672892301630545919267e-02 -3.9690043760763235009002518e-16 2.3107559970124303509160453e-15 -3.8199629202204480863879120e-15 2.0077987110849612675947356e-15 
7.7673883308847346124137445e-03 5.0253204224333894445386761e-02 -5.5559955735250708686034926e-02 0.0000000000000000000000000e+00 
17 (band)
1.1521623564516136895008458e+00 (Ry)
0.0000000000000000000000000e+00 (Occupations)
6.6069453932524733607009594e-15 -4.8637425445354784275940195e-16 -4.9336436188815644229290245e-15 -3.7672582435088839983197626e-15 -2.1937253645302012654283441e-03 7.6246425148049787323678572e-02 -1.3868883757720369051652034e-15 2.5090769121477766649826985e-15 -3.2173591383841352257843290e-15 1.4398433992127871455657315e-15 
-5.8942024153899961330660418e-03 2.0486087152798337918113702e-01 2.2705045954560618636425122e-16 -3.7347189233722883382537198e-15 2.3018681858014092184630705e-16 -1.6499930777821809238161285e-15 5.2561565013890572824364774e-16 4.2101460353598748070928203e-16 9.9911007222217115830709133e-02 -2.1032684817082689110456784e-01 
1.5865828735594533771546821e-01 1.2783369573755742898413246e-01 6.4498351826119430910379381e-16 6.2525072745376143133435170e-16 -1.3345372197720881203829683e-15 1.1337352564454670363945236e-16 -4.3939854499716296671715004e-15 -6.5588499023312193535696946e-15 -5.6980757830875736376751327e-15 -4.8210822440456457677494725e-15 
-7.6183761129929222777334985e-02 -3.7900288822450027212407342e-03 3.6899971380173134155939821e-15 4.2921678788557809966605711e-15 6.9719984428738328748844188e-16 -1.5989231826390905498621438e-15 -2.0469250329321803105742106e-01 -1.0183192076050978647216994e-02 1.3754445463401528894451535e-15 -2.8332596860738576840989357e-15 
1.7399652442901863286859848e-15 9.8153838117122559853578600e-16 5.5019747599360838021847821e-16 1.2121990583275341481501604e-16 2.0818834176969791549538513e-01 1.0429384822132405086225759e-01 -1.3112834814253332416100761e-01 1.5594634406118179636990817e-01 -1.8947387830911640017702921e-15 -5.8110259932661239741259045e-16 
-1.3297986795604931226733947e-15 2.8296779511791275882912613e-16 -5.9749487096111586521017275e-15 6.8146314691301362839096433e-15 -1.9420930015052201897080534e-15 5.6600601694156748358727018e-15 -7.6221660471233021461046064e-02 -3.7919003547934489184445539e-03 -1.1373302042427555023297056e-16 4.0611978206747933949841356e-15 
-3.6902147824797870081869179e-15 -1.0578055798593702914737096e-15 -2.0464321473841470822030431e-01 -1.0180617429539398285931462e-02 -9.2618070404151690713419722e-16 -3.2416722656283017410059135e-15 1.7798603157589205143646115e-15 1.4746398346973212359177150e-15 7.2893192211207907264392784e-16 1.0656938990717881522212491e-16 
-2.1752230297319835594649362e-01 8.3109225997664959439958920e-02 1.1500987408627813546324603e-01 1.6818063265363886182868214e-01 1.3875884174094819786863007e-15 2.0820247124851135998895728e-15 -7.8815842607399069517464000e-16 -2.6130448477640172207631775e-16 2.3182707526907224700608234e-15 1.4302933319697101542647695e-15 
5.5048263786209557825035346e-15 2.4169924863250522276595812e-15 5.3873347340540533520480970e-03 -7.6125532233001447224296498e-02 -9.3726650860933503734955582e-16 1.8244790101316756742546804e-15 2.0360922544038423390367487e-15 3.6905331928962490280693844e-15 1.4464108748673444246324316e-02 -2.0438512633712394017670988e-01 
-1.0331798443600446625302351e-15 -1.2268529403287953223895358e-15 -1.5761698237948926576914234e-15 -1.4114403047848145806033914e-15 -1.3288900329546579894521599e-15 1.2189345440111822205240711e-15 -7.8535555403051640621647778e-02 -2.1921510503213564868829621e-01 -1.7055233291775276360802138e-01 1.1146254112220617404904743e-01 
-3.7959823789607130021141195e-15 -1.7580983222727035526471907e-15 -1.1536502230140007428426859e-15 0.0000000000000000000000000e+00 
18 (band)
1.1616338195350646156356333e+00 (Ry)
0.0000000000000000000000000e+00 (Occupations)
7.7759681593243733256939865e-15 3.3975548536166772525543290e-15 -1.0978013868756522471658351e-15 -1.8766149380553918373468566e-15 8.9977346045057027268398997e-03 -7.9984789498032796140059020e-02 -1.0657129572452945390477666e-15 -1.6295241520467766733624718e-15 -2.5264264593585560573671971e-15 -4.2148472447171041736091844e-15 
2.5752580482002775108529846e-02 -2.2892621771768997818163882e-01 -1.1861153759112202606536415e-16 1.5871128973582729920438824e-15 6.9341282935734060313278640e-16 9.1962779874679127702246124e-17 -8.0664079179505662275219011e-16 1.1037123774767740690249920e-15 6.4582585814038750982035708e-02 2.1740653998815054337434560e-01 
1.6557190885473868635635597e-01 -1.0287392931608865809245401e-01 9.7702993534566152740486775e-16 7.7892236324627534608030393e-16 1.5380538788490554465564858e-16 -1.0505375566038563324992651e-15 -9.9990481718478524131195617e-15 4.4553687379428573295292723e-15 -5.5996534880805053346927456e-15 8.0409160723000251704481848e-16 
-7.9778813177560817249123204e-02 -1.0670836285878384716574452e-02 4.5143411672862511304284717e-15 -2.7408549353085178349028130e-15 -6.6189162721561830212907283e-15 3.8849249098883201041016784e-15 -2.2833668906645818164058426e-01 -3.0541201452976143165818357e-02 -1.8211150983618593254673354e-15 3.1025116837109398404340465e-15 
-1.3826944553516808748422285e-15 4.6909967183809662351289174e-16 -8.5220023304467569838002891e-16 -1.6994991326352850739111256e-16 2.1871137476099025698239586e-01 -6.0015402774681175790405518e-02 -9.9383890953990736139012085e-02 -1.6769002520598588756861602e-01 -3.0091679894396635324963739e-16 -4.6896074874723747832247481e-17 
-1.5409922178619996065211333e-15 3.6630815307100135436471423e-16 -5.2623712985006942355328492e-15 -6.5987875330065916197554744e-15 -2.8667003850164802405783739e-15 -4.9566847320443210536071043e-15 -7.9818846070868948450183211e-02 -1.0676211117163556321707496e-02 -1.3525996933359255156944015e-15 -3.5298004539523956798439992e-15 
-3.7332816543656062344036406e-15 1.8127803557056362568457916e-15 -2.2828550433867381141972430e-01 -3.0534475166434888598887554e-02 -1.7083665324610409435844691e-16 3.0800095231695443286366674e-15 -3.4869992796365022557391807e-16 -5.3127912038785069941684712e-17 2.0649810331578055614854363e-15 7.0521473722249412621826183e-16 
-1.9526302010069637726807912e-01 -1.1538008076030173421067104e-01 1.3996594323817743155125015e-01 -1.3566423359753043698106012e-01 2.9498145602730820214833754e-15 -1.8055415980141864972160476e-15 5.7990339831914763774475131e-16 -1.1598468881195504710814331e-16 -5.9020620049416068757556261e-16 3.9291654087812350898365129e-15 
1.7177626295159029334677729e-15 4.2825469695450149025758527e-15 -1.2345469423981944578905257e-02 7.9577754784880702643157235e-02 -3.3514662566878177922999785e-16 -4.0525387107501219306828541e-15 7.5330334385523347575937316e-15 -2.5228306343408849206925250e-15 -3.5308629300331455247441426e-02 2.2759597176085541447854155e-01 
-9.5473790506949015709831559e-16 2.0519200206296654391774741e-16 -2.6201380685110679999559745e-15 -1.7288738853055480827236108e-16 1.5931682124172436966435704e-15 -7.3984407021850378617984011e-16 -1.1944405612585293208205428e-01 1.9280385761514720610598772e-01 -1.3270325465933424657904993e-01 -1.4277638371590045673897862e-01 
-2.4768979405230546693749890e-15 3.3910875164112673284787738e-16 -1.3448304522393730975797804e-15 0.0000000000000000000000000e+00 